0.36067376
18.54980718
12.75781250
10.20936826
10.27164672
1.83968140
7.36718750
3.41772461
3.73274657
1.68619875
1.05371094
10.27050532
7.91699468
8.68456782
9.72168218
0.28588867
7.28816711
0.03522767
32.33593750
2.84407469
4.57389406
16.33902579
0.46224374
19.60872064
17.71874502
10.93425310
0.33756469
1.66097047
7.01562500
10.87500000
2.70117188
10.11539672
6.53304078
8.66471188
0.35709718
1.96516844
0.48665531
9.71875000
8.72656250
6.21289062
4.39843750
2.23046875
11.71093750
1.23535156
15.32844969
2.34147218
3.04101562
1.61718750
3.83854001
2.10286624
3.52148438
1.72924306
3.39844248
15.27164672
65.09228391
25.34147218
3.08561281
1.40234375
7.93660461
0.09299744
3.93164062
16.43750000
7.35936503
8.89420656
4.98861591
2.36328125
7.31640625
8.67187500
7.36425532
4.48730718
4.21093750
8.15590537
4.54721963
14.21516844
2.32079954
0.14225468
20.54199219
14.92259309
0.50904753
14.75408936
14.89192376
23.47672235
10.51904920
19.02457641
3.08138062
9.39908688
5.40022828
2.15771609
7.19058954
1.94173468
1.97558594
5.49641844
4.44108156
8.84375000
2.83984375
9.24608378
2.18946309
7.56607658
45.10156250
1.06706061
4.26920656
10.59798094
6.35725953
0.25179078
1.33984375
14.44807860
6.07009888
3.38450329
4.02929937
12.59570312
11.40266844
23.62369127
10.52538564
5.96387965
12.10579344
7.15234375
7.51920656
5.14843750
6.43750000
11.95322704
7.25423094
5.67936281
2.15820312
6.94921875
17.96289062
20.40429688
0.09649658
1.67010932
6.09360261
2.39062500
9.97786126
2.51432624
14.63281250
17.33918440
1.33659685
15.08007812
2.64257812
10.23994446
6.07063719
3.64615968
0.35278320
4.33984375
7.99771720
1.68001717
1.55371094
13.00423094
21.71451906
6.79719969
4.21451906
2.23828125
14.12198478
6.56478280
8.63834220
3.28645750
8.84180186
3.09765625
0.51350828
10.47924867
0.36637391
5.42252438
1.58463625
2.07780031
3.28580563
1.29036624
1.07910156
12.60188719
18.28092531
5.80078125
5.64876219
1.27929688
5.30078125
9.46451906
10.43879876
2.76094636
0.04463964
10.07454344
3.67155031
20.17089096
8.88965591
11.75455563
22.65526596
1.31088153
31.07641602
2.44531250
11.93944814
6.57227061
1.50666612
0.41813857
1.89941406
12.96060284
18.84408466
0.23840332
13.06787109
15.30891844
2.48990968
2.82812500
3.85175133
0.01247406
2.76953125
12.04589595
12.62532469
4.07682624
10.49641844
2.00602297
5.66589355
0.77343750
5.94140625
15.65817820
13.06480274
5.77701906
10.81673094
1.63541750
1.78222656
11.64680408
5.59147717
9.60937500
19.33593750
0.89160156
1.48177000
2.48014406
4.71549313
9.75716312
4.05859375
19.72826650
6.16145501
6.45769060
3.61328125
7.75390625
8.06250000
1.37695312
1.87304189
4.03320811
5.71613254
0.33367215
5.00390625
18.32942376
17.50358156
3.39551030
3.41796875
12.11360594
5.27311281
2.25000000
13.85156250
6.02018063
6.63769282
2.55306405
2.85156250
7.36718750
2.62109375
1.09570312
11.75781250
1.85383782
2.81120124
1.57910156
10.15625000
1.94661375
3.67155031
10.30793440
4.70378435
0.80078125
6.41796875
3.71289062
6.10156250
0.36621094
3.41796875
1.06738281
0.06848145
5.33593750
2.87890625
8.11458001
4.48698249
5.57226562
0.42171141
3.06217531
0.36303711
2.42382812
4.31250000
1.08300781
11.56086658
7.95784796
0.08699835
3.93513167
9.27800310
1.09082031
5.52734375
7.75390625
5.62890625
0.71240234
8.26204344
7.21158688
4.88965093
8.87271720
0.47347421
3.76953125
1.34863281
17.56021720
7.11556405
0.74511719
9.33593750
0.08441162
3.51171875
13.52343750
0.56347656
1.50000000
8.21158688
11.30338376
4.96354499
5.06250000
5.39843750
0.56250000
1.81958464
0.96681183
0.32828859
12.02343750
2.94726562
0.76578361
3.31673592
8.84375000
0.68578852
0.57487187
13.98079469
9.20117188
10.56892821
6.99038509
4.87890625
2.23632812
4.66406250
0.03439331
17.39908688
11.65786348
3.13478058
9.68652095
12.67122562
1.63606937
6.12011719
1.91210938
6.94003487
7.42578125
13.01627438
4.01106937
2.56054688
11.48437500
4.91991689
10.37370124
3.16927249
0.44943619
6.84016844
11.55468750
12.20670656
1.56152344
4.58203125
2.98632812
8.19531250
12.93163564
11.52930186
2.78156971
3.98210217
2.62109375
6.45507812
4.41796875
2.14062500
3.81250000
6.88671875
15.27376219
15.16324953
3.03198242
5.13281250
6.14842753
2.07032247
6.82421875
0.57128906
8.56250000
6.96997008
0.78051820
9.32812500
3.34179688
7.97265625
0.20609527
0.07527680
0.09912109
3.68432617
4.13085938
6.10156250
21.57096188
5.92155031
14.15641359
17.14062500
5.76171875
14.41536126
6.65495124
3.55273438
9.20786514
0.33998642
1.42675532
7.30371343
5.25781250
5.03906250
6.41796875
5.95833001
6.13216312
4.13216312
19.76660156
9.05468750
3.09375000
10.86360594
8.49217753
9.90430186
4.62662345
5.53516622
1.62695312
0.72845459
3.01269531
12.48111813
17.29329344
12.38639406
6.86522939
3.30990248
12.00000000
4.42578125
7.84993157
3.67838874
5.42187500
7.16796875
6.78125000
2.60969969
4.98405031
16.01171875
7.16177970
0.80436530
6.34733156
0.04891968
7.88476562
10.25781250
0.26074219
14.51562500
9.75423094
6.98828125
18.25618407
14.26562500
3.66536624
8.75000000
3.09375000
7.87174313
11.81966312
15.35221188
4.26888187
1.45703125
16.89192376
16.85481937
6.34369571
11.70252991
15.43814938
1.62825687
9.78906250
10.37466534
0.44369403
7.24739251
1.81933843
2.96061281
12.59798094
2.41569093
0.63867188
2.99902095
10.07747562
1.81217531
0.01055908
0.99869750
1.65029938
0.73618073
2.47070312
10.64843750
6.34375000
2.71289062
5.33235594
5.39030031
4.68782469
8.05378650
6.90755873
0.87402344
1.65722656
13.30175532
26.73795656
8.42187500
4.38216312
6.74087877
8.60090315
1.82618683
12.04281841
30.12419700
1.90104499
4.66015625
11.07031250
2.86328125
8.39127438
4.76106937
6.68359375
5.66406250
5.36328125
14.14550532
11.07194093
13.81770999
1.27343750
2.92968750
8.02376219
9.78125000
0.51237062
0.01860046
1.04589844
12.74291992
14.51399158
15.24544686
2.14388187
10.81250000
0.02238464
2.85156250
22.62304688
0.81787109
14.54785156
7.21693928
0.14829509
7.81996787
2.23081338
1.16218743
6.43620124
6.95312500
2.36328125
1.68652344
16.90668576
13.16927249
13.03906250
14.87988032
1.59863530
11.86490470
11.15584663
0.21069398
1.73046875
42.11360594
11.53531486
2.41406748
1.91894531
11.17187500
0.10467529
3.70898438
7.29636580
0.22414201
2.82421875
16.44954344
25.62271720
6.79166999
15.65560062
18.69560728
17.58954398
16.14648936
15.27473626
9.15495124
2.83203125
9.53906250
17.08918440
3.17871841
7.30436281
0.69775391
7.88281250
0.24332641
0.70942740
1.18164561
1.47949219
2.93359375
1.49902344
8.28125000
16.51692376
8.00651374
1.06347656
8.28125000
20.60709220
4.29134530
0.64599609
7.86718750
0.72879506
1.53938844
1.85547373
12.28906250
3.05078125
12.94238032
12.63395390
0.70149781
12.02961658
7.54069592
2.06640625
13.73144282
2.41699468
5.33203125
19.64908688
7.89420656
6.08707765
5.25097407
1.43945562
3.47460938
16.16471188
1.09505374
3.86360594
8.13761476
4.43811160
6.45931405
4.11718750
5.81640625
10.19432846
12.93392093
2.47038342
3.86328125
2.26367188
9.21093750
0.14265867
5.24576906
2.41992188
0.40388977
-0.00996887
9.35351064
6.49023936
7.06640625
2.59684079
2.40039062
6.48833473
4.13671875
15.96093750
13.83235594
0.99198332
0.23181308
2.81282469
1.34667969
2.61523438
2.54264406
4.29687500
9.49218750
3.99218750
4.64062500
2.14973377
2.29460217
17.26334220
3.56998781
0.85416999
3.30695285
2.98699246
8.68163564
0.36279795
14.85205078
6.02212877
6.31836436
5.26497562
5.98437500
3.44531250
13.17610594
14.21093750
1.34635500
1.81738281
10.12845856
0.20548430
8.98014406
17.48046875
26.55860865
4.88389623
10.57584220
3.26790780
8.51511580
4.89894670
0.41430664
0.09490967
4.36783190
2.08268063
5.75456560
6.14257812
7.29296875
3.54687500
5.96785461
0.08042420
0.72412109
11.57192598
0.46908964
1.72558594
11.41975579
31.84373006
3.02736369
3.58789062
13.50423094
4.01139406
9.13704344
5.61295656
6.96093750
11.58723626
4.02213874
0.61881344
7.60872562
6.42578125
3.35351562
6.09798094
0.28361086
12.10156250
14.46777095
2.02067265
17.70881206
2.62924091
3.72428468
3.15039062
16.67578125
13.96646720
11.38574468
5.31966312
15.04394531
9.19531250
2.64453125
13.08098265
6.34210661
2.80991245
10.46875000
21.34407469
4.44531250
2.81412345
2.98047373
2.62695312
1.07324219
2.50000000
15.04687500
11.54394282
1.79785405
9.79199219
8.04296377
2.38900155
7.55826906
9.17187500
4.36783190
14.25521498
6.87500000
4.42578125
2.32617188
7.06673094
13.30040154
1.83626717
1.27832031
6.93269836
1.15714539
3.71875000
8.06918335
1.30273438
1.99121094
0.88769531
1.43652344
14.52766844
11.56250000
1.79946504
1.05860870
2.25195312
5.76562500
13.39843750
7.50682846
3.66146498
7.32161126
5.29980220
2.55599623
6.26562500
21.39257812
14.51464844
1.50781250
13.51969030
3.73633311
8.00781250
12.07031250
1.80867492
0.34757508
16.69726562
5.01041002
8.60319592
4.17936281
1.57617188
3.48632812
7.19140625
0.50292969
3.74607880
1.49610870
9.52766844
1.14811281
5.38671127
8.89942154
5.55859375
11.25259752
2.08724623
0.02035522
18.81527946
2.96029809
11.92187500
12.17122064
1.67448249
2.24641844
5.76139406
7.41617797
17.31165864
18.43684564
19.45910021
4.94353169
2.89648438
15.22234874
0.22369618
17.30871161
0.75944841
13.74321409
1.66829593
3.78906250
3.73828125
11.39062500
12.42097961
0.12076844
12.17187500
1.45214844
14.18750000
12.55468750
0.53320312
17.77375222
11.98503684
0.39479568
0.90614791
2.01997926
1.41503906
5.60546875
11.51627438
4.03906250
6.19466312
5.86718750
6.25390625
6.37890625
0.01902771
6.31053192
3.35353058
12.62816210
19.90885749
1.56120124
3.57226562
12.13704344
3.56217531
6.33331283
2.85614029
5.37500000
6.12711547
0.21740754
1.93306488
16.07209954
18.75976562
1.83073249
10.03125000
4.14062500
1.34472656
7.85221188
11.63346188
6.30729499
3.00000000
8.22656250
5.17578125
10.95735594
15.28548094
4.02376219
15.58528812
6.01985594
5.98437500
0.08724124
2.39257812
9.19335938
4.48828125
5.23437500
17.79426751
4.82682624
0.85465329
11.30826906
1.65983156
16.97688719
16.47938215
7.45345966
4.51562500
15.58104970
33.69824468
6.14778812
9.04264406
10.60937500
1.72265625
13.59504876
9.66943484
0.03654179
46.64485594
4.08203125
2.50944093
11.57617188
2.93945312
0.49615479
10.40625000
5.31640625
17.02538564
2.04102061
14.14648438
2.46679688
27.34830314
12.36718750
0.70833749
16.31250000
8.31250000
13.76985594
8.80826906
6.91015625
25.74641844
16.22720939
3.29329842
2.01562500
4.91829344
7.92122562
7.00390625
4.81347656
8.43750000
3.80110594
5.16406250
19.81105218
2.76790780
13.60286126
9.29101064
2.61426529
5.42936281
17.10436887
9.49397828
24.04654034
3.48438497
11.35253906
4.17968750
6.30078125
4.55891844
3.63248781
4.53906250
6.12141844
10.74250222
5.54720966
0.92383062
1.44433594
13.07454344
5.84537843
6.26204344
22.41698471
17.40072030
13.84992908
18.13395764
7.84407469
1.50065187
24.18750000
13.85156250
12.42968750
2.43945312
9.31281472
4.89031028
2.17968750
11.19661126
6.06901374
16.23437500
8.49641844
8.48014406
5.93359375
0.66210938
16.01529034
7.55631095
1.46746121
5.34375000
4.91796875
0.96630859
6.45092275
9.40853280
14.22721188
14.27897218
4.21810062
4.24609375
8.11002438
21.08170656
10.03483156
1.72070312
3.85123283
4.28955452
1.62486480
3.63248781
11.33593750
7.83203125
2.63671875
2.80078125
1.51757812
0.41455078
7.20507812
9.31250000
11.94531250
0.78320312
10.69173094
5.99186032
2.44661624
14.27734375
1.17936281
1.62207031
11.03026596
3.04395279
4.16406250
10.40625000
1.38183594
0.72070312
7.81379876
15.55957280
3.66015625
1.62858156
6.44140625
7.85546875
22.50064938
6.68326906
5.40592531
2.24414062
16.42380819
12.73860594
3.21063275
4.19140625
8.06054688
10.59765127
1.61523936
2.71744127
11.97673108
3.89046265
1.96565548
6.00878657
3.69433997
4.80305408
17.22819592
5.71093750
13.59211658
6.98633311
7.13931627
2.77832779
11.61191691
3.94824468
16.90363254
8.89355718
4.36296653
3.26367188
15.47298094
8.60156250
7.76530031
7.95377438
12.41064453
6.18685062
3.00486537
6.97365026
1.32193844
2.59310062
12.37500000
0.35449219
8.55370845
4.66340564
3.16154897
16.32454344
1.90983156
7.32812500
15.53971188
15.94531250
4.83919437
1.08300781
2.31915739
4.71648714
2.22900391
34.05467753
4.19922872
10.39127438
9.92122562
5.17643063
2.19270999
3.89140368
6.73990470
9.65853280
1.05826657
1.82942874
10.10937500
5.85969969
0.83529546
0.11140133
13.34325798
14.43211644
2.08220855
8.23372562
1.80664062
1.06542470
2.83789561
11.50488032
9.47949468
8.89062500
1.16829344
0.78336672
3.60937500
2.65625000
10.83544548
0.21094124
1.16015625
9.30093986
8.55306405
15.64745346
19.61072525
3.91015625
2.39062500
10.48730469
4.58593750
5.97460938
7.32031250
4.28125000
18.89353724
23.14552526
9.44205065
9.05208998
5.31770501
8.14713874
0.41113281
1.05566406
3.89062500
2.25781250
0.12133789
2.73242188
8.04296875
13.79329344
6.37829590
7.33398438
3.59147218
15.55468750
11.29687500
1.73535156
1.27636719
2.16128270
2.36084607
2.96615248
4.54719969
0.41080812
4.57307237
1.86800670
16.13769282
17.39420656
10.18699059
1.01205092
4.61718750
14.54718972
13.74756856
6.88785890
9.82161126
5.89323249
4.07421875
12.73437500
13.87890625
14.39062500
0.91812985
10.38997562
1.58593501
9.33528812
8.26920656
12.73860594
11.19889406
10.06802970
10.74153812
9.02636968
1.38867188
5.07291002
3.25716810
5.66210938
2.95117188
3.67968750
14.91048094
7.64811281
5.54719969
9.27701906
15.99250970
28.90836921
14.41406250
2.88281250
10.99218750
3.53320312
11.06250000
2.38476562
12.85937500
10.45019282
10.44855940
3.75749778
12.40625000
1.96093750
10.43391844
24.05271942
2.52898714
0.32348633
4.85286126
0.34293952
2.89648438
9.30354485
3.88541999
4.70312500
5.63704344
9.18879876
1.64681405
2.75390625
12.33544673
4.54004155
10.25781250
2.14257812
0.80957031
7.62108378
4.15235372
3.46289062
9.61360594
1.75976562
21.08690908
22.52706307
9.39778812
5.36360594
2.40592531
8.72949219
9.79687500
0.36816406
9.47851064
0.85645030
6.83984375
0.68098875
8.54166750
1.47656250
0.09406134
7.93326906
0.42236328
14.79284668
9.39062500
0.47412109
9.28840814
5.78776374
8.11718750
12.43190002
3.82031250
1.77832031
10.40298316
12.04687500
12.97624778
1.23046875
2.70084718
26.07202148
8.83591756
4.26173869
12.41894282
17.37597905
18.28442383
7.43359375
7.55663564
23.05432378
10.71386968
1.27929688
10.75781250
9.88281250
7.23437500
5.57031250
1.82599831
0.69890403
7.07812500
1.85644531
5.72656250
8.07942376
2.71940436
14.38346188
9.68814938
10.91959220
2.43457779
8.44531250
3.98469969
14.41764406
16.86224116
4.74902593
3.23469969
2.28287843
14.64062500
1.17968750
16.84700189
12.89778812
6.54231937
0.81738281
4.94921875
0.35984143
0.27553455
0.21191406
3.32323471
2.65528091
6.51562500
7.05175781
5.40413079
7.30371343
6.54069093
14.24381095
7.41048592
15.13867188
7.52766844
2.70735096
7.93262892
3.78710938
15.56673094
5.89030031
16.05501219
8.74055408
5.49544935
6.21484375
2.18651845
17.14290780
1.39908937
5.94531250
8.13899657
3.86686281
9.48079344
7.82389406
1.71289062
15.80468750
1.63281250
0.57568359
11.20800532
5.96777593
5.53548094
10.79101562
8.16406250
7.10514406
3.31868407
0.56071047
7.25357159
11.18326906
0.29069841
7.66015625
5.08203125
10.66048094
4.74967531
0.48608398
4.36816157
14.04883062
28.87805176
6.11132812
15.97427970
9.78157967
14.12890625
2.17203735
7.39842753
16.71794326
18.73908799
14.86903828
12.90201906
8.99218750
2.04882812
14.76562500
24.72269528
7.62044437
2.41210938
10.48828125
9.64615470
14.96419686
17.75390625
2.46093750
6.30110594
2.77311281
1.57812500
6.98046875
8.37890625
8.26562500
0.71728516
22.29028153
4.23163009
13.98437500
7.49575798
5.87313851
12.17252438
3.16373781
1.42122313
3.93245609
7.18945312
5.58593750
5.10156250
17.14646942
23.55274933
10.58072252
6.69694592
7.47233156
3.10155752
2.96484873
9.05891844
1.41569093
24.53411865
7.75390625
8.96093750
4.48828125
1.20898438
1.38476562
6.69986813
1.59603031
14.97786126
17.38248283
8.20833998
3.36490968
14.33593750
8.45246565
8.32487810
1.47949219
1.57568359
1.67773438
5.91015625
4.08984375
1.33593750
13.18164062
9.47786126
8.08104970
4.43425310
1.14941406
9.95979610
0.34098515
19.05891844
2.25031971
15.39713874
21.84440436
15.39843750
5.12109375
9.98567625
9.49445036
0.29819370
1.93554688
14.06673094
11.29264406
0.00131321
12.11718750
1.29199219
9.92968750
3.80110594
2.11100343
5.29361813
2.67122562
2.81445312
11.84569814
2.96484873
0.88134766
10.76334220
12.37564938
19.27445808
5.47949468
0.89908688
10.29329344
7.04720218
13.88639406
9.80305408
15.56999279
2.86865234
8.80273438
7.11718750
12.73502438
3.96419437
2.37109375
8.10351064
3.09895999
3.20182624
2.85522461
15.28319814
17.87858156
4.42574471
7.82031250
1.88964844
6.70312500
3.07421875
10.10156250
5.73079344
1.73014406
10.30565160
0.51846853
4.68465647
6.15234375
8.17187500
21.10676751
6.79557624
1.50781250
14.64257812
4.71875000
2.61002438
7.78450687
7.60156250
17.65266844
0.37028078
5.21126219
6.45637938
2.29231937
1.88769531
4.28906250
16.17252438
15.36653812
9.78727172
0.78597047
2.11718750
17.66829344
20.57291251
1.64648936
4.17187500
7.56250000
4.19531250
19.76105940
3.70378435
7.58593750
18.11718750
17.25439453
1.31868407
9.61490470
1.35547373
1.91503906
9.45416011
27.11897828
7.12255984
2.64249758
7.67578125
17.35937500
3.07454344
15.44889406
12.68750000
4.56769504
11.52670434
13.88216312
5.54117797
1.99593140
20.13117908
2.37468029
1.55957031
13.96841534
1.01986591
16.37726286
3.09539339
8.67187500
7.64062500
8.96353502
3.69271498
5.23958001
2.74088874
13.87141844
11.44954344
10.82389406
2.24772218
17.18847656
5.22265625
7.66438719
4.44889406
0.45605469
10.78655958
5.95703125
6.55468750
7.04980469
13.41406250
5.30078125
13.92415032
13.77311530
10.00781250
3.42382812
2.97851562
3.34375000
23.00317383
1.41796875
2.15625000
12.85156250
9.52343750
8.11718750
8.54687500
7.66406250
11.91926751
15.93571296
4.23828125
14.75000000
14.33593750
8.32096188
2.16731937
7.19531250
10.97134752
25.98075356
13.05994236
25.59794106
16.90562056
5.56251994
1.93554688
24.34504876
7.81543218
6.24609375
7.93326906
4.53125000
4.67187500
14.58300532
14.74511968
3.18164062
0.48681641
7.15234375
11.65625000
2.10937500
2.95312500
1.40462157
17.33300781
1.47819093
2.06445312
6.50781250
0.00719833
9.74836658
13.85319592
2.23712562
0.13802125
11.84764628
7.23730718
2.44076185
10.13639406
2.57031250
3.39257812
12.26269282
5.62402593
6.94742797
0.48649047
2.10905031
9.05891844
2.64225343
8.25781250
3.07941878
4.62956560
3.48828125
3.16210938
15.99151818
2.83302526
10.55826906
2.32259032
6.10905031
2.15657220
2.27409186
2.37109375
7.07063470
8.84245124
3.45117188
18.15526596
4.92904061
4.24121343
5.85123781
14.02343750
4.35156250
9.25602172
0.02040650
11.05468750
6.27343750
3.10019350
0.63127916
6.20866467
4.05859375
16.98925532
11.71028812
1.12467531
1.51074219
8.77538564
4.76367686
9.83365470
6.67269171
0.31429078
12.03906250
1.56924293
2.27084496
16.56379876
3.49642342
1.97363281
15.07877438
18.44645016
7.70996343
9.24576906
4.25390625
4.55468750
9.05468750
10.17968750
10.16929564
0.22412172
2.25000000
5.83203125
0.35107422
2.64648438
17.10579344
1.90299562
14.61002438
4.74641844
0.85840093
7.34375000
9.92187500
0.46630859
2.79296875
4.96875000
7.07063719
12.98567376
10.96061032
11.07796764
1.05843140
5.83203125
2.47884032
0.10843996
3.85156250
0.00152206
1.62646484
10.70312500
12.43456782
10.25293218
2.31054688
10.49218750
2.73665282
2.40592531
9.35156250
12.00488032
11.56543218
17.88117908
7.79850842
13.06152344
9.87513742
7.35142508
5.70412346
16.24965092
4.03125000
3.53255374
7.00000000
15.53254876
17.93522468
3.31119626
3.00325687
7.00911126
15.20605718
12.87500000
3.99967531
11.09439938
4.02669437
6.66796875
5.88948360
7.27457890
19.93293440
15.75586436
9.79622562
7.89778812
3.50585938
9.49185284
11.29752438
10.33105718
8.32975593
7.38867686
14.96939938
7.42122562
5.59765625
0.04235321
0.12312836
0.08813477
8.03906250
9.25781250
15.74218750
7.73111813
13.70377438
7.50260749
13.42187500
17.68750000
3.22656250
7.77734375
3.76757812
19.58203125
13.98437500
3.27408688
8.03060062
6.14127438
6.04100067
7.16538120
2.38085938
12.17348848
2.85385527
11.90656971
9.04167248
5.38281250
0.02815247
0.54129722
12.26009530
1.28385500
9.10937500
2.59927721
6.12467531
6.68913342
1.71484375
0.18249512
3.71695922
2.52522828
7.11328125
1.87500000
1.00292969
1.22265625
1.38085938
8.07812500
1.70865719
5.31575687
7.78125000
12.29687500
9.58414672
0.08308961
11.73437500
2.38671377
3.53320811
11.56393433
1.97395252
5.35319592
2.99804688
11.37532469
6.56477283
5.97787123
8.09765625
3.72265625
2.59765625
3.24414062
17.40730711
-0.02718016
8.15266844
2.51953125
4.14062500
14.28287843
6.48046875
12.91406250
6.45703125
8.20019531
4.41796875
9.55468750
1.78515625
3.09016844
5.99186281
0.03598022
15.87923094
10.19108156
11.13052970
3.76009530
8.82812500
4.43359375
8.37971922
5.98860594
18.73665531
12.36718750
5.03548094
2.89615968
13.43391844
1.58626219
2.83756593
8.65983156
9.65625000
8.18391844
19.82991578
0.36165406
5.15625000
3.40625000
4.36034907
1.44531499
6.99218750
7.40396720
6.43978280
3.74804688
2.10285378
5.25749778
5.23046875
4.75781250
0.00259399
2.47265625
18.98388298
0.19043343
4.29687500
4.63346188
3.13802249
0.59326172
18.55891844
2.06429078
0.76057984
9.92187500
12.48860594
0.34366945
11.76562500
10.76562500
5.16406250
8.07486813
2.46419437
4.57031250
12.78125000
13.72070312
2.40429688
6.08203125
5.24218750
2.04134032
4.76139406
6.48828125
3.83950411
3.77963652
7.80116744
0.14597611
1.22070312
3.05920410
3.67968750
13.27766844
8.28153944
0.14896730
3.84570312
3.24609375
13.16829344
-0.02693602
0.27835934
8.56966312
0.07879639
3.12695312
1.34293578
0.02480103
4.59765625
4.06965315
5.12175310
5.61718750
1.22656250
8.52343750
3.20605220
3.21972905
3.78515625
8.91209442
4.16603058
6.23437500
8.30174535
2.77247340
14.99218750
0.91845703
8.15266844
1.51334718
9.76171875
1.06868407
14.14485594
6.06966312
11.42008422
0.05403687
3.66601562
11.69139628
3.16407247
13.27425047
0.37906984
2.06250000
18.04079100
0.22037843
9.97199690
4.12923094
2.98080341
12.92968750
4.98958001
22.27018063
0.42920420
11.86002438
2.94466312
1.50488281
13.04296875
5.34765625
2.89062500
3.08789062
1.03906250
11.53906250
7.65234375
0.16088867
3.01578735
2.52718140
0.70947266
8.50640791
0.10369951
18.81184564
9.88151374
13.44625854
11.28548094
2.80859375
5.27311281
2.16796875
19.50911126
1.63444343
0.96435547
1.28808594
9.10937500
5.86718750
8.75423094
13.22459442
7.56804964
3.59765625
2.42838376
4.05794437
10.35937500
2.05078125
4.24609375
16.64616394
0.77539062
0.18900512
0.19173219
6.31673094
4.03092531
10.44855940
5.25017107
2.89062500
0.08782943
0.07421891
13.06250000
15.96609248
10.94043218
0.87011719
8.18391844
8.90266844
11.19661126
7.95182624
3.17903812
17.84016844
13.37500000
7.63052970
6.53711436
2.24414062
12.11848626
3.42643561
1.13867188
15.12564938
18.35611813
6.37793218
11.16764406
0.49975586
7.44563719
3.59212157
4.34310062
0.98291016
21.11132812
11.06673094
10.02343750
5.00455563
8.62011968
11.50000000
4.67565918
9.47656250
6.05566406
21.93521720
4.67806405
12.71289062
6.38972961
0.14860047
6.55878448
7.07812500
4.21185303
11.22363281
4.53515625
15.09016844
10.08951906
6.51660156
20.17610594
1.81705812
11.84212157
8.19108156
3.16796875
1.66341063
7.88281250
5.01530031
15.14843750
9.98437500
6.38411126
3.96483877
4.87989029
5.56640625
6.44889406
1.71777344
38.39566891
17.68879876
12.97998545
8.96402704
12.83154421
6.44889406
0.72330812
4.93750000
11.92610594
3.81966063
12.23470218
5.35156250
1.95800781
18.36816450
13.54638298
5.78922983
3.55078125
1.37500000
4.21875000
3.02343750
3.41796875
11.39550532
5.95703125
7.34310062
7.81217531
6.18750000
5.00000000
1.28450438
3.01725343
3.03189079
0.21684698
0.13549805
10.75000000
2.29069093
12.44173094
5.89062500
0.77506593
14.88572474
5.19630651
18.05110345
12.65396720
8.42838874
8.20637190
12.67644060
6.27701906
7.24641844
1.46549562
15.66959220
5.02473626
8.14160904
18.21289062
12.86783688
20.72200687
8.44531250
0.06561279
2.83984375
6.41992188
7.45703125
2.95344969
1.93131593
17.74974251
3.06640625
12.54687500
3.76188110
9.20959886
5.74531692
2.08007812
11.17187500
10.06705314
24.12337655
12.07161126
6.66276374
3.04524657
2.14811281
10.55891844
0.76546141
1.82747562
3.08789062
3.49999502
1.66797373
10.83593750
2.02148438
6.82812500
9.03125000
8.66406250
10.06673094
1.02571532
7.18977283
11.97754654
0.98608398
0.97412109
7.95344969
2.55078125
14.49576906
21.27159751
0.47886025
6.03125000
1.61425781
10.76562500
15.41697474
8.10288120
6.20280031
8.04199219
3.53125000
4.63671875
14.28906250
4.15657469
11.69889406
0.95019033
0.98926280
9.19531250
10.99609375
16.12141844
11.24479250
4.65625000
4.00000000
7.03906250
14.87988032
13.42284907
9.36198249
6.78515625
1.44791750
3.01204344
6.41406250
8.50716312
6.76171875
6.87109375
6.10156250
17.17675532
4.23795656
9.59211658
6.82910904
8.71093750
2.65039062
1.60351562
11.32031250
0.89680907
4.24967531
7.51643174
0.77067763
3.69091298
2.61719248
7.50000000
9.61718750
4.36328125
6.42056627
6.00912123
8.75356162
8.63706338
6.33593750
11.18033688
8.21810062
3.98242188
19.97688719
10.98648050
23.80842642
7.82879183
12.97590564
7.39258311
3.01985594
10.81966312
2.14648438
10.67670881
18.25098404
4.69108156
1.65527344
12.43521720
9.03353280
5.15657469
8.34733156
0.11761475
9.66406250
15.81673094
3.01171875
14.22298094
2.87727782
14.80468999
0.73193359
2.05859375
8.67610594
6.72721188
7.99511968
5.03906250
1.71777344
17.02766844
9.66804436
10.79508422
0.09261109
17.18780518
28.81640625
10.26953125
14.96939938
8.57389406
7.48437500
3.22037843
3.72884032
2.41149933
0.06479951
17.13557860
16.95190364
10.56934092
3.69921875
16.18750000
9.30468750
5.80859375
8.43391844
5.76953125
13.84375000
13.15201906
4.83496094
4.99218750
5.34977172
3.43212766
10.32747562
2.21679688
9.76171875
1.92773438
3.32763672
5.38313719
4.67155031
14.37923094
2.39225343
2.05468750
11.51204344
1.37467531
12.64353724
0.89943151
10.89648438
4.62141595
5.06510749
11.39843750
2.08691157
11.54980718
5.84798094
6.13069703
3.61653687
5.38281250
3.09528480
-0.01032386
8.60937500
15.61425532
10.51676640
0.31111695
10.69238032
6.05501219
7.35026374
5.77376219
2.15372804
1.54882812
10.88256649
2.08618351
6.30468750
13.08300532
5.62402593
2.89648438
7.61783688
4.06933594
17.60042110
21.89158910
3.64796542
2.85384032
3.78287843
1.55566406
9.31086658
2.46061779
12.55468750
4.85709469
8.44053562
2.14453125
8.42773438
5.36360594
12.75000000
2.98209718
10.25423094
2.76920656
23.99609375
6.27342753
28.07455341
9.24613527
19.54329344
12.08170656
6.70582052
5.61783439
5.66298316
5.13281250
0.79052485
4.88248781
2.72395999
8.09830563
5.04687500
6.75032469
5.44043218
9.19531250
4.05181885
4.99218750
8.42187500
2.82812500
0.00604248
1.53840814
5.09830563
7.41602061
17.25259752
7.53646498
4.55468750
11.88930630
3.34766622
3.99740248
5.50488032
0.43847905
1.59667969
1.66507339
11.35156250
3.29882314
10.86523936
7.26953125
6.44140625
8.66536126
0.84635749
7.16406250
2.69921875
7.88801751
3.84245124
17.76334220
8.24022939
1.16439716
6.92934287
3.46128213
3.13867188
10.38621178
4.94386635
11.17610594
3.04130097
0.23205598
6.69531250
6.05989251
2.11784186
2.12695312
9.94367908
8.31413342
7.37109375
9.36197003
6.47689716
1.96386719
5.99218750
4.89159907
1.89355718
2.21749401
2.65234375
2.69335938
1.45141602
1.32812500
4.66429356
2.89234707
1.84570312
2.84960938
8.38281250
4.29719969
4.31998781
7.42121565
4.89909685
4.23046875
10.47264628
13.26269282
9.75684840
1.92154782
3.59505374
4.00926862
0.39405169
3.20344969
5.48697252
2.49903091
3.52799313
7.85693484
2.12483765
19.91959220
2.87923592
17.32812500
2.39290282
8.39973626
10.39190644
6.69921875
14.44188830
0.50830701
15.55175532
17.37402593
3.92578125
1.29296875
7.75032469
2.46647218
0.90869141
7.65233378
7.01172872
4.15234375
8.68750000
10.00000000
5.35937500
15.07877438
11.93814938
1.73893561
8.12500000
1.49511719
15.11425532
4.07234368
12.28353280
13.64778812
1.73144531
11.24283688
1.61360843
7.68182373
20.40591534
1.58822528
8.71516844
6.32780031
13.39387190
6.73503435
1.26757812
8.27343750
2.34602782
6.32389406
1.05664062
1.91430415
6.39746343
8.25781250
11.84211658
3.11686779
3.07226562
11.62109375
1.53613281
5.02343750
0.23531004
1.99902344
12.33951906
9.05468750
1.06673094
3.89420656
14.04394282
6.79199468
4.55468750
19.20702128
7.44141622
23.39094720
2.38541999
3.95898438
8.76562500
2.60546875
5.79296875
14.14615470
4.56868905
2.53580563
17.11653812
4.61718750
7.46875000
5.89062500
0.00610733
2.30468750
12.30500222
2.74219747
14.63178694
6.88705341
2.42382812
3.45507812
12.03906250
2.91015625
2.82518784
1.91309341
12.36718750
5.96093750
10.16568346
5.32162123
1.62988281
10.96875000
1.41894531
3.27929688
4.39549535
4.05372340
3.08203125
15.05761719
11.15832520
18.37532469
6.37858156
12.07031250
4.17122064
15.00293218
18.04655031
6.11523438
9.40954590
17.70735594
10.07389406
4.85758422
0.19075562
4.42187500
9.85479943
8.43133338
1.15071532
5.45670656
0.63256587
2.43066655
15.62923094
6.17415032
8.65853280
5.06640625
4.07519531
1.56282469
4.06998781
11.23354832
5.87192043
1.84179688
0.44592036
0.10132085
14.57299805
5.74479001
11.08711917
24.70149158
6.97038342
6.01953125
6.54687500
0.02738953
11.63281250
2.32031250
16.08658688
4.74935062
0.18212891
3.70312500
1.07519531
8.54687500
17.80305408
8.05632092
9.69350096
2.30436281
2.56835938
18.67675532
9.15559813
7.12760749
12.95343018
4.47827516
11.69011746
3.94726562
3.36100343
3.12304688
6.47656250
2.56445312
10.48437500
0.63541625
0.26546265
0.18834774
1.19270999
3.01757812
6.03125000
4.50520501
13.15625000
1.44401374
1.08959774
4.69555851
8.35758422
12.64924424
1.13379654
6.42578125
4.29687500
6.73958001
2.56510749
15.13704344
3.51725343
1.69628906
10.05468750
18.17675532
6.10481937
5.53873781
2.33203125
10.87500000
9.85774158
4.54492686
3.51985594
6.99967531
17.53320312
2.38801502
1.81771498
1.66992188
14.67154034
4.87565935
2.97819093
12.00000000
3.23437500
16.94921875
18.00312398
16.04692485
13.91048094
2.01334718
1.61425781
17.10480940
3.61522939
8.79167996
2.08593750
12.45068359
8.96215820
6.00813719
13.60416002
5.11817154
8.11423538
3.60842087
10.35653687
13.59569814
7.81224559
15.53156472
3.76921653
18.25781250
11.78727172
-0.02025817
2.26009032
7.12500000
18.78125000
8.80826906
1.89761207
4.20639184
9.14843750
1.73404782
2.88020999
1.56835938
2.71613254
2.74089871
7.81640625
12.00325438
4.25129627
2.58333998
9.56738281
9.30289672
4.23225953
7.19562722
1.63835715
3.28320312
6.36718750
2.21656477
0.72134752
16.79069592
8.00358156
2.68164062
11.77766844
2.74186281
3.52734375
9.08723626
9.73079344
12.32454842
6.58203125
5.00617908
0.89746592
1.49186281
3.92187500
1.94734368
3.26823249
5.58593750
12.85937500
2.82617188
5.07454344
7.18717531
9.93750000
1.67089844
2.08593750
14.57031250
0.13720703
3.10742188
9.91536126
0.59733405
13.69276267
1.59993905
18.68750000
2.23079344
13.79264406
4.21093750
0.60156250
2.85384032
4.70670656
9.73567376
1.97721686
0.95166016
1.70669651
13.75000000
2.09960938
8.73209220
0.87630624
9.57752715
0.01671113
3.39022971
5.12357103
6.91471188
8.25960328
4.31005984
5.36328125
0.61914062
2.34326172
0.52050781
9.96875000
1.96093750
10.20896942
7.25978058
2.53515625
4.84765625
0.04391479
6.10937500
2.64354970
2.48437998
11.35156250
6.68782469
9.37076906
7.87109375
9.69531250
10.64880973
6.85384530
10.14062500
4.33690908
11.52930186
4.07031250
0.00265884
15.80078125
9.22656250
2.58593750
1.54394531
10.02343750
8.26985594
2.77701906
2.19563719
3.05436281
4.03417969
16.54687500
10.93391844
0.40616945
1.71582031
10.17610594
5.57600953
1.78890015
9.81673094
10.37271720
0.42627452
4.60546875
8.20735594
8.14322252
3.61817154
6.51953125
8.56867659
7.87517107
4.87500000
15.96875000
4.81250000
2.09993407
3.70280031
12.81250000
1.79492188
1.57226562
9.15625000
2.27018063
2.23177249
11.24283688
4.16341312
8.08593750
7.35937500
1.84667969
9.74039672
2.69319703
6.94376212
2.74251717
5.72492908
1.38249279
1.44531250
11.50781250
3.61881095
0.03865975
1.37890625
4.39973128
6.50456560
1.14648438
0.28320312
1.95312500
9.01562500
7.83235594
7.33561281
0.38421382
10.65482823
1.27486176
9.05468750
16.35937500
1.84830563
2.45833499
8.59375000
6.44555664
21.58203125
6.69531250
7.12500000
12.92968750
0.57958984
4.88671875
5.25976064
1.81673592
4.58561281
3.90625000
4.69921875
1.37402344
1.66395058
0.06450401
3.20703125
9.88281250
7.05126455
13.07265633
4.75748781
12.09570312
4.37744141
3.87500000
1.73730469
8.19774269
7.57569481
3.16406250
1.88085938
7.67187500
1.63183594
2.17610594
0.78971437
2.15234375
10.07747064
14.64062500
3.69010749
7.24218750
12.56867908
13.98600842
11.84146720
22.07812500
2.80111092
2.37661348
21.14487089
2.50000000
17.75585688
3.13965093
13.05468750
2.45768063
1.18587406
14.55891844
11.57454344
14.38476064
6.56413342
0.47379640
6.19921875
1.05566406
7.14127438
2.06762695
4.51920656
12.74771720
6.77930186
5.46875000
4.56640625
6.79687500
10.36718750
12.71158688
6.60481937
5.88883422
0.65315797
2.27929688
11.93750000
4.82421875
1.57617188
16.08789062
6.97753906
6.99218750
5.66015625
14.40625000
7.44531250
0.07537842
5.71699949
4.98794659
1.12305684
12.80988254
2.33855496
17.79002660
8.17416278
4.81120124
4.96907469
3.13248781
3.25781250
11.71093750
0.41796875
5.90234375
11.87988032
8.35449468
1.95312500
6.27343750
1.47753906
4.47818097
58.42220966
5.63671875
2.94140625
6.01985594
22.18082468
10.47363032
9.54036126
7.30925310
2.76171875
11.80891844
2.38834718
6.85578846
21.78319814
7.57682624
21.14354721
7.96028812
12.55957280
4.92773936
7.87141844
15.29894770
5.64713874
3.41601562
4.33984375
6.67219969
6.37467531
1.95410156
11.03906250
4.46321282
9.82361089
6.43391844
10.86295656
8.90396720
5.49447030
1.67350343
11.21549313
12.50000000
3.15364749
7.59765625
13.22082520
2.98437500
4.32844969
8.57236818
1.69531250
19.46910521
8.40462157
6.51530031
6.78938719
1.05208499
0.98486328
10.31673094
24.15592531
10.52343750
3.21875000
15.88895504
1.34310062
2.01985345
6.57682624
0.46386719
7.83528314
28.44075687
2.80989749
9.60937500
2.63476562
0.91992188
5.12628879
1.21778590
9.13248781
5.78906250
1.46093750
17.08105220
6.98515995
3.92155031
11.12206782
2.78613530
11.44433594
4.52343750
8.12500000
48.11555907
3.67602539
5.45703125
9.83593750
7.01171875
14.48046875
2.85742188
12.54687500
11.94277954
3.65983156
7.81250000
1.21679688
3.57259032
9.78483156
6.87141844
0.63199953
4.73860594
14.66177970
8.13020501
2.74089372
1.16796875
11.51171875
17.86164783
12.44694592
5.05078125
10.04817376
4.89485594
4.86945535
5.36524933
1.40136719
26.33984375
9.53222656
3.10546875
8.93391844
10.30045656
3.00390625
6.59375000
12.52343750
4.75423094
10.25000000
6.22298094
6.62825687
1.70214844
9.09927970
20.46386968
4.35872562
9.22656250
2.33398438
14.61783688
11.82096437
2.04459718
11.94596188
6.95247562
1.46484375
15.24803691
12.87110372
1.40722656
14.18163564
8.98242686
9.32454344
6.13704344
4.15853031
4.49218750
3.79492188
17.00813719
13.34798094
1.72404117
0.32218445
3.19726562
9.38703846
7.53222905
7.00260749
15.32714844
3.17578125
8.25716063
8.86604236
4.56771498
3.80956782
9.61230718
18.55745360
3.80891844
6.10783023
5.87410461
1.64143922
8.67122313
1.59635500
2.30273438
5.73828125
10.49641844
10.43391844
6.78125000
15.76562500
15.47233156
2.77799562
6.50423094
4.76530031
14.19302970
12.41014628
3.01042996
8.33235594
11.03841312
7.44531250
8.86001441
2.96029809
10.43493652
18.88281250
6.06250000
3.84375000
10.02634974
4.23146276
19.93359375
2.98437500
12.99218750
19.93717033
2.97298592
8.26562500
21.29035628
2.50748781
2.92481216
16.32161126
11.75358156
4.08886968
16.61002438
11.35091312
11.27246094
9.21875000
2.98046875
11.66113032
12.12401596
5.74219747
0.51953125
14.88671875
9.17869349
3.36036901
1.88085938
10.64257812
13.81559416
13.23551266
3.76465093
15.75813719
6.55257203
0.89485719
8.80468750
4.48144282
4.72949468
11.00976064
18.06671100
17.40202872
15.62390137
0.09271240
0.51757812
19.55316162
10.59016844
4.46451906
12.01105940
1.02019060
8.93260971
2.77637466
15.46646720
13.98698249
3.27946047
5.15625000
9.51562500
17.11482415
2.75065436
6.47656250
3.55664062
11.52782580
8.90186170
5.78906250
11.98258422
6.36995484
2.57617188
7.67578125
1.19074939
2.48600842
8.89680408
8.77148936
5.51235816
18.11752216
4.94206061
1.46386719
5.51774047
13.31494016
5.99056156
4.09375000
3.51953125
6.21093750
7.77734375
8.79329344
14.58158303
1.33725121
2.29296875
8.84341534
2.54525653
6.30664062
6.18782469
1.90983156
16.48142288
3.69337682
2.53320811
10.72721188
3.29427249
5.30468750
4.40625000
11.53125000
15.09977172
1.11214234
28.37239251
8.77472629
6.14194370
14.39664672
0.29056762
6.11034907
15.64713874
18.91422360
14.96109434
7.48340093
0.96875000
6.14224845
11.25651374
15.99218750
15.17838126
9.93261968
2.55013187
13.19987062
4.26953125
1.91894531
18.70007324
2.36523438
0.47045898
16.17431641
1.68359375
0.34716797
13.37109375
1.62304688
0.40869141
8.35742188
2.47298094
1.51334718
0.66699219
10.81800976
20.49208786
5.16341312
1.23535156
6.95784173
14.60612311
11.25195312
7.16829344
9.83170656
9.42211914
11.07454344
3.35351562
1.68815187
12.64579098
7.56379876
0.62109873
8.71516844
16.26562500
14.85904034
5.18392841
3.58170656
9.83593750
15.60221188
0.91145999
5.69726064
11.91211436
10.58235594
4.12500000
12.26171875
1.48209718
8.91048094
6.73488420
0.09370957
11.46484375
3.96158688
11.32747562
12.49641844
0.47916750
21.51137412
19.95118683
7.85155253
6.49057402
3.25976562
9.16048094
16.31542221
0.80632341
19.53189938
6.03157469
0.96126468
2.90592531
11.68586658
8.22038342
19.59796100
7.92352337
3.14257812
9.67317376
1.92838874
18.68554688
7.21875000
3.53938719
13.25268617
0.40153016
10.68587157
2.06608156
5.45312500
18.29296875
9.25423094
0.52311281
15.27180657
7.36588874
7.28515625
5.02506095
6.57259530
3.06250000
8.62500000
6.68359375
21.17871094
3.64387689
2.36784186
2.58203125
16.04296875
3.31835938
15.79036126
4.41666999
21.15820312
21.44759032
3.80631593
3.24804688
8.17577128
2.06055684
1.28613281
14.75878906
13.92187500
1.11816406
10.83984375
12.16650391
17.81250000
4.19531250
9.21093750
3.94823471
5.97754654
14.37141844
15.48014406
17.89290282
16.52766844
7.25325687
12.43391844
7.29655031
8.81250000
8.46288564
11.29492686
21.50276111
4.70085217
1.67382812
13.97298094
10.92447252
2.09864029
2.65625000
19.05207004
3.00652371
14.50741577
6.10937500
15.80305408
16.32389904
10.39843750
2.76953125
10.05175532
1.84082280
1.03906250
9.17626330
0.59912732
6.80371094
1.37402344
6.59765625
9.19139906
0.39371828
2.66796875
27.03352283
5.77507092
6.45946767
11.79915780
3.64062500
12.92968750
3.81250000
2.32975343
6.05143063
6.30012190
2.95313497
3.08593750
14.30175781
17.29687500
8.49902344
1.68994141
8.12923094
1.00390625
0.80289797
5.78091534
20.56388679
15.36295656
6.71322030
14.17968750
5.49967531
3.47753657
1.44433843
7.37109375
12.24566650
4.15625000
18.96907469
8.24576906
7.96875000
7.31347407
3.86621343
2.43359375
12.38183594
3.95703125
2.26594969
9.87076906
2.56250000
23.27343750
7.25781250
10.62141844
11.27961658
13.91016123
10.07389406
5.01139406
12.47962189
16.61768180
6.76790780
2.73242188
0.15002441
15.49512863
13.15625000
1.03906250
11.69661126
30.16437722
1.95346464
2.58789062
18.21906472
3.60792013
4.04264406
8.03125000
0.57226562
8.58300532
6.67871343
11.27050532
6.68652593
3.99218750
9.42024657
2.16178468
8.78564453
13.76204344
11.06608156
13.36328125
9.88704344
5.98014406
4.00423094
2.00553468
11.62271720
13.93326657
11.16992686
0.25577883
8.24476508
10.86249071
9.06608156
6.42480718
5.96093750
8.87466534
2.89160904
12.01497562
6.67675532
2.29004155
20.76496565
10.61394060
24.48632812
24.03125000
17.69531250
2.77734375
9.51562500
1.25683594
15.82454344
0.99690174
2.84505873
30.13476562
7.84504876
1.35840093
18.98339595
5.73307624
1.90625000
16.60579344
3.91796875
8.70312500
9.36425532
11.16341312
3.11653812
13.32877438
0.43099124
16.35221188
4.30077128
0.88021996
14.56217282
11.62923094
0.68847905
17.98030142
8.71044548
10.77214372
6.87500000
7.37500000
1.44238281
8.58325133
0.45629945
2.19140625
30.26806516
1.57373171
3.29492188
10.98437500
3.01562500
2.77539062
21.02180907
13.20670656
8.84375000
0.90315672
17.57796141
5.85481937
14.91048094
11.28304078
5.19741800
2.22234153
7.31640625
4.19173094
2.68035904
0.12945541
6.16585328
1.55013062
15.04687500
6.07421875
12.58658688
6.11002438
3.36198249
3.02343750
8.34602532
6.17057624
7.85546875
11.68261719
15.67610594
12.21451906
8.82454344
4.48405031
17.29296875
20.69855940
15.45769060
4.37532469
2.38834718
5.79719969
7.99722518
0.71241107
13.42707004
3.40528590
5.53873781
4.64941157
11.22233156
8.92000492
6.96484375
14.98828125
15.05468750
9.27408688
6.72200687
29.59049313
0.18033688
5.81185062
17.63167110
0.34782109
1.37988281
19.41796875
4.70703125
7.32812500
16.30012190
5.16081560
9.51106439
8.47949468
5.83951906
3.38476562
9.44531250
18.85221188
14.04508547
3.85123781
18.46804810
4.98437500
4.83984375
14.07454344
8.20149158
7.44271498
13.36360594
2.73600343
14.46262455
0.06958008
1.64941406
9.37141844
7.81608156
19.30501219
18.77408688
16.99048101
3.63281250
9.49551246
12.36329122
7.46842531
11.95312500
18.77766844
8.43750000
12.05192140
1.27115968
4.74152317
1.29753933
9.67968750
0.40161133
7.10284132
3.36981493
24.93782469
13.45735594
10.18685062
1.31542969
8.08137190
2.99479997
9.81250000
7.81640625
12.20442376
2.55338874
1.07812500
6.24836907
5.82291999
3.59179688
12.25064938
10.40201906
10.97721188
6.27701906
11.78060062
16.01562500
4.46093750
11.80956782
4.29590093
12.35090814
2.98112311
3.06835938
11.14062500
3.59212157
1.40983156
9.88411126
1.58073249
1.17382812
15.67122313
11.07454344
0.28816898
11.43750000
10.43521720
11.44889406
10.21500236
13.37972296
15.26383422
11.17773936
0.73681641
24.68684813
13.50194814
6.48210217
1.88183594
3.47460938
10.98437500
2.23046875
19.57519282
6.50895390
0.75862672
17.64318817
0.06915314
1.83593750
16.00520501
50.25781250
3.74870124
10.38964096
6.82910904
2.53710938
15.19302970
9.65657967
2.50585938
9.66406250
2.48437500
9.26627438
2.63802249
13.49283688
3.83919437
0.34130859
20.02734375
7.99771720
16.72103280
6.46093501
3.14746343
11.58593750
0.62695312
6.10025377
3.80208998
8.25781250
2.39680907
14.32389406
11.84375000
12.45312500
18.85207030
5.92277039
2.55932679
11.62303192
18.21875000
7.52540558
1.03417969
15.43750000
2.00911126
1.98730718
17.89876219
3.80599124
25.04573235
14.14713874
7.63671875
4.17968750
1.29882812
2.90363503
4.59734153
19.61034907
11.21289062
2.69043218
8.34798094
6.36360594
1.50228031
1.72460938
11.71125222
1.63672872
7.91080563
3.73339595
20.10742686
11.84798094
2.32975343
7.85579344
0.39762453
4.96875000
16.37466534
4.56674091
14.16894282
3.34277593
10.85221188
4.35091312
1.11816406
29.35351562
6.95531728
3.24023936
11.87141844
6.30468750
13.00781250
4.54264406
19.17440796
7.81574690
4.61426529
30.91406250
12.65494626
1.89746343
10.52343750
0.28784180
1.32193346
2.56966810
11.81867908
0.64421154
6.93652095
6.66308843
17.62565063
0.32405640
4.54882812
0.51009032
8.16292359
7.28645875
2.64257314
3.41439217
4.65200909
4.30860372
5.36328125
3.73079344
4.00748781
1.44433594
1.18457031
14.12433816
2.95281028
28.70312500
1.22753906
16.04133533
0.62663342
8.72656250
8.17643063
3.99544437
4.76562500
10.36002438
6.97591312
7.27734375
8.14062500
0.11114502
5.42923981
3.63716644
6.57006220
0.13135382
4.21484375
12.34048316
16.96745124
8.56021720
3.11231715
15.04687500
8.57258533
7.61100842
14.42666560
3.30306405
6.82063719
1.25000000
9.04882314
1.21745373
13.84178192
0.89063995
5.14843750
3.55078125
19.20534941
6.45995845
6.14323249
2.61914062
0.88769531
13.34472407
13.02547429
5.50089539
7.14290282
7.99576906
8.57812500
2.26171875
15.69042221
4.05599623
15.90006593
3.48046875
5.39127438
2.45052249
1.79394531
5.98437500
14.19596188
2.84114749
5.17578125
2.02343750
6.09049313
10.45247562
6.65657469
8.44889406
17.69826170
2.86490968
14.00033569
1.96972656
17.29394282
4.90136968
8.24218750
0.31762695
1.03515625
4.58593750
7.82031250
6.23793662
14.73862588
3.57617188
19.85480940
9.81754890
2.02409186
3.88997562
1.27913079
25.82542434
6.67968750
10.61360594
2.07031250
23.41210439
5.65788342
3.51367188
8.87759752
10.92448249
2.69401374
7.28189938
4.59700687
10.21516844
5.79394282
2.18815436
20.74836658
12.87247057
4.12403590
12.17610594
8.22233156
14.60147697
4.01790780
7.30859375
1.70800781
4.80175532
2.68457280
8.96875000
2.99804688
15.64485594
2.06233765
1.46370484
6.06320659
0.08413228
0.78613281
12.23242188
8.32812500
2.21679688
5.55468750
2.07576103
0.28947335
9.88704344
10.48632314
5.04979223
6.09441932
1.16894531
6.58203125
5.06020723
14.52908222
7.71224124
10.87858156
2.41504155
8.46337891
1.99609375
5.64518063
9.06233267
4.08968639
2.65461409
22.08915872
4.69336436
3.91601562
9.24218750
18.66796875
7.94563719
4.56085661
11.18881870
12.58691406
12.48535156
16.29198970
5.88183843
10.07942376
2.87597905
1.94303468
6.38671875
3.90055297
7.46663453
2.19726562
0.13635254
6.47753657
4.29590093
14.86750222
11.97331560
5.48340093
7.03905253
5.29688497
4.73046875
7.81640625
16.32942376
2.44987062
4.75683843
7.34375000
2.74218750
5.33007812
2.18391844
4.55436281
4.72265625
8.05956782
1.18359624
11.77473626
2.90885749
5.31799316
4.19531250
8.50976064
5.55664561
6.38313719
4.30924313
4.22558843
5.88281250
22.55498228
10.59540834
4.84765625
4.10546875
16.21093252
6.58822030
13.44531250
6.73405031
0.77441406
1.84667969
14.13167110
0.71793827
7.60188719
14.31510500
5.14843750
1.74121094
4.07421875
13.01757314
12.84961436
2.65625000
7.56542470
9.22721188
5.46615248
0.19140625
2.78743407
9.50488032
5.89355718
6.52554300
2.03467918
8.28906250
0.12976074
25.83593750
2.56184564
4.05729499
0.54833984
10.49706782
10.36701020
4.12420323
0.95312500
8.56607907
6.98079095
3.88346188
4.07552748
3.94986813
5.81608156
0.71793703
16.92578125
0.60449219
2.61114833
9.69915191
5.62695562
12.95312500
20.05305408
1.78288342
5.19921875
15.02342753
6.27344747
9.39782139
8.14363524
5.45638187
1.80436032
3.04069093
1.14680907
4.98014406
4.83561281
3.69075189
1.81120124
9.64485594
17.65592531
5.34805650
7.68294437
3.03515625
12.35026374
6.09700687
1.96777344
2.20279906
7.72054078
9.24218750
15.28565429
8.61971070
13.88312722
5.99577903
12.58918440
7.02572030
13.29346077
0.74397828
12.45312500
7.06020723
16.18954863
6.45996094
14.47363032
1.52767093
10.18878189
3.97754654
0.52067140
8.83673427
6.78435948
8.63671875
7.30468750
3.90331782
4.07324468
8.70312500
7.13281250
7.77634974
4.58693151
3.07617188
19.13346188
8.23372562
2.18000721
4.83757092
6.98046875
7.37695312
3.40754876
4.78433695
3.60156250
0.78417969
1.24023438
6.45019531
7.47736176
31.35320464
4.16796875
2.77211880
4.70053745
10.58837766
0.00732546
0.66943359
1.16149902
6.34863281
6.37890625
7.89908688
8.36263187
13.33203125
6.29882812
7.44531250
2.60742188
11.23274657
19.12682893
6.11897828
11.14062500
7.60318844
4.94466312
10.91274380
1.59702182
4.78515625
3.13281250
11.63507536
4.97039339
10.09016844
5.44108156
8.12760251
6.26106937
13.01692376
5.26823249
15.52929688
9.03548094
2.75748781
6.04931641
2.29134032
5.77076670
6.97021609
1.64827515
2.74088376
3.29427249
9.82031250
3.94531250
6.22265625
18.71158688
9.47786624
10.81379876
-0.03010735
4.00781250
9.80110594
6.98600343
6.19531250
4.51953125
8.51643174
0.55485732
14.40625000
16.04882812
5.42578125
7.23046875
6.28515625
12.58755098
5.90463652
3.00585938
8.11575582
4.05306405
3.47623781
1.12500000
2.16210938
7.63476562
3.45507812
12.87500000
5.15266844
0.76774172
1.09082031
4.47656250
4.77832031
5.63671875
3.39062500
4.66406250
1.26317377
3.68099623
5.00110956
4.15201906
19.53189938
3.81770999
11.73762938
6.07389406
11.10937500
1.37890625
2.23828125
6.42349845
0.52669686
3.37500000
8.07812500
5.75455563
3.20312500
2.22005374
10.43750000
2.85351562
6.59765625
5.24680463
12.68937667
6.43165558
6.43912594
16.53384752
5.35921764
16.87679078
13.16178468
2.80273438
10.73079344
6.45312500
18.42968750
13.01562500
13.30956782
8.36588874
2.51562500
6.73958001
10.65380984
17.71223626
20.47281860
17.44303967
11.88378657
3.29980718
5.25390625
9.70019282
12.15918218
11.34375000
7.94140625
0.79394531
13.26822252
17.46419935
3.83789062
1.93457031
9.33235594
10.10156250
3.07975343
12.80695036
3.81414339
1.62207031
6.17478724
20.95021276
2.17415282
3.98795656
9.74641844
2.69253893
2.50521498
9.92080263
8.13899158
2.29069592
10.95343972
2.18913840
2.10156250
13.52766844
5.18717531
6.04296875
4.26171875
2.08262416
11.22378768
9.66326822
9.60775155
9.17724734
12.14078236
16.80697030
3.78060062
9.21581782
6.08528812
11.69807984
0.18099000
1.67219969
2.83561281
0.97412109
5.19921875
14.46875000
12.53125000
21.52746935
6.47396498
14.11067625
4.47542110
4.61800421
10.97119016
0.12988406
11.81021720
8.34993905
2.48469969
11.85514406
10.59798094
8.87858156
3.38085938
16.66796626
16.23535405
3.98242188
7.80468750
2.91992188
18.38452148
19.73632314
4.45898936
13.42024407
2.34440436
15.69384766
2.21679688
4.44140625
12.98437500
21.72524380
4.78289339
5.92219969
7.46028812
5.87327957
9.04687500
8.07031250
1.24902344
1.01464345
9.73958499
18.51627936
8.72298094
11.62076906
2.77018063
1.97200687
20.95768063
7.31998781
4.85905031
1.34960938
7.90135971
8.14583998
4.32389406
0.89599609
6.15234375
7.19481051
2.13331449
11.19121898
11.97284352
3.08593750
6.03125000
8.17187500
0.13537598
1.12695312
2.16992188
5.44689941
0.28499266
7.76953125
3.53873781
9.60156250
10.59798094
1.96679688
9.30045656
7.75390625
12.82485816
4.13217309
13.21093750
3.22656250
9.43750000
0.43212641
19.09211658
15.29850842
7.38965093
15.48663786
16.09213652
17.32812500
5.24544437
5.52864251
7.35026374
5.24251219
8.33951906
2.28482159
3.05111591
5.25813719
1.06412843
4.82031250
4.47395003
4.53190935
1.42089844
6.40657469
0.19669679
7.37207031
5.18750000
6.41308594
11.10449219
6.03125000
10.60937500
7.88281250
0.60546875
11.20019282
1.58040531
13.44498781
13.43750000
8.94173094
2.34212157
6.81966312
1.74316406
4.21093750
11.84375000
4.52343750
6.64453125
16.80533688
12.02278812
1.86230469
9.92187500
5.87890625
3.38084193
11.73862089
20.91243656
3.35286624
14.99837157
14.16715578
16.75455563
4.25927859
0.38045289
3.23242188
11.66242908
16.53353280
8.04622562
4.75781250
7.82812500
2.61132812
15.40819814
4.17773936
1.02148438
14.60579344
2.69108156
4.80859375
6.44173094
3.96061281
5.94726064
3.10547373
13.44531250
6.85188719
5.67578125
15.93750000
12.24836658
2.88607435
8.39485594
9.04654034
0.92969747
9.83593750
27.07122465
6.04687500
4.87858156
13.16406250
10.06673094
8.00781250
1.45963625
9.86848626
1.62760749
8.31932846
3.37630873
7.32780031
25.05468750
19.00585938
8.56602727
0.03748836
4.68424313
4.01497562
0.59570312
6.89744349
3.58464871
1.83431405
16.89062500
5.40161133
14.13704344
3.72233156
6.40625000
11.61783688
5.47200687
6.98828125
9.73437500
10.75781250
19.69855940
9.10612810
18.59570312
17.43750000
11.21158688
6.28450687
1.88085938
11.84585659
4.08561281
12.08593750
6.51403739
1.92741467
2.08984375
9.98502438
8.62435062
7.47721188
13.42708499
10.63979282
2.31999778
6.23763187
7.05436281
8.03906250
6.03548094
2.80631593
15.01627438
4.80729001
2.85807624
11.32812500
26.52343750
12.05956782
1.73340093
9.75064938
6.72981937
7.80143063
1.14876468
4.49609375
12.42675781
1.57379004
5.43912843
6.54687500
11.96875000
12.22002882
4.40171431
9.68505984
10.38883422
0.94482422
10.76562500
5.53092531
12.23860594
1.01920656
5.29296875
3.13085938
11.91601064
5.03483156
3.11556405
0.73494321
0.13175601
1.74023438
5.76953125
8.25781250
5.17999724
6.00164339
10.09016844
14.73014406
5.37792969
21.46516844
19.32389406
13.83137190
3.44239029
8.87858156
7.48437500
16.23194387
10.31120124
3.31966312
9.78548094
2.10806876
12.40495124
5.59798094
11.76627687
6.29655031
1.00065187
1.68196532
6.05436281
2.43391844
0.05302004
3.64257812
4.50649879
2.47592309
9.14615719
16.33658688
36.43033688
7.87305186
8.78564453
10.06379876
8.72168218
3.70312500
17.30891844
7.27083001
11.22884530
0.10721926
6.09375000
21.81509752
14.20052748
2.62109375
8.82812500
5.52343750
7.99251219
33.93872408
10.97656250
1.11751219
9.20312500
1.94889406
10.23437500
4.57063719
23.29296875
28.39615968
4.66796875
37.43977283
19.38508782
2.73861591
10.26269282
2.35872064
1.14421154
12.45312500
13.73110816
4.28842309
0.95654297
12.35579344
4.01480704
2.65234873
8.35156250
9.88281250
10.07877438
7.46028812
3.66796875
1.83430907
1.88053468
12.50781250
27.02794647
16.35736172
0.11360843
6.27343750
1.28027344
19.52831782
11.13117908
9.66683732
17.70133422
8.33300532
2.35514655
5.01953125
7.89550532
11.29264406
5.86653812
20.67252438
1.25032718
0.05603409
3.83007812
0.65283203
9.82812500
4.84308567
7.08074246
6.71093750
9.05891844
8.73533910
4.17261739
10.83951906
6.59489140
18.34357270
3.10353058
11.58593750
5.45703125
1.81445312
15.26105940
4.02800310
14.54329344
6.49479250
2.19368407
15.46093750
2.12858156
13.82145016
3.51302249
10.81949704
15.89217289
15.09081782
0.62890874
10.77115470
6.90853280
21.20800532
8.02636968
11.04443359
21.00813719
3.47656250
11.18326906
8.21875000
3.67382812
16.21191157
17.01204344
2.59049811
10.46093750
1.96093750
3.75585938
0.00231361
20.69465814
2.55924811
6.12500000
20.27083250
6.81803468
18.13704344
6.71061281
1.91674805
14.43750000
3.35351562
17.62231196
4.69433843
17.44367908
18.73210217
11.51985594
3.72037843
17.10318595
6.40625249
2.09700687
30.15655475
14.27475620
8.22542733
3.46289062
7.12500000
4.25390625
6.58203125
5.64453125
1.67968750
9.72363032
7.11230718
9.11360594
3.67512689
1.60970467
13.68945063
10.17122562
2.47428468
14.48437500
11.98079344
1.26823000
12.34570312
1.91601562
15.44009752
9.70052748
6.76985594
17.30045656
7.91406250
7.21484375
0.02102661
4.70312500
8.68750000
7.62109375
0.01731873
10.01627438
9.35318844
6.57291999
3.86523438
22.05336880
6.93881870
5.16796875
13.00781250
8.21093750
7.06250000
1.13867188
14.66048094
13.68456782
4.22916999
11.85937500
2.59252930
7.33626219
7.73315492
0.36455791
0.04240437
14.35156250
5.48242188
1.88671875
5.80859375
12.63281250
8.18391844
2.43782469
9.52278812
11.02343750
25.38861704
7.26763296
2.99804688
10.25324690
12.46192154
11.85480940
1.98275653
4.41406250
12.73860594
0.62369875
3.08040282
6.89941157
5.38965093
5.94498781
3.18945312
1.82031250
2.69531250
1.34594664
2.64917054
14.01204344
0.72428468
7.17578125
3.15039062
25.22316405
5.22265625
13.51139406
2.08984375
12.38541002
2.41406748
12.69889406
0.34562258
9.68391844
4.89030031
3.01562500
8.17968750
0.09680176
11.31314938
0.78890140
1.44888658
6.15365248
5.62759752
5.32552748
4.12109375
4.37174313
9.70312500
4.38802249
7.57421875
16.37141844
2.91373781
12.25032469
1.61588625
14.42056627
13.21745124
3.49870124
12.64062500
6.45235691
0.89908352
10.21093750
2.05664062
19.22363032
6.00683843
2.23632812
9.24218750
5.34210661
3.73992464
0.98144531
1.49609375
5.44706051
12.30045656
8.74186281
17.92871094
3.10742188
8.08414672
7.62019836
5.01049867
10.22656250
3.00000000
4.53515625
14.42968750
0.16149902
1.42512938
11.14420656
6.28125000
23.26367188
3.23665282
7.06774933
0.27396699
0.56428953
8.00358156
11.71939938
0.54085453
0.74658203
14.58430408
19.80761968
0.58609486
7.95532512
5.54687500
5.72656250
1.88769531
15.16080563
4.30078125
1.53613281
13.68391844
1.60226943
5.85637779
6.54526152
2.02539062
4.16406250
0.67423336
6.02278812
0.61376953
2.94238281
0.98388672
3.94140625
3.51855220
0.50293218
3.99023438
0.04571533
0.53271484
2.52343750
6.00781250
2.58040032
12.02150654
0.13368884
3.36751219
0.78824953
3.87500000
13.65722656
6.73828125
15.56705065
3.70052748
4.30501219
5.05045656
1.62988281
9.97298094
0.59537843
0.17451903
0.27335695
1.44433594
2.04882812
1.68652344
5.73502438
3.30013187
0.03582764
0.06929504
0.12935363
5.81038453
5.58203125
5.14615470
11.29134530
6.38476562
8.85156250
10.81250000
5.58593750
4.85156250
8.11718750
9.03254876
2.46484375
12.21793952
0.44384766
5.08203125
12.27766844
8.73860594
7.94466312
2.44421387
7.60156250
8.38281250
0.39916992
3.46321532
6.86425532
3.69043218
3.64030031
3.03954954
1.03944010
4.89684044
5.18359375
8.69173094
4.86686281
13.03250019
12.67033023
0.34586609
12.62726286
4.24773714
1.11710446
2.35319093
0.40787843
4.08235594
7.91764406
0.78271484
1.06233641
5.11328125
1.73990968
0.36254883
8.19075189
7.35416999
2.50781250
13.89233398
1.39157104
2.06998532
10.82389406
4.79459718
9.79687500
6.27734375
11.86718750
26.37215086
18.93995476
15.37011470
4.00260749
4.87109375
3.80468750
15.52148438
0.53515625
0.65982907
12.57812500
9.05793689
2.32389904
8.60219288
5.56575687
17.20832004
10.02605496
3.60188719
4.41373781
6.74609375
1.80061517
12.09062019
0.96777344
8.33320757
13.21256593
4.26236813
6.24544437
2.42909748
5.24790447
2.50781250
20.37500000
9.67252438
1.91796875
3.56185062
5.27734375
4.94921875
2.17578125
4.62890625
1.87402344
1.75398431
6.47526374
14.89127438
1.71061281
8.46451906
2.14453125
9.21093750
6.76383422
3.91390015
5.52164672
0.20686890
8.23404034
3.06729976
6.79687500
2.70247064
14.23258547
4.20573000
7.85514406
2.22460688
4.79220691
6.69531250
7.60156250
0.44124266
1.20475343
31.33007314
1.26660655
5.03710938
4.81250000
0.53515625
9.52343750
3.28548094
7.52311281
4.53125000
1.46028563
1.30745484
0.33854125
0.59733156
3.00195312
3.48046875
2.05859375
15.80468750
3.57291501
4.59439938
9.81314938
6.86556405
14.16829344
6.52701906
13.64843750
15.94108156
6.30078125
6.11360594
2.49967531
5.96875000
5.08081407
2.28874279
4.67545656
27.92772939
7.55273936
3.52441406
7.63085439
4.32227061
12.32291002
4.91537123
2.84244626
3.65755374
17.58732055
18.62386109
14.03125000
2.46008301
4.10937500
3.96093750
0.35099118
2.85447723
4.36850620
7.12206782
9.51269282
3.68555186
4.42968750
18.80533688
1.22005374
34.46353502
3.44662123
2.44134903
2.86663834
2.92970245
3.57552249
3.18099124
9.08723626
3.96354499
13.57889739
0.23116121
2.48681641
9.69173094
5.37675589
5.27721630
4.12241452
12.73437500
4.06966312
2.00976562
7.90055297
32.61539672
3.77506593
8.37923094
4.68294188
13.15560062
1.08593002
6.41504654
2.07031250
4.10610816
8.55014184
2.22070312
4.14453125
1.47363281
0.85009766
5.36946033
14.82975842
2.08821532
5.84160761
3.46289062
4.00423094
3.80239972
6.09766622
5.09765625
11.25585938
8.30110594
10.68750000
4.24186281
8.00699579
0.58333624
7.32031250
11.53125000
3.57779533
3.34537843
3.81770999
5.61328125
18.43072898
10.62141844
7.34733156
16.86783688
3.52148438
6.84733156
2.70280031
15.88411126
5.76041999
5.59765625
10.28677970
4.50683843
7.88997562
4.25390625
0.53027344
20.77343750
4.83984375
5.10156250
7.74218750
2.14078610
6.79231937
10.20898438
7.12890625
5.98079344
6.62076906
12.25813719
3.69465315
8.19076435
5.03125000
6.85937500
9.50195312
3.63476562
32.69954344
0.90755250
6.04085328
0.88330078
1.38769531
9.29766180
5.95233820
2.90481567
21.89631331
7.77019060
7.54833984
32.49414062
11.57096188
3.23567874
11.24218750
2.42317127
5.59538342
1.95703125
11.38704344
1.80737055
5.72526374
8.18750000
9.00423094
7.73076681
5.92187500
9.51953125
2.35937500
1.85090814
6.28385749
5.37500000
4.70735594
4.71451906
8.40625000
3.59504876
2.36002936
2.54654782
3.88248781
6.46451906
0.96386719
1.83007812
3.48209220
4.97168218
10.96810062
1.51855469
6.32226562
16.79296875
8.35937500
5.71875000
0.23181152
0.31347656
0.66064453
3.24414062
2.16601562
3.99510971
8.59115248
6.67740470
0.78613780
8.09926973
6.70151152
0.45410156
0.70214844
7.12890625
2.96548815
9.05257826
3.40104001
5.16796875
2.83430907
3.34147218
5.24638939
6.53841312
6.22656250
7.14062500
1.90527344
2.62857658
1.62728280
4.48176751
6.06835938
1.77767093
4.00716312
4.68750000
5.03157469
1.32096437
12.84016844
14.13281250
22.20865968
5.10937500
7.68750000
8.49641844
12.00488032
2.79166999
18.34179688
3.01171875
6.90234375
1.64941406
1.46289062
0.01348114
3.91210938
3.42895009
9.38086436
2.69140625
7.37532469
4.28092531
13.68098626
4.56901374
4.20312500
1.35318097
1.52377216
8.23437500
15.20377438
16.97233156
4.49576906
7.25781250
7.17252438
16.19083742
7.78092531
3.21711160
2.47624778
2.72786126
4.88541999
7.75390625
2.85872064
4.29557624
6.49836658
5.60148694
15.70312500
3.37304688
2.06640625
7.02441406
5.39062500
12.11105347
7.66926751
8.64713874
4.04622064
8.81120124
13.29687500
1.67480469
6.27343750
6.71875000
8.91699219
4.91015625
3.23437500
0.94189453
5.71875000
3.63867188
7.82844969
7.17707752
10.16390514
0.65918093
6.41406250
3.86848626
5.28385749
3.09145225
1.86557900
13.27994626
6.55794437
2.07617188
4.18359375
2.34960938
5.72957336
0.04276551
2.34699939
3.57975842
6.69693595
8.78157967
5.37206782
1.49218999
31.81053192
6.02931183
2.47460938
0.57169430
18.08538818
20.44531250
2.31250000
22.46369238
11.74724512
4.71875000
11.12064606
0.01686615
17.25471299
8.98356826
20.10156250
11.76383422
1.44408806
5.95670656
7.60840093
5.76920656
24.56802970
14.49088874
6.90983156
15.33294678
3.89453125
7.42578125
3.27376219
3.08756593
12.79459220
3.18392342
10.92968750
8.28727172
1.95003297
5.29036126
9.20963874
16.82096188
5.23795656
5.33561281
9.41829344
17.69108156
6.43455785
2.44239527
3.31118130
1.23959995
4.46801758
3.14453125
12.40625000
6.93750000
9.84375000
8.07031250
6.13313719
2.63639406
1.75683594
10.66666002
4.19092420
2.18538453
9.83967767
7.20963874
12.72717285
11.85546875
8.16406250
2.32421875
1.92773438
0.88330078
10.25031721
4.63379654
16.47623781
2.96484375
10.06314938
15.57421875
2.66145999
5.71972132
12.38376237
8.98470966
3.82356937
6.44140625
2.58593750
6.14973626
2.50846686
4.65625000
19.93293440
5.36003435
6.22656250
10.66406250
1.07812500
4.55859375
10.09604733
1.45149906
3.99609375
12.41144504
3.17449246
19.19409180
2.91015625
8.67187500
9.37500000
4.78125000
3.03743407
11.75822874
2.87044437
1.30664062
11.72492908
1.71452404
8.55487912
12.10187722
4.09278590
0.34399414
18.98740196
4.40722158
6.44727061
14.87500000
7.48469969
17.39217039
6.96028812
23.53710439
7.75142582
4.78287345
8.79004654
12.16292609
6.67740470
3.64193373
0.87988281
28.45019282
30.03060062
14.30680297
7.62565063
2.12483890
21.10449219
23.78319814
12.06901374
1.38248781
6.48795656
7.18878879
4.12371121
3.66406250
7.95929411
9.66961214
17.48925532
4.25813719
7.01497562
16.04622562
5.96093750
10.45312500
14.41471188
17.00715564
7.06739029
6.87500000
7.03157469
13.77473626
3.39486092
9.98188958
2.56120124
20.01367188
13.47656250
2.03710938
4.40657469
8.05045656
2.19140625
10.00407337
8.45594949
3.90950687
22.97542235
0.62565187
15.01155267
2.39323249
16.63443214
3.83431405
4.21875000
4.50813719
36.10905031
11.76887689
7.20182624
12.25911126
8.27213874
9.65038564
2.39290780
7.07421875
7.03157469
14.50602172
15.63037234
3.34147218
1.70214844
9.43750000
7.96321033
2.33366467
19.79654034
5.24284685
10.76139406
11.67610594
3.07194093
0.38964844
3.71077142
37.65104499
16.08477616
3.01288009
1.98697501
12.91015874
3.10872562
0.71630859
8.33104721
1.54037123
9.25944093
3.55664062
1.19433594
9.70768063
15.41927249
3.29492188
7.68293440
11.39128435
3.00000000
33.15429688
9.21093750
14.74283688
1.84895999
0.47998047
13.36521942
2.77540558
13.77693602
3.96158688
9.20474097
13.37826684
1.63476812
5.92187500
0.33040282
8.13735816
6.48731715
5.80468750
2.36149994
5.54427748
3.61295656
22.46524899
7.48014406
2.09537843
13.07388086
5.88802748
1.18945312
5.99087877
1.18197279
15.18033688
13.25130374
15.57730954
3.44661624
8.00194814
2.07031748
9.20507812
2.59993407
3.12272218
10.72298094
2.82255097
0.09594758
23.29509735
3.60546377
18.01270030
7.13281250
3.90266844
1.55436281
7.81070922
0.23714234
5.21191157
3.64941655
11.74218750
7.46710661
8.45509308
5.46842531
5.29502575
8.67187500
4.88117410
4.51856715
4.93782469
14.71988517
13.02050532
5.38770279
18.22786375
12.58398438
0.40055422
10.44531250
0.06262207
11.12923094
9.25358156
0.08099365
9.08040032
29.88249030
4.62759752
20.89615470
12.10124778
2.70572751
18.63606937
32.92219969
7.85774657
7.43294437
11.39843750
2.83789062
2.24414062
0.42504634
10.56445562
4.56705563
1.18099124
12.00423094
10.02701906
3.52148438
6.05110594
0.05765871
6.42923981
8.58736176
4.96484375
1.08007812
21.99641844
9.98923060
9.16764406
2.86360594
10.61604984
3.28515625
0.20874023
12.34016844
5.79264406
15.99283688
29.16503657
3.20962877
2.34148215
1.27148438
9.48502438
7.25943595
1.38835217
15.34326172
12.58628368
7.65234375
5.29296875
12.95072262
0.25325687
4.70409907
3.98340093
0.71337891
10.10742188
5.41406250
7.90657469
16.84989929
25.05891844
8.17122562
4.30859375
3.83007812
7.70930408
6.08740484
5.65918218
2.55078125
13.63639406
15.32096188
4.19466312
16.13964096
7.53353280
2.56901374
4.98046875
10.33203125
4.62500000
9.78548094
1.88834718
8.05208001
13.64843750
4.60026374
10.13150876
36.96875000
3.00716312
14.04687500
6.82258782
3.93229499
9.91829344
4.32421875
6.30436281
0.98144531
16.80273438
4.12923094
10.88956202
11.61849124
8.82747562
7.24316157
11.43261968
6.05078125
0.51953125
1.84798094
0.81315187
5.50390625
2.47070312
22.82649158
19.61491467
4.93750000
5.33984375
11.93164062
8.69531250
8.14062500
2.14843750
8.81086658
4.75163342
3.56640625
17.70572252
21.38053967
11.92218972
4.13998559
1.84960938
1.60758422
0.05940797
6.04426751
7.50651374
5.94921875
5.38882425
3.31853169
4.33203125
5.81608156
5.28515625
0.99739376
2.55778202
1.39648438
9.68977532
14.35188719
6.10384530
2.11131816
1.91602559
7.34570312
10.33235594
2.35514406
8.71841534
0.89779560
38.48828125
9.09570312
2.97851562
4.73828125
9.85156250
0.67244134
14.01627936
7.75585938
4.52343750
7.75390625
17.26594969
13.62500000
5.79264406
21.55645834
6.50604166
4.42578125
10.19204566
1.68881371
1.93261719
8.97070312
6.32909907
4.39746343
8.40625000
2.55664062
10.28319814
2.28711436
18.83560284
11.71127216
11.99901596
13.20767565
10.38901152
2.78727172
3.28986426
2.99903590
3.04687500
11.11718750
3.51561503
3.14844747
13.09375000
7.77994626
3.19498781
3.66959718
3.07617188
4.70735594
3.56803468
8.23860594
22.78982544
9.18278078
4.99218750
2.96484375
12.67968750
3.79882812
7.51204344
11.21093750
19.20961880
8.54526152
4.93229499
0.04658626
1.19173219
8.71875000
7.38671875
51.68456782
2.74511968
8.35937500
2.07049561
3.50585938
11.10937500
4.44173094
14.28906250
0.90787843
7.17968750
3.58430907
14.83854250
12.08625222
3.05437278
2.50585938
21.76331836
1.25423592
2.08593750
12.61893676
2.52353839
8.20249556
15.16730940
6.38444592
20.16437971
4.10124778
5.06250000
1.62695312
7.39843750
21.10449219
12.05049559
2.77831284
6.24317154
2.71451906
22.07306863
6.27702903
15.27343750
3.27819824
2.14843750
18.96126219
9.16764406
0.76269531
3.05078125
14.19726562
15.76041002
33.07015514
5.54825805
5.20312500
3.67708499
4.33593750
16.11132812
11.60579344
16.45084718
10.14453125
3.86328125
4.69173094
15.79329344
4.08919437
5.71126219
1.23405031
2.37532469
0.13492922
5.73078347
17.22461436
7.01432624
6.01855718
0.41357422
19.65266844
15.23286614
9.08463874
11.62076906
8.68521559
2.61198747
7.79296875
12.07844969
6.87662345
15.74160165
3.68033439
6.59375000
5.20508311
5.42382812
30.58984375
8.40625000
3.21508789
16.94954344
10.21093750
3.11295656
3.50617908
7.94792248
1.68750000
13.09375000
2.61594437
2.19435837
0.19323730
0.69067134
5.02831782
6.98354361
10.71093750
7.00455563
10.73795656
1.25959954
5.79525155
45.10025876
10.71004398
3.36718252
3.91674335
9.37370124
8.30273438
6.52734375
3.97656250
15.41536126
10.91341312
10.82389406
3.75358156
11.76985594
13.15201906
13.31314938
2.71419437
14.41406250
7.80989251
7.13997562
1.52767093
1.98046875
11.12336658
7.13477061
16.36295656
3.76236315
2.55013685
28.80891844
3.08561281
0.12054443
2.47525876
7.42903812
1.90950189
4.14713874
14.28396445
11.40103502
12.24968528
4.65510735
4.75260749
3.91748047
5.54687500
9.49641844
4.53483156
0.21911621
3.78710938
10.52343750
11.68814938
0.55745609
2.60351562
10.83504211
0.05265320
17.50292221
10.33366467
5.06217531
5.46061281
3.94759032
2.72819093
2.59570312
3.51049805
34.87890625
5.58593750
2.94449828
2.83911008
2.99576906
7.74316157
1.50456061
47.58007812
9.51855469
8.78125000
4.05729001
6.94466312
1.81152344
2.15429688
11.12141844
3.45540282
6.61686281
5.62467531
4.99625158
9.86718750
3.27343750
1.10546875
7.28125000
3.23242188
0.44848633
14.67219969
13.51725343
3.36523438
16.27766844
1.41862062
11.76985594
5.37076906
3.92578125
2.80924313
0.11271055
7.56307070
20.56673094
1.68229250
0.69775391
9.75911126
13.07291999
8.52343750
11.73730220
5.03418218
0.02803040
3.69921875
12.77343750
11.55468750
11.11262190
2.59831560
16.25000000
5.64876219
4.27311281
8.92610594
0.25211672
17.95182126
17.49186281
12.44108156
0.14648438
10.35156250
6.41666251
3.58822030
8.19954344
1.28417969
7.17968750
10.21125222
13.80014184
4.08626219
8.02701906
5.34375000
0.56404290
2.42838874
6.98828125
15.73860594
12.90193602
4.40169437
11.71754881
1.14762204
7.35546875
10.09489140
0.72981812
1.98788548
7.52213376
3.22981937
3.13085938
3.80468750
5.15136719
7.01171875
0.82421875
0.69238281
2.10384032
7.73559072
4.63477061
0.55924562
5.98046875
12.90104001
16.53579566
1.23503933
14.66617797
0.26399781
11.65266844
5.36067376
0.90657967
10.33593750
3.75878906
5.35579344
3.01530031
2.51171875
11.37125610
0.17683961
13.98896159
4.77311281
2.72200687
9.78125000
2.69335938
2.07323970
7.17871343
1.23535156
4.49609375
5.19921875
4.60579344
2.03890015
18.90640427
4.74609375
13.84375000
3.22476674
0.24984264
8.69921875
5.31282469
5.59733156
8.41406250
1.46777344
13.05468750
4.61328125
14.40242181
9.66341312
2.07161624
2.63476562
12.15250485
2.65787843
7.37858156
0.10058594
2.59781735
8.07389406
3.43131593
6.30566406
11.60579344
6.25423094
2.86279421
1.84261109
7.76138409
8.27377216
2.36914062
2.73242188
8.71093750
7.90625000
9.91372784
1.47103778
13.98111813
15.71451906
5.84342531
6.00781250
10.26204344
9.76920656
0.21679688
6.34049313
3.45833499
14.56250000
5.07031250
10.74641844
11.49586912
16.51920656
18.32812500
8.49576906
17.89062500
7.68750000
4.77734375
1.36035156
11.78189938
5.48763187
6.39094969
4.75358156
1.63574219
6.14876219
6.92610594
7.92122562
4.88411126
6.75504765
2.75048953
12.71289062
0.64404297
2.93945312
9.05012439
3.00032967
5.78841312
2.70898438
0.75585938
2.05028051
1.58887965
6.69531250
5.01985594
1.57519531
2.85709718
10.70507563
3.61230718
11.71875000
20.37988032
14.10937500
2.99739749
5.74186281
7.02734375
1.68359375
15.44238032
7.03873781
5.04622562
8.18391844
3.90592531
2.97070312
10.29361813
7.31998781
2.90592531
24.55078125
21.95751330
3.92985483
10.58528812
3.67805907
12.58170656
3.11449697
4.80306405
1.49381593
1.42968750
7.46875000
16.91113032
7.78239140
24.16371383
14.12175310
8.53125000
15.24218750
5.91048094
3.62727532
4.33516854
3.65494626
2.48177249
1.42675781
11.42348848
0.98276152
10.58039783
9.01367686
16.32389157
3.68652593
13.11718750
0.82649657
12.35188719
5.26318484
3.96618683
0.21797699
3.75390625
11.48762190
3.04362810
1.46972656
5.41861813
5.54622562
14.10156250
15.68879876
15.02701906
5.30013187
0.46704102
1.81705812
3.48079344
1.65494875
10.99218750
10.99820922
1.09554078
2.08984375
17.62695312
1.99902344
3.24804688
13.85156250
0.93359375
1.59375000
5.33984375
7.61328125
8.71093750
10.01367188
14.69822474
4.07521276
19.66666501
2.96224124
17.12988032
1.39941655
13.57714844
9.78808594
5.39453125
9.55468750
6.93750000
1.65234375
8.93456782
7.68945562
2.47460938
14.76204344
20.13281250
3.27929688
7.69889406
0.69238281
10.17610594
8.14062500
1.43830549
5.68295185
5.58626219
5.76953125
12.48079344
2.77083001
10.22461436
2.51366689
8.99805186
12.02668440
3.02604997
6.17187500
3.13573471
8.74317154
1.83984375
2.94953596
5.69597185
12.69173094
13.37076906
1.76855469
9.18391844
3.04850343
5.50488032
18.25293218
12.30468750
11.38281250
3.89648438
6.78515625
5.68359375
4.59537345
3.78776374
12.95084220
6.10807624
9.17122562
9.13704344
4.94498781
4.05078125
14.28906250
9.48209220
11.62173316
2.37696808
6.40234375
4.50000000
2.41877674
4.76367686
6.19498781
10.89811281
5.34765625
24.74255371
2.17773438
10.68814938
13.56966312
2.85546875
23.04443359
7.95703125
4.60546875
2.51562500
13.71378103
0.65828928
22.87921100
19.18815935
4.48796653
6.58170656
14.60937500
0.19429566
17.49592642
5.56055186
3.07226562
4.09341534
1.50814716
3.88476562
7.23144282
3.10840093
2.33398438
5.67024407
12.41699468
1.24088625
10.10156250
6.93110668
14.39519060
2.36132812
8.87141844
4.44498781
9.50781250
0.36572266
22.37004075
4.57291999
10.85156250
0.07714844
1.86914062
9.55598626
8.84081782
4.09538342
0.85302734
7.08235594
7.56412345
8.84871897
0.03397644
12.34114251
13.40454351
3.00358156
9.87500000
1.82910156
16.26204344
5.46223626
3.18782967
9.22656250
2.55664062
0.02127075
1.38769531
12.56673094
5.21092753
11.33819453
2.94892232
9.53418218
3.19889406
2.01953125
1.97558594
15.91796875
13.51692376
1.18522468
1.20410156
13.92903314
9.60644282
3.68132092
8.71875000
6.38411126
8.39713874
11.88281250
2.27962157
2.04655031
1.41927000
3.35514406
2.30273438
11.08235594
1.68912843
17.88264465
12.02343750
12.26562500
0.50927734
3.76367188
1.93196532
3.24868379
4.23243683
9.03125000
11.30468750
7.20377438
0.70296390
7.62532469
11.79654034
3.47266622
9.14485594
6.55499225
14.73765181
12.55175781
9.93017080
6.01367686
6.78027344
3.56445312
10.14843750
8.68750000
17.32942376
11.63151374
1.69628906
10.48591977
0.16544742
9.28742908
2.86491467
20.70246565
3.50260998
10.39843750
6.70215093
6.13671875
11.96093750
4.02929189
3.10547373
15.72656250
9.65266844
3.82584718
11.18944814
3.00977061
7.80110594
9.81054438
10.98730718
0.70719484
9.88182846
9.03223404
18.63902136
12.90625000
9.48795656
5.66926751
4.30729499
14.49120346
0.96387466
8.29589345
0.42830009
10.65763741
5.22070312
18.59741211
2.40234375
16.55891844
9.87076906
22.54736328
19.98437500
23.22070312
19.07812500
14.84146720
3.92415780
8.96915649
11.53255001
12.78418218
8.65039062
4.04296875
12.41829344
5.12923094
2.23958499
4.18684065
7.57308732
1.17464234
4.62206782
8.28060062
13.41373781
10.91113032
2.54427249
9.24674562
2.16601562
8.65266844
0.20524172
12.15396969
5.51888187
14.71776596
2.31153091
4.00390625
6.18847407
1.55371343
11.46483378
4.08985372
1.21289062
9.76952128
7.45507314
2.36329620
3.94531250
1.79774651
14.54980718
6.59765625
18.53483156
4.47656250
8.21939938
5.24251468
12.25350952
11.07031250
6.16959220
9.81120124
1.99186032
12.52259694
2.20703125
12.64615470
17.58162850
10.49966783
12.49740248
11.39963225
5.68295683
5.80045656
2.99186281
4.07812500
11.01806641
1.73144531
2.46093750
5.11751219
2.86100343
1.38020750
10.09554078
3.32405640
7.79296875
6.32812500
4.53613281
7.23079344
11.44710328
12.43668329
2.47526374
5.68033688
2.74544437
11.72656250
2.03906250
2.55859375
11.86783688
1.48177249
6.64843252
3.58789561
6.68424313
2.29817874
10.02343750
7.94140625
4.12174313
2.79036624
10.35579344
4.18326906
5.71972407
5.78027593
3.46093750
6.92219969
13.03776125
7.99251219
14.96581782
7.79199468
3.83561281
14.13411126
9.47526374
5.43359375
9.89843750
6.55793939
3.76041999
6.14159907
0.50000249
2.78906250
13.14550532
11.27343750
5.56933843
8.12500000
5.46516844
7.10123781
9.18391844
8.68929078
0.59944703
0.53759766
4.04296875
13.04394282
8.72427970
1.12728529
4.77766844
1.54125727
7.50260749
8.38614805
0.16414492
1.92431641
3.34960938
11.97298094
11.23014406
15.52945922
0.50276734
18.75185057
2.80631593
14.93001219
15.66276125
12.85351562
0.97254562
3.14648438
10.38281250
13.00130125
4.96964539
5.78393617
4.82844969
1.06315187
2.06054688
10.29882812
1.34141731
1.62207031
10.43391844
8.60335328
1.14046265
2.05078125
8.86360594
2.64567140
8.78547097
5.80046653
16.53515625
1.30175781
0.06088638
6.48046875
14.50915527
7.85709220
6.26790780
8.99816895
6.18033688
9.25716312
3.58789062
9.71093750
15.61783688
14.81542221
5.39486591
8.45312500
16.00439453
8.75000000
14.97656250
2.47265625
10.17968750
12.92675532
1.44661624
3.48600343
8.89062500
6.83203125
1.01660156
3.34179688
1.38671875
0.00335503
3.75976562
13.21875000
5.95735594
0.22037843
4.27636220
8.76009530
10.33300532
1.70963874
8.78125000
5.44531250
0.00370026
5.62500000
12.63085938
1.64843750
7.15266844
0.30778078
4.60546875
3.25195312
9.45312500
2.21484375
0.55696469
0.07255191
1.62011719
7.19140625
2.44726562
1.05761719
16.83446518
10.93913342
3.49739749
8.28125000
8.73437500
8.91894282
0.86328374
13.42788447
5.21419437
1.58934301
1.32683621
2.41210938
9.95637938
3.38712648
2.00000000
6.60457336
0.58634461
11.44954344
6.01171875
22.61222414
12.04817376
15.63380256
3.45785522
0.72265625
5.56250000
3.93554688
7.93001219
0.38224367
8.34016844
2.54655031
7.67578125
0.02456665
1.89648438
13.27489362
15.28760638
4.26171875
8.91048094
5.27701906
2.35969969
4.26920656
12.08593750
8.58593750
0.53466797
8.72656250
12.23046875
7.21875000
8.65266844
11.54604832
0.43214261
8.89453125
1.11132812
5.85937500
8.28906250
5.80468750
8.68164062
3.22298094
1.72753906
11.43558622
0.90197972
1.61035156
7.33593750
0.18350095
0.61425906
13.18750000
8.77017565
3.60287123
19.92008422
15.14664672
14.33756095
6.10775155
2.52701906
2.49023438
7.33870235
0.36295781
5.69921875
8.82812500
13.26985594
10.12858156
7.80468750
10.67187500
0.98681641
3.23665282
6.85123781
2.31795102
12.02612367
5.69921875
14.58561281
9.19661375
1.48112062
0.73766591
0.94564862
1.57193449
0.50244141
15.31282469
5.23014406
15.66829344
7.63639406
1.57910156
10.58072252
1.84896498
14.28059065
3.18848404
16.46451906
13.14127438
6.76106937
6.33626219
2.83202876
11.37370124
3.79752438
8.91341312
14.00781250
6.18782469
2.63248781
7.00390625
4.30175034
4.09896498
6.41373781
11.45735594
13.17935284
7.66569592
2.42415780
12.32812500
2.67089595
0.61865484
2.47460938
6.49641844
2.56274165
5.74902593
18.67642066
4.06153590
4.15625000
3.47460938
5.49609375
27.56087157
8.80891844
3.33333499
13.21093750
7.52376219
14.89647939
2.57194592
8.30891844
0.44498781
2.95117188
7.77115470
8.04736702
1.07893922
5.91861813
6.11586880
5.24285682
7.17968750
0.55029297
12.46337766
0.07592898
8.82893548
12.77343750
1.92448249
3.87500000
7.05664062
1.79882812
3.74218750
17.95271727
10.09016844
13.37076906
7.90234375
2.56608156
3.34407469
11.37500000
3.51692376
6.69230226
4.27604499
15.09765625
3.90625000
10.66471188
10.21875000
0.84700687
0.20626156
9.07747562
16.22265625
8.38281250
0.25471922
7.27734375
18.31250000
12.66666750
13.57031250
0.31933594
5.91861813
1.22786624
1.44433594
8.05890847
7.61508200
1.27034547
13.96548316
5.22689965
0.73046875
8.16406250
0.26399719
0.05527771
14.10156250
14.18619626
5.28092531
7.57226064
11.31478280
7.77278812
16.31933594
4.38281250
1.85253906
9.50423094
13.32550754
4.65234375
0.60971464
5.32031250
2.58438961
6.35872562
7.55078125
9.42252438
0.92903812
11.79752438
14.04622562
4.33593750
9.19954344
6.91861813
22.03808843
2.45312500
12.08398438
8.26822252
13.30990248
8.10579344
1.93554688
11.28483156
1.97558594
18.18521720
8.47558843
6.44108156
2.43522218
18.66046100
3.26955119
11.26920656
4.31705563
6.91341312
15.09228516
10.94311523
5.45312500
3.20930907
5.61071808
0.02506562
10.11914062
14.55468750
3.98242188
13.29882812
12.41048094
10.40266844
3.88802249
1.16145750
10.02343750
10.48014406
0.93603516
4.21516844
10.18212641
3.51432624
9.61360594
9.57733301
12.48453236
0.29232311
4.74316157
0.69092046
15.43846410
6.10841090
1.35546875
11.18619626
2.56770999
17.68164062
4.21126219
1.08658937
4.73371565
1.92253435
6.33984375
1.79492188
3.36230220
12.28239140
1.37483765
8.29752438
3.54231937
12.28450189
7.59245124
16.95117188
2.32421875
1.93847656
13.51383422
0.55208375
2.72265625
6.74609375
5.69042221
12.35949032
7.93002216
1.51562500
4.78515625
0.01965332
12.52343750
12.39843750
6.15234375
4.63053219
2.77701906
3.65397218
7.48860594
7.25748781
15.38671875
2.64290282
17.37629876
8.10839096
6.59913231
1.04573609
12.44627660
3.29981715
4.18750000
11.25781250
2.40039062
5.29329344
0.34318117
12.82812500
5.44531250
7.15234375
8.62500000
0.53759766
0.75585938
7.50260251
4.26497562
10.77164672
0.45784547
1.72460938
14.37923094
3.55891844
0.55631593
11.54882812
6.40201906
10.28125000
4.34375000
7.53971188
1.32454593
8.96875000
5.46093750
4.74218750
4.36328125
8.19238032
7.49707280
10.21158688
4.44075687
1.37926125
2.72860739
8.60514406
5.51953125
8.10668883
0.01672426
0.94726562
12.17740719
7.37825687
7.57812500
1.15960693
2.50976562
17.73079344
3.59733156
0.67431641
7.40331782
9.24511968
13.92187500
3.91992188
7.11360594
3.49381593
5.60546875
0.66308594
10.06704566
1.95639184
14.72623532
4.23372562
6.46630859
16.82812500
20.01204344
5.37500000
2.72623781
7.87109375
10.03026596
6.85123781
13.23600842
16.07812500
0.35668945
8.17968750
2.22819093
0.95898438
7.98469969
11.56673094
5.07421875
4.98795656
7.00390625
4.45312500
15.72623781
9.68554438
11.65527593
7.32454344
6.10514406
0.12426758
6.08137689
11.85872562
11.00748781
0.67138672
7.23795656
9.21093750
6.64876219
10.46223626
1.00716561
13.62109375
6.26171875
2.14843750
8.18814938
8.26497562
1.91894531
10.61490470
2.25765389
8.97851562
5.30110594
5.25748781
9.57226562
6.24609375
9.03742908
17.22266123
4.67936281
9.24804688
6.96093750
2.68750000
7.68113365
3.28761635
14.50423094
0.35074953
13.88280752
3.11719248
8.85156250
3.64648438
15.38671875
10.40625000
11.64232298
1.03641692
0.08850253
8.86181641
4.06640625
20.78515625
24.46841534
14.61117450
5.24218750
1.03515625
10.28125000
0.51855469
2.42236204
12.02245346
10.27685671
4.42285904
14.72216797
7.34375000
29.34667969
4.58593750
3.33593750
4.82812500
10.27343750
17.88346188
9.35872562
15.14062500
9.29687500
12.87451172
5.91015625
11.51562500
12.95312500
0.82356688
6.02522828
0.87141969
12.76769521
7.52148936
5.11328125
16.65266844
7.98079344
7.13606937
4.22656250
2.06803219
5.00585938
14.57096188
8.30338874
10.18570922
1.58186890
8.01562500
7.57421875
0.44628906
0.15141722
6.17155031
6.78906250
12.42187500
1.42480469
9.49901596
8.40495124
4.07650155
2.73828125
19.52058836
16.96777095
8.77995124
18.73046875
14.62141844
1.72916750
13.76562500
8.13197585
1.88364915
10.85847961
8.82120789
1.80078125
3.53125000
13.13117908
2.11686779
4.58593750
14.55294125
5.87825687
4.19531250
13.26562500
4.21939938
1.11458499
12.38411126
14.98014406
6.41308843
20.65625000
16.74763914
7.08040282
6.78092531
14.12076906
4.28219414
6.01953125
1.28808594
0.66357422
7.52734375
15.48437500
5.68750000
12.01562500
8.21776596
1.98731216
2.02766844
0.92350343
8.70311503
7.12110372
3.32226562
10.10089318
1.95607213
10.84407469
