0.36067376
18.54980718
12.75781250
10.24156336
10.24218750
1.88769531
7.46126219
3.32010988
3.70735594
1.67936281
1.07617188
10.23144282
7.87011968
8.63346188
9.83528812
0.28149414
7.32722961
0.03464783
32.31054688
2.72460938
4.70703125
16.30924064
0.49105233
19.59309564
17.73827627
10.94206560
0.28808594
1.70019531
7.06673094
10.84375000
2.61490968
10.12320922
6.56038453
8.55891844
0.42724609
1.96419188
0.48616703
9.80468750
8.75000000
6.22265625
4.33593750
2.25000000
11.71093750
1.22753906
15.29280516
2.11686281
2.88476562
1.34179688
3.29947751
2.12044437
3.78515625
1.79035877
3.34733654
15.32633422
38.14163083
24.78645999
3.18359375
1.21386719
8.99910461
0.07706726
3.72460938
16.34375000
6.93358378
8.65983156
4.83269060
2.35905031
7.06250000
8.14664672
7.94417110
4.59668218
4.32031250
8.25681849
4.27052526
14.10156250
1.93701047
0.04565554
19.14746094
13.88662013
0.51181737
14.46859741
14.66715204
23.35318595
10.23177748
18.94531250
2.92220094
9.01627438
5.28483156
2.52148438
7.27441157
2.02311530
1.76953125
5.60579344
4.14062500
8.99218750
3.12695312
9.67512190
1.88510028
7.67479970
44.05826906
4.79915780
2.95312500
8.71516844
1.89534547
0.32967164
1.68066406
14.52636719
7.21641966
2.64139454
4.39648687
12.93359375
12.28548094
22.82649158
10.42919548
6.15805075
11.38281250
7.71907469
7.43326906
5.08593750
6.24609375
11.96084070
7.25423094
5.34342531
2.29329344
6.96484375
17.50260500
19.41601562
0.10186768
1.53546320
6.21713652
2.61328125
10.18098626
2.47721686
14.30468750
17.31639628
1.02344747
13.74381344
2.64225343
9.96247057
5.80078125
3.64062500
0.37451172
4.27343750
11.33300532
1.18945562
1.67187500
14.50781250
25.88281250
6.86328125
3.74414062
2.57031250
17.64550283
6.24805186
8.41959220
3.68749751
8.90275709
3.02433289
0.38427734
9.60066711
0.37150086
4.19986813
1.84147218
2.14615968
2.74837157
1.25065187
0.98388672
11.46231930
17.45638187
5.21875000
5.45703125
1.63411375
5.37858156
9.79687500
9.40754876
2.53550310
0.01690907
9.73860594
3.20670656
20.13476064
8.48047373
11.98176751
22.45930408
1.77377216
31.86718750
2.56835938
11.49413564
6.52181405
1.27082752
0.44857435
1.85839844
12.81574690
19.16667497
0.28491211
12.29687500
15.52408688
2.30794437
2.20117188
3.61547601
0.01479340
2.56640625
11.39518063
12.27213376
3.97135749
10.90869016
1.86670046
5.80847168
0.54345703
6.15234375
16.00680852
12.58759086
5.02278812
12.03906250
1.71289062
1.77343750
9.84211658
5.38053967
10.15625000
18.71093750
0.90966797
1.33430907
2.58170656
4.61393063
10.21028812
3.93359375
19.49071767
7.66536126
6.91862810
3.58984375
7.70312500
9.11718750
1.51269531
1.67349845
3.63900155
5.81801973
0.31967558
5.53125000
18.86588376
10.31673094
3.23730718
3.23437500
11.69173094
4.49186281
2.65625000
14.03125000
5.98534907
5.87955563
2.82096686
2.86100343
7.72656250
2.50195312
1.09472656
11.80468750
2.03287345
2.78157967
1.83203125
10.93750000
1.99934813
4.20280031
9.70637190
4.37989029
0.82047609
6.80859375
3.64843750
6.55859375
0.41845703
3.23828125
1.25000000
0.05389404
4.88671875
3.11914062
8.14941157
4.02246343
7.04882812
0.35302734
3.53906250
0.35180664
2.60546875
4.14843750
1.14062500
10.45572252
8.24870124
0.16813483
3.25194814
10.51790780
1.26009032
5.01888187
7.01171875
5.40657469
0.60563234
6.97265625
6.90331782
4.33496343
8.41210439
0.34961436
3.83789062
1.33496094
16.59504876
5.05436530
0.97119141
8.76562500
0.06610107
3.39257812
13.64843750
0.52148438
1.42773438
8.00846188
11.77864251
4.53320811
5.06250000
5.32421875
0.74267578
1.89518613
0.86057069
0.38614992
12.19531250
2.52148438
0.70295892
3.14713874
9.33593750
0.67162837
0.63916265
14.35253906
9.53906250
11.55672117
7.09389929
5.26953125
2.10546875
4.29687500
0.04885864
17.11783688
11.77505098
3.24773714
9.50374017
12.06185062
1.35579593
6.11230469
1.91568844
6.64586933
6.67968750
13.07454344
3.83561281
2.50195312
11.64485594
5.06314689
10.51855718
2.82715093
0.43676376
6.72688719
10.64843750
12.17545656
1.46093750
4.62500000
3.23828125
7.11328125
12.16113032
11.19466312
2.58333001
4.65853280
2.76367188
5.71093750
4.14843750
1.75000000
4.20898438
6.87109375
16.27343750
11.56835938
2.98046875
4.75781250
5.38573471
2.45996841
7.84375000
0.68310547
9.01204344
6.18961547
0.79248171
8.14062500
3.83203125
7.65234375
0.18933105
0.05383301
0.08880615
3.28027344
3.85139891
5.62858156
20.04752438
5.92903812
13.56567383
16.77766844
5.99576906
16.23274158
6.43132092
3.11718750
9.67879211
0.33414734
1.30729001
6.92122562
5.05078125
4.75781250
6.78125000
5.11295407
6.09765625
4.23372562
20.16406250
9.00781250
3.46093750
9.89485594
9.02180408
9.20605718
3.19888908
5.19987810
1.74511719
0.54113770
3.01220703
11.66861813
16.69954344
12.45247562
7.08397939
2.83171154
12.46875000
4.47265625
8.49381344
4.46484375
5.94075687
6.86328125
5.90657469
3.13671875
4.63248781
16.48437500
6.52083001
1.06836187
6.69319703
0.03267457
8.11523438
10.33593750
0.32006836
14.39485594
7.00358156
7.10546875
18.45963376
14.84016844
3.51074468
9.23437500
3.44921875
8.31314938
12.06185062
14.43814938
4.55013187
1.43945312
16.78254876
17.50325687
6.51090066
12.27360621
15.57519282
1.58789312
9.53515625
10.62531472
0.36491965
6.96598141
1.82780031
3.12272218
13.58235594
2.63444093
0.65673828
2.99511470
10.49153812
2.00704011
0.00021881
0.98535156
1.69272857
0.78110261
2.56054688
10.32031250
6.35156250
2.54101562
5.09016844
5.49186281
4.03125000
8.65478017
6.87728280
0.92578125
1.46061281
13.07519282
25.67545656
3.43685062
3.45703125
5.90787345
8.66860816
2.02117464
12.34185001
29.92955339
1.91731937
4.31185062
10.78906250
3.11328125
9.00064938
4.25716312
6.54687500
5.48046875
5.66015625
14.07519282
10.84147218
13.92220218
1.08203125
2.76953125
7.53906250
9.26562500
0.39038086
0.01340485
1.24804688
13.33886719
14.52538564
15.68815436
2.18099124
10.82812500
0.03121948
2.94726562
22.08203125
0.80029297
14.83007812
7.28839318
0.18426307
7.97833334
2.31072916
1.28474603
6.47949468
6.92155031
2.19352172
1.59065797
16.81964962
12.70931156
12.73258422
15.03369016
1.75813968
12.10839096
10.10767287
0.28857484
1.68457031
42.26204344
11.95865470
2.22656748
2.11718750
10.92533356
0.09474701
3.57812500
6.68180297
0.29630492
2.69303468
15.94954344
23.62271720
7.11198249
14.71028812
19.31051198
17.85810116
12.63802748
15.06802970
9.55697030
2.91406250
9.19531250
17.98110816
2.84311059
7.76171875
0.74121094
7.93961547
0.20727539
0.70637564
0.95410655
1.57617188
3.24804688
1.48925781
7.90234375
16.72004876
8.05338874
1.04785156
8.11718750
20.18879876
4.19401374
0.72851562
8.15625000
1.10757674
2.07454718
1.98047373
12.73860594
3.20670656
12.01334220
12.60205452
0.81526734
9.10416002
7.48958998
2.10937500
14.65396720
1.98861092
5.43359375
18.39713376
7.80436281
6.22916750
5.43847407
1.47461187
3.43750000
15.30891844
1.00651125
3.08203125
7.39632078
5.34990964
6.15462655
4.38281250
6.14843750
10.42089096
12.82487062
2.07748060
4.24609375
2.02343750
8.24218750
0.14012572
5.17578125
2.49967531
0.44531250
0.01219940
9.38052970
6.54915780
7.01171875
2.65583978
2.39583499
6.64513023
3.99804688
15.24218750
13.32096188
0.90824371
0.25394871
2.37727782
1.44433594
2.78743407
2.38997562
4.35156250
9.37500000
4.87109375
7.42187500
2.73404533
2.08040780
12.50129876
3.91861813
1.05664561
3.49608378
4.03516622
15.01041002
0.93978529
16.27473875
6.18684314
5.73242686
5.94466312
6.62109375
2.86132812
13.15266844
13.97298094
1.58333499
1.55859375
12.10502106
0.21537199
8.76920656
14.97656250
24.57721483
4.98219189
9.91113032
3.18620124
8.80635528
5.61161347
0.56542969
0.08496094
4.67447252
2.33268063
5.51660904
5.62565187
7.32031250
3.25390625
5.23469969
-0.04527708
0.72900391
11.77570036
0.43523714
1.87792969
10.88817861
31.84373006
3.02736369
3.58789062
13.59439938
3.92122562
9.04687500
5.70898438
6.96093750
11.48925532
4.10449468
0.60416501
7.55794437
6.35546875
3.33984375
6.13313719
0.27555422
12.15266844
14.45995845
1.88932624
17.68325909
2.71940935
3.72428468
3.15039062
16.69921875
13.86067376
11.48372562
5.38802249
15.15364500
9.20312500
2.51725343
13.17476170
6.23810395
2.95297761
10.31608156
21.76594969
4.57780031
2.77538564
3.62695811
3.12304688
1.11816406
2.37695312
13.63704344
10.81738032
1.93620124
9.61230469
7.40738517
2.20573249
7.87467531
9.50781250
4.85806627
14.86882092
6.81217531
4.56250000
2.58203125
7.50032469
13.56635798
1.94987311
1.19335938
7.00602172
1.35921265
3.54719969
7.90909914
1.25488281
2.00070444
0.86306509
1.49218750
14.37923094
11.17187500
1.77985387
0.89413785
2.24414062
6.50781250
11.71875000
7.83723626
2.87760749
6.93098626
5.12841298
2.59831560
5.91048094
20.47819093
14.28613281
1.82128906
13.07088163
3.88477061
8.41829344
12.53483156
1.49768035
0.33435090
17.01074219
4.69237534
8.14942154
4.23828125
1.53710938
3.54492188
6.82421875
0.50292969
3.58364473
1.56479277
9.25000000
1.28629516
5.19888534
8.84050310
5.67968750
11.28384752
1.91162732
-0.02155517
19.26441736
3.80974512
12.00000000
11.64973626
1.75716312
2.20833499
5.49609375
7.26953125
17.39885330
18.42056627
18.55431506
4.65317043
3.20312500
15.36911846
0.22585224
16.86920390
0.58155169
13.77098553
1.63313968
3.76757812
3.27148438
11.16048094
12.42891511
0.15315766
11.94140625
1.57812500
14.46875000
13.32031250
0.56542969
17.66616800
11.48959372
0.44484451
0.92372604
2.31917359
1.49511719
5.55859375
10.55175532
4.04655031
5.58528812
5.50000000
5.62109375
6.23437500
0.02619934
6.44269504
3.41667996
11.87808155
19.31478280
1.40071781
3.53906250
11.32812500
3.46875000
6.47611481
2.91451019
5.03515625
7.08235594
0.22851625
1.93546570
16.16894282
18.54069093
2.02864749
10.04687500
3.76171875
1.27636719
7.66471188
11.84439938
6.72916999
2.74414062
8.37500000
5.35546875
11.48079344
15.22721188
3.77897218
15.43750000
5.71061281
6.20914672
0.08191043
2.63085938
9.81640625
4.54687500
5.68359375
16.75097407
4.24511968
0.29296875
10.54687500
3.08821532
18.58170656
16.58231795
7.78581560
4.74609375
12.54573235
35.07780031
5.95605718
8.12500000
11.50781250
1.78222656
13.68456782
9.35335328
0.11377078
46.26953125
4.21842531
2.69531250
10.41210938
2.76171875
0.62528992
10.01562500
5.09765625
16.18651596
2.01660904
14.08007812
2.06054688
26.53059652
12.65983156
0.65072030
17.21875000
8.15625000
13.67187500
7.95898438
6.88281250
26.37923094
17.09179438
3.92090093
2.41015625
4.37890625
7.86116578
7.21272828
4.92138672
8.79329344
3.58170656
4.95735594
19.75908074
2.80127327
13.57405142
9.34081782
2.73958998
5.33951906
16.84252805
9.19710328
24.63605940
3.58627216
10.93408203
3.89062500
5.30891844
4.17155031
3.35546875
4.83593750
6.00032469
11.13964096
5.66537123
1.05794437
1.35546875
13.84016844
5.93326906
6.27734375
21.74510971
17.70963874
13.84992908
18.13395764
7.84407469
1.51920656
24.18750000
13.90625000
12.51985594
2.35514406
9.23468972
4.89031028
2.22265625
11.21223626
6.07682624
16.20312500
8.48079344
8.45670656
5.89453125
0.65722656
15.92512190
7.64647939
1.48503933
5.33593750
4.92968750
0.92724609
6.44473868
9.38509530
14.24283688
14.37207031
4.23372562
4.26953125
8.11002438
21.08170656
10.05045656
1.72753906
3.87564689
4.34033577
1.60833953
3.56217531
11.31250000
7.82812500
2.61718750
2.86914062
1.49609375
0.40869141
7.20703125
9.21093750
11.96093750
0.81933594
10.75000000
6.14355220
2.25488530
14.06868407
1.21468140
1.56136109
10.19726064
2.98047373
3.90625000
11.60156250
1.20019531
0.75000000
8.27115470
15.74251717
4.25846188
1.58073000
6.24967531
8.40625000
22.94596188
7.55826906
5.42545656
2.32812500
16.37074663
12.09733156
3.32391400
4.05859375
8.14648438
11.75642447
1.63102670
2.54377798
11.96452280
3.86328125
1.71451657
6.23176751
3.78482118
4.11490470
17.24382092
5.80501219
12.71288564
6.83757092
7.27936808
2.64934286
11.27047099
3.89160405
16.45408910
9.01920656
3.77670434
3.05078125
16.43391844
9.26562500
7.73795656
6.90592282
13.40039062
6.06966312
3.25454068
7.30242464
1.15852782
2.78157718
10.47460938
0.21643066
8.39713376
4.51236315
3.07572162
16.43750000
1.81640625
7.24218750
15.05533688
15.79329344
4.92871343
0.88427734
2.27651582
4.55307402
2.36425781
33.52587143
4.04395279
10.28971188
9.93685062
5.24251219
2.35123781
4.04774570
7.45116689
8.77148936
0.77001953
1.94433594
8.15625000
5.94140625
0.97501399
0.11019109
13.20686392
14.51008035
2.32667386
8.04622562
1.87695312
1.13720205
2.70703623
11.53971188
9.45638187
9.03548094
1.13867188
0.82633547
3.79508422
2.35725953
10.89973626
0.18424811
0.86523438
8.69595939
7.99837655
16.19432846
19.42627701
4.48437500
2.43554688
10.59667969
4.72070312
6.17187500
7.20312500
4.29687500
19.63279256
23.73830119
9.31086658
8.79655529
4.88769282
8.39355718
0.36254883
0.93408203
4.08984375
2.12500000
0.17675781
2.68945312
8.47070312
13.43391844
5.19445801
7.57584718
3.76660156
15.64453125
11.37500000
1.70312500
1.33203125
2.10919895
2.56771498
3.02669935
4.82844969
0.59651610
4.19774768
2.40837295
15.65689938
18.50976562
9.85539796
0.70606216
4.28515625
14.41502660
13.37484887
6.85514406
9.75911126
5.98307624
3.88085938
12.99837157
13.59733156
14.58414672
0.92138547
10.44108156
1.81900876
9.53060062
8.19108156
12.53125000
11.09375000
9.98209220
11.12858156
9.00293218
1.35416750
5.38508533
3.32194592
5.08789062
2.59960938
3.68359375
14.53906250
7.34765625
5.29329344
9.55826906
15.40950189
29.34562507
14.53906250
2.51009032
11.32389406
3.30859375
11.66829344
2.17155031
13.23079344
10.52408688
10.64810284
3.34311059
12.44531250
2.01757812
10.06673094
24.23663786
2.50913120
0.30151367
5.10888298
0.28808968
2.80273438
9.22786126
4.08463874
5.05078125
6.84830563
7.34863032
1.66829842
2.89062500
12.04866204
4.60221686
10.75000000
2.25496399
0.82413758
7.87857159
4.17220966
3.44140625
9.86360594
1.75000000
21.37645986
24.20854011
9.38574468
5.49820922
2.68929078
9.76269531
10.14062500
0.44946289
9.05728502
0.79623060
6.88102172
0.70914672
7.96451906
1.06152344
0.00442505
7.48828125
0.44213867
14.12422180
9.42968750
0.50390625
8.98176751
5.54557624
8.46516844
12.25589517
3.87109375
1.97851562
10.14631206
11.93570922
13.12891622
1.46712157
2.56998781
26.01342773
8.58201131
3.91619791
12.24104610
17.09179937
18.20540282
6.73405031
7.81607658
23.14913089
9.33105718
1.39746094
10.81054688
8.78906250
6.07421875
5.62500000
1.48290268
0.57227310
7.94140625
1.90039062
5.71875000
9.29622064
2.73307624
14.25846188
8.37923094
10.67740470
2.70833998
8.66406250
4.55859375
14.55078125
16.22725340
4.18326906
3.71126219
2.28678468
14.64453125
1.23339844
16.58333001
12.83886968
6.94108156
0.72900391
4.64843750
0.38291241
0.22023701
0.21838379
3.78221909
2.79004654
6.87500000
7.02539062
5.57897700
7.28841312
6.59049562
13.81281971
7.70182873
15.33984375
7.34375000
2.84830065
6.92512923
3.52539062
15.81673094
5.80436281
16.10937500
8.22167221
5.90723404
6.23437500
2.16731439
17.02636968
2.09537843
6.19921875
8.12141844
4.01953125
7.43424313
4.72851812
1.80175781
14.53125000
1.80078125
0.42797852
7.94986813
3.80403812
5.06282469
12.42155031
7.84016844
7.23014406
2.83789062
0.66162109
7.51854721
10.34375000
0.33692154
7.67968750
5.14453125
10.62141844
4.70670656
0.49731445
4.25976562
14.07080078
30.52319336
6.49609375
16.39192376
9.19466312
14.08528812
1.59472656
8.42316379
17.46485372
18.06770003
15.21283105
12.69954344
8.81608156
2.00976562
14.12500000
25.55680172
7.88216312
2.23242188
11.10156250
9.13052970
15.30501717
18.04296875
2.35937500
6.15266844
2.86100343
1.51464844
6.81445312
8.86002438
8.66536624
1.07421875
23.10137710
4.13666001
13.51562500
7.70436600
5.77109787
12.07877438
3.10481937
1.28971188
3.85530765
6.43066406
5.64843750
4.71875000
17.06476286
24.10353058
10.19954344
7.47200687
7.67187500
2.52115470
2.78939217
9.04687500
1.73535156
24.48114014
8.16406250
8.53710938
4.71093750
1.18652344
1.39550781
7.01659907
1.57226812
15.03319814
16.59179189
8.09408466
3.42155031
14.30468750
8.69953347
7.91374778
1.38476562
1.49609375
2.08593750
6.25000000
3.44531250
1.20703125
11.62109375
8.98567376
8.24999502
4.64519060
0.83544922
9.91292110
0.26090702
19.18750000
2.14940908
15.39778812
22.07682624
16.07812500
5.11328125
9.61425781
8.74201020
0.40740386
2.08789062
14.07454344
11.71451906
0.00378990
12.27766844
1.67041016
10.21875000
3.66406250
2.07584718
6.61002438
2.66145999
2.57031250
11.86913564
2.99219248
0.83203125
9.25031971
11.71061281
19.57043706
5.74121343
1.05159422
10.59798094
5.78255374
13.31250000
9.01334220
15.64290780
2.53051758
9.26171875
6.93750000
11.52408688
3.52864749
2.28320312
7.81835439
3.29622562
3.34200354
2.94624848
15.15038564
17.62630125
4.08967663
8.10937500
2.49609375
7.01171875
3.02929688
9.62500000
5.76204344
1.79101562
9.80044659
0.51846853
4.68465647
6.15234375
8.17187500
21.10676751
6.71354499
1.61165282
14.51725343
4.71875000
2.61002438
7.85123781
7.53092531
17.66829344
0.37589601
5.13671875
6.71125970
2.20605718
1.80436281
4.28125000
16.14908688
15.29622562
9.67968750
0.83105469
2.15039062
17.77408688
20.44319329
1.73079842
4.11295656
7.70344969
4.02311281
19.65949690
3.61784685
7.60156250
18.02539062
17.27075195
1.22167969
9.70507314
1.17383311
2.06054688
9.05027096
27.95914672
7.45459109
2.33048586
7.65234375
16.81250000
2.87695312
13.66015625
11.82031250
4.14223848
11.81153590
13.28060062
5.45914672
2.21663453
20.23697252
2.13216810
1.59375000
15.28709442
1.16407745
15.65428192
3.03321808
8.02343750
7.85188719
8.99413564
4.31022717
5.64778314
2.69987311
13.88704344
11.32812500
8.91764406
2.25781250
7.87442017
5.31250000
8.30891844
4.65592531
0.45117188
10.91660833
6.04296875
6.55468750
7.01513672
14.13281250
4.90055297
13.73469720
13.49267952
10.15625000
3.68750000
2.96484375
3.06835938
22.84521484
1.45117188
2.29882812
13.28906250
9.85351562
8.49641844
8.12858156
7.81640625
13.79947501
16.07715093
4.23372562
15.91471188
14.54264406
9.18391844
2.25130374
6.48046875
11.29166002
25.72847575
13.37065158
27.09028592
16.96682180
4.30015181
1.92187500
25.49739251
8.29199468
6.24576906
7.97265625
4.69531250
4.57421875
14.51985594
15.39225343
3.19335938
0.44238281
6.97265625
12.00000000
1.71321532
2.73795656
1.25878906
17.07552000
1.73307375
2.02148438
6.98046875
0.01198578
8.49413564
13.48242686
2.53199552
0.13802125
11.57355940
7.34277593
2.66602061
10.97233156
3.01432126
2.99544437
12.41113032
5.64746343
5.27343750
0.60921141
2.21256593
7.95312500
2.29882812
7.93359375
3.28645003
4.59440935
3.18164062
3.33984375
16.19464318
2.84051307
11.35937500
2.66829344
6.55826906
2.14745845
2.38574468
2.79361813
6.99869626
9.58886968
3.50781250
17.51822252
4.75911874
4.42090093
5.91764406
14.51562500
4.38671875
9.57812500
0.07196045
10.07454344
4.50000000
3.09387187
0.90186035
6.16472185
3.92578125
10.63883422
0.37048215
1.30599124
1.32031250
11.22980940
4.60612810
10.53254876
7.36442265
0.19848757
12.16471188
1.52594949
2.08887965
16.64192376
3.13932624
2.02734375
14.93391844
18.07388908
7.90430186
9.42968750
4.25000000
4.91829344
8.94889406
10.17968750
11.48923643
0.31233828
2.26562500
5.08984375
0.36376953
2.61914062
16.24641844
2.16373781
14.96939938
5.64485594
0.68213140
6.94140625
11.09977172
0.38509156
2.87500000
4.69140625
6.66015625
12.97427970
10.76952876
12.27686170
1.06722047
6.43750000
2.34212157
0.15653566
4.21875000
0.00186062
1.63818359
11.07812500
12.41894282
9.69043218
2.32812500
12.10156250
2.93001219
2.51139406
8.71875000
12.37629876
10.38151374
14.45084220
7.97884530
11.68359375
9.72124890
7.14203235
7.10057279
16.40984222
4.05403812
3.77343750
6.91015625
16.50911126
17.41374030
4.18814938
3.36458499
6.11034907
15.13997562
12.96093750
4.06217531
14.00846188
3.83138187
6.66796875
5.59228391
7.46240359
19.79589096
14.05761968
10.17480718
7.90136968
3.50000000
7.90200909
11.78807846
9.76595966
7.04281014
7.29166999
15.21939938
7.17903812
4.67968750
0.02545158
0.09890755
0.07855225
8.39062500
8.44531250
15.57812500
3.87792720
12.85123781
8.10872562
13.70735594
18.76725343
2.87109375
8.22656250
3.55273438
19.01953125
14.35937500
2.85807126
8.27278812
7.09016844
6.80239473
7.15040558
2.33203125
13.03286348
2.65463652
11.88329455
9.21533826
4.75000000
0.02182007
0.63143800
12.36523936
1.32291750
9.03548094
2.39354970
5.55436281
6.82617686
1.94042969
0.21972656
3.69938110
2.69156860
7.16406250
1.89615968
1.43359375
1.31835938
1.46679688
8.62500000
2.00748532
5.88997562
7.83203125
10.38281250
8.40715398
0.17463313
13.05468750
3.04003159
3.42285904
11.53433228
2.01431627
5.25163342
2.73405031
11.67561766
5.53319814
5.79460217
7.08105469
3.76432126
2.61458499
3.21875000
16.71809813
-0.02388426
7.90625000
2.47460938
3.94726562
13.69921875
6.25390625
12.44531250
6.64485594
7.70817140
3.83984375
9.28906250
1.69531250
3.28320312
6.12500000
0.03579712
16.98437500
10.67187500
12.05956782
3.72949468
9.09375000
4.48046875
9.46313477
9.59700189
14.53776374
11.69173094
5.01530031
3.50585938
14.49218750
2.25618407
2.63639406
7.51171875
9.82812500
3.65689938
19.81966312
0.34301758
4.91015625
3.68554688
3.49674313
1.49642093
7.11718750
7.52896720
6.63900155
3.82421875
2.09064675
5.20281028
5.41796875
4.78906250
0.00371742
2.09863281
19.13418994
0.36385693
3.90820312
5.57486813
3.02083499
0.64355469
18.54329344
1.85123781
0.84521484
9.88281250
11.80110594
0.33243898
7.69921875
8.99055907
6.10937500
8.75064938
2.28027593
5.03125000
13.80891844
12.67350343
2.33040282
6.64030031
5.36328125
1.66341063
4.83170656
6.96484375
3.95832004
3.69792996
7.46308479
0.14824333
1.30859375
2.48107910
3.83984375
12.74641844
7.87148619
0.15128664
3.66601562
4.37500000
13.41048094
-0.03715941
0.10058594
8.92968750
0.06167603
3.49609375
0.99560547
0.06088257
4.37500000
1.20567851
5.49610372
5.55859375
1.15136719
8.99641844
3.36751219
2.57552249
3.64648438
9.91697973
3.70997340
5.80110594
9.04833112
2.61150044
15.11718750
0.43994141
6.98079344
1.48600343
8.96484375
1.03889891
13.91829344
5.96810062
12.41227172
0.04921510
3.57031250
11.44920878
2.99219747
13.74780211
0.39477601
2.11328125
17.54361813
0.21687992
9.26041002
3.44823970
3.14486591
12.82812500
4.69449704
22.97753657
0.62565436
11.84798094
2.98372562
1.45019531
12.32226562
5.24609375
2.71093750
3.11328125
0.91308594
11.65625000
7.19580078
0.17370605
3.09977172
2.49983765
0.63378906
8.12999903
0.12879003
18.54166501
10.82389406
13.98499635
12.15266844
3.59570312
5.42545656
2.00585938
21.32551751
1.42057624
0.97070312
1.37109375
8.85156250
6.04296875
8.65625000
12.68130098
7.77182402
3.54687500
2.00357907
3.64388187
10.00000000
2.15625000
4.45735594
15.86480287
0.66162109
0.22037719
0.24080445
6.29329344
4.21061281
10.53449690
4.73308122
2.65820312
0.08595764
0.08072937
13.13281250
16.15920346
10.84733156
1.38248781
7.93001219
9.16829344
10.57682126
7.62011968
3.44694093
19.76204344
11.51562500
8.79459220
5.68164561
2.36718750
11.63411126
3.88151374
0.95263672
15.50064938
18.50846188
6.76823249
12.16406250
0.52050781
7.04296875
3.48893063
4.13216312
0.95947266
20.50423094
10.81608156
9.97298094
4.98893063
8.54980718
11.15625000
4.55004883
9.34375000
6.15625000
21.78254876
4.84635749
12.89062500
5.85546875
0.18286133
7.19429016
7.09375000
4.14996338
11.34667969
4.61718750
16.98079344
10.33951906
5.89746094
19.89485594
1.61002687
10.81933594
8.37500000
3.24804688
1.55566406
7.76562500
4.80859375
15.04329344
9.15983156
5.59146720
3.83983877
5.26986591
5.60546875
6.48828125
1.49804688
38.71695797
17.81738032
13.00850839
8.97965204
13.41520390
5.95280031
0.87158203
5.13281250
12.28189938
3.84928468
11.81510500
4.89843750
2.09960938
19.58441969
13.59236259
6.44637522
3.75585938
1.35839844
4.06461547
2.83968140
3.57031250
11.76269282
6.50423094
7.16666999
9.26204344
6.92155031
5.50781250
1.66520141
3.28499390
3.78525280
0.25584338
0.09196047
9.96875000
2.37304688
12.98502438
6.39811281
0.50602297
13.95245568
4.96941932
19.75129876
12.65396720
8.42838874
8.20637190
12.67644060
6.27701906
7.24641844
1.46549562
15.66959220
5.02864251
8.14160904
18.19531250
12.83658688
20.66341312
8.44531250
0.06561279
2.88476562
6.42285156
7.44531250
2.95149657
1.95865968
17.76738548
3.08203125
12.58593750
3.76188110
9.21741136
5.76094192
2.13085938
11.13281250
10.08072501
24.12728280
12.07161126
6.75293218
3.04524657
2.04622562
10.57454344
0.77571532
1.83919437
3.04882812
3.51171377
1.67773936
10.81250000
1.79785156
6.50976562
9.31445312
7.34375000
10.13281250
1.02473875
6.81477283
11.92708998
1.01098633
1.23535156
7.09016844
3.14648438
14.76139406
21.14201525
0.87062665
5.72656250
1.75000000
11.37923094
15.75649380
8.20802526
6.40234375
8.19889157
3.29101562
4.12435062
14.25781250
4.17057126
12.45247562
0.77392329
2.74121343
9.04329344
11.16569093
16.69954344
11.74479250
4.38704344
3.58951906
6.87923094
13.71516844
13.26139157
9.26106937
6.76953125
1.23502687
3.38704344
6.00000000
9.06966312
6.52734375
7.06250000
6.08235594
15.09439938
4.23795656
9.77538564
8.85319592
8.37076906
2.63671875
1.67089844
11.19531250
0.91389891
4.07780031
7.56119127
0.76107435
3.95360830
3.04297373
6.49609375
9.57031250
4.39453125
6.22883533
5.88835217
5.60642787
5.96974401
6.73828125
11.13769282
8.29980718
4.34375000
20.98795407
11.31883644
23.81200798
8.55893589
13.06933095
7.38086436
2.72265625
10.72656250
1.99544188
11.11486069
18.61394060
4.82421875
1.55664062
12.01334220
8.76790780
5.10579344
8.46451906
0.13696289
9.57812500
15.89485594
2.68717531
14.28971188
2.39680907
14.95839177
0.77441406
2.06054688
8.79687500
6.59863032
7.19824468
5.10156250
1.77246094
16.67187500
8.80489385
11.03534935
0.10820534
17.17517090
28.41015625
10.74218750
14.77408688
9.22233156
8.85758422
3.43701296
3.36165282
2.33686364
0.04916421
18.35432860
15.07596935
10.04838386
3.60351562
7.40657469
7.39811281
3.99218750
7.52376219
5.68750000
10.35514406
13.14062500
4.96582031
4.63671875
5.17399047
3.42333860
10.40201906
2.09733156
9.83626219
1.75358156
3.32128906
5.56673094
4.31217531
13.89485594
2.20865968
2.33398438
10.86360594
1.42448000
12.96564052
0.87615635
11.52734375
4.51676266
5.36653812
11.19531250
1.68326657
11.81966312
6.81314938
5.61474734
3.15511109
4.73046875
2.40298565
0.13705341
9.47656250
14.84439938
10.67724734
0.22762086
9.80956782
5.83561281
7.44466312
5.76204344
2.55729250
1.63671875
9.93814938
0.47225101
8.26562500
13.64550532
6.09700687
3.38444093
8.05175532
4.34830812
17.97183954
21.85106051
3.63738807
2.95117188
4.14453125
1.21679688
8.92805408
2.43132092
13.00781250
4.40567868
8.44861515
2.34960938
7.69140625
5.45703125
13.99641844
3.14811281
9.53548094
2.97233156
22.49251219
6.12987534
28.52409685
8.81732178
19.27376219
12.64420656
6.70585867
5.76659907
6.01896157
4.43359375
0.74641595
4.93294437
2.68880374
9.13704344
5.40364500
6.68001219
5.16699468
9.13281250
4.05871582
5.02018063
7.98372562
3.06640625
0.00522232
1.52213376
5.28645501
7.13086436
17.66730940
7.16081560
4.69531250
11.07257536
3.37859153
4.36914561
5.82128657
0.60010015
1.24511719
1.45317459
11.62890625
3.24087877
10.53711436
6.84700687
6.74609375
9.24706782
0.85644780
7.54687500
2.63281250
7.98176751
3.72916999
18.07226064
8.30240470
1.04135028
7.14483600
3.49188275
2.89453125
7.78596798
5.22802859
11.89420656
1.62613891
0.28914430
6.87109375
6.12239251
1.53190436
1.77343750
9.93586658
8.20475842
7.31640625
9.52212628
6.39095966
1.88183594
6.03938719
4.78580563
1.78027593
2.41067934
2.57844969
2.96451906
1.32177734
1.18457031
4.63426364
2.87940824
1.90722656
2.89713376
8.36653812
4.25390625
4.53515625
6.80337877
4.57162123
4.03906250
10.85057846
10.69661126
9.88249778
1.62695312
3.67773438
4.52581117
0.41754820
3.61751219
5.34472158
2.59733654
3.55664062
7.91796875
2.62109375
20.71288564
2.99219248
15.80110594
2.26171875
8.13020501
9.55924958
6.23828125
14.37426197
0.42651928
15.68879876
17.20182624
4.12141844
1.46484375
7.34733156
2.62500000
0.89062500
7.71515847
5.63445090
4.59798094
8.71875000
10.11295656
4.52734375
15.23860594
11.83658688
1.75097905
8.00000000
1.49511719
15.50064938
4.29052236
12.40853280
13.25293218
2.14453125
11.86783688
1.46810062
7.23010254
20.13215315
1.57683122
5.15657469
4.89030031
12.31216534
5.95736591
1.28515625
8.74218750
2.20735594
6.69889406
1.00195312
2.20751704
6.27246343
8.72656250
10.77961658
3.20866467
3.00390625
13.43310547
1.68750000
4.96484375
0.30989500
1.90494875
10.39453125
9.18750000
0.93115234
4.16796875
14.51627438
7.23584109
4.41975953
19.53872784
7.36752216
22.71858392
2.74088874
4.25781250
7.94140625
1.58821532
4.94108156
14.93098626
4.50260749
2.49218750
17.20312500
4.07421875
7.66015625
5.33984375
0.00820923
2.28515625
12.38605940
2.90886247
14.22547590
7.17644060
2.33203125
3.47070312
11.39843750
3.08203125
2.98111315
1.86458998
12.39062500
5.40234375
10.70946518
5.14583998
1.38053468
11.01383422
1.06819703
2.55078125
5.44595191
3.74154809
2.72460938
13.71337891
10.90429688
18.74641844
6.44108156
12.08593750
4.44172845
14.76432624
17.37109375
6.13769531
8.72692871
17.93782469
11.35937500
5.44531250
0.20524172
4.54687500
8.74509974
9.67091588
0.99267578
4.94921875
0.45959223
2.13769780
16.63346188
5.59342282
8.68620124
4.56250000
3.45898438
1.75976562
4.12890625
10.53579566
5.77670434
1.90917969
0.60571040
0.04052984
14.14038086
5.01236813
10.87666996
24.94758533
6.80241467
5.74218750
6.61149047
-0.01961730
11.15625000
2.32421875
15.29752438
4.85872562
0.18054199
4.22265625
1.00374266
8.30826906
17.59992908
8.17350842
11.84422728
2.57389406
2.27734375
18.50488032
9.55012938
7.24121343
11.37583498
4.17322358
11.43767730
3.61751219
3.39615968
2.87890625
6.12500000
2.79296875
9.48437500
0.43253539
0.31673219
0.27810038
1.07129155
3.13085938
6.23437500
4.56021720
13.13395390
1.72868046
1.32551751
3.98307624
8.67610594
12.44367908
1.74740248
6.89843750
4.85546875
7.07193595
2.96712655
15.23860594
3.67350343
1.63476562
9.93750000
18.14550532
6.21419437
5.66764406
2.68164062
10.91829344
9.47427970
3.68164561
3.31705563
6.96061281
17.25162843
2.84732159
1.52377216
1.53613281
14.53221410
5.43295434
3.07226562
11.53125000
3.06217531
17.58544922
17.84842187
16.10616798
13.56250000
1.86230469
1.57812500
17.32714096
3.60937002
8.63184840
2.18945312
12.20312500
8.72412109
5.87109375
13.60416002
5.26302748
8.44594194
3.48765181
9.90355682
13.41242908
7.53596570
15.58853004
3.52279809
18.16048094
10.94108156
0.02249146
1.95117188
7.19140625
18.15625000
8.49218750
2.16355926
4.11915558
8.56250000
1.84146969
2.72981937
1.60351562
2.95408910
2.75684840
8.01562500
11.53157469
4.48697252
2.61231216
9.53027344
9.82633422
4.70345094
7.02586769
1.76710106
3.10546875
4.96875000
2.04353260
0.72134752
16.79069592
8.00358156
2.68164062
11.86783688
2.67317874
3.52734375
9.14615470
9.64062500
12.34017342
6.64843750
5.09244127
0.72396498
1.55273438
3.93945312
1.97676263
3.28581061
5.59765625
12.85937500
2.81054688
5.07877438
7.10091312
9.99218750
1.70605469
2.08593750
14.58593750
0.13696289
3.13671875
9.93879876
0.58170905
13.79879218
1.65853280
18.40234375
2.23469969
13.76139406
4.21093750
0.59521484
2.87337157
4.70280031
9.64192376
2.08854499
0.87060547
1.96360111
12.71093750
2.13085938
8.73567376
1.00553718
9.28986924
0.03434951
2.95599736
5.34099512
6.84863032
8.00716312
3.99186281
5.56640625
0.93831297
2.18571047
0.49072266
10.17968750
1.79785156
10.85512412
6.61004432
2.23990968
4.99609375
0.04751587
6.89843750
2.72427970
2.47103280
11.29687500
7.08235594
9.37076906
7.56250000
11.05468750
12.41638785
6.74056405
10.96875000
5.03938221
11.56413342
4.10156250
0.00213814
15.46484375
9.24218750
2.56640625
1.49609375
9.78906250
7.80078125
2.74804688
2.17610594
3.27701906
4.05175781
16.46875000
10.76204344
0.48046875
1.59733156
9.95735594
5.58382203
1.74007203
9.61718750
10.82226064
0.53223155
4.82031250
8.10579344
7.56900377
3.62598404
7.09407469
8.30256580
8.37740736
5.00390625
15.86718750
4.76562500
2.06575438
3.76725343
13.11718750
1.91015625
1.53125000
9.91406250
2.19010251
2.09895999
11.64973626
4.78385749
7.98437500
8.92968750
1.94531250
9.56941711
2.76847351
6.09749017
2.78971686
4.82258533
1.67741467
1.40136719
10.67610594
3.54394282
0.21305671
2.86132812
4.28742659
6.11003435
1.72460938
0.31958008
2.35188719
9.39062500
8.07031250
7.41764406
0.33402340
11.22501773
1.22648133
8.68750000
16.30891844
1.93424313
2.15527593
10.01627438
5.92281253
20.96093750
6.80078125
7.19531250
13.16406250
0.57324219
4.81640625
5.89647939
1.84766123
4.87890625
4.26171875
4.80859375
1.39550781
1.76367188
0.08905029
3.04882812
10.02343750
8.12792470
12.64330027
4.46484375
12.22460938
4.41491699
3.92578125
1.55078125
10.40233378
7.95508809
2.98437500
1.89453125
7.98437500
1.45507812
1.89029782
1.03938968
2.21484375
6.76985096
11.52278812
4.15462655
7.08203125
10.76627438
9.66764406
9.70442376
22.46093750
2.53939217
1.85529519
18.69109153
2.42382812
16.27864251
2.81706061
11.53125000
2.85644282
1.21484624
13.96516844
11.56673094
14.18944814
5.69662123
0.66894531
6.36718750
1.22460938
7.25423094
2.05550047
4.57747562
12.83397939
6.72884530
6.55891844
4.20638187
4.21093750
10.42968750
12.89062500
6.56640625
6.47477172
0.82291625
2.34928468
11.83593750
4.91796875
1.78222656
16.31250000
7.45922852
6.92578125
6.09049313
13.91764406
7.76139406
0.10723877
6.10200926
5.02310284
1.24219747
12.61815160
2.42286402
17.09048316
8.26693622
4.79590093
5.01562500
2.24218750
3.63476562
11.76562500
0.58365719
5.31575687
10.82486813
8.46810062
2.23242188
6.08593750
1.28320312
3.97362534
59.64942154
5.91015625
2.87890625
6.00813719
22.31357305
10.30956782
8.72004876
7.05144060
2.90820312
11.97298094
2.25162843
6.36327627
21.78319814
7.56999030
21.16698471
7.98372562
12.50879155
5.06478280
7.80468750
15.20011227
5.69043218
3.42578125
4.32031250
6.65657469
6.48828125
1.87760500
11.03906250
4.40754876
9.85827886
6.32812500
11.02766844
8.65331782
5.51009530
1.75097656
11.23160641
12.31770999
3.37304688
7.76594969
13.05540041
2.95117188
4.20312500
8.68204498
1.59179688
19.22934151
8.48307126
3.77083499
6.61783688
1.22103031
0.84863281
10.33235594
24.19498781
10.54687500
3.30468750
15.63004391
1.32845218
2.05403314
6.51432624
0.47045898
7.63346188
8.89134891
3.84635251
10.82812500
2.62060671
0.86849000
5.09520114
1.19386136
9.27099609
5.71875000
1.41992188
17.70409907
7.11747316
3.68489749
10.40689938
2.93912843
11.60221437
4.03906250
7.99641844
47.91796875
4.40531158
5.58951906
10.02343750
5.86783688
14.21012453
2.69628906
12.71516844
11.87313080
3.01692874
7.67578125
1.34863281
3.67415282
10.27311281
6.87141844
0.52115968
4.61718750
14.23632314
7.60221188
2.87630873
1.13671875
12.05078125
18.07453846
12.73242686
4.98795656
10.07942376
4.97330563
4.95734597
5.07586214
1.42871094
26.66015625
9.44140625
3.20703125
8.79329344
10.67545656
3.01562500
6.39453125
12.37500000
4.53906250
10.32096188
6.13216312
6.98860594
1.59440187
9.20442376
20.90136968
4.05826906
9.59375000
2.38671875
14.38085938
11.95214844
2.05078125
12.59863032
6.89746343
1.40917969
15.46483378
12.78516622
1.31640625
13.72069814
9.43197030
9.03125000
5.55078125
4.56217531
4.33984375
3.61718750
16.30110594
12.44173094
1.67610843
0.37817383
3.01757812
9.45767565
7.53971686
7.24284186
16.99023438
2.96093750
7.63574219
9.12124986
4.38412123
3.73339595
9.85449468
18.41487547
3.52766844
6.27880984
6.03727172
1.39030031
8.96744626
1.49088625
2.33121828
5.40234375
10.50846188
10.70312500
6.35872562
16.46516844
16.63704344
2.37239749
6.37923094
4.78483156
14.20084220
11.61490470
3.85612810
8.60937500
12.24283688
7.40560062
8.75128879
3.08074246
10.67492676
18.65234375
5.86718750
3.99023438
8.31673094
5.13639406
20.03515625
2.78906250
13.31314938
19.32584718
3.27701906
7.94531250
21.47232159
2.37207280
2.76498060
16.68521720
10.70801030
3.94075687
15.93619626
11.39778812
11.27734375
9.20312500
2.69726562
10.62988032
11.63964096
5.47657247
0.47436523
14.10742188
8.66697474
3.25099401
1.84277344
10.80078125
13.54649397
13.41064204
3.81901374
15.63704344
6.47623781
0.93457031
8.96875000
4.18066157
5.12793218
10.05598626
18.07940382
15.87684747
15.64642334
0.10882568
0.49658203
19.37707520
10.16048094
4.48795656
11.77733378
1.35157247
8.55110096
3.17936779
16.39615470
14.18587655
3.65722656
5.33593750
9.66406250
16.55077627
2.97070811
6.44531250
3.72851562
11.76464096
8.68067154
5.26953125
12.06070922
6.44966676
2.71484375
8.02343750
1.19563221
2.50000498
8.65998892
9.17171764
5.65900488
19.25635638
4.97135749
1.30273438
5.64062500
13.08300532
6.09472905
4.01562500
3.50195312
6.12109375
7.28125000
7.86751219
13.79100566
1.06609153
2.32031250
9.19497784
3.01205341
6.46093750
6.32421875
1.64550781
16.41957226
4.30666056
2.11947030
10.75064938
3.20442874
5.42578125
5.25390625
11.62109375
14.92008422
1.19026734
27.01724845
8.70115692
5.73504432
14.11116578
0.16780640
5.79036126
12.41276374
20.75455563
15.73956724
7.08886968
0.94238281
6.01692376
10.64713874
17.57454344
14.61360345
10.22591312
2.58301030
13.10546875
4.20312500
1.95996094
19.52944946
2.07226562
0.41528320
14.38589478
1.90039062
0.34472656
13.58984375
1.72859680
0.36344422
7.93652344
2.97884032
1.69205812
0.68750000
11.08363476
20.48879196
5.11653812
1.16992188
6.60774407
13.90690436
11.10156250
7.16829344
9.56608156
9.32543945
10.84016844
3.44694093
1.93847656
12.61555907
7.23567376
0.67318124
8.86718750
15.48860594
14.55435284
5.12891622
3.75585938
9.64485594
15.67610594
1.04915531
5.92870595
11.86523936
10.88704344
3.74576906
12.41601562
1.65429688
8.67610594
6.91284242
0.10306824
10.97298094
3.83235594
11.49576906
12.40201906
0.57470703
22.49574912
19.56056183
7.92186503
6.70932402
2.59407469
9.28548094
14.93391346
0.87305435
19.71549313
6.08235594
1.00390874
2.97265625
12.20507314
8.26367686
20.11716756
8.41701213
2.87109375
10.10709220
1.61361092
18.91601562
6.69954344
3.58756593
13.25512633
0.40429750
11.25000000
2.53515625
5.44140625
17.82063719
9.67545656
0.59619141
14.80533688
7.24544437
6.71093750
5.77180408
5.21257092
4.10546875
8.03906250
6.42578125
20.92675781
3.76155267
2.28776374
2.33984375
15.79687500
3.28548094
15.73144282
4.35058843
20.34537843
20.74055907
3.67740968
3.41796875
8.20669659
2.14486591
1.24511719
14.54394531
13.75000000
1.00878906
10.97656250
12.13134766
17.51204344
4.08561281
8.65625000
4.34504378
6.22722185
13.52766844
16.83203125
18.60074953
15.05501219
7.52311281
11.99218750
8.35156250
7.17578125
7.57551751
12.38574468
23.05077627
4.28288342
2.00162594
13.54687500
8.33885971
2.25619403
3.87109375
19.84178192
4.16635527
13.60627321
6.27343750
16.80793440
16.09440935
10.60937500
2.61523438
10.19238032
2.04199468
0.98974609
9.15461658
0.54167248
6.90869141
1.35839844
6.69531250
8.99637985
0.62320922
2.57796265
26.46321033
5.69303967
6.50032220
11.01888187
3.33333499
12.72656250
4.66048094
1.82291750
5.97363032
6.56574690
3.03484153
2.91406250
15.18001219
20.20312500
9.33170656
1.65429688
7.89485594
0.87858156
0.87646484
5.66730940
20.38159429
15.16178468
6.67773936
13.62923094
5.65983156
3.72721188
1.44173343
7.12890625
11.26820374
3.84423828
19.86751219
8.94108156
8.59375000
7.46191157
3.81152593
2.16210938
11.79589844
3.94726562
2.27734375
9.95312500
2.55664062
22.53515625
7.06640625
10.45735594
11.81509752
14.90202404
10.42122562
4.98437500
12.63219452
16.53124457
6.90885749
2.81758699
0.12727875
15.09531593
12.83593750
0.97705078
11.50846188
29.59292332
1.97283355
2.50585938
18.28156472
3.59587669
4.23046875
7.92968750
0.55761719
8.37206782
6.84277593
11.28613032
6.62988530
4.72656250
9.79817625
2.13248781
9.41992188
13.71875000
11.13704344
13.20084718
9.11718750
5.92968750
5.05078125
3.23828125
12.37629876
13.64518063
10.66992686
0.29492188
7.82191601
9.79738571
8.59375000
6.96419437
5.63281250
8.49999003
2.82813497
12.72298094
6.19954344
2.17708499
19.70214096
11.23958998
24.77115968
22.40625000
17.16829344
2.48014406
10.05110594
1.04655031
15.79329344
1.37515611
2.76074966
30.19140625
8.61425532
1.43261968
17.89029782
5.72591312
1.89746094
16.19596188
4.12825687
8.94531250
8.98925532
10.50781250
3.28613530
12.63541501
0.41634281
16.48469969
4.21548316
0.68848902
13.91764157
10.95735594
0.70947515
16.65217642
8.99592642
9.75277607
7.41796875
7.51171875
1.46972656
9.40356383
0.54858461
2.00781250
31.01415891
1.46142703
3.30859375
10.83105469
2.90039062
3.01171875
22.80175781
12.48828125
8.23437500
0.71760985
18.61897703
5.95247562
14.45735594
11.71272828
5.07990581
2.18360372
7.21289062
4.23046875
3.00663176
0.02406892
6.15234375
1.95312500
14.84375000
6.31250000
12.66829344
6.31347407
2.82682624
2.48632812
8.52278314
5.47916999
7.59765625
11.75518799
16.49641844
12.08170656
7.20735594
4.53906250
16.27701906
20.42966756
13.99123088
4.35969969
2.13444093
5.30468750
9.02310284
0.64974872
13.61815160
3.36622340
5.44921875
4.67675532
11.39030031
9.35848148
7.02734375
15.14453125
15.96093750
9.11783688
6.65169437
29.63736813
0.18033688
5.81185062
17.63167110
0.34782109
1.37988281
19.39843750
4.70703125
7.37109375
16.53091534
5.09017841
9.56998283
8.43978280
5.92968750
3.36132812
9.44531250
18.82096188
14.11393312
3.84537843
18.63380858
4.92936281
4.84375000
14.01985594
8.20539783
7.45052748
13.38704344
2.77311281
14.43739627
0.02437379
1.63574219
9.42610594
7.80094484
19.41243407
18.80533688
16.96277105
3.61523438
9.48696754
12.38672872
7.53483156
11.91373781
18.78938719
8.51985594
11.99422367
1.39160156
4.86294161
1.20346464
10.01562500
0.40966797
7.11065382
3.17059618
24.61718750
14.25846188
10.13997562
1.29296875
7.74152815
2.91081560
10.10937500
7.00390625
12.01692376
2.21549811
0.80859375
5.77961907
5.01432624
3.93554688
12.10579344
10.92968750
10.54752438
6.16373781
11.57161624
15.24218750
4.27734375
11.66113032
4.33886968
12.30989251
2.79557624
3.40039062
11.06250000
3.63118407
1.36002687
9.77473626
1.69401374
1.12597656
16.00801512
11.31673094
0.25862796
11.66829344
10.02831782
11.78906250
10.04345205
13.21142952
14.90804078
11.29134530
0.65039062
24.34114500
14.08788564
6.25944592
1.99251219
3.36686281
10.58593750
2.19726562
19.38769282
6.30582890
0.77718140
18.20133422
0.06032349
1.99316406
16.80354485
49.25553468
4.31185062
10.16307846
7.00065935
2.30859375
15.56444814
9.22363780
2.33398438
9.14062500
2.30273438
8.13736813
2.59310062
13.48860594
3.85514406
0.46362305
19.75390625
7.02083001
16.45182624
5.71923579
3.09147218
10.64778812
0.51318359
6.75585439
3.83008311
8.15625000
2.19335938
14.07812500
11.89062500
12.36718750
18.44813963
5.91796875
2.39420656
12.03709442
18.05045656
7.56869902
0.96777344
15.07454344
1.73648922
2.23340093
17.29329344
4.59342531
25.40689440
13.45833998
6.93750000
4.25390625
1.31640625
2.92316379
4.76824246
19.29784907
10.86425781
2.03418218
7.46516844
6.43391844
0.94075687
1.71875000
12.04654034
1.72103778
7.99283688
4.41926751
20.16602061
11.79329344
2.28092531
8.05891844
0.44840578
5.01562500
16.31151596
4.41114029
14.52050532
3.21582280
10.54329344
4.30436281
0.82226562
28.05859375
6.21809564
3.22721686
12.03548094
5.87109375
12.84798094
4.83919437
19.89648438
7.87401596
4.61426529
30.81250000
12.79101064
1.43848155
10.20312500
0.35969969
1.09431385
2.26498060
12.03384752
0.83529310
6.80989251
6.72168218
17.45011476
0.28857422
4.57128906
0.42822266
8.21207641
7.62581422
2.80858877
4.30697030
4.67675034
4.80534685
4.76953125
3.85156250
4.30468750
1.63476562
1.05371094
14.15786597
2.76889184
29.07031250
1.47753906
16.26171377
0.84570811
8.60156250
7.93001219
4.02221742
4.46183289
11.23437251
7.31543218
7.25390625
8.34375000
0.10443115
5.73783356
3.53951019
6.98726286
0.10721957
4.30078125
11.97329566
16.15495124
9.27115470
3.18653590
14.75000000
8.37336658
7.30241467
14.21400577
3.26790780
6.72298094
1.13444093
9.12694814
1.28027842
13.29848848
0.86948027
5.25390625
3.39453125
19.66112181
5.93521969
6.60058843
3.00585938
0.85107422
12.19238032
13.35270390
5.27913453
6.61328125
5.46093750
9.93750000
1.66113281
16.05370346
3.80599623
17.08007812
2.88248781
5.91113032
2.34472905
1.57519531
6.15234375
16.61425532
3.12858156
5.19856937
2.22851562
6.11393063
10.40983156
6.75813719
8.28483156
17.34138914
2.60677249
14.21664429
1.98828125
17.36034907
4.48730718
8.71875000
0.31103516
0.92968750
4.41796875
7.87109375
6.11130819
14.41050088
3.35319093
19.68293440
9.30680671
2.01172373
4.23828125
1.31721673
23.96438422
6.39453125
10.46875000
2.12500000
24.20897939
5.47852061
3.00585938
9.18586658
10.69401374
2.64355718
6.84016844
4.90983156
10.30110594
5.69628657
2.31706061
19.90819814
13.21125471
4.19792996
12.21516844
8.03483156
15.20556142
4.08398936
7.95735594
1.77799562
4.57714595
2.78027593
8.48437500
3.18750000
16.18977782
2.00944093
1.47363281
6.00646942
0.13488801
0.71093750
6.14160156
8.24218750
2.08984375
5.39453125
2.05240470
0.30355233
10.04752438
10.49055408
4.70539285
5.70379432
1.17610594
6.51953125
5.07746067
13.20077411
7.80957280
10.87858156
2.33919437
8.46875000
1.93847656
5.75813719
8.83674923
5.45394171
2.86262190
21.60941263
4.68408577
4.09765625
9.25000000
18.34960938
7.44954344
4.33038786
11.27475620
12.52539062
12.41894531
16.30826657
5.91341312
9.94238032
3.25162843
2.01888187
6.42968750
3.92578125
7.61328125
2.48046875
0.15515137
6.71549313
3.88216312
14.09634752
12.22884530
5.56152593
7.48859597
5.26921653
4.21875000
8.03906250
16.36067376
2.25553468
5.39778812
7.25748781
2.63671875
5.53027344
2.04947751
4.57747562
4.54296875
7.36425532
1.20019780
12.06021720
2.86556405
4.52746582
3.07617188
7.79230940
5.47364029
7.13639406
4.07714595
4.57324468
5.66796875
22.89644948
10.21683177
5.16438719
4.35514406
15.93554189
6.50195811
14.09798094
6.36295656
0.72753906
2.29492188
13.15510860
0.79703984
7.76953125
14.09863281
4.94921875
1.88183594
3.94140625
12.83609486
14.14828014
3.13281250
7.78873283
9.72004876
5.11035904
0.20214844
2.75390625
11.54459220
5.70931405
7.52717144
2.14665669
8.85156250
0.15087891
25.19140625
2.46614251
4.02604499
0.72900391
9.57877438
10.29848848
3.99773714
0.91308594
8.77701657
7.11620595
3.99869626
3.93815935
3.82682126
6.09130984
0.70100953
17.43750000
0.46875000
2.59861661
10.04558746
5.81282718
12.95312500
19.13476064
1.63900155
5.22623781
13.94970080
6.60921764
9.25955846
8.68652219
5.71028812
1.47558594
3.22070312
1.31314938
5.21451906
4.85905031
3.65168939
2.06185062
9.70670656
16.15201906
4.92626455
6.84960938
1.98567874
12.94824468
4.83756593
1.95312500
2.01383422
7.64632203
9.33593750
15.13043426
8.87044312
13.23045878
6.42579122
12.43716534
6.99447030
12.08789561
0.52148438
12.09375000
7.14972629
16.58204371
6.70475343
14.92317376
1.44596686
10.22844227
3.85612810
0.61637453
8.81541224
6.49122838
8.26562500
7.29361813
3.73860594
4.18261968
8.76562500
6.93229001
7.47280364
4.67107823
3.06250000
18.73925532
8.17480718
2.22981189
4.73600842
7.30859375
7.40234375
3.61848626
4.78818860
3.99218750
0.61621094
1.06738281
5.08528563
7.12400848
29.15349886
5.59375000
2.74999003
5.61150044
9.41650266
0.02539187
0.64046265
0.87988281
5.97802734
6.15234375
8.04361813
8.26399906
13.15429688
6.00000000
6.98079344
2.36490968
11.14680907
18.58524110
5.75960328
11.21679688
7.55338376
5.19466312
11.07257536
1.77703401
4.87890625
3.18750000
12.05695036
5.00619902
9.74935062
5.53515625
7.69156860
6.10335328
12.42317376
5.40885749
16.04296875
8.75423094
2.70670656
6.41259766
2.13313719
5.60230879
6.91015625
1.58886719
2.81510251
3.58919437
9.75781250
3.97265625
6.41406250
18.14908688
7.88606937
10.93814938
0.15800051
3.68326906
9.81673094
6.99967531
6.22265625
4.45312500
7.98160018
0.55453263
14.30468750
15.98632812
5.32421875
7.05078125
6.35156250
12.30207004
6.25652371
3.05664062
8.86750207
4.07682624
3.34179688
1.22363281
2.22265625
7.52148438
3.16796875
12.19531250
5.20344969
0.91943359
1.20507812
4.39811281
4.14160156
6.40234375
3.50781250
4.85546875
1.13761492
4.09505873
4.45469563
3.89388187
17.28792110
3.76481327
11.89355344
5.72412234
11.33235594
1.11686281
1.87500000
6.43163564
0.61816905
3.16210938
7.71875000
5.70898438
3.23111813
2.30989749
10.21875000
2.78906250
6.78125000
4.44077405
12.69820756
6.10776152
6.70182126
16.53384752
5.35921764
16.84554078
13.16178468
2.80273438
10.73079344
6.45312500
18.41406250
13.01562500
13.32031001
8.39713874
2.50390625
6.77864251
10.65380984
17.63411126
20.41194703
17.53320811
11.78971188
3.39192874
5.27734375
9.61002438
12.22591312
11.49641844
7.83951906
0.78125000
13.34276596
17.31934341
3.95344969
1.85026125
9.45377438
10.00358156
3.11295656
12.83038786
3.88445589
1.64746094
6.37009974
20.62208776
2.22688719
3.90983156
9.90266844
2.89533674
2.27377216
10.06774902
8.08039783
2.32194592
10.60610816
2.25326684
2.08593750
13.56673094
5.18326906
6.17187500
4.42578125
2.11021205
11.02603502
9.06089150
9.81120124
8.99576906
12.53319814
16.54313608
4.36897828
8.73469969
5.74186281
10.94596437
0.26660156
1.90364500
2.93326906
1.11051391
4.86116578
13.90625000
12.12500000
22.00778213
6.23926529
14.12027829
4.16438719
4.60058843
10.94775266
0.14111453
11.91536126
8.85221686
3.06054688
12.09375000
9.82031250
9.07031250
3.48242188
16.74023188
16.60449468
3.73437500
7.91796875
2.81835938
17.80696532
20.29426751
4.59635749
13.56380125
2.93880374
15.72322508
2.19108156
4.34375000
12.72656250
21.72524380
6.04851839
7.00032469
6.68294437
6.41596222
8.64843750
7.28515625
1.11621094
0.70564446
10.43652344
19.00065436
8.72656250
11.96875000
3.01432126
1.88020999
20.97948970
7.00683843
4.76953125
1.46289062
7.97883533
8.08398936
4.51530031
0.88769531
6.09765625
6.82941379
2.11589871
11.63474070
12.16994680
3.08203125
6.01953125
7.62890625
0.10467529
1.08300781
2.23242188
5.89355469
0.28108641
7.70280031
3.76757812
9.67187500
10.52766844
1.94694093
9.41406250
7.98437500
12.54360816
4.01498559
13.28548094
2.72233156
8.74218750
0.47084222
19.42056876
14.81055186
6.80761968
15.72524380
16.11557402
17.19466312
5.08984375
5.04784907
7.26041999
5.05468750
7.74218750
1.80288800
3.03386247
5.42545656
1.55078125
4.47265625
5.13247784
4.64877216
1.28808594
6.22688719
0.24869875
8.03906250
4.61718750
6.28613281
11.30371094
6.06282469
12.64420656
6.62890625
0.71728516
10.71939938
1.59049562
13.67155031
14.31250000
9.12923094
2.28873781
7.99641844
1.67480469
4.70670656
12.36360594
5.26171875
7.15592531
15.48502438
11.10091312
1.84179688
9.89843750
5.67578125
3.78709193
10.78704129
20.09538093
3.74576906
14.70735594
14.48419189
16.13281250
4.34944703
0.39705445
3.06640625
12.07226064
16.49511968
8.28418218
4.58593750
7.71484375
2.26367188
15.07226064
4.08789561
1.10839844
14.22298094
2.66015625
4.94498781
6.73046875
4.17187500
14.51204095
3.72916999
14.87109375
11.84798094
5.84798094
15.55468750
13.37759752
3.96159685
8.33235594
10.02310284
0.97852559
9.80110594
27.90850830
5.86718750
4.34342531
12.71093750
9.76562500
8.41829344
1.47233156
10.15754876
1.36686530
6.65494127
3.53255873
7.06640625
24.33203125
17.79785156
8.02460329
0.34974484
4.42219969
4.21419437
0.56933594
7.67478724
3.35808621
2.18197030
16.80859375
5.84863281
14.82031250
4.01171875
6.67187500
10.41894282
5.32715093
7.31640625
8.92968750
10.52343750
18.39712379
8.33920434
16.70703125
16.81250000
12.35644282
5.39355718
1.91796875
11.35604184
4.36295656
12.60937500
6.68574753
2.16178967
2.06445312
10.77831782
8.24511968
7.31347407
13.31738530
11.76011190
2.24188026
5.91341312
6.80859375
7.67578125
5.89094969
3.00585938
14.74641844
4.47070312
3.00325687
10.71875000
26.20312500
12.06314938
1.86067874
9.92252438
6.69075687
7.69205563
1.01204593
3.87109375
12.23242188
1.18601462
5.26920656
6.36718750
12.36360594
10.63312722
4.80046653
9.81429078
9.78125000
1.08495969
10.43326906
4.71451906
11.34798094
1.07389406
6.02376219
2.58951906
10.62271720
5.17610594
2.77344248
1.05460384
0.29223820
1.27522828
7.60498047
8.61360594
5.65842920
6.08571143
9.51562500
14.67187500
4.15885500
21.65625000
19.37695312
11.80435284
3.36752216
9.33414672
7.05647828
12.66788072
10.99609873
2.86263187
10.19173094
2.11425283
12.13541999
5.40625000
11.72884281
6.13671875
0.94628906
1.53385500
5.94921875
1.93717282
0.14241703
4.09375000
10.30500222
3.40202903
9.69889157
16.46158688
33.20735594
6.63118905
8.05786133
9.97786126
8.86230718
3.69108156
16.97721188
7.29394282
10.96322030
0.22265625
6.03125000
21.42805408
14.57780529
3.14257812
8.40266844
5.24186281
8.17187500
33.65926361
11.20312500
1.03222656
8.98079344
2.05240968
10.33593750
4.40234375
23.46093750
28.14485594
4.65592531
37.20539783
19.87304189
2.69890403
10.69238032
2.37629876
1.36003186
12.67610594
14.10122784
3.87891622
0.92578125
12.67610594
4.07909907
2.61784186
8.50781250
11.10156250
8.19173094
7.37109375
3.84342531
1.17773438
2.12304688
11.27343750
26.51832199
16.22203915
0.12947757
6.02343750
1.05566406
21.81379876
11.97851064
9.27621232
17.76741578
9.17805408
2.14274670
4.92968750
7.19596188
11.58821532
5.77246343
18.71516844
1.30045656
0.06155586
3.69726562
0.73665282
9.79264406
4.90330785
7.09278590
6.89876219
9.03483156
8.45799535
4.08993427
10.78841312
7.63606937
18.55483489
2.46860261
14.22656250
5.19531250
1.78613281
15.38247784
3.77409685
13.70670656
6.73046875
2.15234375
16.01985594
2.15201906
13.50992672
3.47981937
11.05631344
16.82405765
15.94661126
1.01627936
13.22069814
6.53320811
20.80663564
7.80273936
12.51855469
20.62564938
3.31835938
11.30826906
8.04264406
3.57617188
15.64550532
16.08658688
2.54948249
9.94889406
2.06250000
3.77343750
0.00242043
20.66698970
2.68066655
6.08235594
19.77213625
6.72265625
17.99283688
6.50325687
1.94140625
15.25000000
2.92968750
17.33723626
4.65136968
17.89322252
18.59278091
11.45735594
3.78092531
17.09504876
6.40169437
2.26106937
30.19952350
13.86427526
8.42643561
3.27148438
7.30859375
4.44531250
6.60937500
6.01953125
1.19140625
8.58658688
6.98763187
9.12141844
4.04589595
1.40299811
13.42936032
10.16341312
2.39453125
14.46093750
11.63281250
1.43782469
12.01334718
1.77343750
15.25976064
11.26009530
7.37500000
17.62500000
7.44889406
6.94921875
0.04492188
4.25781250
8.61718750
8.16406250
0.01225281
9.12206782
10.26953125
6.68294437
3.67740968
20.53514628
6.65625997
5.30859375
13.31250000
9.12923094
6.74186281
1.04687500
14.64062500
13.01692376
4.17838874
11.75423094
2.61686281
7.57454344
7.30826906
0.29926536
0.03795388
14.28906250
5.36621094
1.75683594
6.27766844
12.25358156
8.31314938
2.25000000
9.15560062
10.86718750
26.15863034
6.96636966
2.81445312
10.89029034
12.66862810
10.85480940
1.88314716
4.85937500
12.55468750
0.29931641
3.26236813
7.03816399
4.91243905
5.75358156
3.39453125
1.94531250
3.27148438
1.75227782
2.60123781
15.33235594
0.81364015
8.59375000
3.35546875
25.73071289
4.51594969
13.58951906
2.28320312
12.59162456
1.13656388
13.04085328
0.34838992
9.72298094
5.04655031
3.27734375
8.46875000
0.08502197
11.05891844
0.94791750
1.07112049
6.43522717
5.46679189
5.52930186
3.75390625
4.31314938
10.00000000
4.19173343
7.33203125
15.67610594
2.68326906
13.19759032
1.52018312
12.97590814
13.54622562
3.20638187
12.70166016
6.89126579
1.07951788
9.64420656
1.89062500
18.25064938
6.17122562
2.05664062
9.04329344
4.79262911
2.99806183
0.26196289
0.27392578
4.15683834
12.33170656
8.45768312
17.70214844
2.38281250
9.15535461
5.48828125
6.33634461
10.88704344
2.78678468
4.85937500
14.36718750
0.16857910
2.57649657
11.62076906
6.67382812
23.32324219
2.98632812
7.25992797
0.30208375
0.44165039
8.10156250
11.83300532
0.48486577
0.69091797
15.03807846
18.40593029
0.58609486
7.95532512
5.54687500
5.85188719
1.83756593
15.09830563
4.30078125
1.48242188
13.66048094
1.57129155
5.85708223
6.54526152
2.04101562
4.14062500
0.48559570
6.33626219
0.50944093
2.95312500
0.96923828
3.95703125
3.51855220
0.48388921
4.00000000
0.05041504
0.55175781
2.53125000
6.00781250
2.41666501
12.22528092
0.13393298
3.35969969
0.87255859
3.74576906
13.66601562
6.82063719
15.39973377
3.71257092
4.16406250
5.09733156
1.58789062
10.22656250
0.67187500
0.16762205
0.27506593
1.61621094
2.05078125
1.56933594
5.73762938
3.27897218
0.03598022
0.05840026
0.07529725
6.01171875
5.38281250
5.53287345
10.83040780
6.72070312
9.09439938
10.57747562
4.72656250
4.39453125
8.17968750
9.11490470
2.73795656
11.78727546
0.52734375
5.14843750
12.12500000
8.93456782
8.29199468
2.71435547
7.85969969
8.63639406
0.52734375
3.39876219
6.47167720
3.88183843
3.35905031
4.00935727
1.06920005
4.90154522
5.59765625
8.66406250
3.70117188
13.23567669
12.57811641
0.35995491
12.63930630
4.16928745
0.99535458
2.03873781
0.38102297
4.04947751
7.08919437
1.08886719
1.12792969
5.08203125
1.90917969
0.22583008
7.95897939
7.26009530
2.31412843
13.39477539
1.30371094
1.89225094
10.38997562
4.40006344
9.38216312
6.13671875
12.10156250
25.25170898
18.83673712
15.00390376
4.40885749
5.00000000
3.63867188
16.00585938
0.70611572
0.64103024
12.45735594
9.01790032
2.36751717
7.96549892
5.40983156
16.19562722
10.34343528
3.34765625
4.26530031
7.23079344
2.07828361
11.38464854
1.24869626
8.31668476
13.56217531
3.96939938
6.07356937
2.33404499
5.25750775
2.38867188
20.68391844
8.44075438
1.81054688
3.53645999
5.17968750
4.81250000
2.50390625
4.90234375
2.04101562
1.53456292
6.79557624
11.98079344
1.80761719
8.49576906
1.96777344
9.47656250
6.69870955
3.63136857
5.12711547
0.17464234
8.38605940
3.12840876
6.46842531
2.63541501
13.72167969
4.39225343
7.71093750
1.98762938
5.06231744
7.00032469
8.14420656
0.52302977
1.19401125
30.71288564
1.23242686
5.38004391
4.45540531
0.66162109
9.43750000
3.17578125
7.29687500
4.69531250
1.31054688
1.72460938
0.44417235
0.55192140
2.65527344
3.25781250
2.35742188
15.75781250
4.28580563
3.94400876
9.97721188
6.76367686
14.41471188
6.76171875
13.48372562
15.57454344
5.93326906
5.48437500
2.56250000
5.83203125
5.56803909
2.20020279
4.77734375
28.54491689
7.45508311
3.23486328
8.02083001
3.35807624
10.93586658
4.97428967
2.96744626
3.85872562
17.42163086
17.96386719
14.05468750
2.33618164
4.10156250
4.05078125
0.37218989
2.82257785
4.29526152
6.68359375
9.70442376
4.57617686
4.37890625
19.11783688
0.91243656
33.78742908
2.25195811
2.63606218
2.95464767
2.57260527
3.93945811
3.80338376
8.20377438
4.13541999
13.56852172
0.20426391
2.27653078
9.73079344
5.83932182
5.58613474
4.46140377
12.34310062
4.42968750
1.93847656
7.74820922
32.13883422
3.94889406
8.21516844
4.46940187
13.52343750
1.16234604
7.30567154
2.19140625
4.08039285
8.56218528
2.18554688
4.02734375
1.85253906
0.81835938
5.32681627
14.66146498
1.95247313
5.72786669
3.22070312
3.93359375
3.81607159
6.23861591
4.92187500
10.66796875
8.68814938
10.56608156
4.17155031
8.11067376
0.63590827
5.48860594
12.20670656
3.70442376
2.85335453
3.51106937
3.21289062
16.64247417
11.62923094
7.16764406
16.99250970
3.30989749
6.79655031
2.71256593
16.39192376
4.60514655
5.98046875
10.38834220
4.76465093
8.24153812
4.53515625
0.54394531
21.07226562
4.61328125
5.05078125
7.96875000
2.33625970
6.61979499
9.17773438
6.78515625
5.95735594
6.40592531
12.78548094
3.28970690
8.00293716
5.15234375
6.07031250
9.23242188
3.42968750
32.98437500
0.91357422
6.27343750
0.92480469
1.35156250
9.24834664
6.06415336
2.78527832
22.37792221
7.92285904
8.10131836
32.12890625
11.89908688
3.40364749
10.85937500
1.92414783
5.59147717
2.07812500
11.52766844
1.68741696
6.10481937
7.93326906
8.88346188
7.55075271
6.14453125
9.64550781
2.51367188
1.97851064
6.28320811
5.30078125
4.38281250
4.77734375
8.35937500
3.51692376
2.33268561
2.90494626
3.84147218
6.48014406
1.20996094
1.97949219
3.45442376
5.18620124
11.08593750
1.41210938
6.19140625
16.47656250
8.23437500
5.91617797
0.20430543
0.31890869
0.51757812
3.42382812
2.11523438
4.69074690
7.95410904
6.91991689
0.86393811
7.89614473
4.84604277
0.61767578
0.64501953
7.10546875
2.02774400
8.95394545
3.82942376
4.54557624
2.85644282
3.38118407
5.19098349
6.70247562
6.30078125
7.26953125
1.92871094
3.14810783
1.58236092
3.97004876
4.37630374
1.79036624
4.28125000
4.76562500
3.79524657
1.01725343
12.81673094
14.10156250
22.78483156
5.02343750
7.60969969
8.22656250
12.17317376
2.94173592
18.02929688
3.26562500
6.59375000
1.57910156
1.29101562
0.00749588
3.87988281
1.98396478
7.88151374
2.73828125
7.42219969
4.22233156
13.55598626
4.70963874
4.12890625
1.51545144
1.58822528
7.87435062
15.39908688
17.31608156
4.53483156
7.44531250
6.49641844
16.31103516
4.99967531
3.32420878
2.45899434
2.44107907
4.58138187
8.02343750
2.39583001
4.48698249
6.62369127
5.54793959
16.23437500
3.18164062
2.10156250
7.68261719
5.13281250
11.72955322
7.50650876
8.87858156
3.43847407
9.19401374
13.20735594
1.49576906
6.07421875
6.62890625
8.95849609
4.33105469
3.12304688
1.27994626
5.50716312
3.70507812
7.69173094
7.43521720
9.51790780
0.91389891
6.11263187
3.65136470
5.51855718
3.16697474
1.79005651
13.22721188
6.70247562
2.08593750
4.10156250
2.36328125
5.35847961
0.04600037
2.77212877
3.67318373
6.71256095
7.73665780
5.34081782
1.60449468
32.08820036
5.73211214
2.46093750
0.71943841
18.08538818
20.44531250
2.31250000
22.54393285
11.74122340
4.72656250
11.12064606
0.01703400
17.17447252
9.02865248
20.09375000
11.74820922
1.42480095
5.81217531
7.54166999
5.85937500
24.51692376
14.62011968
6.88639406
15.38757324
3.99641844
7.35905031
3.35579344
3.09147218
12.77896720
3.16634530
10.78125000
8.35758422
1.92073609
5.41015127
9.05371592
16.65266844
5.31250000
5.53515625
9.15983156
17.38704344
5.96548316
2.65528590
3.68129849
1.27280307
4.27734375
3.04101562
12.39485594
6.68326906
9.60937500
7.92968750
6.32421875
2.85937500
1.73535156
11.22980940
4.29785904
2.09733156
9.92870845
6.73340093
12.88500977
11.75585938
8.10937500
2.18164062
1.72851562
0.82568359
10.42544659
4.63314716
17.12532469
2.77311281
9.87564938
15.60937500
2.62825687
5.75872183
12.27854631
8.91732934
4.11718750
6.25390625
2.56250000
6.04003657
2.47558843
4.52343750
19.67089096
4.98926529
5.92968750
9.97656250
0.79931641
3.45507812
10.15179443
1.62695312
4.22265625
11.80077128
3.00391622
18.03039551
2.91601562
9.02148438
9.27766844
5.01985594
2.85677249
11.81365292
2.81185062
1.38964844
12.17089096
1.55176529
8.93012326
11.96190160
4.35776152
0.34619141
18.37806892
4.19758782
6.67057624
14.89843750
7.01204344
16.25236086
6.83203125
24.09927970
8.18418459
4.68098626
8.47396498
11.91673939
6.75129876
3.75977061
0.92480469
28.57226313
31.39583499
14.22867797
7.73160766
2.37239749
21.61425781
24.14257314
11.70182624
1.51139406
5.69303468
7.07095191
4.16732934
3.67773438
7.93374114
9.57602448
16.96223626
4.12109375
6.81152593
17.44108156
5.84375000
10.30957031
14.64485594
15.54361564
7.15853280
6.67155031
7.00000000
13.88834220
3.57259530
10.19018305
2.43847905
19.25976562
13.81673094
2.19108156
4.16796875
7.62109375
2.05273438
10.13020252
8.44280111
4.03385749
24.35660641
0.54183109
14.89485345
2.34440436
16.58012229
3.90072030
4.26562500
4.40657469
35.93359375
11.50227782
7.90560062
11.48567376
6.96745124
9.56867908
2.08561779
6.94140625
7.28189938
14.58414672
15.49397828
1.43001468
1.89941406
9.73079344
8.16633533
3.10287123
19.84699690
5.78581560
10.90625000
12.01204344
3.17350343
0.39379883
3.22151360
36.84049811
15.75421100
2.47267619
1.67642814
12.60217784
3.30273438
0.65283203
8.62043440
1.39942154
9.50097656
3.30240968
1.29687500
10.06770501
14.80729499
3.31835938
7.75389628
10.80372091
2.89648438
33.53808594
9.37500000
14.82096188
2.02669437
0.82275391
16.24445036
3.16570589
14.12410399
4.52620360
9.04751441
13.95704122
1.63737311
5.47656250
0.25317383
7.64549535
6.61622340
5.94531250
2.22645789
5.43652593
3.94075687
21.63631102
6.67155031
1.80664062
13.58184213
5.99740248
1.34765625
5.70181627
1.19857435
15.30533688
12.69075687
16.10156001
3.73730718
7.68131095
2.18587655
9.40429688
2.49837157
3.12272218
10.72721188
2.77880984
0.09688355
22.56857491
3.41340814
18.11393561
6.57031250
4.12141844
1.64323000
8.49641844
0.25992922
5.74706782
3.50488530
12.42968750
7.95929411
8.63054964
6.16406250
5.06005383
9.00846188
4.76008035
4.36231715
4.92610594
14.41861564
12.24218750
5.39258311
17.87410399
12.22265625
0.46549562
10.27945922
0.02089478
11.83235594
9.32389406
0.06927490
8.77213376
29.72737796
4.81932846
20.92740470
12.37826684
2.75064938
18.66341312
32.35579344
7.93294188
7.30826906
11.61295656
3.28515625
3.08007812
0.35343258
10.44661624
4.30110594
1.48600343
11.67968750
10.59798094
3.01725343
6.33626219
0.04655031
6.68314606
7.70552582
4.84375000
1.16210938
22.42643063
10.06204510
9.18326906
3.03678468
11.09863281
3.42578125
0.24108887
11.32617188
5.90625000
15.34798094
28.70442376
3.07681627
2.27898215
1.34472656
10.09439938
6.95865470
1.65593029
14.18489500
11.51950005
7.34765625
5.10937500
13.05729001
0.20882328
4.51692376
3.99870124
0.88183594
9.75976562
4.85937500
7.46093750
16.83319517
25.99283688
7.94824468
4.47265625
3.34960938
7.81509752
5.54508796
6.13606937
2.35123781
13.18750000
15.21093750
4.34342531
16.05305408
7.71745124
2.74121343
4.52734375
11.35937500
4.91015625
10.18750000
2.11946532
7.74739251
13.95312500
4.06868905
10.12890625
37.42643063
3.21810062
12.91406250
6.23795407
4.04622562
9.87141844
4.55501219
6.25716312
1.10546875
16.62727782
4.62532469
10.39552058
12.14746343
8.44466312
7.01627438
11.10514406
5.71451906
0.73177000
1.86230469
0.79801515
5.49609375
2.19335938
22.15852283
18.98014904
4.92578125
5.70377438
12.00716312
9.09375000
7.93359375
2.18750000
8.80305408
4.74382092
3.67968750
17.25976064
21.76009530
11.59764628
4.62859153
1.95410156
1.75707946
0.06213441
5.99250970
2.20768561
6.09765625
4.35285628
2.22982435
4.74576906
6.18717531
4.26171875
1.48518673
2.45426640
1.25878906
8.13346188
13.63411126
5.49023936
2.51463598
1.88770777
7.44921875
10.80533688
2.38802249
10.27440160
0.77442652
38.24218750
9.01953125
3.31054688
4.77343750
10.00000000
0.66951165
13.73502936
7.76367188
3.76171875
7.46875000
18.96875000
13.99641844
5.40983156
19.92121565
3.70052748
3.66341312
9.40298316
1.92514184
2.79296875
7.86816406
6.13020501
4.26432624
8.55110594
2.83756593
11.38052970
2.33431405
19.01952128
11.83204122
10.76692376
12.90982159
10.13184840
2.39274047
4.12743019
2.81186059
2.69726562
11.34016844
3.70864972
3.10938497
12.28906250
7.84212157
3.23437500
3.70280031
3.11328125
4.66438719
3.42936281
8.08235594
22.79397583
9.07682375
4.96875000
3.09960938
13.25781250
3.70898438
7.54719969
11.28906250
19.42478724
8.47853058
4.56901374
0.00120735
1.34448242
8.69531250
7.62500000
51.86425532
2.82715093
8.35156250
2.23532956
3.24544437
11.18750000
3.93587157
14.22298094
0.71419437
7.56673094
3.37304688
14.62076906
12.51170878
3.19564716
2.51530031
21.09764077
1.28809092
2.10546875
12.88602914
2.44963328
8.31610150
14.92089096
6.95508311
19.98957503
4.28516622
4.47623781
1.64453125
7.38281250
21.24902344
11.35390135
3.25161597
5.51107934
2.41764406
16.96395728
6.32813497
14.65169437
3.37036133
2.18164062
18.10969969
8.99218750
0.61686281
3.55273438
15.24218750
17.02489362
32.43815935
5.07454469
5.48046875
4.00781250
3.02929688
18.05078125
11.03259277
17.68847656
10.33203125
3.40429688
4.53580563
17.82812500
4.15560062
5.85546875
1.27246094
2.28743407
0.12711672
5.77440160
17.15723404
6.94401374
6.47021609
0.51847289
19.09733156
14.95833001
7.76074468
12.25000000
8.64043193
2.73015403
8.75781250
12.18196532
6.08658688
16.83687503
4.02489985
5.91048094
6.35775155
6.59179688
21.14434052
8.65625000
3.35693359
16.84375000
10.24641844
3.12467531
4.02994127
7.72689467
1.93750000
13.03125000
2.63816116
2.33498337
0.14709473
0.52066891
5.34439938
7.14829364
10.66406250
7.36002438
10.49153812
1.22086173
5.67415780
44.22330563
11.05745609
3.36913564
3.93706894
8.79492686
7.66601562
6.42578125
4.16015625
14.36783688
11.42122562
10.72298094
3.98405031
10.78906250
13.72656250
12.78189938
2.84310062
14.51562500
7.69270501
7.10058843
1.94694093
1.95800781
11.30728502
7.33333998
16.07812500
3.85839096
2.44043716
28.76985594
3.13151125
0.23604246
2.09928468
7.57421875
1.98795407
4.47981937
14.48182180
11.38541002
12.72201684
4.64729485
4.99479499
3.91455078
5.62109375
9.98437500
4.21093750
0.34399414
4.61718750
10.40625000
12.20377438
0.56722171
2.65039062
10.54687500
0.07458496
16.07811503
9.37500997
5.15266844
5.28483156
3.96939938
2.52115968
2.55631593
3.39282227
34.65429688
5.73828125
3.24527953
2.81054563
3.05436281
7.84049313
1.63672124
47.87695312
10.08398438
8.94954344
4.39094969
6.70638187
1.63183594
2.31640625
12.29687500
4.06184813
6.88671875
5.83951906
5.11997454
9.72591312
3.60937500
1.30175781
6.96093750
3.13085938
0.33276367
14.85579344
13.31315187
3.49414062
16.49641844
1.52897218
11.73079344
5.18326906
3.82421875
3.05436032
0.11271055
7.56307070
20.56673094
1.68229250
0.69775391
9.75129876
13.04166999
8.44531250
11.69775141
5.01074468
0.02813721
3.63012695
12.65625000
11.53906250
11.07714096
2.68848404
16.31250000
5.69563719
4.21061281
8.94173094
0.24918703
17.99479001
17.47233156
12.38639406
0.14025879
10.38281250
6.48502189
3.58822030
8.10156250
1.43033688
7.03873781
10.11327128
13.95085715
4.02571532
7.86686281
5.49218750
0.51887689
2.35612311
7.24251219
15.21158937
13.02848141
3.97591312
12.41524168
0.96663328
6.98111813
9.73128546
0.68538453
1.91510773
7.51187985
3.15950687
3.72460938
3.71158688
5.05501468
7.02734375
0.89265930
0.86661805
2.15625000
7.59496572
5.14681405
0.46110109
6.17578125
13.08854001
16.69627660
1.04721464
13.86494903
0.24418183
11.30110594
5.65364251
1.06608405
11.08170656
4.53710938
6.32812500
3.26562500
2.50390625
11.16617797
0.16609742
13.95754330
4.71061281
2.76530031
9.64843750
2.33984375
1.98144282
7.09668218
1.27539062
4.66796875
5.69921875
4.65657469
1.86100343
18.44732094
4.63671875
13.51562500
3.24592642
0.22672983
8.61621094
5.58984375
5.90625000
8.71093750
1.45117188
12.84977172
4.75179078
14.34065423
9.53060062
2.09700687
2.83984375
12.85953610
2.85514406
7.60296709
0.10380051
2.81916985
7.97168218
3.29459718
6.29199219
11.67610594
6.17578125
2.89615968
1.82128906
7.72590315
8.18034685
3.69140625
2.61914062
8.14062500
7.14062500
9.72622784
1.71517841
13.45377438
18.98795656
7.13639406
5.27376219
11.68750000
10.48014406
0.21252441
4.45800532
2.95801030
12.30468750
5.44140625
9.68750000
11.19236081
16.62858156
17.92187500
8.69108156
17.48437500
6.80859375
4.73046875
1.44531250
11.08268063
5.48763187
6.17252438
4.48763187
1.50488281
6.12141844
7.23111813
7.94466312
4.63378657
7.16731937
3.22493656
13.14062500
0.62548828
3.04101562
8.76041501
3.14388187
6.13671875
2.51953125
0.60986328
2.01024144
1.51661402
6.58203125
5.14094969
1.50000000
2.75944093
10.92708250
3.62076906
12.68750000
21.71158688
13.70312500
2.93685062
5.78125000
6.98046875
1.59472656
14.41894282
6.58756593
5.09310062
8.00000000
3.81054688
2.79687500
10.18814938
7.26497562
2.89453125
25.67968750
22.06900377
3.25195811
10.43685062
3.53125000
12.58593750
2.76033196
4.69043218
1.67643312
1.24511719
7.35937500
17.14192376
7.70182624
23.58874013
11.76660655
8.59798094
15.36295656
6.24609375
3.51106439
4.87612064
3.65820312
2.32942874
1.24414062
11.26300754
1.22917996
10.53840315
8.41081560
15.66910517
4.18050421
12.58593750
0.81282469
11.80501219
5.29052859
3.29085328
0.38216063
3.83170656
11.02603502
3.28255873
1.38183594
5.16406250
5.54296875
14.11360594
15.89550532
14.76139406
5.72200687
0.42504883
1.87955812
4.26204344
1.22330812
10.47656250
10.21516844
1.07682375
2.06250000
17.44921875
1.98925781
3.29882812
14.55110594
0.78776125
1.44238281
5.14843750
7.62500000
9.46875000
9.82421875
13.87253990
4.11574135
19.73502438
2.95833499
16.32096188
1.51302249
13.00976562
9.87207031
5.32421875
8.92187500
5.92187500
1.83398438
5.59407469
7.26334718
2.37109375
13.98860594
20.60937500
2.44498781
7.97265625
0.74609375
10.75064938
8.57747562
1.37336409
5.52409685
5.53548094
5.53873781
12.63704344
2.76106439
10.25228280
2.81802721
8.61458998
12.38247784
3.04362810
6.78092531
2.75585190
8.88379654
1.72753906
3.09357893
5.55567154
13.09375000
12.58951906
1.73860594
9.61360594
2.90169437
5.52473626
18.47591312
12.79622562
11.21093750
4.01953125
7.07844969
5.48405031
4.56379876
3.85026374
13.14647939
5.68164561
9.07812500
9.67610594
4.58951906
3.84570312
14.43750000
9.50976064
11.45408910
2.37599401
6.55501219
5.03157469
2.33235345
4.50586436
6.26594969
10.57389406
5.18750000
25.13647461
2.16796875
10.17252438
13.17724734
2.42952515
23.03295898
6.97656250
4.05078125
2.34179688
13.09659353
0.63192209
22.81671100
19.62337904
4.37403590
6.39778812
15.02766844
0.16324953
17.33788564
5.40430186
3.17773438
3.94139628
1.50814716
4.33951906
7.66861813
3.28060062
2.41601562
6.39908688
12.36474734
1.28401734
10.07031250
7.46687321
14.19922872
2.29882812
9.16829344
4.42545656
9.60579344
0.32194093
20.49432692
4.55729499
10.71695922
0.03249146
2.19726562
9.43163564
8.74641844
4.35319592
0.89062500
6.34407469
7.87304189
8.66569592
0.06085205
11.86295407
13.75504640
3.17545656
10.40625000
2.17773438
16.03548094
3.87239251
3.32682624
9.46451906
2.68750000
0.02114868
1.37207031
11.97298094
4.50340925
11.54273271
3.14257626
9.33463874
3.27148438
1.91210938
1.82421875
16.68310547
14.02473626
1.30729499
1.15136719
14.39387689
9.92675532
3.61100842
8.60774657
5.60807126
8.05403812
12.03906250
1.83756593
1.99609375
1.17382812
3.36523438
2.26171875
11.21093750
2.09960938
17.83645630
12.09375000
12.64843750
0.61132812
3.89453125
2.01887938
3.44008755
4.50099401
8.47656250
11.45312500
8.00423094
0.96484375
7.37858156
13.07420878
3.43360372
9.67968750
7.10577350
15.80112588
12.68587406
9.69465814
5.88216312
5.56380374
3.71875000
10.17578125
8.64843750
17.87629876
10.92057624
2.31640625
10.03714872
0.11324191
8.14062002
2.61719248
21.99396831
4.35905654
9.43750000
6.70215093
6.35156250
11.48437500
3.63866689
3.15039561
15.81250000
9.33593750
3.60742188
10.72069814
3.02539561
7.61751219
9.82193595
10.80273936
0.85791016
10.05012190
8.77800310
18.53774687
11.27343750
9.33951906
5.74739251
4.60026374
15.29589096
1.13281998
8.04426751
0.42830009
10.65763741
5.22070312
18.59350586
2.43945312
16.54329344
9.82389406
22.54382324
19.94921875
23.24609375
19.10937500
14.84146720
3.96322030
8.92675781
11.50585688
12.79199468
8.61816406
3.99804688
12.36360594
5.10969969
2.22786624
4.24380597
7.43783466
1.23828125
4.67284907
8.20247562
13.44889406
10.95800532
2.46777593
9.31201172
2.12695312
8.65266844
0.19718508
12.22330563
5.49544437
14.74120346
2.24903091
4.10188719
6.12174313
1.76269780
11.75747784
3.98080341
1.09179688
10.80077128
7.25162345
2.65073027
3.65234375
1.72554192
15.13379155
4.68750000
17.21061281
4.02343750
6.17578125
4.89135742
3.57827759
10.99218750
6.84114251
7.86230718
2.25683345
12.23055854
2.15820312
9.47557846
17.43946060
10.14053697
12.64583998
12.73490687
5.96941683
5.63639406
2.81803468
4.16796875
11.76464844
1.59082031
3.08203125
5.27376219
2.69604554
1.43253601
9.97298094
2.19710328
6.66194703
6.69921875
5.04785156
6.71875000
12.06070922
12.73062860
2.47331061
6.39192376
2.96159186
12.14062500
1.77343750
2.45312500
13.03971188
1.51334718
7.75357658
2.89062998
7.29394282
2.12793218
9.96093750
7.28125000
4.36002438
3.10709718
10.82031250
4.30826906
5.05208001
5.51823249
3.44335938
7.37500000
12.60526364
7.83170656
14.54036126
7.27572030
3.98632812
15.42675532
9.04980718
5.48046875
10.16406250
6.64583001
4.11198249
5.71549313
0.60237796
2.66406250
13.32096188
11.34798094
4.98600343
8.07747562
4.66438719
7.05436281
8.33235594
8.85156250
0.70186433
0.54097504
4.42968750
11.98925532
8.09927970
1.30404310
4.67610594
1.82128657
7.58073249
8.34798094
0.20548586
2.25646973
3.43554688
11.17187500
11.09375000
14.56160461
0.66691101
18.86145020
3.06640625
16.78906250
15.28255125
12.09147218
1.31181908
3.36718750
10.59375000
12.64143797
4.76652039
6.22143617
4.84977172
1.14143922
1.89062500
9.52652953
1.30288102
1.77832031
9.98079344
8.50358156
1.24218750
2.21679688
8.75000000
2.68737793
9.19139628
5.61719747
14.36718750
1.39648438
0.09887314
6.81250000
15.15228271
8.14843252
5.18555186
7.70520020
6.25000000
9.82031250
3.61718750
7.89062500
11.68814938
13.26008533
5.82552748
8.49576906
15.26660156
8.96875000
14.91406250
1.90625000
10.57812500
12.57096188
1.33073000
3.38053468
9.39062500
7.06673094
0.87076906
3.44921875
1.44433594
0.00381088
3.58040282
14.19173094
5.83382203
0.16626101
4.70312002
8.36947030
10.48502438
1.64746343
8.78125000
5.80468750
0.00439072
5.53125000
11.64257812
1.68261719
6.79508422
0.37679078
4.60546875
3.22656250
9.26562500
2.35937500
0.54784845
0.10815741
1.79882812
7.42610594
2.57194093
1.10644531
18.17658425
9.55896993
2.44108156
9.10937500
8.07031250
9.46581782
0.59961187
14.37359370
6.60058843
2.14044645
1.42547151
2.04492188
7.88053219
2.78157718
2.08593750
6.18359375
0.50097656
11.21093750
5.68750000
21.99243164
11.77050532
15.57338201
4.32086182
0.67822266
5.31852172
3.81233765
7.64786680
0.40682070
8.30110594
2.27506593
7.01171875
0.04562378
1.65364500
12.85122784
16.37110372
3.96679688
8.99283688
5.19856937
2.27571532
3.94108156
12.52343750
8.48437500
0.62451172
7.82812500
12.20312500
7.19140625
8.24218750
11.74021942
0.51759308
8.90820312
1.19531250
5.84375000
8.38281250
6.45703125
8.48437500
3.41015625
1.97851562
11.27588195
0.83837586
1.84114500
6.87467531
0.17800779
0.43017703
11.50781250
9.36815908
3.68945811
20.00602172
15.11539672
13.82519282
5.73698249
2.20312500
2.37109375
4.78548094
0.48942140
5.18750000
7.64876219
12.89062500
11.68522218
7.37109375
11.50000000
2.92187500
3.45703125
8.24218750
2.92984985
6.97054078
6.46516844
15.33170656
9.46777344
1.61832641
0.77652455
1.19505180
1.80951130
0.60742188
15.01562500
5.42610594
14.67610594
6.89030031
1.72330812
9.71776596
1.55371841
13.37434065
2.99284685
16.51562500
13.29752438
6.87044437
7.30924313
2.82617188
11.16341312
4.18001219
8.02701906
14.48437500
6.03125000
2.59570312
6.99218750
4.36815659
4.46615248
5.99576906
11.78189938
11.53254876
8.81608156
2.23470467
11.76562500
3.80761470
0.55322515
2.00195312
6.78938719
2.13997313
5.97200687
18.29995457
4.56365137
4.56803468
3.48046875
5.63704344
27.00032469
7.72656250
3.38997562
12.67968750
5.10156250
13.01203846
2.69303967
8.20735594
0.58789062
2.90983156
7.53645501
7.93261968
1.09635500
6.10221188
5.83071255
4.84051307
6.82633422
0.50618531
12.23681516
0.10913211
8.93424313
11.76692376
2.33398936
2.68164062
7.99414062
2.15852782
3.66959718
18.87996336
9.09016844
13.28060062
6.65689938
2.78092531
3.21451906
12.38346188
3.46809564
7.09179688
2.85352061
4.63525391
3.91406250
8.90266844
9.41406250
0.35465578
0.20226376
9.81966312
15.83040282
8.61295656
0.12854004
7.41829344
17.34375000
11.82096437
13.49218750
0.40551758
5.49975399
1.24926945
1.43261719
7.84585550
7.47356161
1.16984070
13.64875222
5.08269309
0.78662109
7.94140625
0.29569488
0.10793061
14.25781250
13.48795407
5.28450687
6.85139517
11.39176640
7.49511968
16.52832031
4.54329344
1.90885500
9.70133422
12.77619238
4.59529477
0.58342863
5.13281250
2.46695797
6.31575687
7.84407469
9.93391844
0.97200687
11.33658688
13.90983156
4.18326906
9.82812500
7.03971188
21.83919437
1.95117188
12.86328125
7.24087877
13.14583998
8.25781250
2.01562500
11.12500000
2.25976562
18.96288564
8.83756843
6.27669437
2.30273438
18.50291224
3.31381870
11.08170656
4.11979001
7.00325687
14.72998047
11.01611328
5.47265625
3.17578125
5.77337600
0.01495408
9.92187500
14.31250000
3.67773438
12.38769531
12.52343750
10.54752438
3.72981937
1.21875000
10.16829344
11.33951906
1.39453125
3.21289062
10.41031735
3.50520999
8.74283688
10.79181774
10.18342642
0.58317514
4.96614251
0.50993171
15.29360816
6.38607934
1.39941406
8.64908688
2.53841312
16.28906250
4.23046875
1.31087157
4.79068097
2.06901872
6.69075687
1.73144531
1.83886470
12.56966312
1.70768312
7.25846188
2.97005374
12.01041501
7.44889406
16.01725343
1.86132812
1.70312500
13.53906250
0.60351562
2.63867188
6.98079344
5.90461658
11.52479730
8.10547872
1.49023438
4.46484375
0.01968384
12.75781250
12.25000000
6.69921875
5.93098626
2.67057624
3.92610594
6.88639406
7.35937500
15.90576172
2.46679688
18.48209220
5.66210439
5.89486591
1.11328125
12.14158910
3.32357934
4.04264406
12.53125000
2.26562500
4.80859375
0.45898438
12.92285156
5.56640625
7.34407469
8.21875000
0.31901125
0.75585938
7.59423828
4.23828125
10.90100067
0.53601105
1.80468750
14.05468750
3.38150876
0.45320742
11.63484680
6.15983156
9.86718750
4.32031250
7.53580563
1.52311281
8.53483156
5.71126219
4.62467531
4.39453125
8.22786126
7.97526374
10.75846188
4.21419437
1.41099953
3.42872215
8.86718750
5.63671875
8.26985594
0.02677492
1.03710938
12.15201657
7.38216312
7.65234375
1.38854980
2.23632812
17.57454344
3.54671265
0.57259156
7.47786126
8.83463874
13.37500000
3.98242188
7.37109375
3.54687500
5.74609375
0.62011719
9.96190160
1.84864527
14.84830563
4.29231937
6.71826172
17.14550781
20.96516844
5.98046875
2.79069093
7.64876219
9.17382314
6.66796875
12.57975842
16.65445922
0.36832641
8.07812500
2.01920656
0.95312500
7.64062500
12.57031250
5.21158688
5.02311281
6.80110594
4.33561281
15.55436281
8.43530024
11.79394780
7.39453125
5.87890625
0.13671875
6.43424313
11.60091312
10.73242188
0.99593016
6.60026125
9.04687500
6.18359375
10.59927970
1.14583749
14.52929688
5.69921875
1.98828125
8.60221188
8.71451906
1.85026125
10.88834220
1.99495858
8.24023438
5.27343750
5.64453125
9.37109375
6.16406250
9.63899158
16.36328623
4.77734375
9.83951906
6.79687500
2.18750000
7.74998006
3.67580119
14.49641844
0.50602297
14.00846188
3.08756593
9.74576906
3.51367188
12.88476562
10.36718750
11.72755858
0.91874114
0.10681308
8.85205078
3.38476562
21.58235594
23.27115470
16.83398936
5.83203125
1.08007812
10.63102172
0.52669312
2.94132259
12.05101729
10.17269171
4.07910904
14.40576172
7.73046875
29.06054688
4.73046875
3.57812500
5.13671875
10.37500000
17.18391844
9.96451906
14.65266844
9.23795656
13.11865234
6.28906250
9.52343750
12.12500000
0.57063719
6.13069703
1.03206422
12.78555650
7.36458998
4.39453125
16.82812500
7.79361813
7.06185062
4.26953125
2.87760251
5.12109375
16.15331782
7.96322030
9.92610594
1.47819093
7.17968750
7.62500000
0.55566406
0.12544676
6.29655031
7.14485594
12.07389406
1.47656250
9.44855940
8.08822030
3.84212655
2.82421875
19.16804930
16.72493407
9.36653812
19.41406250
14.76204344
1.58756593
14.36718750
7.81768507
1.70965868
10.67097961
8.74308289
1.90234375
3.55615234
13.47069814
2.25586436
4.61718750
14.29661267
5.91731937
4.52343750
13.94531250
3.87174313
1.26985843
13.02083001
15.00358156
6.13183843
20.54296875
17.27205321
6.43977782
6.47981937
14.40625000
3.82248878
6.09765625
1.05175781
0.74267578
7.99218750
16.09375000
5.76953125
11.91406250
8.47492908
1.78678967
2.06282469
0.81168703
8.87628879
6.97136746
3.29101562
10.10268396
2.18670323
9.00227782
