0.33813165
1.24931128
7.05468750
14.29399300
1.15527344
7.52722075
3.57478945
5.90625000
12.67187500
0.82373047
7.82274269
4.20805961
5.40820312
5.78324247
3.10783023
2.26070036
3.12992464
9.91406250
3.06835938
12.07031250
3.45335979
3.01250110
13.53690271
7.43319621
2.06054688
1.16992188
9.56448250
9.22278922
17.35335328
3.26322418
6.00020169
1.18306488
5.62825687
1.90454039
1.55782136
3.53080231
2.84810394
4.32283134
2.53609596
0.47871918
4.92890764
4.41524822
0.58483918
11.44364472
0.19742859
2.01367188
3.96243795
2.23632812
3.55273936
7.57466644
2.63281250
19.60456339
10.85458333
15.28267177
5.18742132
4.70747894
7.65506926
0.27050532
5.48205784
22.61027039
4.48872894
9.57198028
12.88537567
6.09733156
9.18346825
4.60852393
8.81595856
1.41548676
15.33939606
8.75785184
3.79479887
11.03764073
2.43945312
1.44221174
3.11650376
0.50036652
3.66361481
4.01607269
1.76224762
3.06054688
0.12192779
8.66451019
10.95735594
0.23108004
9.93225067
2.26924590
4.37422761
6.31762633
3.47241273
8.56160461
0.65568055
12.77140093
2.05700964
13.12552887
5.11372894
1.08345426
7.38338320
0.71870941
19.06839872
12.85574912
7.21476507
5.57022385
15.95056183
1.96200520
13.64933289
1.39595551
8.33158356
1.31400543
0.57511414
6.92028591
2.01526097
1.69193512
0.74902344
4.38512966
0.45906804
13.76464345
0.46211326
9.40547761
2.34245124
15.80558289
13.44384641
3.36052614
0.77826905
0.05950928
0.08164459
0.72399809
6.91463320
3.18359375
1.84960938
10.82377106
3.67109763
3.26489694
13.25235151
3.29407579
9.14754211
0.27848328
8.44916446
1.86724179
7.57466644
6.45703125
3.52803247
2.96102116
5.26778230
7.12410461
0.68790711
3.56746399
0.68599457
2.35005707
3.59619016
5.38895722
6.04219636
1.19433594
9.99564606
0.49947113
4.09375000
4.27298981
0.09832764
4.88230553
2.18650154
3.01879447
6.66288674
5.35591644
1.18953430
0.08583588
8.45658356
8.74910461
1.58675172
1.18098875
7.40983156
0.69125366
14.95914672
5.52433289
7.26607269
7.14924923
13.07571920
5.20508311
5.55468750
2.93013519
5.37455231
13.01953125
8.61283356
1.93892426
2.00435394
15.94095856
3.99804688
14.04252106
8.38125361
3.79244237
1.67232269
6.47851562
0.91214996
5.85156250
4.50390625
12.40189606
5.63370789
11.45312500
5.56250000
2.28861481
16.07047111
8.06478280
4.43615692
1.86409547
10.20214844
3.20117188
18.33105469
14.17521055
13.61836326
3.09074412
7.33626219
4.10949800
8.38627106
1.45357269
2.70703125
2.54882812
6.09765625
4.57812500
6.84798094
0.63301668
0.25000000
4.60591644
5.57380435
2.70850232
1.42187500
8.70083223
5.83823027
1.12792969
7.67382812
5.06160461
6.53605164
19.60811060
3.02665503
12.91092365
0.78621399
13.06627328
14.91565658
3.02047096
8.08593750
2.26216644
1.78808594
4.16287927
4.11153479
0.31958008
14.86283356
5.99609538
2.46492741
3.59916168
4.70161957
1.33557098
4.29040558
6.41393950
0.59826754
17.10758453
0.11999512
1.94315271
6.76432624
1.37064606
15.55809021
5.56416778
0.73266664
4.18359375
5.28906250
1.19388824
10.58927305
0.47953402
0.63395141
1.34163453
1.69531250
6.67187500
5.58984375
1.59940187
7.35234984
2.93660461
2.80558289
2.83398438
0.01548767
5.32621122
8.43941378
5.08939606
7.42789672
7.00870789
4.35245789
0.92285156
1.78365082
1.67382812
9.92533356
2.14274047
11.11317319
1.92948581
1.68049673
0.05635528
13.18725399
10.78674534
10.56815271
6.66711768
3.77146693
6.44240026
0.20080566
7.52187279
4.56361701
13.32417443
16.80819038
2.71875000
8.69095856
3.91931183
2.56054688
14.72199633
7.06201795
10.71093750
5.48828125
4.31640625
0.93212891
5.60680934
3.43713597
4.98046875
1.23657164
3.71032746
3.05513519
2.45206726
12.97131161
0.26241245
14.27677305
0.39363711
3.65458160
3.63838653
10.03304078
16.14497894
8.56852172
2.64676972
7.61970634
8.55172096
7.78125000
11.25781250
0.25634766
3.84375000
11.25105275
13.23197916
7.97054078
5.57678192
12.72643950
1.49365359
6.02127771
5.93965979
3.22297596
9.66134197
5.65669769
20.44750665
13.05586326
9.75598687
8.88801751
1.72265874
6.54699800
3.59626884
4.62711547
14.38056899
2.27231604
4.29252106
8.64408356
16.78951019
4.14318817
8.25089539
0.71280945
10.47338680
11.55493351
0.89062500
11.15075466
0.77502659
0.51025391
10.75858489
15.41804743
5.46789893
10.29317044
11.31269701
1.57744126
2.75870789
5.35546875
14.65005597
0.68738696
5.04439301
4.32377106
4.24173981
1.56241835
1.64994293
4.04296875
22.11404865
3.40788342
6.78080231
3.61006372
1.46655585
4.23437500
5.04199219
4.08158356
6.59927970
6.62325354
4.28002992
1.56429078
1.12414146
3.76794839
7.60066711
5.91886414
15.58567166
5.16068263
3.22990303
15.41467005
0.01127106
10.86885528
3.57092254
4.38761414
6.20971742
4.35982269
2.49023438
3.19291168
6.54687500
0.03169769
5.70267731
7.70312500
2.83398438
3.06054688
6.23303192
0.88753297
9.48693817
0.05747498
4.73046875
3.65596216
13.99666445
13.76228945
8.01228945
11.83158356
2.47701019
9.93570922
1.25667359
0.03524780
4.42008422
9.93907578
2.89168274
0.84753449
12.10363365
10.57605385
8.98437500
6.61212988
12.85662012
8.85750252
3.49779837
4.99190713
2.41015625
2.42248504
4.95446808
10.11993724
2.48560505
7.27042664
9.81327239
6.82556183
4.70088653
1.64074800
8.52408688
3.83304964
12.40022828
9.04406583
3.26916224
2.81763131
13.82458029
0.80024491
2.29891677
2.43599457
16.99690672
11.46504793
2.47656250
3.94291168
14.17622894
3.39603668
3.74698914
23.13846588
12.54252106
9.41060394
5.94140625
2.56595856
0.80708832
6.22176086
12.67862976
0.26066070
3.00390625
17.53539977
11.03165337
0.37484139
13.73002106
9.64391623
7.95886635
22.24283688
7.86922429
14.21529144
0.27563477
13.99991135
6.75086103
5.17155031
9.06923981
8.02015624
5.68794769
8.44698028
8.03750776
13.08260693
3.44657690
19.89481411
4.85481937
10.23835993
4.22322695
0.52950230
14.11230469
1.37162262
14.20312500
1.87837738
1.17529172
2.21000277
2.48091644
9.49206450
6.12502439
11.00778562
0.68753436
16.95601846
12.85644282
5.66333444
8.22920684
5.95784547
6.48213653
2.66479554
7.40625000
3.73046875
2.72699296
6.57072584
5.81429078
2.38867188
6.84765625
0.17525238
5.31115692
1.31970246
6.58789062
15.60937500
6.92059326
10.51367188
12.15132536
2.38924257
2.93660461
1.81197113
2.36808289
1.41369598
0.84606965
6.42578125
0.76660156
3.37500000
0.12406402
0.03963227
0.69091797
7.27990692
4.14229278
4.47969636
0.65572113
4.30078125
10.31941711
8.96337766
4.67423648
1.57718778
0.66650515
4.99218750
6.73482269
6.61718750
2.81567321
2.99877992
0.74955231
4.14107269
0.82714844
8.48999755
2.61848221
0.27050532
1.80326573
20.06461547
1.31224930
4.96330895
1.01216644
7.22265625
2.77954102
25.81919705
2.26062167
1.38867188
18.93827239
1.64835633
8.30301972
0.05612183
13.24694731
2.85351562
3.86340425
1.77343750
7.25345856
9.71093750
1.60005707
4.75781250
18.49027372
7.01709109
3.69351674
2.71663951
7.21875000
4.59842365
2.48796154
1.39843750
7.18359375
4.67309134
2.43481881
8.33312833
1.92663730
2.61690215
2.85770722
5.96785461
4.34029144
4.61372894
6.20312500
15.75781250
6.26028702
5.50489029
4.47265625
15.93794769
11.60937500
0.69934051
2.04235871
16.29508422
0.82259156
16.27884918
12.18989708
0.03381317
10.85502106
22.59899933
13.61360594
15.54345080
9.13200576
6.10502106
7.81054189
0.94133006
14.84720856
1.26607269
4.35489805
1.17830507
0.48071289
2.33754568
3.95090646
1.61621094
11.27844083
1.33679355
10.29568803
1.67139295
7.70235261
2.78515625
3.29492188
11.43240803
13.09385307
6.37384418
8.59118683
5.43155696
4.20996343
12.24373227
2.31486148
9.75345856
6.38340759
9.57948304
5.19140625
8.58247894
5.10937500
7.21439606
8.50307052
6.13704344
4.09130984
9.51562500
0.32080078
2.06250000
1.50292969
4.71740692
0.58190949
3.67881650
3.46180850
6.11629211
11.14884087
8.20125180
0.43957115
10.56531167
3.06250000
12.53125000
16.04687500
0.82576477
16.70800532
9.20368573
4.25326684
9.04597961
11.86975067
5.19905640
6.33255763
18.54789339
11.59071506
0.56152344
1.44824219
2.95324302
3.14827515
2.13853786
1.10156250
7.81205231
1.08638519
0.02148438
4.24218750
1.79101562
6.67866911
3.81876275
14.45569315
4.20312500
3.26562500
0.02356201
1.84179688
2.68208832
0.00792694
2.90625000
0.19091797
3.35672942
9.24405634
14.19926307
1.34472656
5.96590149
7.14754211
7.45442376
27.45361702
5.26171875
13.36027008
3.04341644
3.29679134
9.55574773
2.35502106
8.90100067
16.68103058
0.03381317
14.93212766
9.00537234
15.71138519
14.78381317
6.19319703
12.22643950
6.59342531
19.37141844
0.52746675
11.66804743
8.93518284
1.64038148
16.62756317
18.17187500
14.63175476
16.30379211
4.93839539
6.87064606
3.19771332
0.35298676
9.57031250
0.54585723
5.97489472
5.24490803
1.63790447
7.02376219
10.43805824
6.58708887
11.73478211
5.39843750
22.79759309
3.50933226
16.57889739
3.16959718
13.27689606
10.96875000
0.40262661
2.13786015
9.79252106
9.57621122
4.93550753
13.09350399
0.83565464
5.50000000
8.16752106
10.16088431
3.86255319
3.18318540
12.11975067
5.26761747
1.44454261
18.99758921
1.25108711
10.51258477
14.96875000
3.02343750
4.87890625
6.60656583
5.07312167
1.28125000
2.62402344
19.46850399
4.82120789
3.35483390
12.56917110
7.83105718
15.35412567
3.77087433
1.18692681
5.99133643
3.57815686
5.51115802
5.14351286
13.03995789
1.13171293
2.49003269
7.17443817
4.79475953
2.36718750
10.66471188
10.95158023
7.68069593
2.72840259
16.87577239
3.00704011
5.91999059
4.53260305
3.29065159
6.27856383
9.15547761
6.26390293
3.73609707
3.28515625
9.54789215
3.37653979
9.32463209
13.89408356
9.28983489
0.33211367
1.90766429
4.27645833
2.04146332
7.75345856
0.89546723
2.68713472
1.52159243
21.67139793
4.18351507
8.89819149
4.24243351
2.74654144
10.46875000
0.06921387
9.42533356
5.61539672
1.57645722
0.30957031
6.52929688
5.99430297
4.47355164
11.87231383
1.22985871
12.13627106
9.15616135
4.36516068
17.48591977
8.29264406
0.67024781
9.32120789
4.85424369
3.79614694
11.16316711
1.10786957
15.25000000
0.25748688
11.79239805
3.71586214
3.64587433
14.44140625
9.51517512
5.37288453
3.95202792
10.26985594
5.93807070
8.27343750
8.56327239
0.83675172
14.84081782
4.75589872
5.46623116
1.70943207
7.73627882
6.50981493
7.94095856
4.08548981
10.46248227
13.76727782
7.10967530
7.41752106
8.40933954
1.13167608
6.39773383
4.67168328
8.76908356
7.64339234
4.57889739
1.64180574
6.33984375
15.98002106
4.10201019
4.45959442
12.48648050
21.89685837
9.66699468
3.35681183
14.36372894
6.95267731
11.18750000
5.65669769
2.25691711
0.03168763
17.02539062
26.21350067
8.35020820
6.26601857
3.66027925
1.15527344
8.31506317
12.12879975
7.22656250
9.30725067
0.52286805
1.39595551
2.92578125
0.07507324
0.65966797
6.76024269
0.35889793
3.88671875
11.00781250
0.88134766
9.10156250
2.66796875
5.70088653
0.43925019
0.01428986
5.19749793
0.01127106
5.31294769
1.53613281
8.56250000
15.14843750
9.49564606
3.29101562
16.76562500
5.07979278
3.90848847
5.97033411
6.02246343
7.58984375
5.09631317
14.12333222
3.80484985
9.67366578
2.61808289
11.65445922
5.57165558
3.38671875
10.08068817
8.38024933
0.46504730
6.51562500
3.80078125
4.97342864
2.35937500
9.63301668
8.15970856
10.15474457
10.15881317
3.88582336
4.85681183
0.56587738
1.97408051
2.90596465
0.22147676
9.19608489
0.81559079
1.17639378
2.03739099
3.03776374
12.06762633
4.54956117
8.78906250
0.35648590
0.10768646
13.31383312
0.62562001
5.65855719
0.08728027
2.19726562
14.09195922
16.27644836
17.72489472
1.76802582
7.38671875
0.06774902
8.15775512
2.96663453
0.06815657
5.56706872
11.53125000
6.47656250
1.61621094
19.55814606
3.79483821
10.38484929
3.25939163
17.05746232
5.74173981
18.28893950
17.72265625
2.57768831
2.83487976
5.39017731
0.76407898
0.89697266
13.33670989
0.06502351
8.16633097
14.41744985
9.23347961
5.49743683
2.83158356
6.82076019
1.47265625
1.63529449
10.36718750
4.62935394
9.07722961
0.69767273
5.30862811
4.75777814
14.11478668
7.56978363
2.45853668
17.12562965
9.77491356
10.06250000
2.53219739
10.37726286
11.01502991
0.91097047
8.37500000
6.13867188
2.55513519
1.71048981
13.86372894
7.69892842
4.78511193
3.64877216
0.91357422
8.35892731
7.37154144
7.05423981
0.14156098
4.73958001
4.51387854
0.83060699
2.50870789
11.71635525
7.51302249
14.85847961
6.14933289
13.11035156
10.03586582
8.61474734
3.19453513
0.21403452
6.14843750
8.87064606
15.58268063
7.73942265
6.30078125
0.82421875
3.21512412
7.24145944
3.94437279
5.69100288
14.32889739
8.86360594
7.79712101
17.03767509
3.17537788
12.64632203
2.07181793
18.25231716
0.22257695
14.62402095
0.02254211
7.37691254
24.05509087
2.67342475
16.44262633
0.05330476
12.46695922
1.40820063
1.70312749
19.81151596
2.67045822
9.20568817
18.72212489
9.89701573
2.73405031
10.87064606
1.97798676
3.04642731
8.41841644
11.42822266
3.15039062
10.67879211
1.41984070
3.95853668
4.36372894
0.20849609
14.75333555
7.78348847
7.04520722
0.51859527
13.97566711
3.79296875
0.78454621
10.28816711
8.78906250
2.55167664
1.36914062
10.12845856
15.86629211
9.86975067
1.10380097
20.18212766
2.36084109
12.92789672
12.93590094
4.15182734
10.21773161
12.39920989
14.63952543
0.21415005
3.50459995
17.80049092
9.45988475
3.27693540
2.40604831
12.32063719
5.56225399
8.73384862
9.39318817
16.78845246
9.94185394
6.99910461
7.66573028
14.98669216
5.45003546
4.09330231
10.35323028
6.70027150
2.16329510
2.37740082
12.87576242
1.36117575
0.57706726
3.52539062
15.16707336
17.19856439
4.08944038
13.11950466
11.64497894
15.31472477
1.63972961
4.57185727
15.66776706
1.21048981
21.62772053
3.36642010
5.55814606
6.72338431
3.66084497
2.10840591
7.37320922
2.15067597
12.78369016
1.15869265
0.17614746
15.23579677
8.81652925
0.01127106
5.60982269
16.58760528
4.96708222
8.40625000
2.51171875
0.55322266
10.53039146
6.69612921
8.55135195
9.46004211
0.98180810
15.61181516
5.83398936
4.90217642
1.94645639
2.24218750
14.29252106
6.03938719
9.70658356
5.19978945
7.16874114
0.33085176
7.25870789
11.34631317
2.43359375
18.64294216
19.91084995
1.17216035
4.12455231
18.43750000
4.61914062
3.76997894
0.68750000
7.90055297
4.69864805
7.31057625
3.47246453
7.07088320
7.25423094
2.57539949
0.51900238
12.44608489
6.22579011
7.86328125
9.75604611
0.34161014
1.47216298
4.91434287
8.34655917
3.58675421
3.43164062
13.76607020
4.58618351
3.10575410
11.54597961
1.25826019
13.50015736
2.62679576
7.18404144
9.25691711
1.26359070
4.19220801
1.72966699
1.78515625
5.08203125
4.46093750
1.87503934
1.07808566
4.78080231
0.78609223
2.34081782
5.62141844
5.87715979
7.57242797
1.87711049
3.75899822
8.91060394
6.69352172
6.63806183
1.86861176
0.93847656
15.59720856
10.37129544
11.41430851
0.08852143
0.00682616
0.02966415
12.25166778
12.95926972
6.06232346
5.31250000
5.01127106
5.60591644
0.40454102
13.92979804
0.01127106
13.73828125
9.58414672
1.47391816
7.75000000
17.39753643
14.00114140
3.46565049
4.97184951
2.25882965
6.63716644
1.36132812
15.62064606
0.05107636
8.97643950
5.67731605
4.13095301
3.24263519
8.93314606
7.50000000
6.31929411
3.97021609
7.03906250
1.13094055
7.42854112
13.80944482
19.16720633
1.43314606
0.56831879
15.08593750
3.47460938
11.63191711
16.46439606
5.29821808
11.78454559
4.54040558
1.73046875
4.22220856
7.94185394
1.47753906
3.84667969
1.83158356
10.85591644
9.61718750
5.40209961
16.20763631
2.63806682
3.47354416
0.47338431
7.37504432
13.17956450
6.06921542
1.35982269
9.74564606
6.81294769
1.92338043
3.07076019
19.06941711
11.51127106
8.36027039
2.77343750
11.34619016
8.37691378
15.82124225
7.58411236
1.56144226
6.17764074
8.42001551
0.90722656
10.71093750
3.68314606
13.05468750
3.17818207
18.56746399
5.98303192
5.29255541
15.73613142
0.83247894
14.70747894
2.29056793
7.01997894
1.69486481
3.58052582
7.88842088
2.45142287
1.41556793
4.21484375
1.54101562
7.18705231
25.35070605
8.16727505
11.15153202
24.17488586
2.81941513
0.10143950
12.08951906
2.02539062
8.89062500
1.58451324
11.49654144
0.78413910
0.64111328
9.74129211
3.93839539
19.01818817
5.45096770
6.19152925
5.19921875
21.05289174
3.07406139
7.07815936
4.80855939
1.56542969
3.95552582
9.90100067
6.86808289
9.43660461
9.09810394
4.75846188
4.53495456
2.61372894
8.26903923
8.12076906
1.62439245
7.16841644
4.22656250
3.54276208
5.96700354
6.94877106
4.09606716
7.56799534
12.84720856
7.60156250
5.47310394
1.58031915
5.74377659
4.12592975
23.22436631
6.17622894
0.81319059
0.68753436
10.33936170
3.08789062
14.97912567
5.24743683
7.13627106
3.25480164
5.54117797
15.46618683
11.48734154
12.92838874
12.47835328
0.36027039
5.12109375
5.99023438
11.39998227
4.55660128
14.74572474
12.14294714
6.30033356
11.97920746
3.01879821
1.87911043
5.64530364
0.87581422
16.88960661
6.43672761
2.82690492
10.77164672
6.00569703
1.59082031
6.20568817
7.64888519
0.76989777
8.94698028
6.84676086
1.18379793
5.82257536
1.56129487
11.38102172
6.69128325
3.10783023
3.74715149
14.58084553
2.81502881
4.43302056
0.01127106
13.04854278
10.63895722
8.25000000
15.58735927
2.43510167
9.20747894
14.89754211
5.27119903
9.87141844
0.51452792
14.34631317
0.61608918
3.86523438
2.07031250
0.01253510
13.98783356
5.50435394
2.27465820
6.29150391
0.79105621
7.28727047
8.79264406
1.35559175
6.50781250
5.37087213
9.64039893
9.51607269
6.59920102
3.76949191
9.22554411
4.16186337
6.29077460
1.59370568
2.57084386
10.43672761
8.63406694
1.74317154
14.42341977
10.22573582
3.00619902
22.72029477
5.92859042
10.21170989
5.77746426
14.19803303
4.63061835
5.47558843
4.51607269
6.01953125
9.13793883
6.45926972
3.63130707
4.75390625
4.16015625
1.74759918
4.94966644
13.12845856
4.50337738
5.84330231
0.73677582
12.78470856
0.13330078
15.76370125
4.25359153
2.07482879
3.17757203
10.32210328
7.10591644
5.93814938
1.51204593
0.54589844
0.71345541
5.60563608
8.97399933
14.05468750
0.02716064
2.82812500
10.33146055
2.86792054
7.76819165
0.01692200
4.42097961
5.36005375
8.81076351
1.18652344
4.35546377
0.05420420
2.31712496
0.01127106
12.81160461
2.95642121
10.06327239
3.22619349
3.25110206
7.96919769
2.60216506
2.59412400
7.67488586
12.80379211
2.85742188
15.37243683
3.69681793
2.26066101
14.10323028
14.39069371
0.98137411
3.21024878
0.69925934
5.31685394
2.93994141
5.14363586
7.65279144
3.46919769
5.05078125
4.58548981
5.45357269
13.77990692
0.16918976
5.48855912
12.32898603
7.92911680
17.66162234
6.94921875
10.49654144
7.78816711
7.64933289
0.22212645
3.60363863
1.00976562
8.70991911
2.32847906
14.26848348
0.11271055
10.51485261
18.09118683
17.61022856
20.56534353
3.54761303
7.95312500
5.45312500
2.20117188
2.57918274
7.01672208
0.90214206
0.95259613
3.97043967
16.98023271
10.51274711
6.61604610
17.86910128
0.90006593
18.50133312
2.88538563
14.26810450
6.04545323
23.90421508
16.96512910
3.24804688
10.24475067
15.42915863
8.17533356
14.16573028
1.88106355
3.90909851
3.35351562
5.62365692
1.96521027
3.17773438
0.55029297
0.03899352
3.52868683
3.26367188
2.29137966
1.77307347
17.61644947
0.01127106
16.22993988
4.47220856
18.92968750
4.75000000
7.59765625
0.10768646
0.06719971
6.71740692
7.31579621
9.11629211
0.89200867
7.94151929
11.16773271
8.02266511
3.80948914
8.94320341
11.07792082
7.21955674
8.32105053
5.31767065
4.14062500
1.20755441
11.04353945
1.53808594
8.94531250
1.78567266
2.75729609
1.52050781
5.37548828
0.60746246
5.16060394
1.28613281
4.30078125
6.92142731
1.26802582
5.64017731
10.75972504
6.44470215
0.09439087
3.72851562
7.35037231
1.93350759
0.59736592
12.86357158
13.65100067
4.12190548
2.94975011
4.87052305
11.93191601
1.89873282
9.80956782
14.04462656
2.46912898
1.56241883
8.45222961
0.80118836
2.22656250
0.01979065
8.17399047
11.80212433
4.51863586
0.67585993
0.08036597
1.34558105
8.26383422
3.67271734
2.48731715
12.97415670
12.38369762
2.22448637
7.42590425
0.19042969
4.89556655
7.67767563
16.57192598
6.71534574
1.26892121
4.63716644
3.72762024
3.63175476
4.35502106
13.10925200
6.85634919
0.01127106
15.98425200
6.87557070
2.18554688
14.28381317
9.61808289
0.23099699
0.89371828
6.94832336
3.06339539
20.81461547
15.04915406
12.34375000
0.19982910
8.90625000
5.56896942
1.17525238
0.01883973
13.96337766
7.78782248
0.87335216
3.58638519
8.65486259
6.03084663
16.38361924
3.80107158
1.54170933
3.77539062
4.12064606
11.07722961
14.43058289
0.32857269
1.49023438
6.45718861
1.39880901
3.20572751
2.50028660
17.18750000
11.77078569
6.54142398
14.41954912
1.84845302
13.92730163
6.96643284
5.18750000
5.68750000
0.03549194
15.22851562
6.74173981
12.47647385
2.62704177
0.06984467
5.19726562
7.96785461
10.50858489
5.57299867
0.95593293
11.57531707
5.82698360
0.78080480
2.78515625
12.54150266
0.27958285
7.35062279
26.12614140
13.45682956
1.69299285
6.86311890
3.62890625
9.27164672
2.72862617
9.98418328
11.49731383
4.55782136
8.96529144
2.90820312
4.29207336
5.18875444
11.46013076
1.42622894
4.46828984
0.25923427
12.80203569
9.78312943
13.97656250
3.69616855
14.93167000
7.04489250
20.36584192
2.49121343
2.19079621
13.58465362
2.04923648
2.42142731
14.97887966
8.08362034
3.15669769
9.50345856
0.02748627
12.14871787
2.81221963
0.95507812
11.98965869
1.91284740
4.84118683
11.60937500
1.88911957
0.68115234
6.53901818
1.50305518
17.06250000
11.37935394
0.25756836
6.55213377
4.13687166
5.69620789
2.06445312
0.06872559
0.15441895
2.70128990
0.31558954
6.03617464
6.16341312
11.51383422
5.22701019
1.98421265
8.33133755
2.49918329
5.38688608
17.02412124
18.94027482
12.62243683
6.26593972
18.62468528
5.00345856
8.82466644
0.66304535
6.21528895
4.08931239
2.88057901
7.02734375
5.05993683
2.61088043
0.00783295
8.82108489
12.30647828
15.11372894
5.59586547
2.67472351
1.55220302
4.01164007
5.99129211
0.03167756
5.43750000
2.67260742
2.04056793
12.71439606
4.86763519
1.54146332
7.06473349
1.19433594
4.72342864
6.65157136
13.44787567
5.91105164
6.56685394
2.87890625
7.86283356
1.92293274
3.63220246
2.32421875
0.67773438
2.87650543
12.51875824
0.94901457
5.49877992
12.89062500
4.42732602
11.24109042
4.24218750
5.64843750
5.41483489
3.98360261
2.77636719
13.87845856
6.60546875
14.90625000
7.17232269
0.46171051
9.53906250
3.10298676
3.99865692
1.68541764
5.56214095
3.56970246
4.53470856
10.65669769
3.32755430
3.37372635
3.71333832
12.04011525
0.10143950
6.76965425
9.29496122
2.41597628
9.94441711
0.04062928
1.23437500
13.51904297
0.10375395
5.67891511
0.03015137
6.88627106
6.96716091
10.44734929
0.01565552
7.60937500
5.80078125
1.39550781
1.03808594
3.19486481
0.07918305
5.65234375
7.50154477
2.32478976
3.05814606
2.97509641
5.74950576
1.63130707
2.99023438
8.06160461
1.43859458
4.19413674
3.64257812
6.06250000
3.85452156
23.12399157
4.42435948
6.66796875
5.59419769
6.84850025
3.20312500
3.41556793
2.80122894
12.79007965
3.71333832
4.82537955
0.38321587
12.98743018
1.06640625
4.96919769
8.54943817
13.79597961
11.30700466
12.88293550
5.47636081
1.56835938
6.74584774
18.61596742
5.68115359
1.49218750
2.81445312
14.38144539
1.80061890
1.40234375
2.26574302
8.18363807
5.07210328
9.60696920
4.61568705
8.21439606
5.18314606
22.49181849
4.02470190
16.08019615
2.49357491
6.76127106
10.56839872
7.60363863
2.02936559
0.74631039
9.22823028
8.21362367
4.41796875
15.56506317
9.11873227
0.92785738
4.40157136
1.53560394
7.96830231
0.68599457
16.38285184
2.42299125
0.33813165
13.82593085
4.25390625
0.10577393
0.07214355
4.74609375
18.17700133
5.24007203
13.36950466
0.61434148
3.01411957
2.05228668
18.96955674
8.45919104
18.74947362
18.37300753
5.51082336
3.77388519
14.61718750
16.35937500
6.42911680
8.01574800
0.49458832
17.24771720
18.31815271
3.85052116
5.93974844
19.10502106
18.49573926
8.83370899
7.55594194
18.98202364
4.91585328
0.11022949
7.62500000
6.76393438
2.62269281
3.92427582
6.30468750
15.39408356
3.51106439
3.77995124
8.91060394
2.06640625
4.65873987
5.16956781
9.92878463
9.64065936
11.87011968
5.83252327
6.19531250
3.17232269
23.46402704
7.02380651
10.88581962
15.65417885
3.19531250
11.15612700
5.25012300
5.85969969
7.82780031
1.85253906
7.94095856
4.68212766
19.59989472
19.88114472
8.97131317
10.13114472
18.03792110
1.18322972
2.97806793
7.89538232
13.52685422
8.20520487
14.32275266
8.91162234
5.36763519
5.25378325
4.06608156
3.54732269
1.04785156
0.84895750
3.83711824
2.84029144
11.75781250
3.37845856
2.00227782
6.81262300
13.47041778
0.04374238
11.48693817
6.09855164
5.25044769
5.17187500
2.97643576
0.01127106
6.40926086
4.92309508
2.99035738
8.31941711
2.42834442
2.31864472
10.00345856
1.64302582
6.82377106
0.08595795
6.83548981
4.09411403
2.72815159
8.23437500
12.85066711
8.86808289
9.02677305
3.37797152
8.43314606
5.44217864
0.22208742
1.08398438
10.89318817
3.50284851
9.30814606
0.04862488
1.48881012
14.93188165
2.81437444
2.75179078
5.79252106
3.73640681
0.27478308
0.85253906
9.05904144
6.22363281
4.51908356
4.02779144
3.35367797
3.82360871
7.53515625
5.32490249
2.00517564
8.38663010
0.27547927
6.53022911
0.15779477
8.35367922
3.44661126
14.56388741
6.36328125
9.53804411
0.09965090
4.31384308
0.03289795
0.18965606
14.85724956
0.26022329
1.04003906
1.96699856
0.13338382
4.71875000
3.59548649
0.86890957
6.04739141
1.37147273
3.30480801
4.43249667
11.10412567
6.19307403
2.50313386
13.89562833
0.48083652
27.52819824
4.19055020
6.14343417
9.21875000
9.40433622
13.23193484
2.45206726
1.72904449
16.54206339
1.92473348
10.97752660
6.70216090
7.18489251
0.36633643
5.44766401
14.87610704
1.59615082
6.36840758
1.65698304
0.95377563
0.14668824
2.30631095
0.09016844
17.78665670
10.09895189
4.90874445
0.02021271
2.44576019
10.11539555
1.39160156
0.01020050
6.70277596
1.54532026
4.74374224
0.05599976
0.50004059
11.91406250
8.11718750
8.94787567
8.31429078
10.46679688
11.86014011
0.16714261
3.75000000
4.51171875
2.22192071
3.17748837
3.07617686
8.55468750
1.74670379
0.90787719
8.17914209
7.06527710
3.38867188
4.62410461
4.75826019
2.78765733
1.29785156
7.15624914
1.64905252
5.15189606
2.24522399
2.11524933
4.55647828
5.82889739
0.12524476
4.93013519
0.07717833
1.71854333
2.07234306
0.30273438
6.93750000
6.58203125
9.61975067
13.29190603
3.85819924
4.18058289
6.73417207
10.19185394
3.11043274
8.96964539
2.92578125
8.63281250
0.99755859
14.06314938
4.68965481
4.28430518
7.84586547
4.79821808
9.10066711
1.57413758
14.73496827
13.35609374
6.03470856
0.48919678
3.31119626
5.46464206
0.01068115
5.73828125
8.07550754
6.43576351
0.83052582
11.48777926
3.89804410
6.26607269
17.58247894
3.44726562
2.59871399
4.63370789
19.34460107
17.37243683
7.40075466
6.89738475
10.29150266
7.62410461
0.30993808
3.71117853
2.17313940
23.64701075
0.09016844
7.10681183
1.77620484
5.61763519
0.22180176
14.31595856
9.56941711
8.27433289
12.69095856
7.39542664
1.05957031
1.31551086
0.02854432
8.46004211
11.04329344
4.70324800
3.70552582
0.01317596
9.70222961
0.67285156
2.94522759
17.91170600
11.11372894
0.57466644
7.42765071
7.98283023
8.76139406
11.11014739
4.01696808
4.88850953
4.68750000
0.86425781
0.00770569
0.65917969
0.74312223
1.50350039
1.59810394
4.17820646
2.33155917
0.13696289
1.22753906
0.00233269
1.78816711
0.05752013
0.09973207
1.91713927
5.85666444
1.72851562
0.92138672
2.00944010
0.06762633
13.03442445
10.96606383
2.72880097
15.93827239
2.60709718
1.90039062
10.97477172
0.65169312
1.08398438
4.71890736
11.26111369
2.46679688
7.93013519
0.03568512
20.25894892
20.77668440
-0.61131691
12.59964872
7.32613253
4.14107269
7.32543883
2.26395722
7.80122894
4.62727283
1.70280529
0.19531250
1.89990234
1.53959137
17.88883422
6.04520722
8.54931516
4.97021609
9.88256649
5.48494570
9.71467642
12.70117686
11.24308289
7.35201019
6.51997894
3.18119293
8.50781250
4.87801086
4.98571808
9.58158356
2.59179688
5.31294769
3.60892731
11.09029144
2.53861481
7.84594415
0.01127106
2.96093750
7.70312500
9.30033356
4.61372894
6.33247894
5.36697086
4.31812832
0.63769531
5.18750000
1.62837738
8.74320465
5.50602172
1.67073609
4.49361176
11.13618241
7.15617132
0.41422983
7.48461104
0.71310228
2.83007812
1.86238586
6.89709442
0.23128297
2.61132812
4.67622894
2.48152649
7.21540448
3.02767841
4.99358933
1.50250442
5.72753906
1.99633727
7.27107602
2.54801640
9.23514739
8.34297761
12.17142731
6.80859375
4.59765625
4.62544769
5.66577148
1.27396637
4.22265625
11.73437500
5.25389628
0.56881704
2.60937500
9.50679411
3.31156527
0.46069336
0.74597075
0.93709258
0.13525266
11.19111592
6.66191267
3.16796875
12.05200133
3.99243226
0.09368896
16.70568817
4.91931183
5.82678192
2.47985871
8.83939606
0.73238129
4.89062500
5.53320312
6.38627106
3.09586547
5.61161347
16.14062500
8.43314606
16.16914887
3.68554688
0.01684570
11.45775433
5.71953235
8.42564828
12.72278922
14.79638298
6.54378546
15.00960328
0.23055055
10.61718750
1.33052582
12.06058622
5.93941378
3.56640625
7.24251219
3.10441101
0.14807191
0.94726562
5.21875000
6.66796875
0.02028900
13.12845856
11.66752106
4.43817875
3.37672207
3.92036957
11.71431488
1.81445312
8.24462766
0.13818484
0.00603104
10.36107464
8.99144947
3.84794658
2.31685394
7.56717864
0.33882660
0.11828676
5.44486481
3.66406250
0.03729248
4.17036957
10.20312500
3.57201588
6.33252327
3.86030151
3.36372894
6.41752106
1.52343750
1.90767426
6.46439606
5.44116024
0.28389683
2.43187667
1.15751939
1.93371945
-0.34251247
5.03125000
11.45898438
1.13236481
3.06607159
3.26160571
4.78605164
6.39090537
11.39115138
0.92940963
4.29732269
22.38960661
3.53918550
6.56730164
3.66601562
0.55029297
0.02806091
0.55008879
5.24141511
0.51757812
0.61311766
3.28198304
7.65714539
14.86283356
3.71138519
0.93847532
0.07080203
4.07441545
0.74296736
4.16597379
0.01127106
4.89965758
0.70776429
0.05208344
9.35937500
1.70507812
10.15100067
6.51306183
6.30078125
1.52880859
14.81852172
6.07946808
9.63167110
3.28300144
14.99039672
9.95491578
0.15694215
3.22070312
10.53906250
0.41898434
1.43542636
11.10526208
4.92570257
7.25268617
6.87455231
0.89269988
11.84899933
1.46980774
6.42321808
2.36389129
9.70402039
2.35758422
0.97208680
2.74621177
2.18770667
2.27794008
3.42327363
3.11724854
4.63627106
1.46093501
3.57324468
9.56685394
0.62064606
1.38085938
1.63395141
2.83292664
0.04223664
4.60998535
6.65625000
0.53173828
5.57226562
8.00256317
3.11853058
6.60542443
1.00590370
1.27206649
0.10143950
1.83313082
3.69632093
7.77198138
11.34016844
11.35835661
16.00345856
11.44376773
1.53243074
2.81640625
9.09313498
15.31623892
13.23381427
11.69966644
2.93273801
3.74996066
13.05904144
5.32031250
5.72611481
0.17806000
6.42488586
4.95060242
1.54394531
7.37666778
9.30647828
3.09419769
31.59935838
4.89437389
4.81258117
6.03450687
9.52677305
3.22383699
0.22717316
3.57377106
0.67093778
19.75431460
1.88635223
2.61657746
6.44653258
7.42712433
13.50207115
0.30444772
8.42008422
6.52559106
3.12414893
2.74536071
6.18212766
2.89929355
8.89843750
4.33292664
4.29296875
7.43961547
2.20100953
2.70161957
6.06250000
2.83007563
14.91539562
8.07910904
9.55582890
12.79479833
13.25643061
5.22521942
2.69274933
1.00117949
10.00097962
5.23437500
6.10502106
6.16451019
4.81416778
1.50223847
6.40580231
6.80078125
6.28951019
2.56623892
3.70719858
3.91601562
2.48046875
0.00223160
12.45369445
3.27563165
10.29174867
7.11759100
1.38448277
3.89648438
5.41796875
1.23588043
1.46712250
9.44441711
0.60852020
0.34383180
6.62711547
1.68538453
15.04961027
2.10091810
2.00585938
9.91715204
2.89099401
7.57368988
5.23783356
0.04083740
4.75345856
0.60144074
7.32466644
0.01533508
2.22851562
0.40332031
15.91406250
0.91845703
8.65625000
7.52772003
0.19160980
8.91137633
8.40458222
9.46875000
4.21529144
12.64333725
10.55761719
23.76411459
