0.36067376
0.99577155
7.18359375
13.64655781
1.13313719
6.34977172
3.07959109
7.42578125
13.99641844
1.85221437
14.41894282
7.84668218
7.97656250
5.00000000
3.70507812
2.98665282
4.47623781
17.82812500
2.68750000
12.93750000
5.19335190
3.55567154
5.33723626
5.23720088
2.97851562
1.84863281
15.17447252
2.26498060
5.80371094
2.57226562
5.43033688
0.44710453
4.71875000
2.35156250
0.96386719
5.13671875
3.51367188
4.43456782
3.49707280
0.80322266
3.73078846
4.91634530
0.41194828
11.93750000
0.62451172
1.72851562
3.80175532
2.68912843
1.97395999
7.14062500
2.95507812
12.48404034
2.73080341
9.35351064
0.90918467
3.22265625
3.06233392
0.18033688
4.62825687
1.56152344
3.03125000
9.41829344
11.50000000
5.98405031
8.74568602
2.16764406
15.64485594
2.03483156
16.56250000
14.91601562
6.55924313
5.72981937
3.39843750
3.57746067
3.08676418
1.09358765
2.58398438
3.54101562
1.23339844
4.25390625
0.09964996
7.44087738
10.82185727
0.10563296
10.30468750
2.22493407
7.05045656
5.85969969
3.29443359
6.36295656
0.80566406
17.45356678
2.31608654
13.16406250
5.66015625
2.13053219
3.85091312
0.82568359
22.44139628
12.16894780
6.58724623
3.91134420
8.29731549
0.75390625
12.16406250
0.97363281
13.58235594
1.04459718
0.13513184
6.37923094
5.06217531
2.10546875
0.44799805
2.60546377
0.51953623
15.46028064
0.63117908
9.86409796
2.52620733
15.08203125
13.28727172
1.28954019
0.29257286
0.13394165
0.11840820
1.02246094
5.91796875
1.25781250
3.23437500
11.19531250
5.19400377
1.09994154
9.23404034
4.89095966
11.19441711
0.32511414
7.38638409
1.74056903
7.76953125
5.35546875
4.67675532
1.65853031
5.15690187
6.47656250
2.22460938
2.45133422
0.57991578
2.59960938
8.60221188
6.07486813
5.63932624
1.29101562
12.51383422
0.77864625
4.50781250
5.16796875
0.13159180
4.11326630
3.49024933
8.84211409
7.37956560
5.48632812
1.44042969
0.21289062
5.60156250
4.66796875
2.21679688
6.61002438
7.64778812
0.51025391
6.34375000
6.97265625
3.13867188
7.57616689
14.85823360
3.02067265
5.94921875
2.69726562
5.10937500
11.70149657
9.84733156
1.69042969
2.27734375
14.04329344
4.60514406
13.43391844
12.20882078
5.59130984
1.51741578
4.79980469
1.08430907
5.08951906
3.45507812
13.53906250
6.56640625
13.28125000
4.53125000
2.20312500
14.38948235
9.60026374
3.53035461
0.72550476
7.33203125
1.52441406
18.74804688
14.56314938
12.08463376
1.86784186
6.47688719
4.29655031
8.91406250
1.70914672
2.90608765
2.78320312
6.73828125
5.28125000
8.72721188
1.16162234
0.26741578
4.66406250
16.57616689
5.07617686
2.37890625
9.44090426
5.47315824
1.26953125
5.77343750
3.98632812
7.03125000
18.60709220
2.37728280
17.02929189
0.09393311
17.89402926
16.55599748
3.13835217
8.19531250
2.71093750
2.85156250
4.33528314
5.04199468
0.30192140
18.42187500
6.48483027
2.40527593
3.47070312
4.58496094
1.36914062
4.32421875
6.84765625
1.96126219
16.43986086
0.09423828
4.20686517
5.56120124
1.56835938
14.04138609
5.26204344
1.39290531
6.96289062
5.07031250
1.41015625
10.96646720
0.87142342
0.79866453
1.45865968
2.55664062
6.88281250
8.66406250
3.48598848
6.30893339
3.10742188
2.62695312
3.09960938
0.03540039
5.45507314
8.31836436
4.83593750
7.21223626
6.61230718
5.31608156
0.69287109
1.73046875
1.84960938
8.07812500
3.16438719
10.98501631
0.87532718
2.47790029
0.09016844
12.62744016
9.52099734
9.69302970
10.08398936
4.65021333
7.95330230
0.62890625
5.26284520
3.21176418
13.19775266
9.60302859
3.54719969
13.88639406
6.94921875
2.86914062
17.29996182
5.81543218
10.25602172
4.26350953
2.07812500
0.58837891
5.71939689
3.56087655
5.35156250
0.60400391
4.38281250
2.96126219
2.20280031
11.82999508
1.82161624
5.78971188
1.04231937
4.68023682
3.68587157
10.84733156
15.67968750
8.12500000
3.39062500
12.80240470
5.54915780
10.00000000
15.32812500
3.15657469
1.23014406
15.69920878
7.53549091
7.15592531
5.51562500
14.74283688
1.93685062
6.32844969
6.76920656
4.26334220
7.70540780
2.33398438
9.75162345
11.52262079
5.54466856
9.68229001
1.46907718
7.29687500
3.76985096
5.35221188
15.40691285
2.63372783
5.63671875
9.39062500
15.53906250
4.42968750
8.32031250
1.43164062
8.81152095
11.51855718
1.06054688
8.39998227
0.45304507
1.50585938
11.47721188
13.09863032
5.59993905
9.39908688
6.77949451
2.59473404
5.60546875
4.79687500
9.34219215
1.67123559
4.22460938
2.39453125
4.12500000
1.93890214
1.49218750
5.55468750
21.31509752
4.23568373
4.88281250
1.25862298
0.96647468
4.62890625
6.39062500
2.35351562
6.16048094
6.73469969
1.56770999
2.65234375
1.08430657
4.71159186
3.02555297
1.90999390
13.23655026
8.51334220
4.69303967
20.45312002
0.00000000
10.61360594
3.01171875
7.11181516
13.58349734
6.99186281
2.84765625
2.86751219
7.43717531
0.07531738
5.47070312
8.14843750
3.52148438
2.93554688
10.69531250
2.05468750
9.95568817
0.12097199
5.72265625
2.82486813
8.78906250
12.41764406
7.55826906
2.33789062
2.99804688
9.32454344
2.79850343
0.04824829
2.81673094
7.92778972
4.46695922
0.38826539
10.97363032
2.23730718
7.00390625
3.78302583
10.62517730
4.64115667
2.00585688
4.83886968
2.88867188
3.34993407
4.73795656
5.75744109
3.20297761
6.76953125
10.43750000
5.40625000
3.30891844
1.64567140
4.46158688
6.26497562
4.89876219
2.28173704
0.25390750
3.94498781
4.78816399
1.17218972
1.83366965
2.87890625
17.26480954
12.70638187
3.81054688
2.88883422
12.15869016
8.23974734
4.96663453
22.87125778
13.67187500
8.59765625
8.75781250
0.89941406
0.14001465
0.91992188
12.25585938
0.18908691
4.02571532
17.68945312
8.96311447
0.21722490
7.09375000
6.23111564
8.43197030
18.95800532
4.09277593
1.67773438
1.09082031
1.19791501
8.40752299
4.35354638
0.87283678
5.01693373
5.70703125
7.87109375
7.95181627
7.78255624
3.28613530
18.67297239
6.04834109
5.56282469
6.52132203
0.51448609
18.30468750
2.55468750
10.14843750
1.82714844
5.51594969
2.73632812
3.05240968
8.69173094
5.94862811
2.54176487
0.54101064
18.56726323
11.95800532
2.93555186
5.74039672
5.47932984
4.05859375
2.35774657
8.98795656
6.26171875
3.00878408
6.19727061
5.39062500
2.61718750
7.05468750
0.98486328
7.49039672
2.58772828
6.41992188
14.25000000
6.34191895
10.18554688
8.02799313
2.74153812
3.00976562
2.18164062
3.50585938
5.30891844
1.23828125
7.26530031
1.50195312
4.12109375
0.52734375
0.02357483
1.41699219
9.90820312
3.53710938
4.97688719
0.77213625
5.85156250
11.52343750
9.34619016
4.78271609
5.30533688
0.75423343
4.71875000
9.96875000
7.71484375
5.84798094
2.49576906
2.35351562
5.66015625
0.77441406
8.86651611
2.82323471
0.54101064
2.07768229
20.37967864
1.71222226
13.99006206
4.07293993
12.03906250
12.50292969
28.08837766
1.19775515
2.73828125
16.98079344
1.85807375
9.29687500
0.12939453
15.67545407
3.11328125
3.69661624
3.05078125
6.55468750
13.37500000
1.29980469
6.18359375
14.56640625
7.69140625
8.15852283
2.64811779
5.68359375
4.76008533
3.20312998
1.94498781
10.02441406
8.03906001
2.99511968
9.59992908
2.47428967
4.68001219
3.86295656
5.56640625
6.04687500
3.35546875
7.15234375
12.90625000
8.79394282
4.62793218
3.22656250
16.46484375
11.91406250
1.37109375
2.58007812
9.01562500
2.59375000
10.99670410
10.36950185
0.00000000
11.80110594
1.72941164
10.51204344
15.13834220
6.99414561
5.49218750
8.97020612
1.00147357
14.16406250
2.19921875
4.42252438
1.69173343
0.39941406
2.43170124
3.22625775
1.29980469
13.54687500
0.08636475
9.57860830
1.86198249
9.59310062
0.88623047
3.50585938
7.76122673
6.46533577
1.27799188
1.02327765
2.77376219
3.26920656
3.83593750
4.83203125
6.96093750
3.80321144
4.01319481
2.78906250
8.89843750
5.25390625
4.28125000
11.36161995
2.12076657
4.37825687
10.29687500
0.96484375
2.41015625
1.20507812
4.03426086
0.15922059
3.73468972
3.67937278
3.67968750
10.05191268
7.81510624
0.49592642
11.09196420
4.67578125
12.59798094
18.32389406
1.07519531
18.42447252
8.91974956
5.11671542
6.51562500
15.36181516
9.55045656
11.67496454
18.49543440
10.31189940
1.04899047
3.95247562
10.70442376
7.58007812
2.26867094
1.51562500
7.73437500
1.99609375
0.06671143
3.66796875
2.04687500
14.30598626
1.15755125
14.98861092
3.11629211
2.56730164
0.00702667
2.55468750
2.36132812
0.00503159
10.91796875
0.90869141
2.17235705
10.63167608
12.22526374
1.15144836
5.44588071
6.60872562
7.47330563
19.66341312
4.82421875
19.83447266
4.93750000
1.39420407
8.93160160
1.62207031
9.61718750
19.84570312
0.04508422
16.30354610
8.19824468
11.82812500
10.98437500
3.88085938
11.30777704
3.55355108
5.83203125
1.91503906
5.14956893
1.68246232
5.11328125
12.16406250
12.78125000
7.93945312
7.05078125
3.07421875
4.42578125
3.51953125
0.36840820
9.37320922
0.06514527
5.35546875
3.64387689
0.83854499
3.85384032
7.80051779
5.85670877
7.98356203
5.08593750
13.54792962
7.57316413
8.95914672
1.33968140
8.53906250
3.12455231
0.06781982
0.30985566
4.06250000
7.18961547
3.24983765
3.76953125
0.16516113
8.38281250
8.14843750
3.98730220
3.85840093
1.98535156
7.02376219
1.39160156
2.47623781
8.53091036
1.57794770
10.14470855
13.42187500
2.62500000
7.46093750
8.25097407
5.16699468
1.54882812
2.88842773
13.64664672
4.46695922
4.95332674
2.61588376
8.35091312
14.02408688
5.74935062
1.95800283
5.65430186
4.18260722
4.47266622
3.47916501
2.79036624
1.76920407
2.68880374
5.49609375
4.77734375
1.81152344
10.56852172
10.83772828
8.73013409
5.10970966
8.35937500
0.46289062
5.84189496
12.79254099
2.33822030
2.34765625
8.53125000
5.39208112
1.27784075
5.03906250
8.07461548
4.27114972
5.75424091
13.92187500
8.52343750
0.61621094
3.69887911
4.24448027
1.20800781
9.31250000
0.74609375
2.12146489
1.44269504
23.50017107
2.28711436
12.70377438
3.44075687
3.30273438
6.40657469
0.04923586
9.57031250
10.97656250
1.53027344
0.56298828
9.39160156
2.89453125
4.69531250
13.41406250
0.52001953
10.36360594
11.65705674
1.50863419
14.62141844
7.45670656
0.71289062
4.24218750
5.70507314
3.16992686
5.44531250
2.07226562
10.25781250
0.01345062
10.31673094
8.11116578
1.53987672
10.25585938
6.61565825
7.04426751
1.90853280
6.63281250
7.50000000
8.07812500
6.08203125
2.06054688
11.47298094
4.94986813
3.57910405
2.90234375
8.99413564
3.11914561
9.21093750
3.30273438
5.67187002
14.76235816
1.16342309
7.47265625
8.68879876
1.58659186
7.45637190
17.01839982
8.72477172
13.78678468
4.47265625
1.48730469
6.96484375
7.69921875
2.65625000
3.15234375
11.84715426
21.12354637
9.80761968
3.33593750
11.36718750
4.41406250
12.39843750
4.06250000
3.92773438
0.02696228
15.71484375
32.24641844
8.34349215
14.46974027
1.93326906
2.05859375
8.71516844
11.01744417
7.31640625
9.75846188
10.42252438
2.73893561
4.12500000
0.88330078
1.11328125
6.88068706
1.26384419
6.49153563
14.64062500
2.33789062
9.15201906
3.58984375
7.35546875
0.75146484
0.04992676
6.08853253
0.00000000
4.60156250
1.93261719
8.03906250
13.96582031
9.42610594
0.76725343
12.86360594
0.86588625
2.88085938
0.79915707
4.76106937
6.97265625
0.39062500
4.53515625
0.35961914
9.78125000
3.75000000
10.81250000
7.18359375
1.48339844
11.43391844
4.28304078
0.15974976
3.17773438
2.27929688
5.83658688
2.32942874
7.07226562
5.75781250
2.73535156
0.94726562
4.45703125
4.74173981
0.71236176
2.51562500
3.39485594
0.17643312
9.51985594
0.86018797
0.86555907
3.48746080
4.55534685
9.50000000
5.32389406
13.67968750
2.27449524
0.15189637
17.19473183
0.51522911
6.05711520
0.03143311
2.49023438
14.04687500
14.02262328
19.11116578
2.62890625
9.73437500
0.07855225
9.10286375
2.17740968
0.09035369
9.66884760
8.07031250
5.30468750
1.66829344
22.73795656
4.84960439
10.49023936
4.25390127
5.47266123
5.09375000
15.09375000
12.47167969
6.08984375
2.72851562
4.65234375
0.56591797
1.59505125
12.48962433
0.10258027
4.37597158
11.41260264
8.73860594
6.81998781
5.16015625
5.41406250
3.20117188
1.64176391
3.07991578
4.81640625
6.83984375
1.60351562
5.83756095
5.29915780
14.07812500
3.06689453
0.66829344
4.43470795
2.49383089
11.25691711
1.54849783
11.11277926
4.82895168
1.25944093
6.80078125
5.81640625
1.76562500
1.59179688
13.25781250
9.55012190
6.33300532
3.97234153
2.10156250
10.11523438
9.48437500
8.91406250
0.20678711
5.18619626
4.66373781
0.94108156
2.79101562
14.20113798
5.85905031
19.07454344
4.40201906
14.82226562
9.71738375
7.41699468
3.13248283
10.19401374
7.78092531
7.08548981
2.85282317
6.55826906
5.49609375
2.18359375
3.40201408
7.68197030
3.72232658
2.63118905
14.91048094
7.84342531
7.21191406
16.46158688
3.27669437
9.50683594
2.12695312
7.57031250
0.93212891
7.35709469
0.00000000
7.98632812
15.42187500
1.63867188
8.03906250
0.01444244
5.97265625
0.30395383
1.47216921
17.32485816
3.81999778
11.00000000
17.04231688
8.20670656
3.38639406
9.32031250
2.35156250
1.58593750
6.33593750
5.70007324
4.06640625
6.75000000
2.15429688
4.87109375
4.05859375
0.09826660
5.31673094
7.58984375
6.76139406
0.73535156
10.50781250
3.13582336
0.84171570
3.27376219
9.05045656
2.35937500
1.05859375
9.21875000
8.43750000
10.42610594
1.59928468
10.49413564
3.73242686
3.48860594
9.50649380
3.31740026
5.84375000
9.35774158
4.08569585
0.13525266
3.13037234
19.60660018
12.06169326
1.30826657
0.24804937
6.44042720
4.48942265
9.15022828
8.30468750
16.68359375
4.82617188
9.21093750
9.63883422
17.32633422
6.96451906
2.04882812
10.40625000
6.15038564
2.73242686
2.73437500
15.25779755
0.84767120
1.37011719
3.75390625
15.93164062
11.37581048
3.36198249
12.54329344
8.59375000
16.01249269
2.30273438
4.27018063
15.59912234
2.28304078
21.61099845
3.56087655
5.92187500
5.12694814
3.80175532
2.55794935
9.49218750
2.67350343
9.76627438
1.05794437
0.35620117
15.97004876
9.08138187
0.00000000
6.59765625
17.38883422
9.46272828
6.73046875
4.82242797
1.96858765
18.71703790
8.54956117
17.27095746
23.41833332
11.39306516
7.98958001
5.16146498
4.07535517
2.50228155
1.83593750
16.00000000
2.68359375
10.44531250
8.37410461
10.15535461
0.80257203
6.63281250
2.44368407
3.36100343
18.76204344
18.61116578
1.62679078
4.14062500
14.17968750
9.26757812
5.33203125
1.48535156
8.73860594
3.28515625
7.16698471
3.11394060
6.59765625
6.49039672
1.78800476
0.89347351
11.32633422
4.58805297
7.43912843
8.84732159
0.44174091
2.67252189
5.79215204
9.22835328
3.50879155
3.80664062
16.37174313
5.82747562
5.46093750
17.29687500
5.76953125
13.62775488
1.13005762
7.23437500
11.07031250
3.69921875
5.72687722
2.33952903
2.66210938
3.60156250
4.11328125
2.83202627
3.02344248
5.34375000
2.08203125
4.05793939
2.58886968
5.53092531
11.99218750
4.30143063
4.33138187
9.21093750
7.69921875
6.48828125
3.11328125
1.29296875
14.04687500
8.96939938
12.03405917
0.33394379
0.00056553
0.00195217
2.67187500
16.40625000
6.58230948
8.03906250
7.23437500
2.70703125
3.77915955
2.07403784
0.00000000
14.26953125
9.85937500
3.50781250
8.99218750
20.07429930
13.99576906
5.45930408
5.82585217
2.33178711
8.35937500
5.48437500
18.34195922
0.17049195
6.62206782
6.09732159
3.91342309
3.42382812
8.50781250
7.12500000
9.80175532
3.51465093
5.92187500
2.02571532
9.67585681
13.07071587
21.25090536
3.79524657
0.42496828
16.02148438
4.29296875
11.76562500
15.39843750
5.18359375
15.05419922
3.39843750
3.11328125
3.69335938
9.68154699
2.13095301
3.22949219
0.84228516
10.51985594
8.95670656
5.30322266
8.85839096
2.51270279
3.17821518
0.45084220
8.77995124
12.85937500
5.44108156
0.46459961
0.66015625
6.22265625
1.26367188
2.56054688
17.37500000
8.79687500
6.88671875
4.10969969
3.29459718
8.53125000
10.66113032
5.76465093
1.50195312
7.45523050
7.43539450
0.81201172
7.61914062
2.75390625
15.64062500
4.25390625
14.61718750
6.16406250
3.90559564
8.02213874
0.23400879
11.80468750
1.34375000
9.35937500
0.87500000
4.65625000
4.89647939
4.74414561
0.97216797
3.93359375
1.00976562
6.89062500
26.94968987
3.71093750
10.94531250
20.54296875
3.10867288
0.00000000
12.79687500
1.65722656
8.16406250
1.80664062
9.65039062
1.51855469
0.81494141
7.42578125
4.32421875
16.74641844
6.42415282
5.54622562
6.01171875
22.18489251
3.07682624
7.01602837
6.73397163
2.39257812
0.94213867
5.83984375
3.26562500
7.26562500
8.56673094
2.62727782
5.36653812
2.75781250
10.44954344
10.28125000
1.36198000
9.29687500
6.46875000
3.99283688
8.04622562
8.68750000
5.78010860
0.68619999
9.07031250
13.19531250
5.04687500
1.42585931
5.08854499
4.08658688
31.45290287
7.39843750
1.00406735
0.54101064
10.18555186
5.16406250
7.50032469
3.27506593
3.55696532
3.62858156
6.40689938
10.66341312
3.81444814
4.12695811
11.80468750
0.70458984
8.64062500
6.12890625
5.13281250
0.63574219
8.83072501
8.98568124
3.60351562
10.42358398
3.15625000
0.52099609
6.41796875
1.53417969
16.16471188
8.31005984
4.32600953
7.23567376
2.56901374
2.71289062
4.97265625
4.42968750
1.31542969
8.87500000
4.06941711
0.62833680
6.77993130
1.72202182
9.77343750
7.64062500
1.23730469
3.01562500
2.09765625
0.19421387
3.36075431
0.00000000
14.12141844
10.64843750
4.47623781
11.62206782
2.17985234
9.74820922
13.16764406
11.87141844
10.10156250
2.23795656
11.90510860
0.67692265
3.86523438
2.25195312
0.01898193
8.50781250
6.60937500
3.16748047
11.00097656
0.90966797
8.54679196
6.91495789
1.25236148
5.42578125
6.64034187
2.23075188
7.77343750
2.19726562
7.33593750
9.80110594
4.71842531
5.42968750
0.57812500
3.83007812
3.31054688
7.37597407
0.89648687
10.50552970
8.44482048
0.55843888
18.87433068
5.44988807
6.61002438
2.14827391
13.45751330
3.64534796
8.06120124
3.14469360
7.73616578
11.56673094
7.57389406
5.32421875
6.66048094
9.90983156
9.94384766
6.30468750
15.15625000
4.00292969
8.21875000
2.64062500
10.20312500
0.46093750
3.66148220
3.13112034
1.62207031
4.23046875
8.50000000
6.92187500
6.68001219
2.90787843
1.04687500
1.18049798
4.29166999
6.92578125
10.58593750
0.01913452
3.67382812
11.01985594
2.95312500
8.63662211
0.01242828
8.33235594
10.97929744
12.37366965
1.05979416
8.50129876
0.07609382
3.21404862
0.00000000
13.67187500
2.94531250
10.21516844
1.84277344
6.29655031
7.52734375
4.41861315
1.73910170
6.47656250
12.57812500
1.94531250
15.03906250
3.97656250
2.97265625
13.03906250
10.34504876
0.69873047
2.94401374
1.28710938
6.56640625
3.39111328
5.16406250
7.12500000
3.74414062
2.62890625
4.94921875
4.77734375
16.25016235
0.17659547
5.98697252
8.62240248
8.32096188
16.52278812
7.43359375
7.16015625
5.79296875
6.71875000
0.04446411
2.97265625
1.58496094
6.60611813
2.68016457
11.86312389
0.04508422
11.58772828
18.53125000
15.09016844
14.86360594
5.40983156
7.11295656
7.45524047
1.86409547
3.35969969
7.24771720
1.14648936
1.01171875
3.34568568
5.09474401
7.04296875
6.48111813
15.09130984
0.29842164
2.73163889
2.11615469
22.10383035
6.54265403
11.70026148
4.53275761
1.62288453
10.32096188
14.85514406
10.62141844
11.62858156
2.72623781
2.14257812
5.45703125
5.86751219
2.45475343
1.85546875
0.22595215
0.16359373
2.07584718
3.93164062
4.62890625
2.39843750
22.02423676
0.00000000
15.71386719
4.67968750
20.34570312
6.70703125
10.22438553
4.31858322
10.64843750
8.86718750
6.41601562
15.29508422
1.70296265
7.43993019
0.85303856
10.50781250
4.59765625
10.91658446
10.07779533
9.28906250
9.34180186
7.59765625
5.48046875
11.27734375
9.96093750
3.97851562
10.71875000
2.20246316
5.27312278
1.36621094
3.30468750
1.21809813
5.49381593
3.04101562
4.27343750
7.84407469
1.47330812
5.07421875
11.74243164
5.61297607
0.13781738
2.85156250
8.89770508
4.90868393
0.22542110
11.15348515
11.45735594
4.66080563
3.71582280
3.94986813
11.65673205
4.70980607
15.37141844
8.84598142
2.74174686
2.41390015
11.46516844
0.97428468
5.83203125
1.15429688
14.21126219
10.83170656
7.14485594
5.40486259
0.24520334
16.24902344
4.89550532
3.88606189
2.71159685
14.14485594
14.34448242
6.07031250
10.94889406
0.28735352
6.61204123
9.08327127
18.13247784
6.86003435
9.86848626
10.96322030
11.37564938
4.80794437
5.55078125
15.59016844
14.45018784
0.00000000
16.73079344
8.47233156
4.37890625
13.90625000
14.71875000
0.36804075
0.57568484
5.29329344
1.67936281
23.65234375
16.83154297
12.19531250
0.83544922
8.35937500
6.47688719
1.77213625
0.03762817
10.63167110
7.25853059
1.26018893
4.55078125
12.84146720
7.88509530
12.47069565
2.80013685
2.11686281
5.63671875
7.85156250
9.22298094
15.29687500
0.75211672
1.93554688
11.22492908
3.83757092
11.57161126
4.16178718
21.45312500
8.31835439
12.24413564
17.57585217
1.39761082
19.98226950
7.25683843
6.31250000
5.41406250
0.03022766
16.83984375
10.69775266
19.32485816
5.72982934
1.31201296
6.78515625
4.36718750
10.47721188
3.85152316
0.60778840
12.49902344
7.82372673
1.41553108
3.43750000
13.51500998
0.16223612
6.24804189
25.88346188
14.93132092
4.36295656
7.43554688
3.45117188
8.65625000
4.80077128
6.60970966
16.78125000
4.11686281
6.62109375
1.68457031
4.55078125
1.29605455
9.13623670
2.39827515
4.56184065
0.13525266
12.02847518
7.12989029
12.97054078
2.15966921
13.74315160
4.26075465
12.21939938
2.19270999
2.84960938
13.84873050
0.99054438
2.82421875
8.75650876
8.06185062
3.25976562
10.14843750
0.04284668
8.77717642
2.28141733
2.52343750
13.43407580
2.17953014
6.27311281
10.60156250
1.28906250
1.11035156
7.28026596
1.83301529
16.68750000
11.07633422
0.42610719
5.09420962
4.19387632
6.50390625
3.03515625
0.01258087
0.77832031
4.07698235
0.31558954
6.92724734
7.63997562
11.08235594
4.47054078
0.82747437
5.09285461
0.75773008
3.27490359
14.60416002
17.46615248
9.39062500
3.23924535
19.03809840
4.29687500
7.01171875
0.51367188
3.65006344
5.01041002
3.43425310
9.41829344
4.30045656
5.99218750
0.00584412
9.63576186
0.52048814
12.96093750
7.54719969
3.86295656
3.90201408
3.32259530
6.35286126
0.15844976
3.27929688
2.68896484
2.11295656
11.91048094
5.52701906
1.57128906
9.38997064
0.41235352
5.19563719
5.81998781
14.22298094
5.73014406
6.72265625
2.99804688
7.93359375
1.43945312
8.65331782
3.28808843
2.08984375
1.65820312
10.81225586
2.17415032
8.24870124
15.58593750
3.86783688
13.84310062
2.70117188
6.12500000
11.92187500
5.92187500
6.67089844
11.43750000
5.00244016
11.33154421
11.05468750
1.79492188
12.69173094
6.22819093
6.31070922
4.31233267
4.70898936
4.19921875
6.46875000
11.64453125
9.53189938
4.07822907
6.19466312
4.12922845
0.09016844
8.92545656
8.41829344
3.68912843
13.18391844
0.47631836
4.91373781
15.17858887
16.56738032
10.15739140
0.25032594
8.17610594
7.59049313
8.01855718
0.01255035
6.65625000
7.52343750
1.48339844
1.59179688
4.22477172
0.27205445
5.78125000
10.61604610
3.58805546
9.39485594
2.05078125
6.02028421
3.05468750
5.28515625
5.93001219
3.41828846
3.91537123
5.69531250
5.53157469
4.29166002
17.85287123
2.94140625
8.34733156
5.36718750
6.08650398
7.48469969
3.56640196
4.56999210
14.90600586
2.24023438
12.41470191
0.18033688
14.81185062
1.02636719
5.60156250
9.13704344
14.46451906
10.62141844
12.62141844
3.94856937
3.04101562
8.49950798
20.59847296
5.25358156
1.32714844
5.19921875
13.19921875
7.73079344
2.22819093
2.73274158
8.98242686
5.55826906
1.75389877
16.00586436
8.76074468
3.84570312
19.36360096
3.32585217
12.66536126
2.80566655
9.13281250
8.48860594
8.85026125
12.58007314
3.66211436
13.00781250
12.61295656
6.14876219
12.15201906
8.64192376
1.66862311
5.43750000
2.27929688
6.39453125
1.54296875
15.63476313
2.33842397
0.36067376
14.51432624
2.96484375
0.14929199
0.13049316
5.14843750
18.18391844
2.92740968
10.72721188
1.02474124
2.27148438
4.61718750
14.48437500
1.90575923
20.06966312
17.17545656
7.15625000
4.41015625
8.73437500
10.12792969
1.70996094
3.21875000
0.04736328
17.65266844
15.93611259
4.07268851
1.23470966
11.65625000
12.53814860
4.82911901
2.53482408
18.61521607
6.31250000
0.08380127
9.21093750
6.84138768
4.98731715
3.41210938
4.91845703
16.62500000
3.06265736
1.72477670
7.32780031
3.60937500
6.62169699
6.07422872
10.47460190
4.47265127
12.15136968
5.75293218
4.91796875
4.84765625
21.49641844
3.05631593
3.35839345
14.02148936
3.33007812
9.01985594
5.25781250
5.12109375
6.27701906
3.91406250
7.10156250
2.02571532
6.34733156
13.98437500
6.85457336
4.15323914
4.51255264
0.67885361
5.55859375
4.82551751
13.84635251
6.62404794
16.08170656
9.51562500
2.21679688
0.92301266
1.36556156
1.69921875
0.67187500
0.87890625
1.45214844
5.59375000
12.62890625
6.69531250
3.45735594
4.35123781
6.75813719
0.64371828
7.48437500
5.84960938
7.58593750
4.71875000
7.07388658
0.00000000
4.97656250
5.07844969
3.24576906
8.47298094
0.95800781
2.99576906
10.56852172
2.01546265
6.81250000
0.15466309
6.94140625
3.54288509
14.06364140
0.61222351
10.47656250
3.82421875
7.81673094
3.88248781
9.04687500
5.86149047
0.08516480
1.21484375
9.49756843
3.36766595
8.40625000
0.06512451
1.60351562
13.04817376
3.05371343
3.15625000
4.27701906
4.11075743
0.09932558
1.25488281
7.87890625
5.97070312
3.93164062
3.59179688
4.62532469
4.63069703
7.34944703
4.50372895
1.70558011
8.18309176
0.71111480
4.93473141
0.00000000
8.60172485
0.48119993
9.74153812
6.16015625
11.54777468
0.64656125
4.85546875
0.08459473
0.25830078
8.70312500
0.08209229
2.87109375
4.02146221
0.10402607
5.58593750
1.94839082
1.05339871
4.18455785
1.12371121
3.00341548
3.67676030
10.84375000
2.88297485
2.83219360
10.33170656
0.29536864
24.05151367
7.63053219
3.74121343
8.30468750
5.73079344
10.55826906
0.05258179
3.46679688
13.85579344
2.83789062
7.82242797
5.45849734
7.20133422
0.11238648
6.52506095
11.85384530
2.97265625
6.84765625
0.91162109
0.93489500
0.31559328
3.04003657
0.04508422
16.81330674
12.47873299
11.50830452
0.10070801
1.99316406
15.27079964
6.90234375
0.03073120
5.30369568
2.07079455
2.39990857
0.13586426
0.87475586
12.53125000
8.49218750
6.88671875
4.00390625
12.63671875
13.70865096
0.23259170
6.12467531
4.05859375
2.19156860
2.72489130
2.88346686
10.76562500
5.53548094
0.24572754
15.46133685
9.39548830
10.16406250
3.79296875
6.17187500
2.56670547
1.36718750
8.27824740
1.59001108
7.42187500
7.79930519
2.62256981
2.68164062
1.38248532
-0.10105221
6.60546875
0.09931396
4.93872008
2.04581228
0.05651855
6.75000000
5.46484375
11.30468750
12.80305408
3.77539561
4.95312500
7.19596437
4.98046875
1.62207031
7.48828125
0.19921875
1.14648438
0.97753906
3.60937500
2.26790032
4.19791999
3.83203125
2.39453125
7.06640625
1.03125000
5.39967457
10.53614029
4.32812500
0.27107664
3.80078125
1.18815187
0.00157642
4.04687500
4.80402815
3.64519060
1.40332031
10.32808512
3.80472738
3.16992188
9.33007812
2.11083984
1.03222656
6.27734375
1.99039049
10.25521498
0.95735594
8.07389406
6.36930297
8.02522828
0.04663086
0.30249023
0.07373047
11.53800994
0.04508422
7.07633422
1.95084718
6.39062500
0.36145020
19.48437500
11.19954344
5.52701906
13.18660461
8.07902039
1.44824219
0.26554320
0.21492555
5.21093750
10.04036126
2.88541999
7.95312500
0.00697708
7.89664672
2.30061890
4.14615719
16.04231937
8.50691711
0.64200867
7.07096188
2.82812500
8.14778812
11.36718750
2.08593750
4.13671875
6.88671875
0.47167969
0.01501465
0.93359375
0.27925535
1.28385500
3.00000000
3.14728115
2.14764073
0.09472656
0.75390625
0.00168514
2.70898438
0.10476347
0.11552004
2.39660711
5.90319758
3.16992188
3.09960938
1.76978684
0.00000000
13.84521484
12.80533688
3.37044437
3.66406250
2.29882812
1.56933594
11.18314606
0.25386566
1.12402344
1.51512924
16.95849734
2.68897107
11.75781250
0.00320053
12.93056151
17.17008422
1.02392703
9.63281250
7.82812500
1.02636719
1.12630125
0.83805422
5.49609375
6.32454344
4.26139406
0.34814453
2.43896484
2.28352782
12.78906250
6.10905031
5.14062500
2.80859375
7.21516844
3.93326906
4.66796875
11.03125000
11.29687500
5.81640625
6.58203125
2.14257812
7.67578125
5.37532469
6.01920656
9.00000000
4.05859375
6.96695922
2.80647828
8.68750000
2.25195312
3.84114251
0.00000000
3.62304688
8.63281250
9.03727172
4.68147828
4.84765625
6.01399158
6.64046764
0.78890015
5.76953125
3.81835938
10.61816406
6.80924313
3.00911624
16.21484375
11.29166002
11.04752438
1.45378435
8.65526596
1.93653091
3.53320312
3.43750000
11.52254211
0.33854187
2.82421875
6.32421875
0.88476562
7.69351175
2.79476950
5.53318817
1.27931183
7.71093750
2.68782469
6.03580563
3.69466312
12.51204344
1.14388187
4.10705566
7.47656250
3.95540282
4.19108156
8.45556641
2.56250000
5.89453125
11.80468750
4.88899158
0.77995373
4.11751219
8.12076906
3.16992188
2.18164062
6.08268063
4.45865719
0.04508422
11.18700798
7.54525155
3.62695312
5.82812500
4.21484375
0.28242918
16.84375000
5.12076906
3.11946532
6.16373781
12.71093750
1.43945312
7.24218750
5.53906250
5.36718750
5.03938719
19.17162899
13.88664007
8.76562500
11.53259277
4.82812500
0.04318237
9.15754627
4.98991467
8.13914894
2.90381981
3.71907469
11.08170656
1.79882812
0.04623413
8.90625000
0.87988281
2.57275266
1.47509890
4.69921875
7.69954344
4.62794936
0.25673572
1.17187500
6.39062500
7.10156250
0.00273323
11.60937500
10.67610594
4.65981661
3.29103058
4.55859375
12.24169922
2.22070312
9.77582337
0.66948913
0.00563431
10.49120346
10.13052970
2.37728280
3.86914062
10.47786126
6.16520390
0.44384890
6.73828125
6.11930297
0.04262330
5.73828125
6.08235594
5.31998532
8.58495845
5.45184777
2.32226562
13.04036126
2.31510749
3.07617188
8.64843750
6.84114251
0.34049811
8.38540005
2.68914339
3.38312473
3.40854277
4.32421875
9.70898438
0.44580078
3.51724845
3.58040780
7.39843750
1.36588376
13.05061392
1.01026014
3.97656250
17.98437500
3.44531250
5.91796875
4.14062500
0.52099609
0.00743484
2.06396360
5.36084109
1.37695312
0.87825438
1.15787843
2.12695312
8.76562500
0.71826172
0.27197266
0.00690079
1.00512197
6.63867686
8.83593750
0.00000000
4.02945922
0.35579469
0.07696533
9.46875000
1.99902344
10.84798094
6.30436281
7.07812500
2.26123047
12.31673094
4.33561281
1.93001219
0.94791750
11.28125000
7.32242797
1.05452515
2.91601562
7.02734375
0.19323730
1.46972656
7.38639157
2.51497562
4.85156250
1.25585938
0.53035399
3.98315492
0.40095883
6.21614749
1.18652344
8.70312500
3.78336547
0.81949828
2.14387689
1.40429937
2.50844942
3.42329454
1.95951340
5.70703125
2.12499502
5.20931405
9.31608156
1.97273742
1.22550476
0.49096680
3.19726562
0.06039429
5.17626953
6.86328125
2.11523438
5.90071532
9.50488032
2.60416999
2.50316573
0.86499833
1.88366561
0.00000000
1.57617188
3.60721022
4.42208665
11.21093750
11.93391844
16.17545656
12.07275266
0.90397218
1.62581422
7.27018063
4.61653812
8.10156250
8.72656250
2.90596185
4.48307624
19.15332031
6.05078125
4.35937500
0.02940369
7.15234375
1.60644531
1.73046875
6.25390625
8.10156250
3.11328125
34.36961520
5.00831449
6.39127438
3.26497562
8.51204344
4.89420656
0.28393555
4.07031250
2.97884032
8.67936281
1.48860594
2.46647218
6.26171875
6.59765625
12.62182181
0.26001413
9.64485594
8.59391110
2.84863530
3.43554688
7.99641844
2.72460938
8.13460328
5.29866578
5.06640625
5.76953125
1.87109375
2.86914062
4.43359375
3.56412345
16.44090925
13.40479388
11.09375000
11.15782360
8.69373890
5.87231383
1.82690492
0.88264891
22.37076906
9.04329344
8.38281250
12.30436281
5.86751219
1.86295656
6.07031250
6.55468750
8.54687500
3.84081284
4.84473404
4.39453125
3.47656250
0.00255013
13.90673828
4.62532220
13.85514406
22.77148438
2.83691655
5.08593750
7.41048094
3.90234375
1.93961672
7.78971188
1.54825992
0.29777039
7.60156250
2.59179688
16.81286475
2.44271996
2.00390625
10.94791002
3.27083998
8.14257812
5.64843750
0.02566528
5.68359375
0.85253906
8.74218750
0.04513550
1.78906250
0.31225586
16.89062500
1.31152344
9.54687500
8.49427703
0.34449288
9.09285461
10.31339539
11.54508422
4.65413453
13.58911896
9.54492188
14.44302970
