0.33813165
1.24931128
7.05468750
14.29399300
1.15527344
7.52722075
3.57478945
5.90625000
12.67187500
0.82421875
7.82274269
4.05962211
5.76802582
6.42297208
2.98327792
1.84566129
2.79008089
9.46439606
3.40083832
13.91752106
7.45714429
3.58191821
12.70198360
7.33450970
1.90083832
0.74169922
11.65912789
2.80180961
3.29838043
1.75728363
4.17130430
0.19177340
2.43164062
2.86914062
1.01464844
5.86718750
2.95552582
5.76480829
4.06722296
0.92333984
4.47350482
3.41227670
0.38822543
14.23527039
0.39599609
1.20072418
9.87821255
1.36417664
3.07792331
6.62890625
1.67232269
15.78770945
3.13327016
5.22537678
1.17200299
5.63671875
6.46601701
0.27050532
5.48205784
1.83874543
2.74218750
8.92879211
13.67008422
5.51049867
9.38175290
3.42708499
6.55423981
1.39790863
15.87064606
8.88020750
3.62381926
11.67903812
2.88085938
1.67272357
3.02657635
0.57169617
2.80423981
5.00826019
2.26127106
3.24068207
0.07214355
7.80281555
12.38448028
0.15132722
12.39754211
3.20674590
6.44844636
5.40344083
4.55314273
7.36718750
1.01802582
18.48306997
6.24516400
15.62980164
4.74263519
1.73299008
2.87150210
1.47070312
18.69136193
13.28580563
7.48486702
5.12759254
7.21265957
0.52144379
10.60156250
0.76855469
9.74564606
0.48632812
0.53658051
5.98514739
2.48555574
1.54394531
0.61914062
8.37117243
0.42374944
16.04735830
0.46211326
9.40547761
2.34245124
15.80558289
13.44384641
3.36052614
0.77826905
0.05986023
0.07028198
1.06522426
6.24243351
2.68404144
3.75000000
11.61283356
2.45955009
0.36365151
8.02333888
4.07297428
9.57120789
0.37325043
7.15196477
0.85149379
8.02779144
5.58593750
4.24775156
4.71530141
5.23225953
7.67533356
0.76363129
0.83748352
1.04589844
2.15909851
8.06494016
4.37902925
6.75134308
1.26562500
10.33850067
0.74255402
4.10546875
6.92443817
0.24035676
4.26658910
2.65679133
10.42675034
6.90768173
5.74121094
2.63342254
0.23868836
2.96333832
6.77510528
1.42313691
2.12992215
7.29789339
0.48227967
6.47957336
7.93058289
3.82181793
6.43708541
13.07571920
5.20508311
5.55468750
2.93013519
5.36328125
13.03080231
8.61283356
1.93990082
2.00435394
15.94095856
3.99804688
14.62845856
7.50421931
3.64310948
1.84322113
5.46048981
2.81054688
7.02343750
4.87890625
11.74218750
7.02734375
10.96093750
5.53951019
2.87890625
18.88561669
8.81901374
4.12500000
5.15234375
8.30468750
9.21093750
19.73632812
16.14949025
16.12752133
3.52596631
7.11193817
4.47322695
7.68705231
1.10005707
5.39843750
3.27734375
5.06762633
7.04911347
9.78381317
0.87585480
0.28438324
5.19140625
20.23274158
2.32149822
1.35493988
8.48180187
3.63538563
1.47363281
9.64453125
3.73002106
7.52734375
17.69136193
2.24223182
15.10408134
0.78621399
13.06627328
14.91565658
3.02047096
8.08593750
2.26216644
1.78808594
4.16092614
4.11153479
0.31738281
15.83593750
6.40627306
4.99691046
4.16406250
7.88130707
1.73836242
4.02823914
6.60969969
0.82194093
16.40573120
0.10278320
2.24348626
6.32369237
2.68192597
14.32999695
9.79073028
1.01395722
7.96093750
6.68314606
1.62402344
10.70991911
0.32763796
0.86584442
1.07120789
2.00240082
7.56250000
7.08984375
2.01910794
4.90427249
3.72220856
6.10847961
4.85681183
0.54638610
7.53458555
9.95487644
4.12064606
6.36673981
7.93013519
6.22310394
0.95804840
1.70943207
1.06640625
9.79162567
4.42097961
18.53222469
1.62313054
5.97753408
0.05635528
13.18725399
10.78674534
10.56815271
6.66711768
3.77146693
6.44240026
0.20080566
7.52187279
2.80625221
13.26627438
8.01798648
3.87980164
8.16316711
3.04341644
1.45161957
16.78876267
6.11381759
10.79252106
5.02689606
2.79341644
0.48286957
3.29695368
3.62402593
5.67142731
0.82580535
4.17097961
2.15999390
2.09554078
11.61262875
1.45353335
6.81237700
0.87707613
7.32991516
6.22342864
7.22969636
14.87589539
8.23079344
3.92936281
10.73644615
7.21232491
10.66406250
13.46785461
3.40909851
1.40429688
14.14245014
13.35807624
5.52681737
6.65926086
13.37654477
2.71073581
5.51879322
5.01245678
8.33458445
6.49744680
2.91015625
7.29475455
13.05586326
9.75598687
8.88801751
1.72265874
6.54699800
3.60949302
4.61584442
14.37275268
2.20981604
4.78080231
8.66406250
17.11763519
5.15401153
8.81429078
0.98872894
11.85058345
10.76855718
1.13476562
12.89025599
0.99060339
0.70654297
10.66483489
11.99181849
5.32381538
9.23335661
6.54980603
1.46049977
5.72701019
4.29642731
9.34695382
1.80587821
4.04927582
2.73002106
7.60624114
5.17709169
2.33203125
3.09375000
20.56518119
3.48604776
8.23437500
2.57852837
1.44100288
4.59720856
4.22363281
6.22912567
10.54341644
5.51261414
1.74857574
3.62349457
3.31485151
4.85356493
7.38838653
2.91585328
16.22651973
6.06066490
5.28467420
20.91251275
0.01127106
10.86885528
3.57092254
4.38761414
6.20971742
4.35982269
2.49023438
3.19291168
6.54687500
0.03166718
5.69335938
7.67187500
2.71093750
2.58789062
9.11795989
0.78194246
9.09631317
0.05967225
5.68750000
3.58711326
9.07503546
13.72924867
7.07780031
1.33939606
2.59224457
9.01472961
1.83976258
0.03086853
2.62471465
7.87618424
5.21785461
0.51599152
7.62442930
3.17635195
10.52343750
5.50429965
11.37070035
5.07574707
1.96760611
6.63688608
2.89888519
2.70829067
5.49288120
4.54669618
2.69764959
6.96964539
9.83939606
7.60156250
2.57588653
1.67016664
8.01806516
4.27913453
5.52522828
3.38362423
1.64867603
3.29228501
6.21133838
0.80024491
2.29891677
2.43599457
16.99690672
11.46504793
2.47656250
3.94291168
14.17622894
3.38476562
3.75044769
22.69825554
11.15100067
9.13806183
6.50781250
0.80322266
0.04700714
1.69868988
13.36071777
6.26082336
6.62198914
20.91528258
11.88012633
1.49320589
9.40970856
7.68623560
8.55493351
16.71875000
5.16207003
1.74804688
0.60400391
0.80757536
6.95369570
5.75044769
1.80117964
4.20077349
5.51562500
7.47912567
8.12714983
9.41158300
2.79268838
20.32621122
3.11865359
10.59594415
3.18172429
0.75500582
12.42382812
0.65234375
12.42187500
2.60697418
2.63928192
2.25720246
2.96138519
9.41137633
5.95819704
4.87175310
0.68753436
16.95601846
13.26436060
2.72176584
5.91023742
5.12780793
5.02030364
2.62032136
6.61718750
2.03906250
2.52279834
5.20341533
5.21663453
2.80814606
7.08247894
0.15832520
4.86059508
1.19169160
7.21724457
17.45312500
4.94730621
13.36718750
10.18302305
2.95520113
4.25301086
2.60201019
2.97009308
7.90010528
3.51155640
7.50000000
5.45747894
1.79882812
5.13281250
0.00408936
0.51660156
8.56623892
4.57259530
4.79105497
1.24153812
8.87154144
10.73258422
9.60758422
4.58170656
13.95389739
0.45780488
3.38492797
7.08426972
8.75435394
3.93436614
10.28393617
1.79927582
9.04687500
0.60107422
12.92369080
5.19574649
0.27050532
1.80326573
20.06461547
1.32352036
4.95203789
1.01216644
7.22851562
2.77001953
24.67410849
3.83565713
2.36523438
17.05891844
3.74234985
8.45849734
0.08190918
14.23095579
2.78304078
3.90201906
1.87552887
7.16316711
12.50000000
2.44034851
5.72265625
13.50349790
6.98283023
5.38618241
2.72469802
5.69230164
3.42610096
3.25358654
1.03906250
10.81640625
7.18684065
2.35026872
9.77461326
4.50273049
8.41292110
2.94991245
5.26953125
6.16393950
2.49666445
6.55468750
15.02343750
11.99583777
2.81096520
2.45491578
16.54296875
11.41406250
1.47131317
2.72985871
5.46785461
0.47623719
11.47249328
17.12487450
0.03381317
10.85502106
2.90511109
10.54675200
14.45071920
8.06848736
5.49609375
8.59390736
0.94853252
14.82377106
1.72408051
4.22989805
0.98103945
0.42333984
2.34474752
3.48305185
1.68404144
11.15356383
0.16162172
11.30354112
3.73499002
9.69299534
2.82706726
3.77539062
11.23017842
6.62138408
1.13964470
0.91675116
3.90490692
3.10168550
3.30228668
5.04732269
6.10937500
5.87246122
4.61386690
4.58548981
8.20312500
5.91060394
7.82377106
10.14964507
3.95328735
4.07043550
9.69531250
1.62552887
2.84029144
1.06640625
6.10457336
0.48429383
1.89163093
4.03663231
5.48002106
11.34915670
9.45609403
0.43957115
10.56531167
3.06250000
12.53125000
16.04687500
0.82576477
16.71927638
9.19241468
4.25326684
9.03035461
11.86975067
6.29716035
10.89985927
18.29174867
11.85703613
0.86771637
2.47115082
4.23575244
7.54512854
2.19701666
1.19140625
6.96830231
0.73140473
0.01116943
4.08984375
1.69042969
15.69738365
1.33235594
13.41317209
2.51713043
2.20357269
0.01901245
1.56978363
0.81201172
0.02145630
12.23828125
2.01411957
2.00613538
10.22180768
13.36409796
3.08744293
4.69246399
6.60546875
6.91637966
19.09863530
5.32421875
17.93127441
2.43359375
0.69938110
9.93147828
2.27734375
6.89664672
21.42842310
0.03381317
14.93212766
7.32702792
7.57519531
11.50602172
4.69319703
11.55431849
3.53943151
7.25390625
0.85009766
3.08560284
1.87728778
6.21484375
15.90189606
15.70312500
16.61372894
6.39453125
4.63627106
4.50435394
3.02343750
0.38427734
10.71439606
0.06298828
5.72310394
5.27652704
1.00960577
3.31612090
8.66872618
5.02597628
11.03507508
4.37500000
15.89973128
5.05111497
10.70568817
3.65999390
7.91406250
2.93314606
0.08008788
0.41239472
4.76953125
10.04597961
3.89347351
1.71590149
0.17753113
7.00390625
8.47220856
11.13333888
3.23189550
2.78743407
10.77087433
3.88521332
1.94417359
19.51443928
1.25108711
10.51258477
14.96875000
3.02343750
4.87890625
6.60656583
5.07312167
1.28125000
2.62060547
13.74910461
4.71170989
4.08309649
3.47139185
8.86845190
14.89754211
3.27237976
1.66629599
3.76925088
3.96418191
5.51140403
3.87923094
3.04414949
1.90213957
2.78873781
7.67533356
4.86763519
1.69531250
10.68033688
9.24499667
7.38951796
4.52889849
9.58593750
1.19388824
8.93334026
13.40454787
3.44629155
3.08504211
8.55993683
6.48663786
1.34929964
3.86523438
8.20946228
3.97375333
6.63261081
14.13268950
12.72233156
0.89449066
4.60196587
2.49178413
1.95800781
12.27689606
2.24068207
2.44636457
1.52159243
21.67139793
4.18351507
8.89819149
4.24243351
2.74654144
10.46875000
0.06921387
9.42533356
5.59631317
1.58772828
0.31005859
7.02343750
2.82617188
5.44531250
14.69877106
0.50488281
11.12487700
10.83943041
1.35600509
13.76371122
10.19722628
0.44966644
6.36673981
4.51273216
2.87052803
12.61975067
2.78063996
9.21875000
0.01618958
8.98591977
8.43851839
1.37829621
11.90625000
6.10391142
5.13749114
1.65808261
7.51729278
7.91060394
11.17366578
6.64017731
3.19771332
10.96606383
4.33268063
4.90482823
1.79589844
10.24759420
3.70117686
9.84029144
4.28515625
6.62389545
13.76727782
7.10967530
7.41752106
8.40933954
1.13167608
6.39773383
4.67168328
8.78035461
7.63798066
4.57499114
1.45723543
5.83203125
9.55468750
3.87500000
4.16316711
11.98892066
22.97661181
12.05159796
3.64978058
16.89843750
7.07767731
10.97310394
7.76562500
3.07421875
0.02323914
15.36283356
29.23649047
8.03282352
21.30913508
4.12345523
2.38716644
10.53381317
13.88419617
5.12154144
8.20133422
0.81774933
1.51704926
2.36914062
0.02227783
0.64208984
6.86998671
0.75794298
5.85546875
13.42187500
3.57031250
9.52689606
2.26997894
7.52351618
1.77877050
0.00572724
4.05248338
0.01127106
5.31294769
1.53613281
8.56250000
15.14843750
8.86718750
1.27050781
12.80033356
0.80220551
1.56640625
1.02445309
5.00325687
8.63102172
2.34781860
4.71797761
0.42586242
9.78649933
3.41015625
14.03470856
6.16451019
2.83593750
8.37231383
5.69018617
0.31591797
2.66796875
1.61478668
3.21732325
1.02531194
4.25683594
8.80033356
8.98384613
12.13537567
3.52827848
5.95113253
0.39062500
1.64302582
2.82108489
0.31734285
12.75756649
2.07490747
1.18306737
2.52254211
2.86621343
14.09106383
5.38505097
9.99654144
0.37508117
0.08585633
15.13414562
0.52458638
6.68549507
0.08728027
2.19726562
14.09195922
16.27644836
17.72489472
1.76802582
7.38671875
0.06805420
8.15006469
2.96663453
0.82377884
11.53032425
7.67968750
6.69921875
0.80859375
19.96048981
2.96834165
8.87345523
4.11363531
4.51767176
4.96830231
17.50948028
17.76729278
2.96770296
2.58968140
4.17053192
0.49841340
0.89941406
13.44302970
0.31771249
13.13622175
14.29077990
8.40279144
5.78951019
2.53666168
6.14152039
1.91894531
1.41174285
4.11763519
6.41495789
5.82332336
0.56294769
6.88712212
6.69490913
16.20312500
2.42574066
0.57324219
3.61204682
3.82821365
2.92232269
1.50880640
10.37726286
11.01502991
0.91097047
8.37500000
6.13867188
2.56640625
1.69921875
13.86372894
7.68765736
4.80810173
3.64877216
0.99755859
8.28861481
7.34419769
7.03470856
0.12117523
5.21427056
4.64957890
2.51558566
2.42818207
15.83568080
5.89213292
14.22220856
5.62935394
13.08813477
12.03766045
7.18139960
4.82721964
10.79822805
8.77254211
6.39587433
3.23624446
6.90438054
5.35156250
1.65384918
2.71032248
7.39950022
4.95641623
3.06852670
12.68916778
9.94364472
10.71679688
17.06070922
1.92313691
6.63236481
1.44531250
9.57287567
0.69368531
5.73546958
0.02254211
7.37691254
17.61193817
1.34021027
7.55904144
0.00849152
5.83939606
0.39062313
1.31469913
19.22447142
4.58009308
7.37276153
15.45462794
8.48230385
2.92427582
11.17187500
2.20072418
4.76607269
6.47656250
8.44718414
2.59960938
7.78125000
3.59029144
2.06640625
5.23392731
0.36181641
15.85579344
8.11551972
6.85725953
0.55566406
13.37923094
3.90824247
2.64176640
2.62410461
7.19230164
1.89888519
1.45996094
8.67968750
9.33158356
8.31160461
1.44958527
11.42240138
4.76900487
10.43648161
9.94266069
2.20634751
3.99023438
9.01781915
5.67207918
0.21415005
3.50459995
17.80049092
12.15173869
1.09240567
0.37528660
8.15808012
4.30737367
8.06339539
7.00646942
14.47595246
4.69380707
6.96004211
8.92700133
17.19006317
4.39554964
2.69335938
8.87666778
5.29548759
2.65356881
1.76216644
12.86440894
3.52926750
1.61470551
1.23970551
21.37845856
17.57405142
3.52014627
13.25667110
10.59375000
12.37345585
1.93758117
4.65344083
13.48026706
1.23970551
20.65730275
3.25240580
5.63671875
5.36925865
6.74425865
1.57007646
8.01863586
2.84509308
8.70723294
1.08378269
0.24784332
15.61938165
8.66532441
0.01127106
5.60982269
16.58760528
4.96708222
8.40625000
2.51171875
0.55322266
10.54166251
6.68485815
8.55135195
9.45222961
0.98473778
10.61551972
4.73262854
4.27420989
4.66231355
3.44335938
13.86283356
5.18359375
11.89050200
5.54353945
6.08626219
0.68774476
7.47355164
12.24039672
2.22790558
18.22029477
21.08170656
1.83321199
3.73632812
16.12320922
6.98376496
7.14062500
1.20507812
7.60111481
5.47119016
7.81464983
3.62687943
8.63114472
5.28035461
2.56099457
0.89302582
13.74295989
6.60469636
5.95902496
7.98627882
0.30127825
2.78812029
4.91434287
8.34655917
3.58675421
3.43164062
13.76607020
4.58618351
3.10575410
11.54597961
1.24698914
13.52269947
2.61552471
6.96093750
9.76908356
0.88810242
5.08295103
1.73345522
2.52884918
3.44380707
3.99759918
2.41096548
1.47815409
6.61193817
1.31481965
4.31953264
6.00317819
4.29545323
12.05814606
2.62764185
4.72782690
9.25435394
7.03381317
9.85591644
2.26847351
0.92431641
14.20222961
13.57877438
11.23462101
0.06176758
0.00280094
0.24341747
5.88358489
17.39009862
7.06886895
6.26171875
4.05078125
4.64062500
0.15276337
2.01202744
0.01127106
13.73828125
9.58414672
1.47391816
7.75000000
17.39754215
14.00114140
3.45197862
4.98356826
2.98242188
8.47220856
6.51607269
17.74564606
0.09633393
6.81335107
6.81318374
3.65862145
3.27734375
9.62064606
7.30468750
6.70556516
3.08199191
6.68359375
1.78682403
7.78547596
11.92280475
18.61186945
7.16316711
1.13317902
16.41015625
2.59720856
9.64664672
12.47566711
5.54610261
10.87865868
3.82727393
3.92488586
2.72115082
7.97973072
2.94649822
3.00073242
2.88822418
8.29252106
6.87980164
6.75390625
15.65693374
1.74931626
7.61294908
0.47338431
7.37504432
13.17956450
7.26497562
0.41068512
0.52876801
6.01953125
0.99804688
2.15775543
17.93750000
8.43314606
8.29341644
2.87304688
4.50646942
8.47835328
11.16063830
5.35453900
0.93745941
5.82314606
6.58701019
0.41113281
7.99759918
3.73286957
15.27343750
3.01127106
16.48588043
6.87365692
5.77697474
8.66276374
0.11682129
12.66752106
2.64302582
7.95658356
0.88525391
6.99263519
7.42854610
3.21012577
1.20800781
4.89843750
0.98144531
7.13627106
26.07080507
14.79060727
9.78601230
23.89274047
2.77159367
0.10143950
12.08951906
2.02539062
8.89062500
1.58451324
11.49654144
0.78413910
0.63623047
9.74129211
3.93839539
19.01818817
6.00410794
5.65739140
6.14798981
19.89415974
2.48226451
7.12182181
5.99536569
0.96386719
0.92631012
6.34419769
3.78125000
8.28470856
10.99218750
5.17589429
5.07064716
2.60742188
11.50238587
8.53095967
3.47747783
7.88370789
4.70658356
4.70902372
7.50582003
8.32812500
3.92761137
0.12605898
7.26562500
11.61718750
4.22611481
2.99942432
4.82796764
4.06611592
23.65034543
5.71496675
2.13761227
0.68753436
10.33936170
5.29341644
7.55244903
3.31864472
2.06791168
3.60982269
7.78938719
9.48795656
2.89550532
5.13529698
11.44966644
0.40966797
8.24218750
5.57474762
7.61372894
0.26688629
11.33934675
8.46094622
4.04732269
8.94348145
5.56640625
1.47363281
4.58548981
1.00195312
14.85567044
8.13908023
3.24983765
6.71606383
3.85966035
2.13521332
5.76953125
5.40580231
0.75435394
8.45312500
3.04056793
0.44673676
5.86367465
2.94056515
7.78906250
7.99654144
0.98681641
2.56986481
2.28365082
0.15246582
3.63178912
0.01127106
13.04854278
10.63895722
4.27343750
9.89408356
0.69040955
8.38281250
14.63972961
4.39965758
8.48527039
2.08231660
11.52420989
0.82291750
3.08548981
1.40279144
0.01058960
13.05033356
6.07466644
2.44950348
8.62984223
1.07421875
8.95763631
9.41255209
0.56340536
8.66406250
4.83257703
2.11078235
11.41015625
0.53763824
7.33593750
9.47131317
4.01127106
7.37723847
0.79899047
3.49157746
6.07031250
7.10176419
1.16626163
10.97542110
8.71105054
0.75696891
15.49583777
5.08318262
7.91951352
2.88521083
14.19803303
4.63061835
5.47558843
4.51607269
6.01953125
9.13793883
6.45926972
3.63130707
4.76517731
4.16015625
1.72578949
4.71830231
10.07466644
5.44486481
5.85982269
2.34134918
11.18404144
0.11932373
4.89104964
5.18353501
3.27672873
7.58044216
15.53479720
10.71875000
5.87084774
1.86743351
0.84667969
1.46817307
2.56950576
7.21183289
11.45312500
0.02253723
2.97070312
9.40177305
4.19454011
8.59291883
0.02187591
5.92142731
7.08299535
9.51555629
1.18652344
3.60469138
0.15800393
1.77424424
0.01127106
12.81160461
2.95642121
10.06327239
3.22619349
3.25110206
7.96919769
2.60216506
2.59461228
5.79296875
13.24475067
1.40332031
15.46183289
6.08113586
2.75134308
15.84631317
12.42735041
0.61492464
2.72664616
0.48510742
6.34375000
2.35668945
6.75301086
5.80078125
4.20011414
3.22025543
4.20747894
4.40625000
16.40311614
0.21968660
6.92719554
8.56987477
13.80969083
19.69030917
4.87064606
12.69185394
5.30814606
6.31685394
0.15047180
2.75480164
1.49218750
9.63358489
2.24364113
13.67363142
0.11271055
10.51485261
18.09118683
17.61022856
15.11515071
4.85718085
5.65625000
6.09029144
3.38041168
4.82031250
5.16214872
0.73771304
0.66015625
4.16432791
5.32936502
5.37154144
1.91019559
17.49231050
0.76062043
2.68491710
3.09829121
18.63309037
6.13111037
14.74394017
4.21293277
1.90083832
10.17700133
18.34554078
8.41918883
16.74129211
2.00012300
4.03169769
4.67578125
11.31404477
2.12931460
2.45507812
0.43115234
0.03639709
4.06730164
3.95312500
5.33288232
1.64323249
16.97574330
0.01127106
16.22993988
4.47220856
18.92968750
4.75000000
7.59765625
0.10786957
0.07840973
6.70613586
7.65909851
9.04252106
1.90616883
4.77261581
0.41390763
11.70735594
4.03092531
10.60880492
11.93444482
8.26192044
9.47078679
6.94401374
4.67187500
10.66886289
13.57043550
1.73970551
9.05379211
2.13316656
4.19735926
1.20943207
3.18212891
5.94921875
5.66601562
2.81640625
4.61718750
10.12756317
4.65368683
8.03906250
10.55984497
6.02850342
0.12463379
3.90580231
11.15429688
6.35103114
0.59736592
12.86357158
13.65100067
4.12190548
2.94975011
4.87052305
11.94318706
1.88746176
9.81738032
7.95180630
1.40810006
1.50292969
9.32377106
0.73282898
2.92142731
0.02525849
9.20434508
10.08081117
5.27856383
1.70816393
0.22567459
17.17871094
7.49475067
4.11721687
2.27865746
11.02640404
12.67134987
2.28999723
7.75883089
0.19653320
4.52845493
9.97679409
14.89927860
10.60238918
1.18778535
6.94140625
5.98347961
6.01997894
4.43750000
13.26716977
6.67744404
0.01127106
15.98425200
6.87557070
2.18554688
14.28381317
9.61808289
0.23099699
0.50211672
4.35156250
1.06542969
20.06656860
16.47200562
12.60937500
0.25565582
8.75000000
5.66227172
1.55415863
0.01977570
13.04854278
5.87962434
0.90821808
6.33984375
14.53632204
10.15707668
13.37247368
4.24198581
1.85478003
4.57466644
4.90926086
9.68660461
13.88806183
0.37202973
2.37109375
8.26167443
2.64262245
9.21276264
4.35950299
15.83593750
10.28783245
6.84529477
12.60604568
1.84845302
13.92730163
6.96643284
5.18750000
5.68750000
0.03549194
15.22851562
6.74173981
12.49209885
2.63485427
0.07033295
5.35595703
11.50345856
10.49719083
5.40816378
0.55065949
15.29569426
6.84651485
0.94568151
2.99609375
15.28279477
0.39640445
7.22562279
25.82478945
15.19478612
2.50736481
6.57165558
3.16796875
12.19775266
6.72488476
5.83684286
13.28727172
5.35559175
6.31640625
2.86718750
2.49023438
1.84320867
8.90874445
1.09863281
2.27298233
0.25923427
12.80203569
9.78312943
13.97656250
3.69616855
14.93167000
3.22502770
9.94762966
2.16911015
2.08894836
13.41018117
1.19865054
2.46484375
10.25996731
8.10872562
3.15865082
9.71875000
0.01389313
13.90538897
1.59265791
2.46093750
14.14708445
6.43482380
4.80826906
12.68750000
2.39302582
0.70703125
13.60314163
2.94479111
18.10937500
14.67187500
0.33052582
6.39426032
4.47833886
6.79777039
2.49218750
0.03900146
0.13513184
2.72472740
0.31558954
6.03617464
6.16341312
11.51383422
3.95597351
0.57556183
4.25781250
0.90665462
4.83362034
14.95393174
17.33167220
10.21093750
4.71702793
18.27861812
4.68750000
8.43404144
0.66943359
6.27734126
5.74669881
1.39986923
7.63236481
4.40759308
3.92578125
0.01980591
19.84195922
0.36950715
10.81685394
7.74955231
3.25826019
1.82380790
3.73576241
5.98425200
0.19596437
8.64843750
3.44824219
2.60546875
11.78125000
4.82421875
2.35786957
12.12202350
1.19433594
4.72342864
6.65157136
13.44787567
5.89978058
6.58939606
2.86763519
7.86283356
1.92293274
3.62048371
2.32421875
0.67773438
2.76517731
13.29146332
3.91153868
9.05135195
12.03816711
3.24629544
13.45772495
3.82617188
4.96484375
12.45568817
4.24743683
5.59033203
11.19531250
6.82979278
13.49833222
13.95658356
1.30122894
12.67879211
7.75870789
6.76204344
2.89578818
4.83354166
2.79040558
4.52734375
5.92187500
9.67944149
6.52122822
4.96484375
11.02904837
0.10143950
6.76965425
9.29496122
2.41597628
9.94441711
0.04062928
1.23437500
13.51904297
0.10376921
5.67891511
0.02998352
6.88627106
7.86201685
9.51688940
0.02818298
5.98872894
4.37801086
1.37544769
1.35005707
4.33068817
0.19860871
5.01953125
8.28100399
2.66113468
10.86860927
3.60335328
5.61540165
2.73242188
3.26367188
8.08414672
2.19681045
3.13994126
4.38671875
5.36328125
5.39301336
18.28109762
4.63171542
11.18839539
6.58292664
9.23613930
4.51517731
4.01607269
3.27929688
16.77652953
1.75862672
5.70314689
0.38321587
12.98743018
1.06640625
4.96919769
8.54943817
13.79597961
11.30700466
12.88293550
5.47636081
1.56835938
6.74584774
18.63159242
5.89554964
1.75000000
2.39107269
13.07792871
5.83150487
2.85140015
4.65077156
5.73692375
5.69877106
8.71678192
11.35353058
6.22310394
4.65970856
25.99804438
3.23189550
14.34492576
3.05741799
8.77689606
8.25231716
4.44502964
1.85248726
0.69430657
10.85758422
7.47098847
4.37109375
15.71004211
10.42252438
1.92395113
4.64811281
1.68404144
8.22656250
1.02734375
14.50052513
3.97995148
0.33813165
13.82593085
4.25390625
0.10577393
0.07214355
4.74609375
18.17700133
2.62438996
11.48860594
0.62845980
1.98828125
3.18359375
14.03983489
2.61034533
20.05888408
19.66447085
5.24564606
3.63281250
10.55468750
12.47265625
2.80664062
5.08247894
0.03024292
19.17700133
16.73209220
2.15121781
1.57659020
12.88627106
12.90163327
6.75913120
8.65921654
19.05478338
6.10290558
0.05228668
6.76216644
6.13237497
2.72551473
4.08203125
6.03560394
16.49564606
3.09643119
6.41724069
8.61718750
2.57271332
3.99072421
5.48995899
12.33613545
9.64065936
11.87011968
5.20015846
4.92968750
3.61718750
21.24072141
2.70414339
3.93684314
12.67786236
3.09375000
8.90075466
3.78283909
6.33805297
7.17321808
2.06880707
9.78381317
5.62109375
6.96573914
17.65189606
10.23783356
3.82031250
5.82678192
0.30151429
3.51367188
3.17585993
13.39729610
6.40828928
16.47387633
8.05301972
4.52388519
4.12967864
3.79024324
4.11328125
0.44140625
0.55887785
2.73946199
3.12304688
12.62259918
4.96875000
2.67162899
6.53584995
12.00512633
0.76098695
6.84765625
3.79203277
4.60201019
5.02990692
5.37747701
0.01127106
6.40926086
4.92309508
2.99035738
8.31941711
2.42834442
2.31864472
10.00345856
1.64302582
6.82377106
0.08595795
6.84330231
4.08870235
1.90783909
0.40897613
11.57812500
6.93359375
6.74462766
3.14449191
9.41406250
5.87711547
0.13045289
1.57128906
10.77254211
3.36763519
10.06595856
0.05489105
1.60449219
14.62796654
4.13586768
3.17561890
5.57421875
3.20605220
0.50146734
0.74800629
9.37845856
7.63671875
5.68359375
4.95312500
8.33158356
4.10982269
9.66060394
9.73851729
2.93681626
8.84211658
0.71204205
5.35342947
0.15779477
8.35367922
3.44661126
14.56388741
6.36328125
9.53804411
0.09965090
4.31384308
0.03289795
0.18867949
7.41585328
0.05977387
1.22363281
3.97871731
0.01460941
5.31205231
3.32208583
0.94886967
4.80926752
1.21657080
2.64342670
7.71257092
10.20312500
5.45222961
3.27164672
9.20581117
0.15173340
25.00363159
5.68847407
4.21822362
8.68750000
7.88435727
9.60347628
0.17329926
3.27494293
13.20735594
2.50402925
7.52888852
4.94376773
5.98079344
0.24454836
4.98843861
13.69515514
1.94531250
7.73124114
2.60860261
3.87516235
0.25789430
5.11526873
0.09016844
17.78665670
10.09895189
4.90874445
0.02021271
2.44576019
10.10855770
1.39160156
0.01016235
6.78723007
1.26854970
2.35006205
0.10070801
2.61010742
16.03816711
6.67277039
8.29829677
8.69734929
14.06250000
8.12239292
0.20138851
3.36673981
5.38326019
2.11917747
3.78893700
3.18758865
10.23437500
2.36478668
0.36572203
10.11665783
9.97993469
3.59570312
3.01818817
6.42277039
3.39869785
1.40083832
12.47404218
0.24068332
4.27298981
8.68956118
1.02483488
3.41886414
3.58789062
0.01296234
12.12845856
0.32149262
2.39322751
5.28152787
0.30273438
6.93750000
6.58203125
9.61975067
13.29190603
3.85819924
4.18058289
6.72290101
5.48046875
1.52343750
9.50000000
0.13751190
1.53942902
0.73828125
8.04931516
2.83873920
3.46794326
4.15445922
2.49637910
4.80814606
0.60347504
4.37063431
9.93506981
6.33548981
0.44991059
6.66292110
2.73551640
0.00673676
4.46484375
6.50185949
5.90439051
0.57572418
9.56729167
2.94202626
3.46573914
9.37500000
6.07812500
0.73193359
4.94531250
3.43118919
16.16007757
7.35900599
7.81388741
5.84375000
9.15445922
0.14510133
0.44095856
0.08296723
9.12092680
0.09016844
7.10681183
1.77620484
5.61763519
0.22180176
14.31595856
9.55814606
5.04777039
10.79252106
7.06685394
0.78906250
0.15641266
0.39302582
4.60847961
10.92240138
4.02380651
6.42578125
0.01316071
10.74564606
0.54248047
3.50719748
18.32393838
8.02087433
0.12457275
7.69653258
0.65970856
8.26485261
10.93481383
2.76997894
5.63850953
5.72310394
0.51074219
0.02455383
0.77343750
3.88571976
6.13486923
4.02042664
8.70050754
2.42839871
0.14497894
1.50195312
0.00282288
2.14257812
0.08164916
0.15051332
2.33307029
5.29632424
1.84667969
1.89062500
2.42945072
0.06762633
13.03442445
12.57966977
3.31681460
3.81160461
2.16886414
0.92431641
9.82377106
0.14229340
0.80468750
1.51061171
8.16516954
7.31640625
9.96093750
0.00680161
13.32095939
15.18082890
3.85225620
9.18750000
9.35156250
0.90327973
1.20283965
1.55550172
5.64062500
4.14188442
2.76676640
0.12445068
2.56005859
1.95853668
15.84631317
5.38850953
8.75948028
2.63895722
9.90600399
4.47290226
4.97599180
11.64420656
7.75390625
4.67472351
7.06595856
1.27832031
7.62935394
10.05110594
6.44063386
9.85937500
2.26216644
5.53861481
3.46919769
7.63627106
1.99654144
10.85485373
0.01127106
2.96093750
7.70312500
9.30033356
4.61372894
6.33247894
5.36697086
4.30685726
0.64896637
5.19486481
1.61222351
8.74369293
5.41438719
1.95910738
15.82812500
9.01222519
9.79343638
11.54545323
10.91283245
1.11255817
5.47167969
3.34765625
12.07377106
0.38277191
2.01216644
6.33593750
2.67142731
8.75735484
2.48332723
5.38673815
1.51560560
6.48152649
1.56408660
6.60009641
3.07401706
15.07185727
2.10392398
5.12988281
6.80814606
4.51517731
3.87394226
4.21752930
3.14754211
4.91796875
11.62154144
7.65473959
2.01518229
6.03125000
11.07287567
2.80603058
1.40279144
7.27376219
3.83076809
0.13525266
11.19111592
8.06771498
3.18164062
6.57242797
4.88358613
0.38065582
16.77689606
5.11808289
4.60021942
2.29040558
9.56595856
0.76997894
4.70703125
5.22265625
6.62064606
3.43497618
5.85603945
15.90279144
8.09720856
12.72542328
1.81640625
0.01282501
11.23864030
5.31470412
10.47410240
2.60536568
6.54899047
12.11897828
1.76855469
0.02267456
8.25345856
0.79243988
1.06074856
0.46464206
6.07031250
7.28682403
2.75044769
0.13659699
0.56001801
5.81640625
8.50000000
0.00643921
12.81160461
11.53125000
4.26211215
3.49224179
3.80664062
12.80126953
1.46236176
8.00634641
0.15454226
0.01500183
9.95039451
8.99144947
3.84794658
2.31685394
7.56717864
0.33882660
0.11828676
5.44486481
3.66406250
0.02605194
4.17968750
10.21093750
3.70576124
6.43445478
3.63929543
2.70703125
8.00646942
1.74938996
2.34375000
7.52298981
6.75264185
0.27368476
8.03746344
2.48312555
3.74673316
3.62134973
4.26171875
7.74173981
3.60351562
3.90042997
4.38863253
7.28560394
1.96813747
13.16165670
1.91911513
3.15323914
17.22643950
4.06998781
7.21529144
4.97611481
1.50044769
0.00571442
4.76761747
4.50191378
0.51806641
0.92789672
1.35485871
2.20117188
10.81685394
1.56693512
0.30611176
0.01020050
3.40566933
0.77942985
2.75112894
0.01127106
4.89965758
0.70776429
0.05208344
9.35937500
1.70507812
10.13972961
6.52433289
6.30078125
1.52392578
12.10233489
3.82104554
2.40433622
1.59033328
10.56339539
7.82377106
0.33028168
2.40625000
8.25781250
0.15694121
1.19169160
12.09619016
3.51875886
6.81864472
4.31986481
0.41341125
4.28214539
0.34118621
6.12243683
1.81994598
9.28304078
8.59720856
1.19938110
8.86962766
4.88204011
2.57326782
3.72027163
2.46424866
5.17187500
1.40034630
3.91756538
9.13716644
6.15881317
2.53409851
1.76969360
3.24353058
0.10188812
4.38496918
7.52343750
0.67578125
6.04056793
7.78336547
3.30301972
12.85143950
6.51965425
1.64084277
0.10143950
1.83313082
3.69632093
3.93258532
10.13883422
12.12410461
15.60770722
11.10066711
0.43029816
2.57617188
6.76729278
2.69559785
5.31205231
8.20312500
1.85416469
3.75805851
13.07511414
6.22265625
3.57031250
0.02769470
6.78515625
3.15429688
1.95117188
7.43225067
7.25915558
2.13236481
38.00951463
6.93189162
5.48372064
2.36243018
7.48258422
5.91540558
0.16109223
4.87890625
0.63309660
14.45039949
1.56107574
1.88618988
5.44832336
6.68404144
9.22721188
0.19193699
13.84195922
9.75443013
2.76200908
4.14709442
8.28625333
2.95878269
8.91060394
5.36328125
4.54642731
6.38102172
2.45145722
2.54492188
6.36673981
4.60176419
14.91539562
8.07910904
9.55582890
12.79479833
13.26770167
5.21394836
2.69274933
1.01098571
9.98918458
5.14107269
5.69921875
7.33593750
4.32633422
2.79431183
7.44921875
5.99564606
7.96183289
5.13504101
4.49732380
3.24263519
3.92773438
0.01402336
13.84834746
10.29251607
10.01049867
23.73783356
2.42277537
4.09765625
7.54687500
1.31693512
1.81502289
9.94441711
0.82279449
0.30993683
7.65144836
1.57804383
13.78287633
3.26396719
4.07031250
11.37324358
2.81771498
9.63281250
12.52420989
6.63204011
4.32812500
1.81311004
8.75960328
0.04882812
2.71484375
0.35620117
14.28906250
0.79394531
8.07812500
8.21035979
0.21614625
7.01627438
10.62255984
11.96183289
4.84419769
12.41382355
13.29447418
11.91328513
