0.33813165
1.24931128
7.05468750
14.29399300
1.15527344
7.52331450
3.57478945
5.90625000
12.67187500
0.82373047
7.83401375
4.18897606
5.40820312
5.71651153
3.05932679
1.83154172
2.95849734
9.59375000
3.01171875
12.83593750
3.53490526
3.28736037
7.14583001
7.66364970
1.98242188
0.88623047
11.06281472
1.46648215
3.21679688
2.87109375
6.23950133
0.20784547
2.53019226
2.47460938
0.57181793
3.41255707
3.40039062
2.86217919
2.51672706
0.34179688
4.43061725
3.99158244
0.30940797
11.01741578
0.14062500
1.69531250
1.93041556
2.73702183
1.76029698
6.41406250
2.24609375
15.45214096
3.15288009
6.04003657
0.36226659
1.92187500
3.59696255
0.27050532
5.48205784
1.83874543
2.74218750
8.92879211
13.67008422
5.51049867
9.39847653
3.43489749
6.55814606
1.39693207
16.00691711
8.56152219
3.03983489
10.67737034
2.17338043
1.50178330
1.81905806
0.40616883
3.32812500
3.37650543
1.32466644
2.76367188
0.12581359
7.68945312
11.02856383
0.18131593
9.75691711
2.09887633
4.36295656
6.21516844
3.37369875
5.87890625
0.61328125
11.14102925
2.46537511
12.98095703
6.04732269
1.19242215
3.96285128
0.56835938
19.53792110
13.52819482
6.95809397
5.23053248
8.23939826
1.17142731
14.16841644
0.72119141
9.70658356
0.67769379
0.18334961
7.28100399
1.58768894
1.76216644
0.79252106
2.46341700
0.28898382
13.95413592
0.46211326
9.40547761
2.34245124
15.80558289
13.44384641
3.34791232
0.78954010
0.05984497
0.07017517
0.73722227
6.91463320
3.17187500
1.84960938
10.82377106
3.66914451
0.28833444
10.16978392
5.08367464
9.29687500
0.31685394
6.85427306
0.93629487
7.66841644
5.69531250
3.20942958
1.83813663
5.17073609
6.32722961
1.27478058
1.21830231
0.46069336
2.15279144
2.62520169
6.04052859
5.56473847
1.19238281
9.18750000
0.29541016
3.87695312
4.41015625
0.07781982
3.82074275
2.78960881
3.14423967
6.35722517
5.43554688
0.38114410
0.09063721
4.30468750
6.24564606
1.46964539
1.07792082
8.30391511
0.68572998
5.10457336
7.20792664
5.20703125
5.30387079
13.07571920
5.20508311
5.55468750
2.93013519
5.36328125
13.03275543
8.61283356
1.93990082
2.00826019
15.94095856
3.98091644
14.05379211
8.37051142
3.79244237
1.67232269
6.48046875
1.11726867
5.52823914
4.21093750
12.06160461
5.80948914
11.26713043
5.30513519
2.14257812
16.10709220
8.20105385
3.98738586
1.38610871
10.61673981
2.66841644
17.97318512
13.86616911
13.64993919
2.97852061
7.44999114
4.12422761
8.42968750
1.41894531
2.90279144
2.75390625
6.10892731
4.68013519
6.73469969
0.63842836
0.22086609
4.74218750
5.04633227
2.43657025
1.31835938
8.39614473
4.46323027
0.80322266
7.71484375
5.26818817
6.75089539
19.05431849
2.56722296
14.04027760
0.78621399
13.06627328
14.91565658
3.02047096
8.08593750
2.25826019
1.78515625
4.15311364
4.10762854
0.31958008
14.85156250
6.00933673
2.46492741
3.61238586
4.69034851
1.34781860
4.27913453
6.40612700
0.59436129
17.10630279
0.10872406
1.95344720
6.77559729
1.36621094
15.56937652
5.56026153
0.72188386
4.17871094
5.30033356
1.18066406
10.60054411
0.46826296
0.63395141
1.35290558
1.68599457
6.66796875
5.58984375
1.59946291
7.34844359
2.92683899
2.80558289
2.83007812
0.01548767
5.32621122
8.44722628
5.09330231
7.42789672
7.01652039
4.33728058
0.94193512
1.79048676
1.67631012
9.91406250
2.14664672
10.37213591
1.99666445
1.80911794
0.05635528
13.18725399
10.78674534
10.56815271
6.66711768
3.77146693
6.44240026
0.20080566
7.52187279
2.80234596
13.26627438
8.01603335
2.79581726
9.19441711
3.89737976
2.89453125
17.23074117
5.97371897
10.98002106
5.48002106
3.48331726
0.48681641
3.12719415
3.96220190
4.52734375
0.70235137
3.66406250
2.61417664
1.81331422
12.61982997
1.27885167
5.29931516
1.07275515
4.10534668
3.55908079
10.36641511
16.47054078
9.02600067
2.66780640
11.74002771
6.38106604
10.55814606
15.14497894
0.70214844
1.60502106
10.68435617
8.88416555
6.17757203
5.91361481
12.34362700
1.88383089
6.23099513
5.85103612
4.28950521
7.23588541
3.08593750
9.20161459
13.05586326
9.75598687
8.89192376
1.72265874
6.54699800
3.59822197
4.61930297
14.38056518
2.26840979
4.29252106
8.63627106
16.79732269
5.44352172
8.36116578
0.84956879
10.14774380
11.03584995
0.82470703
10.90689938
0.60774906
0.80566406
10.05635528
14.86950466
5.90572362
8.66560727
7.66766679
1.43274767
5.46919769
2.65625000
9.41714082
2.27137632
4.36665863
0.61234527
5.66015625
1.25431866
2.36132812
3.68750000
20.57059287
3.51099069
5.73872894
1.15270529
0.97815409
4.82031250
6.43750000
1.46777344
6.22176086
5.55545989
1.73547457
2.15775543
0.70804653
4.96110234
3.86389129
1.97595246
15.81386654
5.81001552
4.13074135
15.57360248
0.01127106
10.86885528
3.57092254
4.38761414
6.20971742
4.35982269
2.49023438
3.18900543
6.54687500
0.03172821
5.69140625
7.67187500
2.59375000
2.69726562
6.92744903
0.29227754
8.46439606
0.01468415
5.05033356
2.50040586
7.37109375
13.47054078
7.09688386
1.03568512
2.24849457
10.64318817
1.98571808
0.03570557
2.72973571
9.03988710
4.42053192
0.50573762
7.99495235
2.52067265
11.17968750
2.16949701
11.48760748
3.99379063
2.04943567
4.55896276
1.80371094
0.96382411
4.84232823
3.85577053
2.57078013
6.45926972
7.64843750
5.92968750
2.29960051
2.21504793
5.18558622
4.60559175
4.63928192
1.83963708
0.04927956
3.21529144
3.96638416
0.80024491
2.29891677
2.43599457
17.00817778
11.45377687
2.47656250
3.94291168
14.17622894
3.39603668
3.74698914
23.13402176
12.54252106
9.41060394
6.22656250
0.55468750
0.17065430
1.03808594
11.45794678
0.09395324
4.80558289
16.60766539
7.27062833
0.29362187
7.85156250
6.50919243
8.00126440
16.28023161
4.21854831
0.84472656
0.73193359
0.81376067
6.44018617
5.30904144
1.40648479
3.84107380
5.10156250
7.13492797
7.12230386
7.91516954
2.63379155
17.73990719
5.46419437
11.13692044
4.51318484
0.21191469
13.52734375
1.26029449
11.40279144
2.10892731
1.53149352
2.68477449
2.49023438
8.90958555
5.51414396
4.76665586
0.68753436
16.95601846
13.26436060
2.71049479
5.92150848
5.14396180
5.00903258
2.62032136
6.61718750
2.02929688
2.43321586
5.64156471
5.81685394
2.26322418
5.84855164
0.29809570
5.70178192
1.69177277
6.46244293
16.17622894
6.51428223
10.40189606
11.85489805
2.62166445
3.01818817
1.97993988
2.43103058
1.42248504
0.84464539
6.13326019
0.62406402
3.55904144
0.09686279
0.04925537
0.69238281
7.73933899
3.94457946
4.54174867
0.60734070
4.66015625
10.43314606
8.95902372
4.75236148
1.60888547
0.77156679
5.08638519
6.69576019
7.03906250
2.76533965
2.11116578
1.67480469
4.07857269
0.38208008
9.70430756
2.71295882
0.27050532
1.80326573
20.06461547
1.32352036
4.94813164
1.01607269
7.22265625
2.78641754
21.87112302
1.11670046
1.41841644
18.79508422
0.63529449
7.41239472
0.03915405
12.67573942
2.91601562
3.83304964
1.61425781
7.15234375
9.39062500
1.40136719
4.85546875
19.14652372
7.20113253
3.87230885
2.84359264
5.37589539
4.16279311
2.53642564
1.02050781
4.84623199
4.99360677
2.16166666
8.48937833
2.86653812
3.05501219
3.15592531
5.06205231
5.40234375
3.68208832
8.62500000
14.20312500
5.22089983
3.46480939
2.82210328
12.01562500
11.91406250
0.39510070
3.49112976
8.93750000
0.76855469
11.13425689
9.57148670
0.03381317
10.85502106
2.90511109
10.54675200
14.45071920
8.07629986
5.50000000
8.58263631
0.96761608
14.82377106
1.72408051
4.22989805
1.03670351
0.31372070
2.60967788
3.96087876
1.40722656
12.59350399
0.85473820
9.70324177
2.11283854
8.77522828
0.78662109
2.64648438
8.01846853
7.87215647
1.09423579
0.89371952
3.93900543
2.58036347
3.85111481
5.65279144
5.53861481
5.42336548
5.00827515
5.77734375
5.74654144
4.62890625
4.62845856
7.77879768
2.70328735
1.63602754
9.83247894
1.02298981
1.75240082
1.22460938
3.11088043
0.29659027
2.12804522
2.07507978
4.36238586
8.68660461
8.50215107
0.43957115
10.56531167
3.06250000
12.53125000
16.05814606
0.81449371
16.71927638
9.19241468
4.25326684
9.03816711
11.87756317
5.19710328
6.32865138
18.54789339
11.57509006
0.56152344
1.44433594
2.94933677
3.01167816
2.19839077
1.13529449
7.93208832
0.85937500
0.02601105
4.09810394
1.73535156
7.16170102
3.51330286
14.53398049
3.91947418
3.14693207
0.02429443
1.82031250
2.50435394
0.00703812
3.37748199
0.34326172
2.91829219
9.35754239
14.49267952
1.75834137
5.61523438
6.48738586
7.77306849
18.04663397
5.41015625
13.40524292
5.48046875
0.97855497
9.16939425
1.83593750
8.42610594
17.52852449
0.03381317
14.93212766
7.32702792
7.57519531
11.50602172
4.69710328
11.55431849
3.54484319
7.24263519
0.85009766
3.09687390
1.86601673
6.48046875
15.11283356
14.19877106
11.11637391
7.72611481
2.45357269
4.42533356
3.21484375
0.33711762
10.21439606
0.03569550
5.91015625
5.02217310
1.04476202
2.75842254
7.64402178
5.47939161
7.42281098
4.36328125
10.61270370
7.34994279
8.33504211
1.42960633
9.00781250
2.37304688
0.07346557
0.30403687
2.66796875
8.30033356
4.09419769
1.58060699
0.08858246
8.13627106
9.68750000
5.41605497
3.22306460
3.29162567
5.34676086
2.06038453
2.94380707
11.53660739
1.25108711
10.51258477
14.96875000
3.02343750
4.87890625
6.60656583
5.07312167
1.28320312
2.62011719
13.74129211
4.71170989
4.16866258
2.37312556
8.60974401
15.02689606
3.59615082
1.37292138
3.30578956
3.27969526
4.60311724
4.57755430
2.21496675
1.52791196
2.24304355
8.54252106
6.22701019
2.05273438
10.02510528
11.51741578
7.19676862
5.62399157
10.39843750
0.28784180
5.93707046
4.33949467
2.59208721
4.34330231
9.37935394
5.62568374
1.11064439
5.03906250
8.14716583
2.62137412
4.07829233
13.35412567
8.15368683
0.19531250
1.63524518
4.06495013
1.77343750
8.81595856
0.43526215
2.55110336
1.52159243
21.67139793
4.18351507
8.89819149
4.24243351
2.74654144
10.46875000
0.06915283
9.42533356
5.59631317
1.58968140
0.31005859
6.52734375
2.67187500
5.44531250
13.08939606
0.53609223
11.46337766
10.48632314
1.29887494
11.19006317
8.09554078
0.55472809
4.96875000
4.90176931
3.21244791
7.08894836
1.92179383
9.02343750
0.02282715
5.51594969
7.70235261
1.01802582
9.78515625
5.75096206
5.41198637
1.83341617
6.51383422
7.71618683
10.55904144
6.67879211
1.91495789
8.72989805
3.80639462
4.76644171
3.41015625
9.49592642
2.58956338
9.66841644
3.25736481
6.98538592
13.77854888
7.09840425
7.41752106
8.40933954
1.13851202
6.39773383
4.67558953
8.78035461
7.62333222
4.58280364
1.28295961
5.80904144
9.12500000
3.77929688
4.02014129
10.75031472
21.60848958
11.91406250
2.82808566
10.55814606
4.55122894
8.51908356
6.68794769
1.78222656
0.01325226
11.84570312
28.63627106
8.54968905
5.60717325
2.30688663
0.80322266
8.13102172
8.72538545
6.87500000
7.76383422
0.48767121
1.29439301
3.16210938
0.04843140
0.62011719
6.67764074
0.43812250
3.10396332
10.21093750
0.83256012
8.34029144
2.34960938
6.02856383
0.41186586
0.00762939
5.40151707
0.01127106
5.31294769
1.53613281
8.56250000
15.14843750
8.86718750
1.26562500
12.80033356
0.80318207
1.56640625
1.02442257
4.27624667
8.67533356
1.35713653
4.27657136
0.35270141
9.59118683
3.38716644
10.87845856
6.94966644
1.30761719
13.53983489
5.76485261
0.23876953
2.57031250
2.11088043
2.79125665
0.88399573
1.22509766
6.02343750
3.05957031
0.99027496
3.79252106
6.18750000
0.58243836
2.04492188
3.49430297
0.24690797
9.72029477
1.15055048
0.84985788
2.37625319
2.20333665
6.67822141
5.46240359
9.21093750
0.12955719
0.05550141
15.44164229
0.35478501
7.28778065
0.08728027
2.19726562
14.09195922
16.27644836
17.72489472
1.76802582
7.38671875
0.07883697
8.14404266
2.96663453
0.06814799
7.62121740
7.75390625
5.85156250
0.90039062
17.96093750
3.63557735
9.46989140
4.08577017
6.04854776
5.60591644
15.06160461
9.28759734
2.00967438
2.44230164
4.67968750
0.99560547
1.20312500
14.24385528
0.03611299
3.19631968
13.12515218
9.52779144
4.67277039
2.49369293
6.07466644
1.45019531
1.53666168
3.65429688
4.88326019
6.45222961
0.36320008
4.94290670
4.49849955
14.55859375
6.05419922
0.45194488
3.93419047
2.79831670
3.86523438
1.98092879
10.37726286
11.01502991
0.91097047
8.38627106
6.11612976
2.57421875
1.71048981
13.87500000
7.68765736
4.78555962
3.64832446
0.91601562
8.36673981
7.37154144
7.05423981
0.14119477
4.74739251
4.52514960
0.84033203
2.55513519
12.52629940
6.98905613
14.44877106
6.12154144
13.18383789
11.24939594
6.17212101
1.95783799
10.09729720
8.06160461
6.02042664
2.96191157
6.21777593
5.99609375
0.93212891
2.71813498
4.73889627
4.22684287
2.34932901
14.06327239
7.53047761
9.81595856
16.46004211
3.22009308
8.20166016
1.54597961
6.46439606
0.45544465
4.92675719
0.02254211
7.37691254
17.61193817
1.34021027
7.55904144
0.00849915
5.83939606
0.39184383
1.31176945
19.23574247
4.56882202
7.37276153
15.34427887
8.26062167
2.91060394
8.96875000
1.59525543
1.07617188
6.03560394
7.36279297
3.25195312
8.23783356
2.31099457
4.13281250
3.65384918
0.37959809
5.54899047
9.26037567
7.61250886
0.43261719
7.96394836
3.88236481
0.94132508
3.09090149
8.55558289
1.97701019
0.79248047
7.53470856
6.53125000
7.73783356
1.83683289
11.58544548
4.44971077
3.69726562
5.95885639
0.43469830
2.20117188
6.18598959
5.40413578
0.21415005
3.50459995
17.80049092
12.15173869
1.09240567
0.37528660
8.15763243
4.28829011
8.07902039
6.99865692
14.47595246
3.43697113
9.11629211
8.95914672
17.31583555
4.41731937
2.49609375
8.00301086
5.61702017
2.36629709
2.32421875
9.81839373
0.63045850
0.60388215
3.81205231
15.42232269
12.70483087
3.29468085
13.00667110
8.80558289
13.99860569
1.61877410
4.44250333
14.83618351
0.74511719
21.76924092
2.94124889
5.85502106
5.51814384
3.84427638
2.40560560
6.98693817
2.32405640
10.65869016
1.08838015
0.12878418
15.49784021
7.70923038
0.01127106
5.60982269
16.58760528
4.96708222
8.40625000
2.51171875
0.55078125
10.53033042
6.69612921
8.55135195
9.45222961
0.98180810
10.23233821
4.77987256
4.56148161
2.08451449
1.84570312
14.47220856
5.99686614
9.37845856
4.16418550
8.02555297
0.22131379
7.41060394
5.03426086
2.72176086
19.86323693
20.50049202
1.34021027
3.74173981
17.93750000
6.04927582
3.44335938
0.73779297
8.05981383
3.96109985
7.53848183
3.96631981
7.71061281
7.11584442
2.15519226
0.55859375
10.14664672
3.10184785
6.29838043
9.45827572
0.46795323
1.47672017
4.91434287
8.34655917
3.58675421
3.43164062
13.76607020
4.58618351
3.10575410
11.54597961
1.24698914
13.51142842
2.62874889
7.18013519
9.25256317
1.25134308
4.20738531
1.72230219
1.78515625
5.07421875
4.46093750
1.88631040
1.05900210
4.78080231
0.78609223
2.34960688
4.03906250
2.78373448
7.67578125
2.56664728
3.76298315
9.03214539
6.27164672
7.06774933
1.88130707
0.81787109
14.98002106
6.96012079
10.47001440
0.01986694
0.00057256
0.02633201
3.45747894
10.35502106
5.65802372
6.30468750
3.47070312
4.44140625
0.25716972
2.35693641
0.01127106
13.73828125
9.58414672
1.47391816
7.75000000
17.38581195
14.00114140
3.45979112
4.98356826
2.25785309
6.63326019
1.36132812
15.62064606
0.10329193
7.52921321
6.46214761
3.70004543
3.16210938
9.14408356
8.34810394
6.17565825
3.32434175
6.73828125
1.16617797
7.46560959
13.43879876
18.43417442
1.24173981
0.60835785
14.91601562
3.66947418
11.20658356
16.33939606
4.80603058
10.97591125
2.41300476
3.07181793
2.85982269
7.23978170
2.76998393
3.20507812
0.83988434
10.24910461
8.71618683
4.83740234
11.16409686
1.56246564
3.33812542
0.47338431
7.37504432
13.17956450
7.26497562
0.41068512
0.52876801
6.03080231
0.98677582
2.15775543
17.93750000
8.44441711
8.28995789
2.87304688
4.85457336
9.00524933
10.53498892
5.05485483
1.17675781
5.11453070
6.04757867
0.57714844
8.45898438
3.04838043
16.03125000
3.59224457
15.58308899
3.22656250
3.45519615
7.85038674
0.18859863
12.75781250
1.70072418
9.94966644
0.90576172
3.57031250
4.04544327
3.22408798
0.83691406
4.71093750
0.55664062
6.28426086
31.25068969
3.95707059
10.66837710
19.59134918
2.56435014
0.10143950
12.08951906
2.02539062
8.89062500
1.58451324
11.49654144
0.78413910
0.63671875
9.73002106
3.94966644
19.03381317
5.44901457
5.66809175
5.10156250
20.12214401
2.72107712
7.29703236
6.03499889
0.74511719
0.53149414
7.88236481
3.53365082
5.06986481
6.71093750
3.08581450
4.97713320
1.71289062
10.88871122
8.73616578
2.39811281
6.77779144
2.92968750
1.40840481
6.28495456
6.91361481
2.84395169
0.13651706
4.95747894
10.14062500
3.31835938
1.50003685
6.53340979
4.39090537
22.69872014
5.37064606
0.70430325
0.68753436
10.33936170
5.29341644
7.55244903
3.31864472
2.07918274
3.59855164
7.79329344
9.48795656
2.90677638
5.12402593
11.45312500
0.39839691
7.76562500
5.27734375
4.85502106
0.28951019
7.99828541
9.03540600
2.60937500
9.32275391
2.80273438
0.62060547
7.54642731
1.29154449
16.14396055
8.15983156
3.21468140
8.35066711
2.60636414
2.36673981
5.71093750
4.93013519
0.63671875
9.32812500
2.26908356
0.38179535
6.61989806
1.99444093
8.91841644
6.87154144
0.93750000
2.50150543
2.77779144
0.12524414
2.72903951
0.01127106
13.04854278
10.63895722
4.27343750
9.89408356
0.69431580
8.38281250
14.63972961
4.40747008
8.48527039
2.08231660
11.53202239
0.64469484
3.31400543
1.25630707
0.00849152
12.12845856
5.84810394
2.48791504
6.85400391
0.62064606
8.72257383
5.46785461
1.23877078
5.26997894
8.62895502
1.90229498
2.42382812
1.16804992
7.84855164
10.90445922
3.21724457
7.77823914
0.59476715
4.45792664
4.60892731
6.12174313
1.13456394
12.68994016
6.09520612
0.22124196
17.36481605
3.28406914
9.51037567
2.32511165
14.19803303
4.63061835
5.47558843
4.51607269
6.01953125
9.13793883
6.45190492
3.63867188
4.76908356
4.14497894
1.74320465
5.07466644
9.90625000
3.88627106
3.84615082
0.67142731
13.15279144
0.05987549
4.38697637
4.44106714
1.63146942
3.50524933
9.10591644
6.50390625
7.81494016
2.39990359
0.43945312
0.55860984
3.87683510
6.42277039
11.41406250
0.01178741
2.44726562
12.61104278
1.94185394
7.95504351
0.00630569
2.95027649
6.85260528
7.01938386
1.09863281
2.99214318
0.02030800
3.17291311
0.01127106
12.81160461
2.95642121
10.07454344
3.21492243
3.25110206
7.96919769
2.60216506
2.59412400
5.79296875
13.24475067
1.40332031
14.27868683
4.48783356
1.75533051
14.62756317
12.77403259
0.58765957
3.05176030
0.54199219
5.04252106
2.79931641
5.08548981
7.50044769
3.72265625
4.90279144
4.44531250
5.44531250
12.33894836
0.13370789
5.04467088
6.49394392
1.72289977
11.85424867
4.33247894
13.91406250
4.64017731
6.30513519
0.19514953
2.54777039
1.17285156
4.20434508
2.38922762
12.30709330
0.11271055
10.51485261
18.09118683
17.61022856
15.10387966
4.86454565
5.64497894
6.10156250
3.36914062
4.83158356
5.16605497
0.73771304
0.81494141
3.84942709
4.28293771
5.66451019
1.68957364
16.23974734
0.79968293
3.04312138
2.28058620
17.73099014
5.48971298
13.25055056
4.22945285
1.66353363
9.53548094
14.64278230
6.72375333
12.37923094
2.01615636
5.41841644
4.01562500
1.77103668
1.48677582
2.11132812
0.16601562
0.02839142
1.88814301
3.69921875
2.39123504
2.14196808
20.52021249
0.01127106
16.22993988
4.47220856
18.91841644
4.74955231
7.60156250
0.10872406
0.06713867
6.71740692
7.31970246
9.13537567
0.88712586
7.94196698
0.29533771
8.45914672
2.50419160
8.83549406
10.09220274
7.13052970
10.20015846
5.36922429
3.64843750
1.09737785
10.50012300
1.39497894
8.76908356
1.77440098
4.57203457
1.52486176
1.78076172
0.97757965
4.67036957
1.13085938
4.75000000
7.11328125
1.56640625
3.75390625
11.13639313
6.89131684
0.03843689
3.50736481
7.10937500
2.43562244
0.59736592
12.86357158
13.65100067
4.12190548
2.94975011
4.86271055
11.93582226
1.89873282
9.81738032
7.95180630
1.39833443
1.28755707
10.46785461
0.76945008
2.31835938
0.02049255
7.97574828
11.34118683
4.72957336
0.63903528
0.08911444
1.25683594
7.63102172
3.94786196
1.94699523
14.08628658
9.04876897
3.29134032
7.85514406
0.26196289
6.01331977
7.74937554
17.06232270
5.39247007
2.08622285
3.22851562
4.79642731
6.02388519
4.08548981
9.91125333
5.70640626
0.01127106
15.98425200
6.87557070
2.18554688
14.28381317
9.61808289
0.23087492
0.50260500
4.35892731
1.05513519
20.06656860
15.22058137
12.89497894
0.15393066
7.33593750
5.59586547
1.22452820
0.02953095
14.34708555
7.78973627
0.68544381
3.55904144
8.84671654
6.24870124
14.94717698
3.80587322
1.45817265
3.71679688
4.87455231
10.55814606
14.95402039
0.28735352
1.50585938
6.94412678
1.56714428
3.01611204
2.38521457
16.84375000
11.89322252
6.31319370
14.89330120
1.84845302
13.92730163
6.96643284
5.19877106
5.67622894
0.03549194
15.22851562
6.73437500
12.48774491
2.62704177
0.06984467
5.20312500
6.57812500
10.66918883
5.12723847
0.97505707
10.32185852
5.68770169
0.68184605
2.60937500
12.03727172
0.07900025
7.16881982
26.07580784
12.52010195
1.45808899
6.29475953
3.77343750
9.21695922
2.91502660
4.95952570
11.99129211
3.87377992
7.23482269
2.79492188
2.55078125
2.41205757
9.34868461
1.20605469
2.64964263
0.25923427
12.80203569
9.78312943
13.97656250
3.69616855
14.93167000
3.22502770
9.92268673
2.17842808
2.09480774
13.40974111
1.20788730
2.32812500
8.89802915
7.66552859
3.20597351
9.96439606
0.01140351
10.49080009
2.91304909
0.94380707
11.09366135
1.24919326
4.36763519
10.56250000
1.82759613
0.62353516
5.86803857
1.30977698
16.62935394
11.75781250
0.20935059
6.27857326
4.40261967
5.85591644
1.91646332
0.06097412
0.14331055
2.19364099
0.31558954
6.03617464
6.16341312
11.51383422
3.95597351
0.57653840
4.25781250
0.92036708
4.82234929
14.94266069
17.35856826
10.21875000
4.71507481
17.66924312
4.91015625
8.03906250
0.51318359
4.71150571
4.95507314
2.65186170
7.04296875
4.17277039
3.70507812
0.00725311
5.63793883
0.27079316
9.69531250
5.57812500
1.86283356
1.22342614
3.51086768
6.46785461
0.01420105
4.53470856
2.15022797
2.45072418
13.37500000
4.70658356
2.51066101
6.96190908
1.19433594
4.72342864
6.65157136
13.44787567
5.89978058
6.58158356
2.86763519
7.86283356
1.92293274
3.63415558
2.32421875
0.67919922
2.87650543
12.51094574
0.94901457
5.48750886
12.90189606
4.41605497
11.24845523
4.24218750
5.64843750
5.41483489
3.98360261
2.77929688
13.85156250
6.62064606
14.89888519
7.18359375
0.45043945
9.55033356
3.09615082
3.99324524
1.69705491
5.56950576
3.36507203
3.58894836
4.38370789
6.73848294
4.06547755
3.75524933
5.78022662
0.10143950
6.76965425
9.29496122
2.41597628
9.94441711
0.04062928
1.22753906
13.51995850
0.11504027
5.65983156
0.03002930
6.89754211
6.95588985
10.46297429
0.01565552
7.60156250
5.79296875
1.40234375
1.03808594
3.19486481
0.07924408
5.64843750
7.49373227
2.31327457
4.31250000
2.34529477
5.67132968
0.67431641
3.05664062
3.46875000
1.30339486
2.64857047
3.39257812
5.55468750
4.47726813
26.64125996
7.89957890
5.72310394
6.26171875
8.36009026
4.01953125
4.80468750
2.38671875
2.76827484
1.73872894
4.57997951
0.38321587
12.98743018
1.06640625
4.96919769
8.54943817
13.79597961
11.30700466
12.88293550
5.47636081
1.56250000
6.74584774
18.63159242
5.68115359
1.49023438
2.81445312
14.39706920
1.81188996
1.39204926
2.26574302
8.17582557
5.06819703
9.58788564
1.81055186
8.60156250
9.30814606
25.23290517
2.30469248
6.43163564
1.64648936
8.00000000
7.14025599
2.12292761
1.63357429
0.89450188
8.51818817
5.55603058
3.93599457
10.51472961
5.66796875
1.08544797
4.69722628
1.03951019
4.58939606
0.46875000
17.55725067
1.96329012
0.33813165
13.82593085
4.25390625
0.10577393
0.07214355
4.74609375
18.16573028
2.63566101
11.48860594
0.62699496
1.98828125
3.18750000
14.05545989
2.12512051
19.49153812
17.37723847
6.66841644
3.64062500
9.80814606
9.98579926
1.60990387
3.80318207
0.06250000
15.81506317
14.49271388
1.38794879
1.18168993
11.57377106
11.04066818
5.18471076
2.63520834
17.75547823
5.52388519
0.05770874
7.06640625
4.57825038
2.85422428
3.30859375
5.88716644
17.29252106
2.40339650
2.81295268
8.10591644
1.72993988
5.15657457
6.47482601
9.30911140
9.64065936
11.87011968
5.20015846
4.92968750
3.61718750
21.24072141
2.69482546
3.96231494
12.66659131
3.09179688
8.85912899
3.93383976
6.74987700
6.24967531
2.78365082
8.88627106
0.91088805
5.67891511
13.00345856
10.10502106
4.28560394
4.41752106
0.28190125
4.74609375
3.86921931
12.08784879
6.69728981
16.43750000
10.78125000
2.24218750
0.81030211
1.97729554
1.64453125
0.42333984
0.65490692
5.12634308
2.68750000
10.44921875
2.40429688
2.06400543
5.21919769
8.71504544
0.89921238
4.98437500
3.88773590
3.42382812
3.80468750
3.97244584
0.01127106
6.40926086
4.92309508
2.99035738
8.31941711
2.42834442
2.31864472
10.00345856
1.64302582
6.81986481
0.08620209
6.83203125
4.09997341
0.49869999
0.32027191
11.53906250
7.69095856
4.93212766
3.06201296
8.68750000
8.49129211
0.10693391
2.21679688
8.86975067
2.85485871
9.30814606
0.04314179
1.21875000
12.02319149
2.88757480
3.35681183
3.81595856
5.54906915
0.22872229
0.87792969
6.88236481
5.78755707
5.01517731
4.12935394
2.80680297
3.79626496
8.07031250
4.86478170
1.98092143
7.93074025
0.21960979
5.43607325
0.15779477
8.35367922
3.44661126
14.56388741
6.36328125
9.53804411
0.08837984
4.33683289
0.03289795
0.18770293
7.41585328
0.05977387
1.14648438
1.90445922
0.04317262
4.30423981
3.33083556
0.57150819
5.40920657
0.62053800
3.50724180
3.68025820
9.32812500
3.82722961
3.07739196
8.95670656
0.25309234
25.25942993
6.53999723
3.75927859
7.62455231
6.72208555
9.49320589
0.08258057
2.48632812
14.65100067
2.90759308
7.40490692
4.52087433
4.71305297
0.08797242
5.62316490
12.66544991
1.82173676
5.85546875
1.61621094
0.67146789
0.16011566
2.81261802
0.09016844
17.78665670
10.09895189
4.90874445
0.02021271
2.44576019
10.11440754
1.39355469
0.02139526
6.67980713
1.54434370
4.74374224
0.05599976
0.48950195
12.37500000
6.58984375
8.75948028
8.88114472
10.08984375
10.89842477
0.09406027
3.67968750
4.38671875
2.51480829
3.25475732
2.81832502
8.55033356
1.58406555
0.70812957
7.88576260
7.01855469
3.56445312
2.71936004
5.10636414
3.15875882
1.14648438
6.22168017
1.14249944
4.02689606
2.14760957
0.52528257
2.79581726
0.63480621
-0.00380951
4.86718750
0.01522064
0.74324274
1.91669998
0.30273438
6.93750000
6.58203125
9.61975067
13.29190603
3.85819924
4.18058289
6.70825258
5.47656250
1.53275543
9.48872894
0.11352508
1.49938996
0.91162109
3.55049590
2.37633935
4.15763741
3.33850067
2.50329621
5.22656250
0.83740234
2.94749233
8.38994625
4.69531250
0.21929932
8.24808622
1.29292941
0.00106335
3.80078125
6.95336104
3.75712876
1.08443207
9.09754766
4.32343195
2.33292664
7.61523438
2.72070312
0.59423828
5.19531250
2.29873698
8.54285571
2.18013519
6.57690492
6.23905364
7.23091644
0.15710512
0.29618316
0.08632416
11.63225807
0.09016844
7.10681183
1.77620484
5.61763519
0.22180176
14.31595856
9.56595856
5.05122894
10.78125000
7.06685394
0.79248047
0.15641266
0.26802582
4.78080231
10.43969415
4.02169104
6.81250000
0.01020050
8.23347961
0.96036805
5.04650599
15.18697362
5.54732269
0.17468262
3.93827239
1.83256012
10.03137300
11.94787567
4.19576019
4.46138519
6.06294769
0.43188477
0.00383568
0.88671875
0.11499449
1.10274324
1.63326019
3.04849097
0.87240746
0.12524414
1.07910156
0.00212288
1.92578125
0.07640532
0.24344941
1.91892880
5.56337100
4.54296875
1.08007812
1.63978605
0.06762633
13.03442445
12.56839872
3.32808566
3.81160461
2.16691101
0.92919922
9.83158356
0.14253754
0.80859375
1.51109999
8.16516954
7.56250000
10.78906250
0.00331306
5.91738310
17.15087766
1.17309757
9.39062500
8.19185394
0.20446777
0.53177824
0.72139558
5.83984375
3.43135528
3.62137910
0.09509277
1.94474273
1.31392426
15.66918883
4.38159242
4.06986481
1.50044769
8.51639739
4.16719636
3.27058899
11.57902039
9.51562500
4.91503906
5.32767731
2.30078125
6.68794769
4.03877715
3.34403535
8.05468750
3.16796875
5.56595856
3.81835938
7.21529144
0.51416016
5.46044548
0.01127106
2.96093750
7.71439606
9.30033356
4.60245789
6.33247894
5.36501774
4.31076351
0.64896637
5.18359375
1.62349457
8.74222809
5.50602172
1.66239472
4.50683594
11.13618241
7.16398382
0.41471811
7.49978835
0.69890154
2.83056641
1.86433899
6.89318817
0.23152711
2.59810394
4.70267731
2.47025543
7.21540448
3.02767841
4.99358933
1.50250442
5.73046875
2.08085051
7.28625333
2.59188054
10.47208555
0.81648867
4.00537109
6.92187500
3.93164062
5.25390625
3.69287109
1.03523742
4.50435394
11.06250000
5.67634198
0.52971271
2.23242188
7.84586547
2.75028535
0.44238281
0.76102629
0.90913848
0.13525266
11.19111592
8.06771498
3.18164062
6.58369903
4.87670961
0.38065582
16.76127106
5.12589539
4.60021942
2.28259308
9.57377106
0.74947113
5.39408356
4.34960938
5.26953125
3.15250610
4.75569703
14.05122894
8.67533356
11.07747406
2.43660461
-0.00946533
11.40965925
5.36874224
7.29335218
2.15285571
2.43375610
11.97054078
0.89257812
0.02874756
7.63627106
0.85445160
0.43098813
0.41300601
5.53906250
6.97823028
1.13260832
0.13822543
0.60351562
4.01997894
6.78515625
0.00400162
10.84285461
10.83850067
4.38458833
2.97417663
4.44185394
10.73681641
1.83150238
10.58214429
0.32801196
0.00370026
7.25991800
8.99144947
3.84794658
2.31685394
7.56717864
0.33882660
0.11828676
5.45267731
3.66406250
0.02629608
4.19291168
10.19185394
3.56025654
6.35506538
3.83384934
3.37500000
6.41752106
1.51216644
1.91015625
6.44531250
5.45243130
0.28365269
2.43480635
1.15751939
1.93384152
2.23268284
4.57421875
8.24707031
0.27783203
3.22912068
3.89783244
5.77734375
0.48713985
14.52921321
0.70194924
3.52583832
21.69083555
2.17981050
4.37890625
3.31099457
0.58837891
0.01315308
0.31925414
5.46272828
0.55078125
0.49283813
1.43050172
2.40775543
7.97310394
1.04154449
0.26631684
0.01076508
1.48449053
0.23674146
3.61814237
0.01127106
4.89965758
0.70776429
0.05208344
9.35937500
1.70507812
10.15100067
6.52433289
6.28169769
1.53027344
12.10233489
3.80977449
2.45239196
1.38798066
10.32466644
7.48303192
0.46667512
2.17578125
7.96875000
0.12558959
1.03304078
8.56026028
1.96480441
3.53694703
0.48925781
0.34265106
3.71618683
0.25345824
5.89583375
1.76765930
8.43839539
1.29162567
0.34497070
2.02762412
1.77002327
1.57518534
2.43954551
3.26610565
3.46244293
1.42488212
3.81388741
9.56685394
0.97216797
1.15429688
1.16137633
2.72790558
0.03222687
5.63494873
5.75390625
0.91357422
5.95312500
8.94441711
2.64933289
7.65933954
0.81819952
2.92965752
0.10143950
1.83313082
3.69632093
3.93258532
10.13883422
12.12410461
15.62333222
11.10066711
0.43298371
2.58398438
6.77510528
2.69559785
5.31595856
8.05468750
2.92142668
3.80391511
12.53072113
5.94095856
2.71484375
0.01837677
7.07421875
3.07763672
0.85742188
7.42097961
8.10591644
2.07857269
31.17028092
4.11202681
4.72623656
2.30932679
8.69787567
3.26066101
0.12215180
3.42578125
0.28885832
5.67403230
1.17045074
1.48384613
7.25691711
6.13761414
8.39127438
0.12215335
5.53861481
6.49247036
2.26871952
2.81009918
5.54630430
2.88533632
5.69966644
4.36328125
4.28125000
4.39709442
1.60095246
3.04296875
4.46484375
3.00028037
14.91539562
8.07910904
9.55582890
12.80606939
13.27205561
5.21785461
2.70056183
0.99629668
10.00826814
5.22310394
6.09375000
6.18705231
4.80289672
1.50569703
6.37544769
6.81986481
6.29341644
2.56037955
3.71501108
3.91406250
2.48046875
0.00223160
12.45369445
3.29862146
10.27266511
7.12886968
1.38448277
3.88521332
5.42578125
1.23197418
1.46806854
9.44441711
0.62076781
0.32080140
6.64619903
1.68094941
15.06282396
2.09896498
1.99609375
9.92496454
2.89685339
7.57857269
8.62500000
0.02001434
5.53035461
0.51159699
8.65625000
0.02041626
1.83593750
0.22241211
15.66406250
0.62207031
8.84375000
7.43667274
0.20882172
9.55725067
9.35245789
9.25000000
4.22265625
13.07505417
8.85298676
9.58646138
