0.36067376
18.54980718
12.75781250
10.20936826
10.27164672
1.83968140
7.32812500
3.35327148
3.69759032
1.89908937
1.36425781
10.25846188
7.25716312
9.60579344
9.55045656
0.36523438
7.84547928
0.08757491
35.48616578
4.34407469
4.55045656
17.54768423
0.62516733
18.75780752
17.32828361
10.22254321
0.25020355
1.80371094
9.42968750
12.03906250
2.76367188
9.96695922
7.29085328
8.24283688
0.95963625
1.67545407
0.51513921
8.25781250
9.03548094
6.10319093
6.80859375
3.18750000
11.86718750
0.39770508
14.41226798
2.86556405
4.28125000
1.53613281
3.50748283
2.48861092
7.89453125
2.69514642
3.49479499
12.94775266
51.50569703
21.78092531
2.15625000
1.20996094
9.41292110
0.47623906
4.12890625
14.96875000
9.67642066
9.07161126
4.30665558
2.91406250
6.32812500
9.01985594
6.68521720
4.43945811
3.96093750
10.71514850
4.63250775
15.00000000
2.27441157
0.00366460
24.19531250
14.93309176
0.81104886
14.62683105
12.67675532
30.47378768
10.27735372
17.14754273
2.14603637
9.54085328
8.29329344
2.64225343
9.16601064
3.07422373
1.74316406
6.83626219
5.66764406
8.32031250
1.07796141
12.02896720
2.41797373
7.98860096
45.82324468
3.62174811
3.57812500
15.86067376
3.89925421
0.56331422
1.31347656
13.93684813
9.85377077
4.00589063
5.38086436
11.12695312
10.01204344
17.98404533
11.30435284
5.45932402
7.85969969
5.44531250
7.28092531
5.91015625
6.59375000
12.21736956
7.84407469
4.95670656
2.39648438
7.24218750
17.72265625
17.40625000
0.11718750
1.13092973
6.48226950
2.40234375
12.21939938
1.63020999
14.46093750
17.87043440
1.50261247
14.96614251
5.41308843
9.30119184
6.79687500
4.23046875
0.36523438
4.19140625
10.94238032
2.54394780
1.84179688
12.26204344
29.51920656
7.25781250
4.82812500
3.20117188
17.30517080
6.90430186
7.90819814
3.28255125
9.39225842
4.09375000
0.34838867
10.61629211
0.28751648
6.61783688
2.15169437
2.24218750
5.71907469
1.15983156
0.98974609
13.38191649
19.64811281
10.72656250
8.08593750
2.15039062
5.49251219
9.37500000
12.80370346
4.03678967
0.13623296
13.02766844
3.62890625
18.52717642
9.50797983
12.83105220
25.29394282
3.20671154
34.64453125
3.40429688
12.62694814
6.83398936
2.04556378
0.83529560
1.96679688
12.66925754
17.37371121
0.20275879
16.93164062
17.78971188
4.88997562
4.39062500
6.58240485
0.01907349
3.14453125
14.01757314
14.17936530
4.56185062
10.09016844
1.57535890
6.81402588
0.63704344
5.91015625
16.81442820
12.20965868
6.07324468
9.41406250
2.65820312
2.05859375
18.81867908
5.44303967
9.50781250
19.54687500
2.33268063
0.68424562
2.47623781
4.90135971
5.07910904
1.52441406
17.46146232
5.40461658
3.36329122
4.41406250
5.86718750
10.98437500
4.05078125
1.36262938
6.28873781
3.11230220
0.52539312
1.02832031
11.54019767
15.22949468
3.53841312
3.65820312
11.85937500
5.14062500
3.28515625
14.95735594
7.45735594
6.47004876
2.85937998
2.62890625
6.87109375
1.68652344
1.16699219
11.26204344
1.96646969
3.07324468
1.24218750
10.65266844
1.31347656
9.99576906
12.05728502
5.47819592
1.27408937
7.83203125
4.46907469
7.68717531
0.97281735
3.71419437
1.43847656
0.05679321
5.32812500
2.81835938
13.51269282
5.59668218
5.32373047
1.14485345
5.06722296
0.42806031
2.04101562
4.57031250
1.14550781
12.54230940
7.85319592
0.39453374
4.01692376
10.68261968
1.75358156
5.61328125
8.15625000
4.93814938
1.31282718
9.49218750
7.87271720
4.45150155
9.15461658
0.61784436
3.77343750
1.45996094
16.85351064
11.74414561
4.97330563
10.06876773
0.09415711
3.95117188
14.32812500
0.90332031
1.62304688
12.18391844
10.79980220
3.87760749
5.58593750
6.30468750
2.95117188
2.59434758
1.51242242
0.39518312
12.78906250
3.68750000
1.52668939
3.90104499
11.68750000
0.97476923
1.62711796
12.96500734
8.91601562
8.00708008
5.75219917
5.28906250
2.07812500
7.69352172
0.30883789
16.74592642
13.03677970
3.43392841
13.47558345
13.77522828
2.08707890
6.82910156
4.76594969
10.84815935
5.26953125
11.53906250
4.22265625
2.81445312
10.64843750
3.40819814
11.09016844
2.62272717
0.12743759
7.69954344
12.30468750
9.26139406
1.43164062
4.29296875
2.34960938
7.51594969
13.96743130
13.46583776
1.82844720
4.61588874
2.14843750
6.00781250
6.68359375
3.05078125
10.16796875
7.49609375
13.34212157
14.92447501
12.37793467
5.23437500
6.73257425
1.59164450
7.05078125
0.80712891
9.55468750
6.18180297
0.84749390
7.62109375
2.84570312
7.39843750
0.18457031
0.06164551
0.06549072
10.04687500
10.08398438
10.50129876
22.88867188
6.10840093
7.69010500
17.37500000
3.73632812
14.77473626
7.29166999
3.06640625
9.13704344
0.38981203
1.52766844
7.38248781
4.69140625
5.18359375
6.64843750
4.72948720
3.84961436
5.47265625
25.04492188
7.44531250
3.25390625
10.65266844
9.72363032
8.07063719
5.74674313
7.39225842
1.59082031
3.33081055
8.50878906
14.54036126
14.20247562
12.31673094
5.06021720
2.33919935
12.14843750
3.02148438
10.76659658
3.58822030
5.11686281
5.78125000
7.38671875
3.04296875
5.55468750
20.54296875
8.09114251
2.41471686
6.67789672
0.01189210
8.80273438
11.19531250
0.21667480
12.96093750
4.10579344
6.54264406
18.08854001
18.91829344
4.73730718
9.60937500
4.24218750
8.74283688
12.19466312
12.88411126
3.93229499
1.25585938
16.47004876
16.97656250
7.80892565
9.98876606
15.14729610
3.54785405
10.36718750
12.41551862
0.42432513
8.51724845
1.98275155
3.34960938
12.24218750
1.92187500
0.73193359
3.47363032
12.13997562
1.95084718
0.01210785
0.78662109
1.27638862
0.99350121
2.54492188
10.76562500
6.76953125
3.59179688
5.94954344
7.11295656
4.73046875
7.62369127
7.62305186
1.24153812
1.75097656
15.57519282
23.14420656
9.17903812
4.21875000
6.99901596
8.78417221
2.28321808
9.05643483
31.18461682
5.76465093
6.86328125
11.51920656
2.88476562
9.75064938
4.69856937
5.43750000
5.72298094
5.14811281
13.71939938
10.86197751
14.42838874
1.50585938
2.86914062
7.16796875
9.91406250
0.34863281
0.01501465
1.23535156
15.21923828
14.74641844
14.47884032
2.49935062
11.70312500
0.02973938
5.44140625
20.18750000
0.64550781
16.12109375
6.79486260
0.31060615
7.13377660
2.15919215
3.49543939
6.47949468
5.94498781
3.94531250
3.66601562
15.29319088
14.44270999
15.11360594
16.03548094
3.12825687
9.23697252
10.53288342
1.33951906
1.18261719
40.71516844
12.93066157
2.91699468
2.29655031
12.03470856
0.43037934
4.35156250
6.81461547
0.15779664
2.41796875
16.44954344
23.82747064
7.13965093
14.83528812
17.34762634
18.88153368
16.30811170
15.55354610
10.41699468
3.11914062
10.01204344
12.94954344
2.64811281
8.65201906
1.27539062
9.00781250
0.82421875
0.64363274
1.11002936
1.94856688
3.77506593
1.76660156
7.76562500
16.95800532
2.81543218
0.86669922
9.01985594
8.25519504
2.95151152
0.48632812
11.25000000
1.23008157
3.58692154
3.98730718
14.48437500
2.34537843
13.63769282
17.22949468
0.18383789
12.38834220
5.72103280
1.75976562
10.17382314
2.50032967
2.88053468
12.92349845
6.81478280
2.61926270
5.15266844
2.03092531
4.22656250
8.23502438
1.42024906
3.48828125
7.16756102
4.84989203
6.37370124
3.71289062
5.84375000
11.36815160
12.79622562
7.83562278
5.29296875
1.59082031
10.28906250
0.26023190
5.22591312
1.51269531
1.51464844
0.00669098
9.54752438
9.40560062
7.20735594
2.36067376
5.00325687
6.67946254
2.27539062
15.94531250
14.73437500
1.37320922
0.29744508
2.44140625
1.35774657
3.10579344
2.29427249
4.37500000
9.27343750
3.27734375
5.83984375
2.23990470
3.29915780
15.28677970
4.56087655
0.68457031
1.61815160
3.98341090
11.25194814
0.58789561
15.44921875
6.97395003
6.19987810
5.80501219
7.02701906
3.16796875
13.40266844
8.59016844
1.23177249
1.30175781
11.96695922
0.09456422
8.02343750
17.61718750
27.54748654
5.83361697
11.53742908
3.38444592
10.34016844
3.45475343
0.85375914
0.21337953
3.37759752
4.73925532
7.43783466
12.41406250
8.73860594
3.25748781
7.02164672
0.11751344
1.24902344
16.43618130
1.17514682
1.56933594
12.56184564
31.84373006
5.48830119
3.67773438
11.89127438
3.62630374
9.53125000
9.78515625
5.11718750
11.75129876
4.31901374
0.54728024
7.34700687
6.33593750
3.35351562
6.42008422
0.34016969
11.85579344
15.32714595
2.99284186
19.72525377
4.32975842
4.47233156
3.77539062
15.58203125
13.14550532
11.57747562
4.47526125
14.90340086
7.98795656
2.74804688
13.63669440
6.57501552
3.62387854
11.00000000
21.25618407
4.73437500
1.72916501
4.10840093
3.34179688
2.05012938
2.84928468
12.93750000
10.03613032
1.55664312
12.90917969
6.67203111
3.28483654
9.01139406
7.11718750
4.83495346
7.17285904
2.39453125
3.13281250
2.75781250
6.48469969
13.78167725
2.15983156
1.31933594
8.62141844
3.59342531
4.34439938
8.22280033
2.98632812
3.85742188
2.26757812
3.48828125
13.62923094
16.85579344
1.28368518
11.40544326
3.21484375
6.22623781
11.36718750
9.26334220
4.65462655
7.14518063
5.86962392
3.88835217
7.30826906
21.74414062
15.69335938
1.29719969
13.31648387
4.17448249
10.07454344
15.15201906
4.23693817
0.45300324
17.47705078
6.16666002
7.99382092
4.01953125
1.33268312
2.89062500
7.64843750
0.64306641
3.19790504
1.91537621
7.94726064
0.41895030
1.83983877
9.88086436
5.16406250
10.66666002
3.07162123
0.05102539
17.81413798
8.03939716
12.47656250
13.37337157
2.51302249
2.89648438
5.94531250
6.88281250
16.00952911
23.45344969
18.42211166
4.71159685
3.08593750
13.42675532
0.16015874
16.98724461
1.09538840
12.48075566
5.11588874
4.78515625
5.50000000
9.51562500
12.87320922
0.11385133
16.46484375
1.69628906
14.66048094
9.12076906
0.40039062
16.92104832
12.50790676
0.59547928
1.29559279
2.54447480
2.71875000
4.39843750
10.82454344
4.30110594
10.19531250
4.26562500
6.21028812
6.51562500
0.01003265
7.93911348
4.69369902
13.27587641
18.46939938
2.86784186
3.72428468
10.43750000
3.28515625
5.49391678
3.54123947
5.68750000
8.57633422
0.22395875
1.82421875
15.71890861
19.54459220
3.25065935
11.39843750
5.28515625
1.67675781
7.50032469
12.21760860
5.73519171
2.18554688
10.36914062
5.83984375
10.93391844
11.91406250
2.56608156
12.10579344
4.29296875
2.81868407
0.18318851
1.03027344
5.91015625
4.30078125
3.53906250
19.77050532
7.12793218
0.37060547
8.60937500
5.73828125
16.77343750
15.78644504
7.36199246
4.48046875
17.06607658
32.31217531
7.08886968
8.79264406
12.10546875
1.49023438
15.22721188
10.78727172
0.01408085
45.69140625
4.50390625
3.66048094
11.61686281
2.73242188
1.00051880
9.67187500
5.06250000
19.07714096
1.67481216
12.48046875
2.22265625
26.97183316
13.37808954
0.54997202
15.76562500
8.21875000
13.48860594
9.30631593
7.21484375
24.59439938
21.42447751
4.47558843
3.45117188
3.63834718
8.38281250
8.26562500
6.81835938
8.34375000
3.89094969
6.40201906
20.77803979
3.65511358
13.58544548
13.04036126
3.10840591
5.28906250
17.77205321
10.33170656
27.29459220
4.04915780
14.86328125
3.58984375
7.41796875
4.20312500
4.05468750
4.80468750
4.46484375
11.79360816
6.84343528
0.73209718
0.91601562
14.45735594
7.12858156
4.04296875
20.00846188
15.40331782
13.84992908
18.13395764
7.84407469
1.50065187
24.18750000
12.78906250
10.37500000
2.29687500
4.81834941
4.05469747
2.34570312
11.92317376
7.40918218
16.84375000
8.52343750
9.15983156
5.42578125
0.75097656
14.90819814
6.32812500
1.55859873
6.51562500
5.49609375
0.89794922
9.13020501
10.19401374
14.55956782
14.64615968
4.13606937
4.28125000
7.39876219
7.05533688
7.60058843
0.25537109
2.55989251
7.91520390
2.27897094
2.70833499
15.60937500
8.02343750
2.39648438
4.05468750
2.06835938
0.56933594
7.93652344
9.85156250
11.63281250
0.59521484
12.24218750
4.89355220
2.97819093
18.46842531
1.51627687
1.71582031
11.00259752
3.42318373
4.99609375
11.89062500
1.66210938
0.96419188
8.71093252
13.99382092
5.93033688
1.35579593
5.25390625
8.06250000
22.73925532
7.53873781
5.16341312
2.12890625
16.94757287
11.24023936
3.51824246
6.27343750
6.78710938
26.23339096
3.55957779
2.96646720
12.35384530
3.24023438
0.99967282
6.82616689
4.01783161
6.90299313
17.47591312
4.93001219
12.36132314
7.01725842
11.42901818
3.48113807
14.37241452
3.51009281
16.89467864
11.20231826
4.74675310
3.15234375
15.65266844
9.39062500
6.20312500
7.05175283
11.64062998
6.62890625
3.90851286
6.68100620
1.07552000
3.11393312
9.75390625
1.95117188
11.35578846
3.65397218
3.70205805
16.66829344
1.67057375
6.16015625
15.50552970
17.00716312
4.30371343
0.22595215
1.66706277
4.43718528
2.63085938
37.31280974
4.52117464
11.93814938
11.13216312
4.84309564
3.13932624
4.67697239
7.16145501
9.41276374
1.10253906
2.39062500
8.48437500
5.89453125
2.13468196
0.19856999
14.10107048
15.15819066
1.69093417
9.50423094
3.34733156
1.20263423
2.86230718
10.56673094
13.03125000
11.19954344
0.87239749
1.87207031
4.22656250
1.53417969
10.38769282
0.23681890
1.92187500
9.59472158
8.78516123
15.41601064
20.64349864
4.23828125
2.62500000
10.98535156
5.70117188
7.56835938
6.18750000
5.14062500
19.00779256
23.57456338
13.05663066
10.98438497
5.42643063
7.54199468
2.26757812
0.89746094
6.87695312
2.48242188
0.10186768
3.74414062
9.60546875
12.87500000
17.17039894
13.26742575
4.06022218
15.50000000
10.42968750
1.49918578
1.46956422
2.41372535
2.91862311
3.72331560
6.31282469
0.68847656
5.65396720
6.21060035
14.08497340
18.73600343
15.93662350
0.99902842
4.55468750
14.95767066
13.81901872
7.05534186
11.59569814
3.97461436
4.02343750
10.35937500
16.53125000
14.64062500
0.84619141
8.16406250
0.74690672
15.42609597
7.63607934
13.46516844
2.71875000
9.38411126
6.89680408
6.53907247
0.88964844
6.06151596
3.21192154
3.59765625
2.60969969
2.88248781
7.18391844
6.79655031
5.70735594
5.87858156
2.94758284
29.76259172
16.87500000
1.27766844
10.80045656
3.60367797
12.19710328
1.99511719
12.72721188
9.69596188
9.10839096
4.03093528
9.67968750
1.98535156
10.29329344
27.32584220
4.69727061
0.79248047
6.43098626
0.20036140
2.88704344
12.36783439
5.56055186
5.85969969
7.80078125
9.61848626
1.92025155
2.29101562
12.19531001
4.56543218
11.01562500
1.78906250
1.08398438
8.34764628
4.98861591
4.10514406
9.97656250
1.45377438
18.05956782
23.02685796
10.41764406
4.53125000
2.99772218
6.88769531
10.75000000
0.18017578
10.94432846
1.14681654
7.53092531
0.38997313
10.14615968
2.42773438
0.01174164
9.51562500
0.42016602
15.10833740
9.57031250
0.80810547
11.37076408
5.91666999
9.00000000
13.87098268
3.59765625
1.93164062
8.31086658
12.35514406
12.78353280
2.27929688
3.17936281
26.44636961
10.70832004
4.98276152
16.72004876
17.85612311
13.25838133
7.85123781
8.96646720
23.00630863
13.81543218
1.64257812
12.05859375
10.54329344
6.90201906
5.49609375
1.99315160
1.22559840
7.74218750
2.36914062
6.09765625
11.68033190
3.28646498
14.21158688
12.44173094
9.83788564
1.98731216
8.72656250
5.82812500
15.43359375
17.29198970
4.35840093
3.45703125
5.74641844
15.87076906
1.56933594
14.21028314
12.02278812
6.85091312
0.89550781
4.57031250
0.55049403
0.22147863
0.28857422
3.08853502
3.87630873
6.78125000
9.66601562
5.19498283
7.26041999
6.64323000
15.42154034
7.50912372
14.22851562
5.71126219
2.35318595
9.46463218
3.54231937
15.56673094
6.30078125
15.98469969
9.49836658
8.05794686
5.23698249
2.56770501
16.71745124
0.52636719
5.31640625
13.94952849
3.94337433
11.33951906
9.15820312
2.29296875
16.32812500
1.72558594
0.69677734
12.42317376
6.94401374
5.83235594
11.84700189
7.67838874
8.93326906
2.98339595
1.71289312
8.08072252
8.26920656
0.44108654
7.77734375
3.76171875
9.18391844
5.09342531
0.58398438
5.65656971
14.72135998
27.73339844
5.34375000
16.31053691
9.76954122
15.75781250
2.49804688
10.62108378
15.14583998
19.40998892
17.60482186
14.31722296
8.69889406
2.26562500
15.48176751
22.04356810
4.89681405
4.03515625
9.39062500
9.07275266
14.41259890
20.13671875
3.65820312
6.51953125
1.67968750
1.45214844
10.76073970
9.67676030
8.84570312
2.79882812
21.25248712
4.15483100
16.85579344
7.60270265
7.41271973
11.52408688
3.19270999
1.37760251
4.38533695
7.00781250
7.18359375
7.29687500
16.19497784
22.19564716
16.24053913
6.51141400
9.75000000
6.64842753
5.11719747
9.04687500
2.70312500
26.03063965
8.14843750
9.93750000
4.45344969
2.45865968
1.87988281
4.10579344
2.20084718
16.22721188
18.61620346
2.55892841
2.61523438
15.00423094
5.75520501
8.40853280
2.33789062
4.54394531
7.66406250
11.10937500
4.12109375
1.78125000
13.69335938
12.93033688
4.96321033
4.23145279
1.64941406
10.22004876
0.37907233
19.28971188
5.65299064
14.74153812
23.07064217
17.29329344
7.29655031
10.66487547
9.81525488
0.95004543
2.80859375
14.24641844
12.02701906
0.00382805
14.25423094
3.28776125
14.45312500
4.26171875
3.17187500
5.77473626
3.27995124
2.91015625
11.00976064
2.56641123
0.90820312
10.46907220
12.60318595
17.54989271
4.78873781
3.07226562
6.34146720
8.21126717
14.97656250
10.09927970
15.21322030
10.94140625
5.84179688
7.51953125
14.22363032
5.81543218
2.71484375
8.02961658
5.45996343
4.20182624
3.63437741
14.23144282
16.99576906
10.69889655
7.09016844
0.94108156
5.72655752
5.64844248
10.07031250
6.11393063
2.76106937
15.94366911
0.51846853
4.68465647
6.15234375
8.17187500
21.10676751
6.79557624
1.50781250
14.64257812
2.68164062
2.04329344
7.62858156
7.10546875
17.09375000
0.59814453
5.17968750
6.54817376
2.34245124
1.90364500
4.20280031
16.19596188
14.80794437
6.13582336
0.05784119
5.61718750
16.32454344
20.72167720
1.65885749
5.33203125
8.00781250
3.44921875
18.01464096
3.18653091
7.92187500
17.31445312
17.63867188
1.40429688
9.24413564
0.94531748
2.01953125
8.13841673
30.49039672
3.86799923
3.49577155
7.85546875
14.96516844
3.30826906
17.53906250
8.89485594
4.46938941
11.44922872
17.05761968
5.37500000
2.21484375
19.29459220
1.90853280
1.44531250
13.87401596
2.82145888
17.52780586
2.38804742
8.81250000
6.96126219
9.82161126
4.58822030
8.95833001
2.54362311
14.48079344
10.89062500
12.09733156
2.00000000
21.94726562
5.95703125
6.80078125
4.67187500
0.42089844
12.11767602
5.91015625
6.83593750
10.62792969
12.22656250
6.59375000
16.30890847
17.74577903
10.41796875
3.90039062
3.37890625
2.65429688
5.16192627
3.60742188
3.18164062
9.95312500
11.80078125
8.42187500
6.89062500
5.49218750
12.86685783
15.01204842
2.58007812
17.63704344
14.98795656
7.27376219
2.03678468
7.12890625
12.10774158
26.25092921
13.81401594
25.42850622
16.80081116
5.09604277
1.53808594
23.31379876
8.10026374
7.77734375
9.03125000
5.46484375
4.32421875
13.99641844
17.77311281
3.58691157
1.20312749
8.32031250
13.83235594
1.49023438
7.95670656
1.77962157
21.43359375
0.64664797
1.79492188
6.82031250
0.00430298
15.76464096
14.93067154
2.75153457
0.06016053
12.06704566
6.09896498
3.97461436
12.27343750
3.71712157
3.02311281
7.39908688
4.44856937
17.52050532
11.15560062
4.12109375
6.84342531
1.87630125
7.36686281
3.33397441
5.51563497
8.76269282
5.36621343
13.55695036
2.91179964
11.89485594
2.41015625
4.77343750
4.01171377
3.11882092
2.02343750
10.61734611
9.39713874
2.53092531
18.02440160
7.48503435
3.61947030
4.73828125
14.21093750
3.99218750
6.67968750
0.06610107
6.81250000
5.36328125
2.98846436
0.99205764
4.18392841
3.51953125
14.93750000
15.99641844
15.03483156
2.45507812
10.41048094
4.75358156
9.32291002
4.19303967
0.14127687
7.98502438
1.64973128
2.37305684
12.87141844
0.60807375
2.80664062
12.25000000
18.66112783
7.53711436
10.10937500
5.23046875
5.78906250
9.36718750
9.32812500
12.00111327
0.16626039
2.60351562
8.94352172
0.36800172
2.30273438
16.30175532
5.52832280
17.54459220
6.50259752
4.49968528
6.34375000
12.18750000
0.26538086
3.00585938
6.43750000
7.76171875
14.50259752
10.04362311
11.08463874
1.06152344
5.85969969
3.24023438
0.09928468
4.91796875
0.00209045
0.91943359
11.40625000
13.42187500
0.93115234
2.47851562
7.87109375
1.78938719
2.52701906
5.72656250
9.01985594
13.58951906
13.14029034
6.44174091
13.08789062
3.48762689
0.32145515
3.85244792
17.13778147
5.90495124
4.59700687
7.55078125
16.25129876
18.77995124
4.77766844
2.91959718
7.13346188
3.01692874
12.96516844
4.49967531
9.17610594
3.63248781
6.06250000
4.40299313
7.63606937
19.43651596
16.54459220
4.56868905
3.03809341
2.91015625
12.61457004
3.06121121
11.43683068
7.90870138
8.03581560
14.80110594
10.82389406
2.15625000
0.00465393
0.03268433
0.05841064
11.09375000
8.86718750
15.93750000
7.15625000
16.30208001
7.50651374
14.89062500
17.53710938
2.31250000
8.89062500
3.82031250
21.25781250
12.53548094
2.01562500
5.78873781
6.80078125
4.92511692
7.73699246
1.36621094
6.93520723
2.10776152
12.61717753
7.90821309
5.65234375
0.02221680
0.63137518
12.10319592
1.35644531
10.21516844
4.25422596
4.12857658
4.12468528
1.81054688
0.07476807
4.06250000
2.42805907
7.43326906
2.58593750
0.79687500
1.72265625
0.50097656
14.03125000
1.47623532
4.69466312
9.33593750
3.66796875
8.33593750
0.14013672
15.37500000
2.84244127
4.39616467
11.35636476
1.73599596
5.46224623
3.46289062
12.35384032
8.16601064
6.36100842
10.60090564
6.94727061
3.39615968
3.42578125
14.83756469
0.02779176
7.71484375
1.54394531
4.51562500
9.63085938
4.36718750
6.84765625
9.45442376
9.69816413
3.62109375
9.20312500
1.84570312
4.16796875
5.28816711
0.20601254
16.36653812
10.22656250
11.27473626
6.99479499
9.98437500
4.25781250
9.97753906
10.29231439
17.33952155
12.11718750
4.85937500
2.61328125
15.41048094
3.25390625
3.46647218
6.97265625
5.25781250
7.99218750
20.65625000
0.45654297
9.09375000
3.01562500
9.07842975
8.08953900
4.80859375
9.19367908
6.58366467
8.03906250
1.99363988
4.89356715
4.20312500
6.53906250
0.00659180
2.10872064
20.43505984
0.84586796
7.51953125
8.37141844
3.78678468
1.70312500
8.02408688
2.81770999
1.12207031
11.21093750
11.96158688
0.11580570
10.60937500
7.03385251
5.12435062
7.80566157
2.45215093
5.12890625
9.75781250
10.12695312
1.84700438
4.28483156
4.68391844
1.90201906
3.48046875
6.22265625
4.68389850
2.69891400
9.64062500
0.13562012
6.23437500
6.59960439
3.53581061
14.25781250
7.63724995
0.21085695
4.82421875
6.27311281
13.12923094
0.12430910
0.17683836
9.19454011
0.04445404
2.84570312
2.55965149
0.03959168
5.00032469
7.18944814
5.77507092
4.18750000
0.89160156
9.25000000
6.28515625
2.48046875
10.05468750
8.14451630
3.45899933
7.31640625
7.79555630
2.41928745
12.75781250
0.87890625
8.10579344
2.56998781
8.97070312
1.31380125
12.23860594
6.87044437
13.58504211
0.02399720
3.17578125
13.30728502
3.91927748
15.10657714
0.12300660
1.82617188
16.00352904
0.29899172
8.73697252
2.81152095
2.34408466
10.35937500
11.69334941
19.67708998
4.38541999
10.37141844
2.14225343
2.19335938
20.93359375
6.59765625
4.12890625
1.77539062
2.77734375
15.07812500
9.25292969
0.11737061
5.03125000
2.59179688
1.24511719
7.68001219
0.11942629
20.74804189
10.21680186
14.05599976
11.46093750
2.09016844
1.86393312
1.98046875
17.21711658
5.10742686
1.52311281
1.45703125
8.63281250
5.12109375
6.85156250
9.81281472
7.01531028
3.67968750
1.99251219
4.56608156
11.92187500
2.52929688
3.28320312
20.86420059
0.79101562
1.36442016
0.62434937
7.92187500
3.03515625
9.84634752
12.04427748
2.59765625
1.06542969
1.04980469
13.35579344
18.47790527
10.46875000
5.14420656
8.39843750
10.92675532
12.15852782
6.44108156
3.73567874
16.17187500
12.95312500
7.40983156
3.50781250
1.16992188
8.58788564
5.39258311
0.91796875
15.08300532
18.44563719
6.00293218
11.35156250
0.33073000
7.56282469
3.25390625
3.65983156
0.94189453
20.55110594
10.83170656
9.07031250
5.67675532
8.67301640
11.51383422
6.82999758
9.29687500
6.31884766
21.71841534
10.30502216
14.58984375
7.90625000
0.14672852
2.71896362
8.70735594
5.42692140
10.18164062
4.03515625
17.01562500
7.79296875
5.76269033
18.24902593
4.78027593
9.54361813
8.48372562
3.00976562
2.77539062
8.57812500
4.73437500
10.01562500
9.63281250
9.16048094
2.29459220
0.91406748
7.24251219
4.40804078
1.74690797
40.76204344
16.92805408
13.61751967
9.57519282
14.96549313
8.24870124
2.92740968
5.71875000
9.41829344
8.05272939
12.25749279
5.28515625
2.50195312
20.12714430
12.27538564
10.11523936
4.08951906
1.83398438
4.73649047
2.15999390
3.28906250
10.16113032
5.89647939
6.75879654
11.48437500
7.26953125
5.24218750
1.81786985
3.28857546
4.39485594
2.07188197
7.86427526
8.35514406
4.52343750
12.81314938
6.00358156
1.25065187
14.24445036
4.42351839
20.11913564
12.65396720
8.42838874
8.20637190
15.64877216
4.61718750
7.72753657
2.35058843
15.21516844
4.84602283
3.24968029
16.00400881
12.53548094
19.99381593
10.21875000
0.07556152
3.87500000
7.00781250
6.87500000
6.57063719
2.41015625
18.38842539
2.36621094
8.85156250
2.93945312
2.46629364
5.27540558
2.81054688
11.08593750
11.09407220
22.33073249
13.52408688
7.45638187
4.42610594
2.16569093
9.56250000
1.53124751
1.45215093
2.93945312
2.85351064
2.05078623
9.08593750
0.65722656
5.70084220
8.16829842
7.47265625
9.09798094
1.43424562
7.06021720
11.51790780
1.19384766
3.02962157
8.48014406
2.60546875
15.78125000
20.14007526
0.52508587
3.61718750
1.70898438
8.28125000
12.57387412
7.66050088
7.26594969
17.88248283
8.61947030
4.77311281
14.29329344
7.82096188
13.40918218
0.59749266
1.61979250
14.19173094
9.05240968
10.35156250
3.11816406
3.79882812
4.11718750
6.91015625
14.11002438
14.94172845
14.35091312
9.42903812
1.28287843
3.09147218
6.11328125
12.04687500
6.82421875
9.29687500
5.92968750
18.75000000
8.08235594
8.85709220
8.63867686
9.89062500
3.00390625
1.81347656
11.67968750
0.97639891
4.67936281
9.43163564
0.73079842
15.12434065
6.13737810
7.37500000
9.05826906
5.03125000
5.81054189
6.21712655
9.09503879
6.45932402
3.62695312
14.15266844
8.04687500
4.42545656
21.93098875
11.60561614
23.35042110
8.02703651
12.58723377
6.32975842
3.13118407
11.69108156
1.69335938
14.01334220
17.26790780
4.42578125
0.97509766
8.39973626
14.49511968
3.46647218
7.26985165
0.12272648
10.02343750
15.41894282
5.06152593
14.39127438
5.27441157
14.94951791
0.85253906
2.09375000
8.25423094
8.21841534
11.08204122
7.38281250
4.67578125
18.21516844
11.37060547
11.74218750
0.06986574
15.33551025
20.33666992
5.60546875
14.67252438
10.34310062
7.81640625
2.14453125
5.28157469
2.87076906
0.07116699
18.26123047
15.04082849
9.65125010
3.55859375
14.04687500
11.86718750
7.62500000
11.44954344
5.95280031
11.91406250
13.59375000
5.55468750
5.46516844
9.09375000
5.77603751
11.50407358
1.99397828
9.41601562
2.25390625
2.24169922
5.76204344
4.79264406
13.88704344
2.69889406
1.86523438
13.59504876
2.10416999
13.20832004
0.94988308
12.22265625
9.88996565
4.39519060
9.97656250
1.10384032
11.20670656
12.52473626
7.66520390
4.02832156
4.33593750
2.35981273
-0.20991038
11.27343750
13.33300532
8.96028812
0.73063234
13.97851064
6.86263187
7.00651374
6.09863032
2.43001468
6.25390625
12.05045656
9.98828125
4.43750000
10.11425532
7.40918218
3.98437500
9.57454344
7.05045158
15.90674202
23.58771831
3.89421653
2.20898438
7.72021484
2.68750000
8.56379876
2.85807624
13.78125000
9.80533688
6.30882938
2.68359375
5.88281250
5.63281250
13.22298094
2.76920656
8.70312500
3.00976562
18.96289062
10.14711880
20.90789339
10.23368410
19.39094969
12.05826906
7.55343283
5.41861813
6.39767760
5.34765625
1.26855220
4.47623781
3.00130374
11.33421045
5.84612643
6.89030031
11.02311281
9.50781250
5.40594482
4.36002438
7.02669437
3.70507812
0.01360321
1.48111813
4.85611813
6.54199468
16.41959220
7.01758311
6.45703125
12.68781472
3.83333998
5.27572030
4.94563719
0.46744875
1.70800781
1.96222100
14.38932624
3.12760251
10.96028812
6.16406250
5.75390625
9.38346188
1.03938968
9.89843750
2.37304688
7.82909907
3.28222905
16.71418440
6.92741467
0.49365484
6.52960661
3.12664339
2.41992188
13.26007536
5.06023714
9.91406250
2.87996399
0.22208680
8.03906250
7.15299313
0.89485843
2.53710938
10.64322252
8.46257092
7.46061281
10.21320535
6.21062278
6.96484375
6.64485594
3.38638908
2.38541999
4.39460952
3.60156250
3.50195312
2.62109375
3.65234375
3.14550034
3.73568373
1.61295656
5.16796875
7.91796875
3.73665282
4.72623781
7.15852283
5.75944592
6.27343750
10.70995346
15.60156250
9.79785904
2.36328125
2.95117188
4.20116689
0.23877452
8.94173094
7.14712877
3.18848404
5.50781250
5.30468750
1.75813719
20.14550532
2.35807624
16.31250000
1.75423094
12.94661126
10.23872918
6.07421875
15.61994238
0.80388574
14.81379876
19.01855718
4.91373781
5.01953125
6.63704344
2.86523438
1.04752687
8.55987257
7.67450243
3.26367188
8.96093750
10.74218750
6.63281250
14.18814938
13.36783688
3.92448249
9.80468750
2.41015625
20.65266844
5.49999502
14.07682624
17.91699468
2.50585938
9.57161126
1.57975593
10.06396484
18.98468972
1.24187278
10.10156250
5.62109375
14.53026596
7.52442154
2.00195312
7.04329344
2.36002438
6.53027593
2.28320312
1.61636954
5.90072030
9.16406250
12.63182846
3.73926529
3.31835938
11.49609375
2.10969969
6.17155031
3.86588376
2.05599124
13.97265625
8.92187500
2.47884032
1.33463625
8.19302970
4.47591312
1.15136968
19.72394504
1.42058621
15.39449927
4.49545434
5.57031250
11.68750000
6.12141844
6.87467531
11.89615470
4.40853280
3.09179688
15.90625000
3.83007812
7.75390625
6.45703125
0.01409149
2.59960938
12.37824690
3.23112810
14.70954822
6.97038342
4.75781250
2.81250000
9.34375000
2.67187500
7.69758533
2.14616467
13.18750000
7.69921875
10.71060783
4.83822030
2.03320312
12.09375000
4.33203125
3.42382812
7.58625222
6.26140403
4.29296875
16.86669922
11.45654297
18.60969969
9.00358156
12.47656250
4.96614251
14.10026374
17.61328125
7.00000000
12.40496826
17.78938719
7.69140625
4.01594969
0.28011234
3.58626219
9.36033910
9.68718777
2.57226562
6.55468750
1.11100094
1.96810062
16.99283688
7.36718252
8.29427748
5.75390625
3.73339844
1.49609375
2.14062500
10.23762190
6.52409685
1.24804688
0.52884513
-0.13223868
15.65332031
6.42968252
10.92546030
18.63590204
8.26432624
6.68750000
6.80078125
0.02983093
10.75000000
1.72851562
16.67675532
3.68066655
0.14587402
3.83203125
1.02376219
8.43326906
18.00976064
9.11523936
8.84531491
2.48958499
2.91992188
21.30175532
11.62760001
7.77083998
12.53564453
20.78025599
9.13771276
1.68391844
4.25358156
2.62695312
7.08203125
2.24804688
9.82812500
0.48079344
0.00626711
0.18349354
1.49153812
7.26562500
5.73437500
5.76333223
4.61166777
1.37597656
2.31900128
3.72689716
8.52831782
13.62759752
12.78158466
2.87890625
5.45703125
8.04068595
9.22884530
15.00064938
3.46614749
1.30371094
10.90266844
19.61425532
6.45963874
4.86328125
1.11132812
12.34375000
10.13117908
6.68555186
5.86751219
10.65983156
17.34440187
2.79491689
1.73437998
1.03808594
16.72687722
5.58594747
3.13639406
11.26562500
2.82812500
14.96044922
20.88830731
17.35583332
13.73079344
2.43326906
2.01953125
15.62401596
2.78710938
8.65723404
5.92968750
11.46289062
11.87695312
13.75000000
14.40331782
5.19433843
10.01788786
3.32195589
11.63831329
13.79524158
8.21519543
15.62043939
3.01432624
17.03548094
11.10860261
0.01213593
1.49804688
7.61751219
8.14062500
9.02701906
1.81183567
4.20574246
7.99218750
2.36783688
3.72786624
1.35351562
1.73468972
2.94890403
8.45312500
12.73469969
4.99087877
3.68099623
21.91829344
11.51139406
5.61686281
8.60155253
2.53516622
3.51171875
6.59375000
2.59766829
0.72134752
16.79069592
8.00358156
2.68164062
11.77766844
2.74186281
3.52148438
9.09504876
9.73079344
12.30697030
6.57812500
5.01789783
0.74284436
1.85546875
4.40625000
2.10310291
2.97233654
6.26562500
11.34798094
2.35319093
4.91861813
3.59505374
13.70312500
1.95800781
2.46289062
11.46516844
0.97330812
1.58398438
11.88052970
1.00911874
13.67154004
2.00000498
18.43391844
4.08593750
16.65625000
5.60905031
0.83593750
5.09016844
4.64843750
11.05956782
1.26758062
1.22135500
1.98672819
18.10937500
2.76757812
9.99348626
0.65495124
11.43163564
0.03516123
3.27324967
3.45297761
6.16471188
10.90266844
3.31347905
5.96305297
1.73160766
4.69108156
2.91992188
14.31250000
2.30859375
8.45507314
4.54883311
4.64453125
4.83984375
0.10424805
7.28515625
3.24478751
2.93392342
12.06250000
6.26594969
10.08951906
8.53906250
14.43750000
12.16862664
7.16276374
9.51562500
6.25064938
10.99935062
3.48828125
0.00194263
19.09179688
10.01204344
2.84342531
1.75000000
8.78125000
9.18391844
2.62467531
4.80891844
1.72916750
6.70019531
17.20312500
11.55565160
0.17514184
1.90299562
7.47330563
6.55794437
2.25390625
5.09765625
7.97997673
0.27978889
4.35937500
9.52343750
16.55663564
1.06348155
8.68391844
10.85839595
9.14616218
5.75000000
14.76562500
5.78906250
2.05305907
3.83756593
12.86360594
1.67252687
1.84179688
9.55468750
2.43164062
2.93945312
11.89582004
8.46355496
10.83593750
8.56250000
2.10351562
8.51204344
2.46647218
11.95247064
2.57877936
5.72427970
1.03255624
1.41308594
11.34375000
4.64827017
0.20866342
1.60156250
5.70865470
6.89681405
0.95458984
0.69433594
2.99023438
10.38281250
16.98079344
8.23795656
0.44010251
9.08593750
1.81770999
10.68750000
15.89485594
2.00585688
2.99870124
9.45312500
8.38378906
23.23828125
6.27734375
10.68391844
12.27766844
0.63265140
3.92187500
4.77994127
2.20085217
4.53092531
7.75032469
4.67936281
3.07226562
1.67122313
0.08170656
3.55859375
10.25423094
7.49918204
20.09993905
9.58170656
9.45410156
6.68115234
4.82031250
2.26367188
9.13296986
8.75179576
3.07682126
1.61490968
7.89062500
1.56412843
5.19986813
1.63606937
1.42871094
6.88866689
11.71451906
2.34798592
5.99609375
10.39615470
13.37728280
12.29394282
15.40527593
1.94238281
1.15625000
13.51855469
1.91894531
19.63508782
3.21549811
16.43750000
3.46386470
2.53027593
15.01562500
10.73860594
16.45507314
5.41602061
0.26481203
9.62500000
0.69677734
6.31705563
2.20702876
3.93587655
19.88979832
7.00863918
8.30468750
4.71875000
6.08593750
10.76562500
8.85579344
7.69108156
5.67789672
0.62027953
1.89908937
13.34375000
4.28125000
1.27832031
15.95312500
8.33032227
7.36751219
10.61718750
12.79264406
10.47298094
0.21525148
6.67036864
5.59960439
1.96647717
10.51529034
1.81869403
17.64452128
9.44856937
5.29753435
9.47656250
4.80078125
3.51171875
14.03125000
0.57470703
4.05859375
19.78125000
8.32812500
2.61132812
5.83203125
5.48437500
5.91193706
57.20557513
6.12076906
3.26562500
4.92187500
20.36087887
8.51366689
9.61718750
7.66927748
2.34765625
12.84016844
3.28873781
7.54947252
21.78319814
7.57682624
23.74543440
10.40072030
13.96419437
5.32650155
7.61751219
9.34299308
3.74805186
4.31250000
4.22265625
6.51562500
7.14485594
1.38639406
11.66406250
3.55045158
24.95280031
4.93652593
12.19173094
8.37141844
5.39355718
1.88964844
12.40689938
11.81868407
2.69629155
8.34375000
13.36840820
2.53515625
4.94954344
8.78889421
2.28515625
17.76084137
9.55956782
5.42513187
6.40234375
1.04362062
1.23925781
10.01204344
23.77701906
9.32031250
3.23242188
15.50172850
0.85319093
1.70149407
6.77995124
0.44653320
8.74315908
28.24218750
5.95605718
12.40201906
3.28645999
0.98193359
6.43619127
1.23373060
10.04394531
5.62890625
0.90039062
16.37141595
25.94531250
3.48307624
11.44238032
3.30761968
12.45507812
5.00390625
7.20703125
48.44759032
29.15331782
5.71875000
10.14355718
7.84375000
15.18815187
5.57161126
12.81185062
15.07209778
3.53841312
7.81250000
1.40234375
3.54719969
10.42219969
6.48014406
0.78564453
5.50358156
15.73209220
10.30956782
3.45052748
1.14453125
13.08203125
22.56086658
13.04850842
4.41406250
10.48925532
3.90918218
3.86815659
6.66114029
1.51074219
26.93164062
8.45735345
2.77213874
11.43098626
10.56901374
5.48828125
7.86718750
19.40445922
3.76546265
12.27766844
7.39941157
5.91666999
2.15039062
12.08072252
20.44694592
3.99576906
9.37500000
2.45312500
14.09049313
10.72005374
2.35742188
12.63704344
6.87467531
2.09570312
15.37369127
4.31771498
0.93750000
12.56867908
9.80273936
9.86295656
2.96321532
5.17252189
6.31055186
3.46679688
13.01171875
15.36002438
1.58528812
0.63525391
5.84375000
12.47069316
8.44076185
6.79752936
15.35742188
4.25000000
8.07828735
9.19758658
5.31868905
3.22656250
8.02701906
20.31380125
0.98014406
5.44832336
6.58715758
1.98795656
9.57421875
1.44856688
3.50390625
2.17936281
12.35221188
12.90560062
7.63704344
15.48437500
14.77701906
6.48437500
8.46875000
4.02734375
15.53254876
3.08755597
2.80372340
7.60937500
11.08300532
6.91308843
7.90265847
4.19890403
11.51713012
19.22249390
8.22656250
4.12890625
17.53286348
5.07651152
20.03125000
2.43554688
13.18391844
19.92187251
2.78581061
8.46093750
21.42479721
2.80273438
2.49317154
14.71939938
12.46939938
4.04557624
18.21126219
11.98014406
12.81054688
7.17968750
0.72070312
10.23144282
13.22298094
6.70573249
0.48388672
13.93782469
8.32550754
3.19369902
2.83984375
11.78906250
13.50500151
11.53320063
3.08268561
15.89518063
8.73193484
0.86018922
6.33984375
5.02018063
7.10091312
12.22460439
16.17104832
17.97149664
15.87166320
0.03364075
0.35351562
19.42509460
5.07031250
5.66796875
12.49964540
1.23863585
11.92154533
2.91634530
14.18033688
11.86751468
3.71142578
5.97265625
9.17968750
20.27678696
2.77865248
8.37076906
3.73828125
12.36620346
9.63379654
7.43359375
11.78125000
7.88854980
3.17578125
13.64062500
0.95881829
1.92252936
7.22298094
3.05436281
6.63898161
19.14259308
4.17838625
1.89355469
6.60937500
13.32519282
5.69629155
3.87207031
6.36328125
6.29296875
8.92187500
9.11360594
15.96679189
2.43132092
2.24218750
9.13476064
3.54102061
6.69368407
13.95670656
3.93359375
21.21937944
7.08920932
3.01562998
16.82096188
4.04231937
6.43750000
5.80501219
13.27897218
8.08593750
1.59765625
29.17805408
5.94888409
5.81446808
15.79036126
0.72265874
8.18847407
16.83105718
19.49869376
19.60465827
7.71419437
1.85839844
6.76659907
14.17122562
14.71093750
15.78710688
12.93814938
4.94727061
12.96972656
5.85937500
2.92773438
21.60919189
1.91503906
0.36743164
14.85986328
0.87841797
0.28906250
13.24348875
2.28092531
0.46557617
8.02929688
2.45735594
1.58951906
0.55957031
8.13702350
20.22279826
5.36718750
1.38346437
8.67056876
14.55111092
11.90039062
7.76953125
10.10156250
11.96679688
11.41739805
2.64510195
2.12500000
13.87467282
6.87923094
0.58545171
9.55468750
16.75846188
13.08853502
4.59440935
3.73046875
11.36360594
17.14062500
1.68326906
5.39647939
10.42578623
13.26627438
3.98584109
12.52132203
4.16015625
8.54687500
7.12519310
0.05272438
13.03906250
4.44140625
13.00781250
14.22656250
0.35449219
22.59178192
19.87045434
5.81509752
7.62891622
3.47460938
9.61002438
17.60937002
1.05501967
19.50943595
6.05973515
2.37614140
2.43359375
7.61425532
9.01855718
18.76365692
9.11329620
4.58984375
9.73860594
0.48307375
16.25781250
7.00423094
3.73014406
16.66829344
0.35546875
12.66406250
3.06022218
7.15234375
18.59765625
10.94531250
0.56054688
13.67708001
7.26432624
8.06250000
7.11229721
6.86426529
1.43457031
7.22656250
6.21484375
21.05859375
2.08719225
3.00130873
5.91796875
14.81640625
4.61718750
15.04914783
4.38053967
19.62500000
21.77734375
3.27734375
2.93945312
7.87466534
2.24252216
1.61621094
16.56250000
15.50000000
1.39160156
14.53515625
13.82617188
12.49218750
5.06250000
6.22265625
3.27473128
5.93034685
15.08235594
17.81673094
14.58626468
18.49869127
5.86068373
13.70735594
8.12500000
10.13639406
9.91536126
12.73730718
20.02831657
9.54736702
2.06998781
14.27766844
9.11555408
2.92123060
5.17187500
23.71906472
2.05437278
21.44002196
10.33170656
15.75976064
18.73633311
10.94531250
2.53906250
9.62564938
1.61751468
1.01464844
9.61978502
0.47103529
9.23339844
2.12695312
4.14843750
12.15460631
4.80826906
2.82421875
23.84797097
4.54656028
7.31770501
11.66731937
3.38411624
11.82454344
5.33561281
2.99218750
5.74641844
6.87694814
3.31608654
2.82812500
16.02929688
17.30891844
11.49609375
4.50358156
8.94954344
6.92578125
2.50748781
4.97069316
22.99593514
19.32454344
7.35677748
15.38704344
7.60123781
4.30143063
1.24642093
6.80859375
12.37646484
1.02026367
18.79927489
11.90201906
8.56250000
2.72558345
3.66113530
2.83398438
15.89648438
4.25390625
2.82259032
11.68750000
2.85123781
21.19140625
4.94140625
8.22298094
9.84863032
13.56477782
8.13509530
5.14843750
17.02148438
15.40517514
6.83528812
2.06941711
0.36735047
18.51764679
10.75602172
1.20100953
12.56673094
25.05500222
2.32553246
2.47851562
15.27538564
4.08789561
3.33040282
8.81608156
0.70898438
11.92610594
5.57780031
8.91406250
6.07128906
3.73632812
12.73860594
1.86393312
10.45703125
12.44596188
11.74153812
13.79492188
9.72298094
6.60937500
3.81803468
1.79785156
10.43944814
14.37825687
16.02995124
1.03808594
6.97686725
10.55437776
10.01855718
4.37858156
6.51497562
10.79101064
2.43359873
11.21093750
6.86783688
2.63802249
20.74901596
10.72754654
27.91210938
24.44531250
16.14159907
2.88574468
13.46093750
1.33789062
17.78125000
1.42007550
2.66244403
34.28157469
6.79264406
3.55305907
19.22948970
4.42838874
2.92968750
12.53189938
5.89583499
9.29329344
9.67610594
10.11360594
2.77246343
11.48111813
0.53841312
16.03548094
4.36099347
0.72852559
14.95409907
11.87076906
1.46712406
14.04638298
7.79849845
9.09359513
7.92187500
7.72086547
1.35042359
8.38883422
0.99983765
3.43977782
29.62890625
1.47819093
3.00585938
16.64062500
7.66015625
4.54296875
18.57991204
17.33073249
10.44531250
1.70605469
14.37817383
10.65625000
17.57584220
10.79915780
4.20702128
2.41211934
8.01757812
5.15625000
0.33699524
0.03843201
4.49609375
2.11157227
16.42187500
4.90234375
14.54329344
6.08235594
3.83138187
6.40625000
8.58365470
7.34993905
9.29687500
12.97875977
15.23860594
13.44889406
4.04508422
5.20100953
17.34375000
11.81250000
12.96875000
4.16048094
1.69498781
5.75813719
8.72362035
1.71355496
9.46287567
1.45313995
2.97265625
5.22298094
6.64127189
7.59961436
6.83984375
14.62109375
16.43750000
9.25064938
6.42903812
32.29426751
0.18033688
5.81185062
17.63167110
0.34782109
1.37988281
19.38671875
4.70703125
7.32812500
16.53091534
3.73503435
4.51627189
6.97070811
8.91406250
3.37792969
8.99218750
18.38769282
14.70613773
4.53092531
17.17073485
4.28515625
5.62858156
14.27766844
10.95930408
5.89583998
14.36181516
2.90185671
13.79048964
0.18253664
2.10156250
9.62923094
7.77457516
17.54101812
15.07877438
20.45052249
5.71875000
9.35269518
11.55632092
7.21875000
14.52734375
19.13118407
9.57389406
12.04581789
2.77343750
5.50812224
1.37859651
11.17187500
0.54003906
8.09177195
2.67385305
29.95735594
14.05110594
11.80826906
2.54850343
6.98729721
0.98926529
11.50781250
7.82812500
13.24706782
3.01855718
0.87988281
5.88166985
5.92871343
4.03483156
14.67610594
9.40201906
8.72069814
4.30338874
9.25911624
15.62516235
3.44905640
12.25552970
4.64713874
12.39485594
2.18685062
4.61718750
9.47005125
7.71451906
1.43750000
12.42382314
1.36621592
1.22591063
17.40429688
12.28433954
0.25635139
12.93750000
8.52473626
13.40983156
9.05322016
13.16764406
14.45312500
13.60384530
0.63818359
24.74414062
10.73567376
7.12370124
1.43750000
3.98242188
10.29687500
2.82031250
18.97363032
9.11653812
1.14811281
16.48437500
0.06164551
1.93554688
17.97769767
51.89551030
5.61686281
10.49836658
7.73958998
3.24804688
17.95084220
10.66341561
2.91406250
9.01562500
2.59179688
6.74674313
2.22200687
14.76692376
3.38346686
0.35986328
19.77343750
7.12206782
16.24153812
8.00422845
2.42838874
11.13639406
0.88671875
6.77538564
4.94727061
8.97656250
2.34375000
14.07812500
10.52343750
12.88281250
21.20487301
6.72867797
1.37321171
11.06639628
16.51562500
10.31641622
6.76953125
15.30501219
2.89778314
2.50814217
16.65331782
4.02636968
26.68261470
12.82747562
6.70670656
4.51774047
1.54508422
2.75031223
4.59213652
20.39159907
11.22721188
2.32682624
8.43326906
7.41471188
2.66731937
2.21875000
10.78449690
1.16862810
8.73860594
4.05403314
21.61556405
13.91829344
2.27311281
7.40657469
0.54752687
4.10156250
16.13247784
4.72722185
13.94238032
4.43229499
10.44596188
3.13606937
1.98632812
30.18196532
8.09277095
4.14746343
11.60937500
8.38281250
12.41829344
3.36653812
18.83633423
6.84732159
5.03158466
29.67219969
14.35676751
2.98698249
12.30826906
0.82861328
0.84626697
1.29460217
14.32161126
0.70084968
3.23079095
7.91699468
17.15494875
0.19165039
4.58447266
1.18066406
7.06949828
6.50008180
2.57356439
3.52441655
4.21841534
3.78516622
6.07421875
4.50000000
2.54492188
1.60937500
1.36230469
16.92023161
3.97039339
30.03125000
1.76660156
16.68228502
1.62630873
8.44531250
9.34016844
0.88102297
1.99804688
9.01399407
6.22558843
7.30436281
6.53125000
0.07080078
5.31250000
3.02929688
6.39607602
0.13053531
4.97265625
11.31574690
17.07812500
9.40689938
3.41797872
15.73437500
7.37239251
8.17480718
14.73789391
2.75228280
7.82063719
3.32584718
9.27831782
2.38574468
14.11033910
1.63770777
5.12500000
2.05664062
15.97119566
4.95963376
5.50716312
3.16634032
0.95638187
16.71581782
12.06364140
6.71272828
6.69726562
7.65234375
9.61718750
4.00390625
7.68879876
6.09668218
11.62516359
4.78515625
5.99869127
2.12630873
2.13085938
6.05859375
14.40754876
2.47135749
5.60937500
1.57324219
4.37141844
11.04264406
7.12141844
6.36686281
18.03619136
2.76074468
15.66238403
1.81933594
18.54394282
3.39746343
10.89843750
1.21972656
1.28027344
3.93359375
7.75000000
5.53741911
15.75196808
3.44303468
19.05435284
8.67301765
3.78288342
5.86718750
3.85188719
23.80598358
7.27734375
9.73079344
2.05045656
20.72362284
2.15625997
4.17578125
6.21581782
5.27701657
3.29329842
11.34016844
5.81608156
10.26562500
5.79784907
2.20801030
19.91113032
12.96727768
4.10547872
12.19173094
7.51953125
15.96972158
3.62272717
6.38671875
2.65234375
5.60416251
2.86784186
10.15983156
2.86328125
16.49641844
1.69905640
1.10432984
6.71695922
0.09507264
0.53068055
10.68554688
7.80468750
3.66406250
6.71093750
5.74072141
0.06726199
10.88346188
10.69238032
6.08332004
6.16896276
7.23079344
7.89030031
4.02049535
14.59579115
7.33691655
9.15918218
1.68815187
7.99218750
2.10351562
5.91829344
11.51724845
5.72103280
4.86392066
26.17767282
4.58871232
3.90625000
9.33007314
19.07422373
7.99641844
5.57631428
10.19289228
11.53743407
12.75260500
15.91633782
10.21386968
10.70377438
2.84310062
2.24381593
6.66796875
4.24955231
7.12154144
1.79935699
0.12154144
11.05566157
2.59472905
15.13751552
10.91359042
10.05045656
10.32649158
4.52116467
5.01171875
5.14843750
14.97004876
2.32177734
5.95215093
7.83951906
2.47851562
7.45703125
7.89159907
5.86230718
4.99218750
10.74348626
1.87956061
11.50488032
2.88769780
5.33563232
7.57421875
17.15396720
5.79915780
6.39094969
4.44596188
3.14160405
6.82031250
19.65849292
8.58369458
5.27343750
4.12890625
14.65754876
5.92871343
13.12076906
6.50390625
1.09277344
1.01464844
12.82519282
1.49609624
1.86132812
14.52441406
5.62890625
2.03906250
4.98046875
12.58723626
14.10807624
2.37304688
9.13052970
9.82519282
5.58333998
0.23400879
2.50032469
11.68814938
5.42090093
7.98794161
2.83041777
9.19531250
0.13488770
26.62109375
1.84830314
4.57861702
0.73421265
11.51269282
10.31525488
3.98455230
1.57812500
11.75260001
8.96354001
4.90722407
4.67253435
5.84375000
6.83203125
0.83268063
16.22981937
1.55078125
4.57552819
13.10895285
5.25765763
13.67968750
20.90656472
2.23991965
5.24218750
17.24517842
4.32122783
11.43553771
8.63655765
4.39811281
0.72053953
3.63399324
0.73189301
4.99251219
5.41406250
1.95019282
2.30403812
8.87858156
26.34342531
12.09634254
10.08789561
4.06379876
11.35970966
6.64811281
3.54101562
1.88932250
11.17789672
9.71451906
15.97823847
8.51025640
13.13930630
4.55991245
14.42577128
7.33073249
12.43685560
2.94531250
16.46337766
5.23582614
16.82133806
6.53353529
14.88704344
1.72916750
11.32177412
4.20410904
0.75455812
9.16339318
7.31512244
9.31054688
7.32031250
2.98665282
5.24186281
8.94531250
8.04621814
7.37662345
4.60547872
2.98046875
18.42317376
7.49088874
2.99185284
4.56674091
9.20312500
4.66340814
3.46614749
6.15658577
4.10937500
3.57812500
1.80761719
7.68261719
12.94757536
31.32879183
4.08984375
2.92153286
3.81381870
11.69954344
0.04593996
0.65283203
2.61651611
12.10351562
5.99218750
11.93391844
10.47233156
14.11523438
5.87695312
6.73046875
2.82421875
16.95327239
21.88503448
6.24576906
11.61751219
8.25471922
4.27278812
10.10675754
2.56511746
5.19173094
3.02897218
13.16502660
5.09278590
11.12141844
6.90983156
8.32355442
7.62761746
15.13834220
5.84245124
18.33268063
7.72558843
3.07226562
5.12939453
2.44368407
5.90297464
7.65234375
3.87239251
2.76497562
3.37272218
9.75358156
4.80859375
6.63671875
22.36783688
10.07161624
9.83146055
0.21614687
4.23046875
9.62141844
8.92545656
6.48079344
4.21061281
12.25488032
0.72949468
13.54687500
15.67415282
5.91764406
6.18391844
5.35514406
13.44497784
5.47299091
2.78906250
9.46458611
5.26269282
7.06803967
1.62304688
2.47851562
10.84179688
2.95507812
12.45312500
4.77376219
0.81412843
1.10091063
4.43326906
5.83203125
5.70703125
3.65462157
5.71842531
1.29566120
4.67057624
4.01534330
4.42578125
18.89338985
3.67106327
11.87467282
5.91341312
11.28548094
1.66959718
2.20898438
13.02017066
5.22592309
6.05859375
11.46875000
4.84862783
2.17611092
3.11686281
11.04687500
2.78320312
6.44140625
4.58927305
11.08063387
5.45574246
6.60090814
16.53384752
5.35921764
16.87679078
13.16569093
2.80273438
10.73079344
6.45312500
18.41406250
11.89843750
12.81379876
8.90072030
1.97949219
6.47427970
10.97949468
18.27229610
21.42789672
19.40072030
20.13346188
3.58138187
4.75390625
9.69238032
11.21028812
11.25781250
6.29655031
1.01660156
14.33430408
20.21061779
4.41406250
2.51953125
9.22298094
9.36295656
2.60742188
14.26788786
3.11101839
2.41015625
9.05759974
21.59083776
2.49316157
4.42480718
10.98079344
3.30240470
3.10156748
12.26937866
8.68521720
2.42806405
8.51919659
2.94955341
2.95507812
16.35579344
5.28515625
5.36686281
3.85937500
2.30637655
11.00259752
11.01564494
11.19759530
8.06364140
12.01513298
17.78385749
5.24576906
10.17284907
6.79622562
13.67952515
0.27058961
2.23079344
3.44368407
0.93392093
4.94921875
15.24641844
14.22656250
12.79952504
8.00163342
14.58939450
6.33593750
2.52669437
11.34798094
0.08329347
11.34439938
8.63606937
3.93554688
12.57812500
13.88281250
8.38281250
4.04687500
23.11750222
17.48829122
3.93717531
10.10579344
3.43522218
20.25634766
21.37336658
4.64225842
16.48665032
3.31901374
16.22542235
3.33951906
4.88313719
12.91406250
19.31411348
6.84213652
9.14485594
8.46451906
5.18383026
9.21093750
7.93326906
1.20019531
0.80468501
8.97883782
17.00749279
7.08984375
5.78157469
3.31673094
3.78645999
29.39941157
7.31543218
4.64843750
2.18164062
9.15819814
6.65104499
4.55794437
1.20996094
7.85546875
6.83152926
4.02003324
12.58233600
8.25783244
3.02897218
5.89062500
7.12890625
0.38671875
1.20703125
2.61914062
8.35668945
2.07326502
0.14959385
4.62858156
12.25064938
9.11653812
5.33593750
11.52343750
6.92578125
10.97557846
2.60449966
15.07031250
3.20703125
8.34195922
0.59801872
20.59081782
18.85968972
5.51271276
15.63476064
17.47135749
14.50781250
8.04622562
6.37532469
6.12076906
5.22265625
7.64843750
1.75291972
3.00000997
6.48079344
1.26334718
4.47265625
4.47199690
4.28972185
1.67968750
6.62239251
0.25602546
7.64843750
4.68750000
6.33105469
12.77636719
2.69921875
12.73437500
3.95312500
0.57763672
11.21223626
0.22916999
14.48046875
12.82812500
9.60579344
2.14257812
8.55045656
1.24023438
4.97265625
10.27343750
4.23469969
6.01920656
16.48567376
3.95182624
2.51367188
10.99218750
4.89843750
5.17544659
12.60221686
18.82552499
3.29427249
17.37109375
14.69140625
15.50064938
4.53060062
0.39306641
3.46289062
8.81086658
10.13444592
8.93750000
2.03548094
7.27701906
4.70735594
8.08300532
3.67838874
2.47851562
11.34439938
3.09342531
4.06217531
6.17187500
3.68554688
11.69628159
3.95020279
12.16992188
14.49641844
5.05891844
14.48372562
9.54329344
0.84684328
10.19954344
7.09537345
1.58984873
10.39485594
26.26072444
6.92643063
4.70117686
11.42968750
10.52343750
8.00813719
0.12076906
9.28319814
2.05469248
11.14289783
4.40039561
7.86295656
24.99609375
6.86230469
6.88907885
0.24763990
6.69921875
7.00390625
0.80371094
5.04653536
2.66472185
1.46061779
20.14062500
3.24853516
16.14062500
5.13281250
5.11328125
13.76041002
5.07943373
8.42187500
8.23860594
8.27701906
12.25292221
8.18848404
17.77832031
16.71875000
1.09895750
7.42155031
2.17382812
13.15721130
5.19140625
10.42187500
2.64102700
2.43359873
2.28515625
9.95084220
8.24447030
7.12923094
14.00553468
7.88287296
1.95183372
7.31966312
6.94140625
9.38639406
6.05078125
3.36751219
18.98437500
3.96516595
3.03548592
12.91406250
26.53906250
12.09081782
2.32129155
11.77766844
7.74218750
12.39550532
4.08463874
5.42219969
12.52994875
12.80033145
3.68983514
7.25325687
10.33593750
11.03644504
4.92091090
8.87858156
9.19441711
2.17114196
10.41764406
2.20898438
13.76204344
1.03971437
5.56640625
3.90625000
14.18098626
4.47200687
3.33333499
0.27372192
0.05653932
1.47656250
10.02343750
6.72330563
7.65983156
5.29264406
9.17187500
15.02343750
5.52148438
13.51204344
17.52360109
11.70930408
3.27116467
10.57031250
11.58593750
17.34365251
12.16047346
3.13933621
8.33235594
5.14973626
12.82682624
6.07031250
11.75520501
7.18620124
1.79459718
1.58496094
5.96093750
2.21247905
0.09208638
4.14062500
8.87628879
3.62761746
12.96956048
10.57031250
24.89355718
4.06608156
7.94628906
9.59081782
11.48730718
2.81250000
14.25846188
10.86718750
13.56966312
0.08447266
5.74609375
21.37988032
15.43457280
5.44921875
10.69531250
6.31640625
6.00000000
33.97296143
12.60937500
1.63020750
10.24641844
3.31575687
12.36718750
3.52148438
29.16088867
29.98079344
5.54655031
36.40852283
25.42643063
6.11426529
11.77115470
3.23698249
1.62760500
10.33235594
14.49836658
4.27083998
1.53613281
13.85579344
3.61978751
2.97493905
7.17936281
9.93750000
10.35579344
6.93717531
3.97070312
1.34472656
1.53125000
12.52164672
28.24265839
21.69852214
10.58204122
6.94140625
1.93164062
20.79459220
11.98144282
11.32552748
17.85758422
7.35823360
2.68164312
5.20703125
8.80110594
10.42382812
6.64811281
20.49316157
1.04785405
0.10520172
7.33593750
0.95166016
9.72656250
6.72752660
9.29591090
6.35546875
10.58235594
9.53319814
3.39062500
9.56250000
9.04850842
19.21140958
7.25734042
9.98437500
8.96875000
2.11132812
14.54817376
2.52799811
16.52766844
8.56901125
2.45507812
15.54329344
1.59928468
14.07031001
3.32715093
11.71337392
16.69385264
15.36490470
0.56478280
13.02961658
2.86296154
17.25976064
6.25977061
12.24609375
21.86783688
3.79557126
15.38574468
11.62858156
3.70898438
16.67219969
14.65266844
3.32161624
9.95312500
1.67675781
5.15625000
0.01574707
22.98632314
2.01953623
5.08203125
21.09765625
5.81640625
18.30175532
7.03418218
2.15136719
13.08593750
2.64257812
19.79101313
3.81933843
14.84699690
20.93034685
12.05240470
4.29525155
19.33788564
8.31152344
3.11328623
30.40427195
15.81316932
9.38412123
2.42382812
7.12890625
3.93945312
5.73828125
4.57031250
1.72265625
6.23958001
8.06901374
8.67610594
5.32063719
1.25618656
15.24282940
9.53581560
2.01139406
14.53125000
11.15625000
1.83886719
13.36914062
2.44531250
17.96418440
9.25098404
7.76171875
20.00358156
10.92968750
9.33158356
0.01712555
4.92968750
7.96484375
7.62109375
0.03692627
10.74283688
18.13248283
4.18913342
3.79492188
19.08918440
6.72331560
5.24218750
14.68750000
9.05110594
6.99186281
0.88948485
14.78906250
14.15819814
4.54069592
10.77766844
3.66276125
7.53548094
7.59554078
0.78450562
0.09191895
15.46093750
13.52050781
1.53808594
6.78906250
12.42187500
10.39127438
2.68164062
12.85091312
10.43750000
28.11582892
6.96229608
2.43164062
9.88605940
12.63802748
13.68293440
2.55665059
6.33593750
13.01985594
0.98893312
2.93196532
8.57356439
4.86230718
6.96028812
3.13671875
1.72460938
3.08203125
3.24267454
2.77490359
13.38704344
0.41373781
7.90625000
4.33203125
21.88696289
1.53548094
13.00358156
2.68164062
14.09699690
0.51465591
13.86718750
0.13419679
9.04687500
5.62890625
2.99804688
9.88704344
0.27416992
12.26025266
2.18082890
1.91665753
5.05111591
6.75585439
6.62305186
5.31250000
3.72851562
10.42610594
4.58170656
7.69921875
12.91406250
2.53710938
13.98437500
1.66992188
13.12825189
13.57877438
4.30664561
14.80419922
5.38281250
0.97583008
8.14062500
1.68652344
15.97298094
5.65201906
1.38867188
9.18814938
6.63735816
1.48503933
0.34155273
1.56640625
6.98656303
14.10807624
10.65397218
22.41796875
4.15625000
9.67968750
5.28906250
5.65893555
5.55078125
2.77539062
3.83984375
12.26383422
0.96370484
2.58203125
11.63281250
5.54101562
23.62597656
2.08007812
8.04182735
0.43766484
0.76562500
8.12141844
13.04394282
1.25358405
1.08496094
14.47004876
11.89094969
0.58609486
7.95532512
5.54687500
5.72656250
1.88769531
15.11393063
4.30078125
1.53613281
13.66829344
1.54004155
5.75910129
6.48699246
1.97851562
4.30501219
0.93489500
5.62825687
0.68359375
4.24153563
0.97819093
3.06640625
3.56477782
0.47428468
3.85546875
0.06976318
0.34375000
2.01171875
5.72265625
3.00552970
11.33323415
0.07774005
3.04101562
0.75081297
3.55240968
9.70996094
5.36328125
16.94498283
3.28548592
4.99641844
4.87858156
4.23828125
9.82031250
1.16699219
0.21046873
0.23746828
2.10546875
2.30468750
1.43261719
8.69954095
11.67903812
0.26766117
3.85156250
2.17578125
7.40625000
6.83626219
7.50162345
10.37305186
8.54492188
8.58593750
10.28906250
5.11328125
4.03515625
8.44531250
9.81444814
2.87630374
11.57487311
0.37963867
5.55859375
10.23079344
7.60969969
9.53841312
6.23632812
7.06673094
10.90983156
2.19531250
3.60188719
6.01659907
4.75683843
4.36295656
6.41271942
0.38806183
9.44140625
4.44531250
8.89843750
6.11523438
7.52444744
10.48437500
0.26440430
10.43130098
3.55307402
1.02759259
2.98600343
0.75846437
4.59765625
8.69531250
0.99462891
1.45930907
5.08170656
2.22265625
0.25097656
7.79296377
7.79492686
2.73242188
14.53051758
1.22839355
3.42057126
9.56966312
9.16015625
10.10156250
7.18359375
13.98046875
27.81616211
19.97782516
18.77408439
5.54948249
6.20280031
3.13671875
14.81347656
1.21582031
4.34700189
12.29980718
11.61034907
2.53581061
9.93811798
10.73860594
14.45149158
10.55990248
4.53580563
3.76497562
7.96484375
2.71125970
11.73917976
1.50162594
9.77787403
11.62858156
3.54557126
8.46810062
2.78091534
5.42220966
2.21679688
20.38704344
10.35839595
2.38867188
4.03385749
4.12890625
4.41361481
3.95357269
4.83593750
1.98925781
2.65823966
6.20931405
16.49641844
1.57324219
9.20670656
3.93164062
8.89843750
8.20133422
3.41585328
7.33626219
0.21329836
8.08039783
11.09317515
6.06998781
2.66048094
14.58772703
3.56933345
8.54557624
2.51269282
4.91703358
6.00781250
8.72656250
0.45955321
1.02604250
29.53319814
1.58594248
5.15185547
4.90039062
1.66406250
9.36718750
2.51594969
8.34375000
4.82031250
1.70475343
3.25390625
0.34716797
0.69563719
6.20280031
3.88085938
2.72460938
14.71875000
9.07096188
5.19596188
10.45442376
7.18913342
13.79394282
6.40918218
14.36718750
14.98795656
8.55110594
6.44531250
1.52148438
7.02701906
4.47245466
3.78614029
3.45084718
27.32063470
7.45963874
7.43945312
7.00520501
5.04980718
14.92447252
4.86035904
2.44921875
3.41015625
18.50903320
17.95166016
14.21093750
1.20471191
4.18359375
5.43782469
1.44368407
5.48013409
10.91016622
7.19173094
11.79817376
4.69336436
4.26171875
18.69563719
0.65446047
33.06151596
0.99024185
8.30566406
15.24932819
6.73536901
3.98372562
3.52864749
8.72363032
4.32324468
12.74910461
0.04746521
2.91748047
8.28189938
4.84698693
1.88673869
1.95247064
9.06543218
3.55045656
1.80859375
7.58984375
29.66471188
5.46451906
7.48014406
5.32226064
13.44336436
0.55490714
7.84603280
1.89648438
6.45246565
8.86394060
2.49804688
3.77783079
1.90576296
0.83203125
6.24575909
10.71550310
5.99706782
4.47993341
4.35156250
4.81640625
4.98339096
1.90528091
6.08593750
7.42773438
6.35156250
10.52343750
4.14843750
8.04329344
0.22672609
7.64876219
14.61718750
3.88280752
4.22298094
4.56380873
5.18814938
17.44246299
9.66048094
6.81998781
10.27473626
3.49023438
2.72168218
3.32194093
14.71939938
5.64192874
5.60546875
9.49641844
9.27766844
6.82356937
3.79492188
0.78320312
21.93750000
5.34765625
5.58593750
7.46875000
4.16975579
5.95182624
13.28125000
8.16406250
7.25423094
6.27701906
10.78157469
3.19628657
7.46159186
3.97851562
8.10579344
9.31217531
3.88281250
31.46516844
3.71679688
6.06217531
3.09960938
1.53255125
6.69595191
5.91309840
2.52490234
23.71320535
7.72266622
7.12272218
32.39062500
13.88346188
3.99935062
10.73437500
2.99673815
5.16960217
1.49576906
10.48860594
1.33788813
6.70182624
8.20735594
9.09375000
8.20730261
6.67187500
10.08626219
2.50162843
1.56607907
6.90950687
5.26562500
5.00032469
3.93326906
8.63281250
5.52147939
2.30859873
3.96418939
4.17155031
6.43652593
0.69824219
1.30273438
3.99803691
2.84961934
11.52343750
1.44759032
11.41764406
16.16796875
8.42187500
6.30468750
0.31176758
0.50808716
0.63330078
4.14062500
2.30078125
6.53612035
8.30795434
6.00911126
0.40560311
9.25193817
12.02540558
1.15234375
2.39257812
8.13867188
7.26415517
10.43652842
3.53840814
5.18294437
3.18619626
2.72428468
5.23459200
6.56966312
5.40625000
6.16015625
1.52734375
3.26789783
1.74186779
8.26724845
9.02994875
2.44140625
4.26432624
3.30468750
6.01953125
1.65429688
13.56673094
16.24641844
21.85123781
2.95280031
7.86328125
5.31250000
12.72721188
1.69954593
20.55859375
5.12890625
9.88281250
1.20117188
2.35156250
0.02590942
6.18782469
4.11661119
8.71973404
2.45703125
6.82421875
3.62695312
13.69661126
4.97135749
3.51562500
1.50613257
1.27084496
6.91015625
14.50423094
16.42545656
4.35546875
6.94921875
7.60676751
17.32812749
7.46061281
3.28514379
1.79786402
3.36360345
4.84245124
7.33203125
1.48046875
3.60156250
9.45930408
5.62516858
14.47298094
3.84342531
1.99316406
6.18115234
4.57031250
14.55078125
10.80305657
8.83463874
3.93554688
8.37500000
14.75000000
2.27734375
7.76562500
7.90625000
9.41406250
6.81250000
4.00390625
1.41796875
5.72656250
3.14453125
8.60579344
7.96777095
9.39176640
0.66015750
7.06640625
3.36783688
4.87435062
2.68618629
1.91928246
14.59700189
7.49088874
1.72558594
4.87890625
2.32031250
7.35847961
0.07035340
4.04036126
3.48893561
6.04003657
13.16504155
7.08333001
2.07715093
31.29295878
6.37468528
2.65625000
5.95281484
18.08538818
20.44531250
2.27734375
22.46369238
11.83741356
4.62858156
11.08939606
0.06337494
16.85351064
8.77148936
16.92187500
11.16048094
1.96508291
4.40527593
7.22916999
6.14453125
24.57942376
13.37011968
6.69108156
14.84558105
4.28906250
8.13281250
3.62955563
2.71028812
13.86132314
3.26204842
10.58170656
9.33593750
2.01953125
6.84585924
11.90560560
19.28971188
5.95670656
5.34342531
9.30891844
20.15983156
5.44237035
2.63770777
2.58592255
1.31837433
5.13134766
4.55859375
10.79687500
4.79329344
9.36295656
8.18750000
7.08203125
2.20703125
1.65722656
13.54817376
6.86800421
1.79378297
10.76391352
8.33105718
14.50471922
11.26367188
7.76530031
3.51985594
1.84537843
0.80859375
10.40632307
5.51628435
19.69173094
2.77311281
8.95735594
15.16438719
5.17513187
4.37564611
14.26735395
8.48113059
4.07031250
7.37825687
2.82812500
7.77050532
2.49316655
4.46093750
20.82649158
4.97038342
6.27343750
10.75781250
0.85742188
4.94954344
9.72147707
1.24316406
3.59212157
13.83884974
3.82130651
20.16959718
3.15820312
9.03906250
9.04329344
6.01008782
3.14127936
12.68381838
3.63867188
1.16894531
11.77440160
1.74122340
9.23919678
12.97101286
4.45867464
0.38183594
18.13664246
4.29491440
6.69629654
12.82812500
6.59798094
18.93310547
11.25358156
21.14876219
5.09334227
4.54426751
9.53711436
14.02118434
6.30989251
3.38444592
0.95898438
30.57844720
34.50748781
17.13606937
7.38085938
2.38639406
20.03710938
24.63052970
12.79557624
3.18359375
6.82194093
8.12010971
5.11849623
3.08756593
6.42073360
12.02945922
17.28125000
8.36783688
7.49088874
18.96451906
6.08593750
13.04101562
10.35221188
19.31623269
7.97624778
8.63216312
8.10156250
15.56379876
4.98307624
10.99198239
4.30794437
19.16406250
12.92968750
1.96972656
4.20735594
9.57031250
4.28483156
9.38585927
8.23617084
4.17838874
22.32926266
4.06185062
17.32942376
3.42448249
12.69954476
5.24870124
3.67187500
4.05859375
37.83203125
10.46907220
5.69010749
12.32942376
9.37793218
10.51593972
1.72396996
6.60546875
7.36751219
14.15869016
14.48193484
6.37858156
2.29296875
9.01562500
7.34960439
3.47852061
18.78710439
6.78711436
10.13281250
12.03548094
2.79264406
0.60139891
4.61620595
36.22852061
17.97345302
3.80747229
6.32844969
15.43196532
3.23958499
0.55175781
7.90559065
2.02019060
6.98715210
2.49804688
1.51171875
10.94400876
14.86556156
3.12304688
7.83885971
12.42871841
3.59586547
31.75374390
8.75000000
16.01627438
1.67415531
0.99755859
11.31672097
3.19890403
13.66243407
5.06445063
8.63150377
15.52865248
3.09440436
5.51863586
0.11661805
8.94237035
6.33497340
7.07812500
3.35484293
6.70557513
3.73567874
22.76643797
12.69108156
0.91162109
12.01346838
6.02409685
1.46972656
5.80337877
1.09505873
15.45377438
14.72981937
16.86230220
4.87402593
9.80305408
1.44694592
8.93945312
2.47460938
4.48437500
10.26985594
3.04296875
0.21354250
22.43737030
3.61620595
22.17480967
6.21093750
6.54687500
2.48437500
7.39453125
0.42187500
6.21581782
3.00097905
14.06250000
7.04848848
7.79949246
3.33821532
5.12120874
8.04329344
4.69367908
4.48568373
3.83528314
15.69824219
14.37076906
6.24511968
17.44368407
13.93945312
2.49023438
6.14536084
0.10516896
10.67968750
10.62500000
0.13208008
3.93098626
31.29313483
3.93912345
20.21191157
10.85677748
3.82323970
18.89746343
32.20735594
14.51138908
7.68555186
13.00345856
2.13326019
3.34375000
0.64908439
6.92497077
7.31640625
1.60905031
12.26204344
10.23437500
0.79264406
6.03727172
0.13753297
6.64453125
10.12695312
4.03906250
1.08691406
22.38769282
11.22906590
9.90136968
4.98046875
11.22851562
6.71907469
1.76530031
16.16308594
6.23828125
15.30891844
25.50878657
7.15754876
2.59310560
2.21289062
7.87564689
8.35514406
5.95735594
17.08854499
13.06642631
7.76953125
4.87109375
14.07629145
0.31885015
10.14973626
3.33659186
0.72119141
13.27929688
6.02343750
6.53125000
18.11708494
25.11783688
10.67122562
3.01139406
5.06250000
7.83983378
8.80192390
6.54915780
3.29590093
17.41829344
12.72851562
3.82975343
15.82519282
3.90234375
1.42578374
6.19531250
11.59960938
4.89843750
8.62141844
5.82780031
10.28742908
15.74218750
4.57975842
8.38411126
33.57063968
3.96028812
12.68750000
8.90722407
3.34668218
11.72298094
4.50813719
6.87435062
1.02148438
17.28125000
3.93977782
11.83778558
11.34261358
11.59912234
8.00064938
7.80403812
5.03906250
1.16113281
1.38118407
0.97721437
5.32877438
2.30794437
21.20833001
19.47721686
5.23079344
5.33561281
14.27343750
7.49609375
6.69531250
2.32421875
7.96711658
4.57585217
3.24023438
18.75617908
18.36523936
10.72786126
6.38118905
1.60156250
1.11816406
0.02212524
6.13671626
4.47981937
7.04264406
9.19302970
9.27572030
6.61751219
6.56998781
3.17773438
0.47241086
3.24560671
4.23437500
9.16145501
11.87792720
5.58366467
2.41242659
2.16895279
4.95182375
11.60579344
2.43131593
11.56053192
2.09962433
36.46516346
9.26725842
3.73437500
4.99609375
9.57812500
1.18277579
12.64811032
6.94108654
6.54296875
7.41796875
15.90657469
13.03906250
5.32421875
23.72670989
5.18051418
4.40885749
11.12401596
1.68848404
2.01757812
9.35351562
6.87988032
3.95996343
7.69140625
2.50390625
11.30598626
1.81543218
18.63117908
11.00163342
11.22786126
13.43488753
12.81576684
1.89729859
1.92007425
3.22234153
2.29882812
8.52343750
3.92447252
2.01107435
14.75000000
8.95963126
3.11393561
5.16764406
2.94531250
6.89843750
5.75781250
7.16406250
27.07962887
11.64778812
5.05078125
3.16406250
6.60546875
2.41406250
5.51985594
9.56608156
15.49509974
8.23927526
3.59765625
0.04572414
1.58284547
11.01562500
8.77343750
48.99348626
2.18424811
7.83203125
3.65995114
3.21810062
10.53906250
3.67219969
11.08951906
0.21533203
5.47656250
5.18750000
14.18945312
8.79230940
2.09082779
2.52897218
21.13380227
1.68229499
2.02929688
12.16800902
1.48664160
7.53809840
17.54101064
3.30338874
21.28742908
7.20833998
7.08951906
1.94661375
6.44108156
19.94140625
13.50525328
3.69562722
6.07357934
3.47688719
21.53113997
6.27800310
16.76139406
5.37469482
2.20117188
18.67219969
8.97656250
1.01627687
3.19335938
13.03320312
12.57584220
33.40201906
8.47363530
6.68750000
2.52897218
4.98828125
19.25390625
10.81396484
15.79882812
8.37695312
3.32421875
3.91666501
16.88216312
3.77539062
7.33203125
1.52148438
1.16894531
0.01763916
4.05792443
19.97998670
9.14698138
8.09245124
0.38720703
18.46516844
17.33890622
10.83886968
10.07812500
8.42449159
2.00716810
9.00781250
12.41829344
8.39257314
19.48226202
3.33658813
7.62370124
5.58203125
5.85937500
32.47851562
8.64754211
2.11320008
16.46875000
8.82031250
1.39843750
3.88199579
10.21175421
2.76953125
14.30468750
2.56964318
1.11590369
0.04516602
0.35066649
6.50878657
8.16461864
11.01562500
7.50520501
9.95182624
1.55891346
6.62272717
44.00455314
10.69332284
4.21158688
8.36075122
12.26562500
8.16406250
6.58984375
3.34179688
14.52766844
13.67998228
15.78876772
3.48795656
6.02050532
14.82715093
12.66536126
2.90299811
13.44531250
8.06412345
8.31478280
0.79101562
1.87695312
10.03644504
6.19402371
14.84375000
3.10253657
1.36133062
29.69173094
4.82975343
5.94140625
5.47656250
11.22298094
2.66373283
3.85352061
14.64593184
9.57129654
14.55045656
4.11197751
4.65169437
5.44140625
5.78125000
9.37500000
3.73437500
0.22827148
5.10546875
10.38281250
14.28189938
0.68066531
2.44905640
12.10156250
0.04983521
15.58560284
10.24252216
4.76985594
5.61425532
3.24284186
2.49446532
2.26204344
3.61604984
33.45703125
5.55468750
2.62727408
3.80273562
4.68717531
8.48860594
1.83073249
46.15429688
8.38330078
6.78906250
4.03971188
8.06966312
2.56640625
2.27343750
10.94173094
8.61261193
6.62925088
7.00585439
9.80339909
10.68555186
5.60188719
1.42545656
7.51953125
3.21289062
0.34741211
14.31087157
15.19010500
3.21875000
16.58658688
1.57942874
11.28548094
5.23405031
3.76171875
5.38118157
0.11271055
7.56307070
20.56673094
1.68229250
0.69775391
9.66894282
13.12793218
8.52343750
11.84521235
4.94344304
0.02625550
4.97363281
17.58203125
10.05468750
10.41242908
4.73991467
16.78125000
6.27799313
3.58919437
9.19173094
0.46549562
17.71256095
17.84993905
10.95312500
0.34838867
10.89062500
6.90754128
4.18327903
6.65625000
1.39160156
8.40754876
10.89745346
14.66374778
2.74804688
8.73437500
6.46484375
0.30875485
2.14388187
6.64485594
16.12272218
13.83845696
3.79557624
12.01512572
1.26204344
6.78677970
10.84538342
2.04687500
2.21425438
5.98185055
4.07747562
3.28775876
5.05436281
5.23795656
4.96126219
0.78501589
0.34844848
2.31640625
8.86954088
7.02930186
1.70182375
6.60937500
13.20409907
16.61083112
1.43669824
13.97621565
0.25962420
11.39843750
5.26724845
1.17513436
7.62109375
3.42089844
5.10969969
4.97623781
2.31054688
10.94335938
0.57666016
16.75454844
5.31217531
2.91731937
9.57031250
2.04687500
2.87092767
6.54166999
1.87109375
6.12109375
4.85937500
4.76594969
2.77115968
20.27755737
5.96875000
14.16406250
4.63052970
0.28060311
7.44238281
3.95703125
11.23437500
10.81250000
3.48469969
13.75960328
3.63850953
15.92317376
10.57031250
3.15104499
3.49609375
15.06705563
1.79931765
8.11897828
0.19604492
3.18863766
8.35872562
4.41796875
6.73307126
11.26920656
5.40625000
2.65983156
2.29687500
6.98729721
10.37403091
4.92968750
3.58789062
9.77343750
12.65625000
9.02668440
1.61784685
13.95214595
14.22591312
5.73014406
4.18001219
8.03125000
9.81608156
0.28344727
5.42610594
2.56608156
15.19531250
2.58984375
10.63704344
10.54586719
14.75163342
8.28125000
7.73014406
14.23437500
8.27343750
4.62890625
1.37304688
7.99283688
3.62044437
4.76594969
5.19889406
1.03125000
6.22298094
6.18359375
10.43326906
4.30143063
4.94677859
5.94644892
13.23502936
2.07031250
2.35058594
10.98436503
2.80274434
6.16406250
2.52375790
0.75944523
1.61717753
1.60547872
5.42578125
4.12890625
1.53255125
3.03287843
12.10741689
4.03711436
11.09375000
20.16894282
12.92903812
2.56803468
6.17578125
7.14062500
1.86523438
15.08235594
11.71777095
5.02636968
7.50000000
4.21061281
3.28320312
10.82681627
9.54850842
2.38248781
25.42968750
20.26268784
2.61995858
13.49088874
5.82031250
12.55468750
8.02017565
5.65788342
4.33170656
1.42187500
8.15625000
15.62988032
9.31966312
22.90787433
15.76693373
9.28906250
16.16601562
5.60937500
2.73534907
5.47665655
3.49120845
2.61816655
1.73046875
12.34764628
1.40040059
10.70343972
10.21843528
15.84651485
5.67692265
13.09375000
1.22232907
12.32193844
6.07503546
3.97444703
0.28833008
4.34765625
9.38052970
3.68587655
1.72167969
6.25162594
5.27669437
13.32031250
15.15331782
14.17122562
3.09960938
0.45019531
1.23209718
2.51627438
2.43880374
9.19531250
6.47656250
1.14355469
2.43945312
19.47851562
1.70898438
2.97070312
17.21875000
0.98828125
2.68554688
5.45703125
7.74218750
8.24218750
8.61523438
13.96516844
2.67350343
15.63215814
3.10807624
16.41471188
4.88606937
15.09375000
10.05859375
4.79687500
9.53125000
7.11718750
2.63476562
10.87988032
8.31738530
2.91601562
16.21875000
18.94596188
4.18717531
6.98046875
0.76920656
10.87564938
7.18717531
1.67886456
6.36817403
6.25390625
6.07454344
13.12923094
3.55012689
10.14648936
2.67545158
10.02213874
12.36620346
3.50879654
6.73405031
3.40168440
8.37175310
2.85937500
2.44921377
5.74414561
11.94954344
12.58170656
1.42480469
10.47298094
2.97233156
5.00097407
16.40136968
13.37500000
11.19954344
3.56803468
7.90657469
5.61295656
3.81217033
3.36361092
14.06867160
5.45997340
11.08235594
8.07747562
4.12109375
4.12890625
12.17187500
8.62206782
11.79718972
2.30144558
6.26204344
2.38867188
2.06347407
6.27604499
8.16829344
10.49381593
6.46484375
25.01745605
2.52539062
10.41829344
13.34375000
1.83561281
19.97192383
5.73437500
6.32421875
2.63085938
7.03906250
0.18054199
19.12531472
16.09082779
7.36653812
6.40592531
14.49218750
0.81656984
12.93098626
5.29557624
2.81640625
5.16275377
1.57943373
4.97265625
7.84960439
3.02344248
2.16015625
6.44791002
11.27238475
1.43009585
8.16406250
7.80555458
16.46615248
3.54492188
8.62141844
6.65983156
9.20312500
0.44946289
21.89218609
4.94075687
10.22656250
0.05511475
1.57519531
10.89973626
9.72492908
4.69955341
1.00000000
7.09407469
8.91177970
8.99023936
0.05639648
12.41243157
15.81750738
3.58170656
11.49218750
1.63476562
15.26985594
7.33723626
2.84798592
8.57031250
2.92187500
0.01032257
1.47558594
11.34798094
3.80305408
11.59717420
3.17040143
9.73112810
6.78483156
2.99804688
3.30859375
10.42309570
12.99836658
2.82975842
1.99121094
15.15982658
11.05533688
2.96452404
9.80891844
7.33430907
6.99544437
13.10579344
2.53287843
1.80664062
1.43391844
3.73990968
2.06640625
9.64127438
1.32845218
20.23114014
10.95312500
12.14062500
0.52636719
3.86328125
1.85546875
6.21678192
5.15821808
9.13704344
13.26920656
6.01985594
3.92545656
6.16015625
15.26399158
3.17546154
9.18750000
8.45994349
13.36883089
12.49739749
11.72525626
6.56933843
8.54329593
4.18359375
10.98632812
11.19173094
20.43033688
10.65918218
2.12109375
8.76806516
0.06811648
8.66015376
2.58301030
15.59911860
1.04671390
8.34798094
6.96028812
7.66406250
9.69531250
3.14810783
2.99056405
15.72656250
8.85937500
4.21093750
9.70019282
2.98730718
9.36360594
8.74901845
10.18913342
0.79882812
9.11734486
9.39828014
18.32238770
14.05468750
9.44173094
5.65364251
4.09603280
17.05793440
1.31120622
9.12010971
0.42830009
10.65763741
5.22070312
18.60644531
2.40234375
16.54329344
9.81608156
22.60168457
18.06640625
25.82812500
12.71093750
15.32942376
3.31120124
10.79687500
11.75650876
12.72395999
9.30566406
3.97493407
12.16406250
5.58203125
2.10123781
4.38931627
7.29427748
1.84667969
6.64290032
7.47168218
15.19498781
10.80533688
2.39583499
10.62304688
1.55957031
8.05143063
0.13143070
10.96354001
4.83138187
16.27180408
1.49968029
4.28125000
6.48079344
0.77408937
14.74413564
2.35937998
1.13378906
7.42740470
8.84569814
3.55892841
3.55273438
2.04516103
14.64583749
5.56608156
2.12451172
4.87500000
3.87109375
5.56091309
17.74340820
6.31250000
6.30533688
11.73372562
2.01334469
14.11195095
3.43750000
13.06314938
24.08919437
9.90982658
11.82080452
15.31363143
9.35025876
6.49219747
4.48437500
5.12141844
13.38248781
1.07910156
2.18164062
7.11751219
3.51139406
1.14680907
10.83772828
6.91015625
8.04866578
6.84798094
9.83365968
4.07031250
12.82454344
13.94303219
3.10449468
9.55175532
3.25683843
13.11621094
1.26367188
1.91210938
11.10579344
1.59635500
4.81249751
2.63769780
6.12532469
2.07226562
10.63639406
8.94531250
6.52766844
4.45670656
9.47656250
4.56250000
13.25552970
5.04915780
3.20703125
7.36718750
12.04158871
7.93685062
15.34081782
4.75716312
3.47428468
12.20735594
9.23795656
6.67968750
11.32812500
5.37239251
4.44433843
5.04264406
0.72607422
1.36914062
13.67317376
9.29199468
7.61067625
7.84342531
3.39062500
3.24414062
6.87076906
8.21875000
0.34521484
0.45727539
5.85156250
18.10579344
2.12857907
0.91308843
5.08024047
1.28604852
6.21777593
8.50960328
0.08186890
1.55151367
2.95312500
10.58593750
11.33235594
11.92545656
0.54785156
11.56205750
3.31640625
16.58691406
20.76594969
11.15787843
1.02092743
2.01171875
11.10937500
12.23681641
6.52766844
5.46451906
4.59977172
1.58772828
0.72395750
14.81217531
16.13769531
3.61718750
8.92968750
9.03906250
1.52148438
2.62695312
8.36718750
4.10375977
11.24836658
6.06803967
17.89453125
3.94531250
16.87298584
10.54687500
13.46093750
10.07258533
6.72428967
8.28375244
6.03125000
9.87500000
3.57617188
10.49641844
16.66829344
14.46809065
5.68750997
8.68750000
17.05029297
9.69531250
15.65625000
1.77246094
7.39453125
13.69238032
1.97981937
3.78483156
8.78906250
7.55078125
3.98242188
5.61718750
2.30859375
0.01058197
5.32812500
14.56250000
7.17968750
0.30297852
6.08918939
8.54980718
9.14127438
2.14746343
7.09375000
8.65625000
0.01390076
4.89062500
14.85351562
1.92968750
7.46305297
0.43880250
4.92968750
4.00781250
10.85937500
3.20312500
1.90803829
0.16984257
1.46484375
7.94693595
2.06673592
1.19628906
12.69856439
10.60124030
2.41601562
6.90234375
8.07031250
8.03906250
0.84375000
13.27010008
7.71061281
1.46451158
1.01205092
2.61718750
13.63020501
1.92350593
3.83593750
8.17879211
0.56486023
10.29329344
5.60514406
21.13342285
10.82096188
17.60154900
13.48560069
6.88704344
10.13460328
4.63883422
8.21708222
0.37097199
9.01562500
2.43945312
8.78906250
0.03007507
1.50488281
13.56932846
10.46192154
4.04687500
5.13281250
3.67187500
4.66796875
2.39453125
10.91406250
9.15625000
0.59912109
7.14453125
12.77148438
8.13281250
9.73437500
11.23892066
0.59018090
8.31884766
1.90039062
6.68359375
8.07812500
8.24218750
7.49055907
2.25358156
4.03125000
12.30712766
0.58886843
2.73242188
6.68750000
0.74230459
0.98633311
11.16048094
8.22541736
2.94466810
20.67187500
14.81314938
9.11327627
5.21224623
2.43945312
1.89355469
6.82633422
0.24983765
4.68750000
9.27343750
12.82812500
10.90820312
5.44921875
12.19531250
3.57617188
4.77376219
5.76171875
3.17773438
13.23014406
5.55110594
14.87858156
10.17578125
1.55110594
0.73632812
0.26481141
2.37182679
0.17114258
18.81738032
6.37402593
18.69954344
8.12500000
1.84863281
9.21711658
3.20052748
12.68032691
2.55600121
21.21272703
9.46516844
5.63606937
5.66015625
1.92073235
10.66276374
4.94693595
5.15072030
17.35579344
5.49576906
1.04492188
5.21093750
2.88116662
6.05535682
5.23437500
10.57454344
13.98567376
9.71322030
2.38085938
11.26562500
3.03580563
0.72933109
2.22460938
6.80859375
1.81607658
4.32650155
15.55955785
6.00896387
2.85335328
2.42382812
4.65657469
26.23046875
8.14485594
4.46419437
7.97298094
7.67968750
13.70833001
1.75618905
8.64062500
0.36596680
2.80273438
8.02441157
8.60872562
0.87858156
6.40266844
5.35610318
4.07521276
7.15055297
0.45784547
11.74462766
0.12988406
10.07063221
14.40495124
5.72981937
4.58561281
13.36718750
2.58593750
4.42968750
21.06929442
12.97298094
13.90560062
4.26985594
1.15201906
2.47460938
8.68750000
9.47557846
8.37532718
4.96289561
19.76871828
3.36914062
8.01204344
9.04264406
0.18811035
0.21122067
7.42903812
16.95344969
14.77701906
1.12923094
6.85156250
18.70312500
14.95963625
15.67968750
1.16699219
6.03759641
1.10498171
1.34765625
9.58983378
6.05079122
1.20019531
13.61277926
4.73097074
1.94531250
12.88281250
3.64648438
0.13952637
17.10579344
10.11751219
5.67545656
6.36425532
2.15299811
8.35937500
14.14355469
4.66015625
2.14648438
9.46875000
13.60610816
4.15836547
0.79607324
4.10546875
2.09846673
9.17838874
9.74218750
11.40689938
0.90267093
14.68814938
11.27278812
3.27929688
8.13281250
7.48502438
22.19856937
1.37890625
12.71093750
7.40038564
4.43164561
6.80078125
3.69596188
12.21028812
4.62890625
18.65038564
11.57780031
6.57650155
1.96386719
16.63751552
1.21404698
11.03125000
4.93782469
7.54655031
18.33300781
11.12597656
4.10156250
3.60156250
5.22867797
0.02925660
11.98339844
15.02766844
2.59733156
16.52343750
14.48437500
8.15266844
4.97330812
2.20117188
13.03189938
13.35514406
0.57682375
6.85937500
11.06640127
3.93945811
8.75064938
14.67512806
15.56200798
1.63916389
5.94954344
0.51578859
13.69432846
6.25098404
1.42773438
12.28840814
3.11393561
20.12923094
4.43717531
1.39648438
6.89680408
1.80111092
6.47591312
1.64843750
3.87760251
12.66943484
1.34261109
7.32551751
2.61979499
10.64518063
7.82747562
15.28710938
3.43977782
2.38053468
14.77254211
0.41251648
2.91992188
8.69954344
9.57096188
10.59318293
9.58398936
1.35351562
4.01562500
0.01797485
14.86328125
7.40625000
1.57812500
2.83625970
3.92057624
4.19531250
8.37500000
7.39453125
15.77864500
2.55240968
16.32291002
8.74283688
7.52019060
1.32519531
11.40949690
3.74675310
5.93359375
12.84798094
3.10319093
3.45735594
0.36832765
16.68847656
5.23046875
7.02376219
9.70084220
0.99902842
0.36132812
6.95540032
3.29166999
11.73168883
0.50805726
2.05468750
13.43391844
9.52766844
0.53759890
11.74658079
6.54231937
9.88704344
3.45475343
5.33300532
2.68261968
8.48437500
3.98437500
4.92968750
5.87923094
9.66959220
5.26172373
9.62141844
4.90201906
1.35053445
2.48650169
7.23046875
4.90625000
7.55110594
0.05790285
2.74446532
10.71549313
7.67090093
8.58376053
1.34752915
2.51171875
18.43750000
3.67382812
1.11914062
10.01269282
8.48730718
15.50000000
4.14062500
9.38281250
3.37890625
12.00000000
1.22298094
11.20149158
3.17318373
14.59700189
4.45182624
3.95922852
18.09765625
16.49966534
11.39160904
1.67122562
6.59375000
7.84016844
5.01985594
5.91341312
16.21875000
0.14233398
6.26171875
0.99023438
1.27539062
6.61718750
18.22818595
5.71322030
5.72688719
7.38671875
4.19921875
17.17155031
10.80617611
14.53450687
8.23860594
6.90983156
0.03117371
6.24804189
11.50586436
11.44254516
2.87109375
8.02718140
10.91406250
5.75000000
10.50129876
1.84245124
14.96875000
5.75781250
3.21484375
9.03125000
7.71484375
1.88769531
9.44238032
2.25488530
8.35351562
6.12532469
5.67155031
10.49218750
5.53125000
8.93391844
17.52864500
3.90560062
9.66210938
5.29296875
3.33626219
6.61489473
3.71681183
14.11360594
0.48942140
23.77310284
5.63737810
11.65201906
5.55078125
17.51562500
10.54687500
17.67610469
1.94213929
0.12321109
14.05664062
4.78125000
26.40657469
33.22883533
16.69955092
5.42252438
1.64583499
10.83593750
1.12727782
6.47444703
17.11506206
17.15169437
3.98112810
15.14550781
7.20312500
30.47265625
6.51562500
3.05078125
7.08203125
10.43391844
20.42187500
10.33951906
14.50423094
9.87858156
16.55664062
5.55468750
9.94954344
13.00358156
1.51399657
6.06250000
0.67545656
13.32610336
6.25489029
5.19140625
16.37500000
7.24706782
7.31543218
3.70507812
6.75097407
8.69433345
16.46386968
10.20605718
12.88281250
1.36523438
7.87890625
8.66406250
0.44848633
0.00823212
5.64094969
6.05436281
11.70735594
1.50358156
10.28742908
9.04199468
9.97168218
1.82975343
17.54378172
15.40917221
8.30144060
20.98046875
15.11718750
1.90625000
13.33593750
11.39353724
2.06544713
14.00474014
9.27650986
3.89453125
2.70703125
10.60937500
2.50585938
4.45312500
14.57418911
6.06575687
4.43391844
12.05045656
3.60025876
1.20540531
18.61685783
13.75242298
8.01548482
22.41015625
18.55598875
8.61588376
5.99511968
12.81250000
7.21250534
5.53548094
2.40397218
1.57617188
7.62532469
16.83170656
5.12500000
11.84798094
6.42447252
0.59180435
4.08203125
1.81933594
7.87955563
8.43326906
1.20475343
6.14093972
1.99187278
13.18261220
