0.36067376
18.45963874
12.84798094
10.20936826
10.22656250
1.88476562
7.40657469
3.29630617
3.69759032
1.70377687
1.07617188
10.24706782
7.87011968
8.57096188
9.83528812
0.28906250
7.28816711
0.03516663
32.33593750
2.69335938
4.71484375
16.34195548
0.48665780
19.63997064
18.75292720
11.29415447
0.25777191
1.11230469
3.72298094
10.95670656
2.99218750
9.74910461
8.21183289
5.69173094
0.74088625
1.00797360
0.58187015
9.97298094
9.70670656
5.37500000
4.33984375
2.00390625
11.17187500
1.45800781
14.84920164
1.88541750
2.96679688
1.25781250
2.35579344
2.46647218
3.31445312
1.60253408
3.21484873
16.27945922
17.17781617
25.37597656
2.47656250
0.91650391
9.50781250
0.09509277
3.65234375
17.24641844
6.51073471
8.22591312
4.66178967
2.06022218
7.60188719
7.76562500
5.42610594
4.47981937
3.85156250
10.54132536
3.61883089
14.74641844
1.46679688
0.09952883
18.47851562
12.95705564
0.49802249
14.41516113
15.05842642
22.84748892
10.62533466
19.58398438
2.45727539
8.65266844
5.05289672
2.09716921
6.79215204
1.30599249
1.66699219
5.94954344
4.34342531
9.26204344
2.89420656
9.51529034
1.91635028
6.25862298
12.20216370
2.07324468
3.12467531
12.14192376
2.38151374
0.47338867
1.58496094
14.40429688
6.63470459
1.29419371
3.47819093
11.03710938
8.35156250
18.48241689
8.48209220
4.98080341
8.85579344
0.22306398
5.76953125
6.01953125
5.70735594
10.75476984
7.44954344
4.63639406
2.13671875
7.66406250
7.54199219
18.84765625
0.08520508
1.17337228
5.40593528
2.50976562
10.44954344
1.57389406
13.25781250
17.13964096
1.16211685
14.45800781
1.96582031
10.45674706
6.60546875
2.41015625
0.47753906
3.60156250
7.75911126
1.27799811
1.50781250
11.25691711
3.93155945
9.54687500
4.82421875
2.21679688
14.34659665
5.50716312
8.69238032
3.45508062
8.90625000
2.53906250
0.36238524
8.45670656
0.35815430
3.78385251
2.02083499
2.33398438
2.42024657
1.00553468
0.84765625
7.06698484
19.06787234
5.68359375
4.82812500
1.61360594
5.31608156
10.24218750
10.41959220
3.27173038
0.03353093
8.41829344
3.26920656
21.28613032
7.92578374
11.79459469
22.13182846
2.26595966
32.09960938
3.39453125
11.21646720
5.15853280
1.57356189
0.39909436
1.75585938
13.67348848
18.83041777
0.38964844
9.56982422
1.37662594
2.31966312
1.96972656
4.35599756
0.00343323
2.62109375
11.73437251
12.04199468
4.91015625
11.74641844
1.79996828
6.28857422
0.39453125
5.96093750
15.31606162
1.84637244
4.54655031
9.54687500
1.68457031
1.03027344
6.25976064
5.88867686
10.28125000
20.00813719
1.16699219
1.33496094
3.26334718
4.49348626
1.33659186
0.79052734
18.01602775
5.24510971
3.27670434
4.28515625
3.39257812
4.52343750
0.71875000
1.25520750
0.61637453
3.23567376
0.21403327
0.43530273
10.85498047
3.70833001
3.54752936
2.95117188
7.89062500
2.77734375
2.07031250
15.45312500
6.76659907
3.95540282
2.89160405
2.56217531
7.26562500
1.99804688
1.09277344
12.86360594
1.81607907
2.86816655
1.13867188
11.15625000
2.40689938
5.99544437
9.44074690
2.86784685
1.18457031
7.01082336
3.70597351
6.62109375
0.62589352
3.58919437
1.38867188
0.07653809
5.35156250
2.47851562
5.87988032
3.19824468
5.43554688
0.40340086
4.00748781
0.45922852
2.55273438
4.55468750
1.17871094
6.93325909
8.45654920
0.14608038
3.44433594
9.03125000
1.57128906
5.85546875
5.73828125
5.16829344
0.58854250
6.58203125
5.34439938
4.56185062
6.88199579
0.27425421
2.65625000
1.63671875
19.04768174
5.09782607
1.74023438
9.48437500
0.09014893
3.79492188
14.23437500
0.51025391
0.88671875
8.29752438
11.44075687
4.44921875
4.75000000
4.75000000
0.85156250
1.49772939
1.11945811
0.35351562
11.42187500
3.79882812
0.68619626
3.50325687
8.52766844
0.89127563
0.65771609
15.28198242
8.40625000
8.35923217
5.08595898
3.88085938
2.20117188
7.33593750
0.05639648
19.23567376
11.85351064
2.27019060
8.15087891
12.80289672
1.75667359
5.84375000
1.86523438
9.34509087
4.64843750
12.57812500
4.29296875
2.31640625
9.64062500
5.43750000
11.47427970
3.18392342
0.14702797
6.72298094
8.80045656
11.64062500
1.25195312
5.04296875
2.92578125
6.41796875
11.78613032
12.47949468
0.81916985
5.10416999
2.20117188
6.83626219
3.58365968
1.55078125
7.26953125
6.32421875
13.76041501
5.54671390
3.61962891
4.68750000
5.48339096
1.39551529
4.55859375
0.60253906
10.06250000
5.63319869
0.76768021
8.67187500
3.83593750
9.64843750
0.16638184
0.03912354
0.12792969
8.17822266
2.09570312
5.27734375
15.72851562
4.08984375
5.75122070
16.06250000
3.77929688
3.59602782
5.68717531
3.28320312
8.12923094
0.23600343
0.41064453
8.10937500
4.19140625
4.32031250
7.17968750
4.03808594
4.62890625
3.76171875
12.72485352
7.89062500
2.65234375
10.55891844
3.39290282
7.46581782
5.05826906
5.67057624
1.31933594
0.73071289
3.53320312
12.14843750
2.95768063
8.94889406
3.63150377
2.72949966
12.07031250
2.83398438
7.66113281
4.46158688
4.74544437
4.65657469
5.76920656
2.27343750
5.67578125
3.36006927
0.20504086
1.00423343
7.10546875
0.03396606
8.73079344
9.69108156
0.35961914
13.28906250
2.99055907
6.00358156
17.97851562
5.00813719
2.98405031
7.95312500
4.02734375
7.07909907
10.10091312
9.82519282
3.23502936
1.37597656
16.98209220
18.51009530
5.99689052
9.38592198
0.18819090
3.03287843
9.21875000
8.48859597
0.29265403
7.59863281
2.38313719
3.09342531
10.68750000
1.57226562
0.49877930
2.52376219
12.41764406
0.98339844
0.00667191
0.92431641
1.00261029
0.69043716
1.45540531
10.68750000
6.50390625
2.75781250
4.94563719
5.42545656
3.87695312
9.24853516
7.90266844
0.92545656
1.73144531
12.81314938
20.22591312
2.72070312
4.57421875
5.68554189
8.08137190
1.39714871
9.21213526
29.75794952
3.30273438
6.38313719
10.17545656
2.54101562
8.21158688
3.49609375
6.27278812
5.88281250
5.76171875
14.16894282
10.10449468
13.10937500
1.83203125
2.38281250
7.14062500
8.88281250
0.56689453
0.00554657
1.35644531
6.71972656
15.29687500
13.02734375
2.63085938
11.46516844
-0.04643675
2.88476562
17.88671875
0.84814453
15.13769531
5.94985816
0.19011497
9.48305630
2.11427526
0.50146484
6.39453125
7.19173094
2.66569093
1.68359375
17.92405026
10.89632328
6.56640625
0.09447523
1.43815187
11.69367908
6.85710217
0.56933594
1.70019531
23.53457304
10.56071047
2.06054688
1.70996094
10.46875000
0.03451538
3.86523438
6.10713653
0.29349824
2.25390625
7.61328125
1.65319824
7.37597407
14.94824468
11.07812500
4.22383206
7.53060062
0.18923275
9.89778812
3.85546875
8.36360594
6.03483156
1.34212157
6.68326906
0.84375000
7.81640625
0.23718262
0.69425040
1.10286874
1.50195312
2.72102782
0.97623781
8.10579344
10.42252438
2.67090093
0.51123047
8.51562500
6.19545989
1.83383698
0.28540039
7.89453125
1.43011692
1.50855801
3.29752438
12.24935062
2.67968750
9.57161126
14.67838874
0.37060547
8.04068595
4.95540780
1.60351562
11.13346188
3.28873781
3.29655031
11.83203125
7.21875000
5.06237793
6.10188719
0.95280031
4.55859375
9.22298094
1.93912843
3.66634032
3.14743042
1.31253807
6.14355718
2.92187500
6.31250000
11.59992908
12.83398438
1.58757092
3.47460938
2.83984375
9.45312500
0.19874998
5.14420656
1.83886719
0.66064453
0.00269127
9.28254876
6.78027593
7.31998781
2.49804688
4.23079344
6.88308481
1.67968750
9.25000000
4.54296875
0.72509766
0.20959473
2.52539062
0.81347656
3.62727782
1.73698000
4.21875000
7.12500000
3.85742188
5.58626219
2.61295158
2.54492686
13.95507314
4.18555186
0.81494141
2.57469208
2.94728058
7.29849845
0.29573983
3.83339691
9.33268063
5.15169437
5.83203125
5.53548094
3.06022218
13.66406250
7.24641844
1.02913453
1.90022828
13.38627106
0.08833832
6.66015625
11.38281250
23.62062037
5.77452123
10.09504876
3.30534186
8.01774047
5.61116578
0.50927734
0.06658936
4.94726064
4.39094969
5.78678967
8.39648438
7.05078125
2.83984375
5.19173094
-0.03807493
0.48071289
9.66485927
0.53045323
1.15234375
6.27185059
31.79864584
5.53338541
3.67773438
11.80110594
3.69108156
9.53125000
9.78515625
5.15234375
11.66113032
3.94824468
0.61881344
7.61263187
6.06250000
3.25195312
6.28548094
0.20646242
12.00423094
15.35872064
2.00032967
17.72883533
2.73405529
3.17187500
2.45312500
13.08007812
13.37988032
12.48014406
3.19368656
14.47346922
9.69108156
2.28125000
12.47374006
6.47036348
3.07618683
11.08593750
20.11165282
4.75390625
2.72623283
3.09766123
2.54882812
1.17675781
2.47265625
15.47656250
10.61425532
1.56250249
9.70117188
7.18000970
1.96745124
7.27734375
8.99641844
4.12596909
9.09831560
2.28320312
3.50000000
2.62695312
4.54687500
14.15750973
1.99397953
1.43652344
8.31160461
1.30070008
1.77246094
7.99639893
2.24609375
1.27539062
0.68945312
0.69384766
13.87141844
11.07031250
1.91091399
3.69874667
1.42805907
3.77506593
9.69531250
6.53645501
2.38737311
5.52506095
5.83040282
2.05892342
7.89030031
19.10546875
13.81152344
2.71875000
13.30550223
3.98665780
8.39485594
13.37679078
1.37296570
0.24747742
16.26074219
3.93391346
8.11882092
4.06250000
1.37695312
4.06673094
7.05436281
0.52734375
4.39289285
1.39421653
7.18651596
1.00293716
1.48314931
8.75586436
5.10937500
11.48827128
1.86915059
0.04553223
18.40779900
2.86866356
11.73437500
11.11588376
1.77799562
2.36718750
5.11686281
7.02555297
17.29984834
20.00195312
17.02521831
3.70134419
2.84765625
13.26383422
0.09175660
13.27452283
0.39551778
13.40801327
1.09505374
3.21484375
4.58984375
9.92968750
13.45376579
0.11141976
12.50390625
1.16406250
15.09375000
13.42187500
0.62695312
17.44774269
11.85596825
0.46704102
1.31534789
4.00520875
1.76855469
5.79719969
8.24218750
4.73437500
6.65657469
5.24967531
5.61295656
6.67187500
0.02597046
2.68749502
3.87305186
14.35971246
18.80794437
1.54134281
3.29687500
10.98437500
3.02376219
5.12922235
2.47592171
4.69531250
6.78336547
0.19897492
1.78951019
15.15201408
17.73275155
1.79882812
9.68033688
3.21028812
1.22265625
6.65689938
12.08300532
6.42415780
2.56054688
8.90234375
6.22265625
12.11718750
13.20019282
4.08138187
12.35156250
2.57975343
3.66080563
0.09236820
1.31054688
4.64941406
4.81250000
4.71093750
16.57551751
6.38541999
0.08697510
9.91406250
1.67382812
17.49446532
13.36303140
6.64389184
4.52734375
10.83837891
33.83723626
6.49870124
5.96875000
11.71907469
1.41862062
14.07519282
8.59195922
0.04232062
47.05468750
3.52571532
2.08561281
8.65234375
2.60156250
0.62858582
10.50781250
5.51171875
15.79036126
2.23698249
12.82031250
2.42382812
24.49590140
9.85091312
0.68847905
17.57812500
7.80468750
12.85937500
7.48632812
6.54296875
25.03548094
16.10969969
2.08528812
1.85579344
4.10905031
8.43570922
8.48616578
5.58496094
8.02376219
3.56803468
5.98046875
20.15217216
2.75635139
13.56086658
10.54687500
2.60124279
5.15234375
15.73062985
7.25716312
22.17544659
3.21127216
11.38525391
4.03906250
6.44140625
4.48828125
4.17968750
4.62890625
4.59765625
10.04620568
4.75131870
0.87044437
1.47363281
13.24218750
6.16406250
5.82812500
22.10611813
16.14843750
13.84992908
18.13395764
7.84407469
1.50065187
24.18750000
12.78906250
10.37500000
2.29687500
4.71646222
4.14486591
2.33984375
11.52115470
7.20931405
17.39062500
9.19531250
9.31250000
4.68750000
0.85449219
15.55728502
6.35611813
1.25456560
5.23828125
5.64843750
0.72753906
6.12222643
9.51302748
14.08658688
15.94368407
4.30761968
3.34765625
7.15689938
7.58593750
6.85091312
0.56787109
3.21532705
4.05094858
1.56229613
3.10709718
11.00423094
7.34733156
2.64453125
2.74804688
1.82617188
0.44628906
4.87109375
8.72656250
12.11718750
0.54296875
9.71516844
6.03027344
2.36490968
13.66829344
1.23893312
1.09375000
9.47069814
3.61914561
3.92187500
12.02343750
0.91503906
0.99951172
8.91145501
14.32487311
4.42219969
1.69108156
6.33984375
8.25781250
21.75064938
7.45670656
4.51139406
2.33789062
15.15655475
10.75000000
4.08953900
3.76953125
6.89843750
10.14159907
1.94629155
2.84260735
11.69914069
3.66406250
1.54524657
6.73599845
3.65930102
5.95442376
18.51074468
4.69889406
8.00911126
6.09245124
6.29198970
3.53418218
11.31007473
4.34114749
15.76952128
8.95605718
3.38770279
2.69921875
5.69531250
1.02441406
7.29296875
5.30126953
12.13785641
5.76888187
2.46092504
7.42872340
1.13492672
3.31282718
10.93750000
0.42309570
8.87532469
5.20214096
3.41578996
16.44954344
3.18326906
7.23437500
12.68750000
17.48079344
3.38444093
0.95654297
1.68496558
4.18295434
2.97070312
33.98600094
3.10286624
5.25064938
7.88216312
3.30322266
3.63281250
5.29802895
7.16113032
8.67480718
1.16210938
1.83691406
6.40657469
6.49967531
0.61173399
0.12520449
1.89062500
2.00196038
0.78147162
10.78906250
2.35351562
1.14062251
1.50586187
9.75781250
11.73828125
9.21093750
1.07519531
0.97363281
4.12109375
2.34960938
11.53792110
0.19157109
1.12597656
6.67626953
7.91992188
12.92024158
19.47721936
5.23437500
1.90527344
5.12695312
4.93847656
5.38867188
6.71875000
5.40625000
16.67154034
23.53158466
11.16601562
8.19140625
5.18424313
7.94466312
0.55371094
0.66406250
4.31250000
2.69335938
0.11157227
3.37304688
10.55468750
12.12923094
2.38151125
8.64453125
4.03906250
16.60937500
10.66048094
1.48893312
1.49902344
2.42316878
3.27734375
3.06901872
5.53157469
0.77327391
3.61848626
3.34326670
2.49609375
0.12419935
11.81463959
0.91178967
4.85937500
15.08007314
14.71313975
6.64697266
8.61067376
5.08463874
4.44531250
9.79687500
10.59960938
14.00000000
0.89957516
10.98372562
1.12532469
10.96875000
7.45670656
8.50423094
3.04655031
9.75129876
8.61490470
6.57129654
1.73144531
7.90265847
1.87663840
7.59960938
2.14062500
2.60742188
11.38704344
7.10514406
4.48469969
5.81998781
1.45214844
12.23316193
12.60937500
0.98193359
11.25000000
3.99218750
11.61718750
1.96093750
13.26985594
9.47656250
10.14387190
4.81674091
12.16048094
1.65494875
8.76985594
21.31769504
4.31869902
0.59472656
4.82486813
0.18562992
1.19238281
9.57275391
5.64843750
5.92968750
5.18359375
9.21223626
2.09635749
2.79296875
12.11393063
5.19075687
10.71093750
2.04296875
0.66699219
6.97557846
2.76465591
4.20312500
6.91438719
1.37695312
17.17545656
3.74993266
8.86230718
5.47656250
3.27929688
7.17675781
11.81250000
0.45166016
9.31802970
1.04525155
7.40625000
0.97835203
10.03873781
0.91455078
0.00263786
8.01562500
0.63623047
14.64762878
9.84375000
0.44799805
4.66894531
6.45703125
6.31640625
12.34599686
4.85937500
1.49804688
6.13735816
11.11100842
12.91569592
0.84309813
2.77506593
5.06336021
8.68309176
3.47706449
3.84960938
3.26110840
15.11218262
7.07812500
7.61230469
3.66516201
9.60872562
1.81152344
11.54101562
8.50781250
5.97265625
5.51953125
0.81436759
0.77506843
6.25358156
1.67675781
5.67578125
5.77734375
2.60546875
12.25423094
8.37141844
9.75488032
2.46907967
7.20703125
4.80859375
14.75390625
16.81237793
5.46126219
2.94694093
2.45898438
13.85156250
1.06640625
18.19531250
12.91406250
7.09375000
0.67041016
4.28548094
0.22188324
0.15315828
0.14587402
3.35937002
2.96680186
7.71126219
7.25606355
5.87161950
6.61588874
6.62597656
6.93554688
6.71386719
16.19921875
6.83658688
2.79296377
6.34476779
3.56185062
15.25781250
7.07812500
11.33984375
4.26041002
7.80599623
5.24218750
2.15657220
15.74127493
0.77158646
2.60156250
8.63867188
4.43359375
6.05956782
3.98437749
3.62695312
14.73437500
1.86132812
0.45678711
11.04752438
3.75130374
4.62564938
10.51497562
7.85156250
11.85937500
3.36816157
2.14941655
5.66210439
7.01139406
0.25277108
7.45703125
4.82031250
10.41406250
4.60546875
0.43920898
2.84619141
14.72070312
12.99079895
5.05664062
16.62500000
8.66796875
15.75000000
1.44726562
7.17413786
13.40398714
1.61589205
11.99269712
14.00000000
9.17968750
2.27343750
14.87890625
3.07324263
6.82389406
1.39257812
13.67578125
7.67382314
15.03320811
17.37304688
2.45507812
5.18359375
2.74218750
1.97265625
5.79101562
9.22265625
8.20898438
1.29589844
5.19251209
3.05828900
13.46875000
7.54199219
5.06030273
12.80598626
2.96972905
1.20930907
4.26351078
6.88671875
4.11328125
1.38085938
2.09212157
1.33500459
2.25687621
7.53873781
6.17578125
1.91080563
1.85481937
7.50781250
2.85384032
10.89664797
6.16406250
9.27734375
5.76204344
1.01334718
1.33105469
5.33593750
2.12337157
5.64420656
1.68335542
2.24236480
1.71484375
13.44954344
5.84406472
6.55795434
1.92187500
1.22631836
1.85253906
8.11718750
2.78710938
0.77294922
12.87890625
9.34798094
3.31659641
4.00619902
0.39135742
9.28433954
0.20589483
19.07454344
1.72591063
4.73763187
4.30546570
17.46875000
5.46516844
8.80643801
7.81167332
0.42172512
2.13118407
14.45312500
11.25358156
0.02169800
10.85156250
0.87194824
9.61718750
3.69173094
1.35026125
3.05729001
2.96614749
2.60546875
11.47069814
3.19727061
0.86279297
7.38248532
10.43456284
17.53593518
5.42838874
2.24804688
5.08333001
5.89909186
12.90625000
8.16471188
2.03768070
4.86230469
4.08007812
7.05468750
12.29329344
5.30045656
2.07226562
7.13834220
3.52864749
3.56364140
2.68566770
10.23079344
1.93171619
5.52006853
7.44921875
1.65136719
6.01757812
3.52734375
7.69140625
5.85546875
2.15429688
7.34179688
0.51846853
4.68465647
6.15234375
8.17187500
21.19693595
6.70540780
1.50781250
14.64257812
2.68164062
2.06380125
7.55826906
7.71093750
15.78125000
0.45434570
4.75781250
6.08918939
1.83105718
1.60221437
4.45703125
16.19954344
15.34733156
6.41707336
0.05686463
5.16406250
13.42252438
20.11262938
1.51465093
3.55078125
5.36328125
3.51171875
21.03156472
3.77702903
7.21484375
19.88085938
17.32983398
0.97705078
10.31444814
0.97754405
1.83203125
8.11871089
26.80224734
7.81038453
2.42203859
8.06250000
17.70312500
3.17219969
13.59733156
11.89843750
4.43520723
12.11622340
13.68685062
5.30859375
2.23046875
20.16242908
1.76139904
1.30664062
14.90233378
0.78321309
16.19692598
2.98666777
7.67968750
7.87109375
9.86067376
4.10026374
5.24071767
4.27930186
5.92488586
0.47444516
9.42903812
1.90527344
7.37775040
6.10937500
5.96875000
4.28906250
0.33593750
11.42776608
2.91861813
4.52669437
7.69921875
12.36718750
4.54687500
11.09993407
13.65201906
9.86718750
3.44921875
2.92773438
3.57617188
5.52020264
1.29719969
1.63053468
12.18750000
12.81640625
7.83984375
7.57031250
5.91048094
5.29223384
14.93961921
2.69726562
14.03189938
14.74153812
4.88313719
2.02506593
6.69921875
11.96418440
26.70503326
13.43055406
25.94021500
17.57001772
3.83921431
1.75781250
26.72395501
7.99511968
5.30436281
7.76562500
4.26171875
4.59765625
2.18180297
1.36327149
2.80859375
0.40974852
7.46061281
12.67968750
2.32812500
1.64973875
0.91764406
19.78548094
1.54459718
1.89453125
6.64453125
0.00163174
8.43619127
13.71615248
3.18404005
0.08235719
11.64517066
6.07552748
3.59570811
11.57812500
4.47265625
2.65039062
9.81379876
5.38151374
3.38085938
0.12013670
1.48600343
8.99218750
2.59179688
5.52734375
3.10285628
5.18034685
4.11685783
5.55697030
14.10805630
2.28256870
11.67968750
2.37109375
4.07031250
2.81282469
2.25944093
2.54101562
4.67024407
10.99576906
2.49707280
18.41014628
3.69759779
4.31543218
4.55826906
14.07812500
3.84375000
6.24609375
0.05319214
7.29296875
2.58398438
3.35404587
0.81167999
5.18457779
3.93164062
4.62890625
0.10438200
2.18717531
1.32910156
4.77441157
3.83105718
8.84992908
2.08968639
0.10078980
7.01594969
1.41592261
2.51107934
12.32812500
0.96549562
2.37695312
5.72656250
17.83072751
6.91341312
10.50781250
4.53515625
5.45703125
8.48437500
9.78125000
11.69141601
0.23396851
2.13671875
4.99609375
0.31103516
2.12890625
15.44954344
1.97428468
8.89664672
0.58170531
1.23600343
6.94140625
8.76562500
0.44051024
2.69303468
5.61718750
6.97656250
13.31151596
9.31706311
10.71810062
0.99658203
5.28515625
3.16227172
0.09700562
2.51562500
0.00088263
1.14477539
11.33593750
11.33235594
0.69401125
1.95703125
15.03548094
2.54459718
2.15429688
3.28906250
7.70377438
11.51139406
15.12759752
5.39942154
12.45019531
2.98778064
0.26099866
5.30947419
19.18466644
6.26171875
2.66015625
7.29296875
12.75000000
18.42773438
5.91471188
2.32747562
6.91503657
3.51855718
9.77343750
3.51171875
7.93424313
3.87044437
6.57812500
4.46728391
7.51709109
20.39680408
8.67187500
4.64973626
3.37533466
1.42480469
5.46515847
2.75554465
10.68293440
5.13347185
6.77343750
16.65625000
9.12500000
0.80664062
0.01554352
0.02021290
0.08727520
8.39062500
9.89843750
15.82812500
4.40982658
12.16048592
7.61328125
13.44531250
16.95507812
3.63867188
8.03125000
2.21679688
15.53515625
11.71875000
1.00406735
5.15560062
6.46875000
5.05695535
7.67937278
1.37207031
9.66144504
2.00652371
11.96549313
9.06575687
3.58398438
0.06317139
0.63181518
12.80632092
1.33984375
9.81250000
1.83072501
4.72557846
4.22201684
1.74804688
0.16967773
3.30501219
2.18750000
7.09342531
1.28515625
0.76708984
1.83300781
0.76513672
6.75000000
0.98746579
9.17903812
9.26562500
3.78906250
4.57031250
0.14763304
5.91764406
1.30345932
4.07129654
11.16455078
1.69758533
5.65788342
2.52148438
12.80078125
4.48501940
5.34896498
6.34765625
4.42252438
2.39192874
3.12304688
16.37617918
-0.02812620
7.16438719
2.26139406
3.75390625
10.36914062
4.54687500
6.92578125
7.94986813
4.92342289
3.77929688
8.11718750
1.36523438
3.98437500
4.51594969
0.04899172
17.67187500
10.66048094
9.57812500
3.23990968
8.83593750
2.75390625
7.91717529
5.11718750
13.82397461
11.67610594
5.31217531
2.74609375
3.87141844
2.31250000
2.76334718
6.60937500
7.94531250
2.67610594
21.20670656
0.55615234
4.55468750
3.59570312
2.30110594
1.69368407
6.20638187
5.83365470
6.40853280
3.04296875
1.83625222
5.20313497
6.18326906
3.70898438
0.00226784
1.30957031
16.09781860
0.11653687
3.54492188
2.05729001
3.33333499
0.89111328
11.23502438
1.63427859
0.85384156
10.93750000
10.71695922
0.22762086
6.18359375
7.65234375
5.43359375
8.97004876
1.52409186
4.86751219
6.60546875
5.83951906
1.63671875
4.62564938
5.42155031
1.35156250
4.12076906
5.01171875
3.27179411
3.57260527
6.21630984
0.35034055
1.96028812
1.39477539
3.43750000
12.20377438
6.76113782
0.11901949
3.69140625
5.20312500
13.64843750
0.03787231
0.16267821
7.29264406
0.08099365
4.35156250
0.38069578
-0.03923460
2.03515625
1.61872292
3.92937278
3.74804688
0.79085203
7.60123781
3.59602782
2.97460938
3.10514406
6.05078125
3.14257812
6.71875000
5.11473737
2.42823138
13.44531250
0.23022461
5.08235594
2.55631593
9.33398438
1.15722656
8.60221188
6.46419437
13.93391844
-0.04100462
2.96093750
6.39354721
2.74707779
16.09289520
0.34729035
2.05078125
11.57167541
0.17399109
3.31400543
0.68100422
2.10514904
10.63281250
2.00292969
13.16778741
1.08170905
8.70312500
1.30468750
1.90332031
17.45312500
5.89453125
3.84960938
1.23046875
4.83984375
15.48437500
7.10937500
0.10462401
3.81250000
1.70589234
0.84472656
1.81852172
0.10347535
14.11914062
10.69173094
12.90055422
5.31282469
1.03125000
1.75846437
2.18945312
17.46744626
4.24153812
2.35351562
1.52766844
8.05045656
5.44140625
7.11328125
9.35675754
3.22527371
3.20312500
0.89029782
3.72786624
10.81250000
3.22884032
3.59537843
14.72273636
0.70849609
0.21529051
0.35758547
6.60579344
3.49186281
4.67479721
6.92627701
3.13671875
0.08481811
0.11556031
12.99218750
17.14419644
10.01139406
0.91471437
7.87923094
9.76562500
10.07194093
8.44596188
3.44856937
16.03125000
10.89485594
7.20312500
4.01920656
1.61035156
12.26269282
3.03222905
0.88916016
4.37500000
2.27593231
5.67578125
10.18391844
0.22550539
6.83626219
4.10188719
3.74544437
0.77050781
22.43001219
10.33951906
10.44531250
5.13020501
8.54557624
11.45312500
4.13208008
8.78125000
6.40722656
20.94302970
5.82291999
10.43326906
6.10937500
0.18493652
6.93106842
7.42187500
3.93450928
10.88964844
4.51562500
17.40625000
8.38281250
2.26660156
17.85384032
1.95084718
9.66699219
7.42578125
3.07226562
1.60937500
8.37500000
3.85156250
7.82031250
10.01562500
9.93033688
2.68847407
1.09505624
2.84212157
4.51139406
0.64241453
36.21516844
18.83300532
13.43496102
8.71581782
14.97558843
6.38313719
0.43033937
4.10156250
12.16406250
4.38671875
10.97070312
4.80468750
2.41992188
19.34503555
14.22363032
8.21386968
4.35156250
1.76367188
5.66406250
2.38085938
3.47070312
12.49641844
7.17578125
8.23014406
9.07031250
7.17968750
6.85937500
2.03548094
3.11686281
4.28125000
0.20857664
0.16418457
9.40201906
1.78222656
13.55110594
3.14241578
0.16048219
13.52341756
5.17970744
8.02128601
12.74413564
8.33822030
8.20637190
15.64877216
4.61718750
7.73144282
2.35058843
15.16829344
4.84211658
3.25163342
15.96792177
11.95735594
19.47623781
10.35156250
0.07812500
3.45507812
5.91064453
8.37923094
2.03125000
1.99576906
14.15281105
3.26074219
10.22656250
2.24609375
4.58950411
6.21713652
2.02539062
10.42968750
7.44889157
24.98763187
3.71158688
6.71810062
2.78352782
1.34440187
11.68750000
1.56673094
1.69303468
1.89648438
2.85481439
2.03385749
9.27343750
1.67610594
6.35319093
9.50390625
7.38281250
10.03548094
1.57780031
6.10741689
11.24023936
1.06665039
1.63867188
8.60156250
2.98665282
14.35156250
16.87579552
0.30307900
3.54101562
1.43554688
11.27343750
11.31964318
8.64129432
6.70703125
6.62613766
4.79622562
4.39453125
14.02343750
5.25781250
10.07031250
0.87987783
0.62305186
8.55468750
11.64453125
7.39843750
3.80078125
2.84960938
3.22070312
5.89453125
13.82877438
12.30908203
11.24935062
7.30175532
1.03157718
3.37272218
5.42187500
8.89843750
4.60546875
5.50781250
6.10156250
15.56673094
1.40494875
0.96654775
8.19336436
8.35937500
2.41992188
1.81054688
11.32812500
0.87337157
3.98795656
6.83756095
0.80013436
4.70833001
3.33854499
8.08268063
8.65983156
4.31608156
6.11913564
6.52539561
5.25486537
1.54396276
3.49609375
9.68456782
8.40918218
5.29296875
20.29264157
11.35317598
24.32454344
9.60092807
10.60627923
5.82291999
2.70312500
9.09375000
1.19433594
12.54682600
18.03581560
2.91992188
1.55566406
10.11197252
7.39583998
3.31054688
8.14843750
0.09490967
9.34375000
16.21158688
1.17252687
11.84375000
2.99446532
13.96762760
0.80468750
1.80175781
9.39062500
6.41861813
1.08333499
7.66406250
1.71777344
14.42968750
6.03947093
11.61116578
0.05800416
6.56999506
2.29481350
2.90026855
4.99251219
8.88639406
6.65926086
2.29777039
4.51236813
1.34114749
0.02191162
15.13362547
16.40465661
11.76393802
3.35546875
13.15266844
7.46842531
3.22070312
2.21093750
5.15234375
5.98437500
12.28906250
6.23437500
4.70703125
4.42789672
1.85400266
10.22591312
2.89062500
10.18359375
1.67480469
2.60791016
5.74283688
3.90169437
10.90689938
2.67122562
1.78222656
2.21126219
1.41569093
12.87368130
1.12436557
11.84960938
3.04907227
5.03515625
11.17187500
1.45702876
6.22168218
7.21484375
6.06852172
3.15828492
5.41406250
2.27082752
-0.01252674
8.84375000
14.36848626
10.85628546
0.24373414
8.53613032
5.28808843
7.36718750
5.91894282
2.14599859
1.67480469
8.00691711
1.51481141
3.94140625
14.85221188
7.21810062
3.21484375
6.77343750
2.11132812
16.00488032
18.65851286
4.03973182
3.04687500
4.00244141
1.17871094
9.86848626
2.75846686
12.11539672
4.84163453
6.70474243
2.20572751
8.16145999
5.41406250
6.06314938
2.13020999
2.60351562
3.83203125
19.12532469
4.96321532
19.88704593
3.89748764
0.37734553
11.22233156
5.07284117
5.85416002
6.00232821
4.44531250
0.86018548
5.55794437
2.23958499
5.20410156
5.43164062
6.48111813
8.31380374
9.62141844
4.73008302
4.67252438
8.05403812
3.27148438
0.00291443
1.44205563
4.86393063
6.93620124
12.88605940
3.30144060
3.61718750
4.22035850
3.57651152
4.38867686
4.65299313
0.44612796
0.37084961
1.84379959
11.19531250
3.26562002
10.70182624
6.53841312
4.28515625
1.46646969
1.09310062
2.40039062
3.03515625
4.71581782
2.34277593
17.06379876
8.30468750
0.62760749
4.42381317
2.72462433
2.55078125
7.46484375
4.15625000
9.10579344
0.37272094
0.38867312
7.66015625
6.10253657
0.76953374
1.94726562
5.16666002
4.25130873
6.96484375
8.92154782
6.25716312
1.35351562
5.99641844
4.28971188
1.30078374
2.92921202
2.32584718
3.44303468
1.37182617
0.84033203
5.40379489
1.98097074
2.30859375
2.51953125
7.87890625
4.10579344
4.15592531
7.41210439
4.54102061
2.74804688
10.75617908
10.46223626
10.56283466
1.66503906
4.29296875
4.15846133
0.40989805
3.94954344
3.29264406
3.63541501
4.09310062
8.95133422
2.37483765
20.81867908
3.37663342
9.95312500
1.60383782
6.07519282
8.98934056
5.49218750
14.67601729
0.52417802
14.34504876
16.59668218
4.35123781
2.55859375
7.15625000
2.27734375
1.00195312
7.57355940
8.79753435
3.70898438
8.01562500
9.25000000
1.93164062
14.93391844
12.60286126
1.62728280
8.52343750
1.66113281
15.32096188
3.18929203
6.49674313
13.13216312
0.77343750
7.95833001
1.35709968
0.54036188
1.05750712
3.10189716
2.08593750
4.17578125
2.69334941
5.76986591
1.30631593
6.83593750
1.46679688
6.34375000
0.64550781
1.57885742
6.18359375
8.40625000
10.75194814
2.32617686
2.82031250
2.52319336
1.45117188
3.04687500
0.23970457
0.84440187
12.82421875
8.65625000
0.74837157
2.48014406
11.34439938
4.54296875
0.58707765
14.46190160
1.78972683
10.20461361
2.44661624
4.37890625
7.39453125
0.81380125
5.17155031
13.70800532
4.87793218
2.43359375
14.08593750
2.04101562
7.14453125
5.15625000
0.01644897
3.06640625
6.03775377
0.91537123
2.04035862
5.83659685
1.58658937
3.41210938
11.59016844
2.85514406
3.82421377
1.98242686
12.28906250
2.90820312
1.31909180
4.74218750
1.51855469
10.17610594
1.53678468
1.73144531
5.41860816
2.11654809
2.32226562
4.81958008
7.64113665
1.66751906
5.68717531
12.73437500
4.32031250
13.96093750
9.76562500
2.09912109
3.27006006
0.61460543
8.19173094
4.94710328
0.10530640
3.54101562
9.09438941
6.22201684
1.97851562
6.58203125
0.43839352
1.71224124
17.94238032
7.02832280
7.78906250
4.65625000
1.63720703
1.55664062
2.67578125
8.89745346
5.30176529
0.86132812
0.53889642
-0.08674798
4.32995605
3.95898438
6.53980112
0.59856881
6.25683843
5.25000000
6.86328125
0.02381897
11.73437500
2.96679688
13.07096188
4.38216312
0.17871094
4.27376219
0.57975343
7.48437500
9.02977394
10.02914450
9.61146545
1.76920656
1.73828125
11.57519282
5.52002202
7.05078125
7.29769087
2.63191709
4.83595744
1.77246094
2.76367188
2.78906250
5.89062500
3.24804688
10.36718750
0.73535156
0.32104492
0.10020872
1.29166750
2.91601562
5.96093750
3.42675532
5.67480718
1.69238281
0.55427977
5.07780031
6.07633422
2.73632065
1.14535294
6.09765625
2.63281250
7.38150377
9.95833998
15.20377438
4.76920656
1.94108156
11.63281250
13.66113032
6.84277593
4.49218750
1.08496094
13.36539672
9.65413453
6.29361813
5.46484375
5.94466312
17.00000000
2.42447003
1.33627216
1.11718750
12.89353724
5.56772495
3.38053468
12.07454344
2.32194093
2.80035400
16.74100498
16.60420987
13.18750000
1.73437500
1.65820312
17.85351064
2.52701408
8.82064716
2.31445312
11.13403320
10.78295898
5.89453125
13.98632314
4.93164561
6.85415005
3.14194370
13.95317841
15.25064938
5.53644474
8.67252438
3.54231937
18.24218750
11.27343750
0.02601624
2.34765625
3.24055907
4.69889406
9.35156250
1.64549535
2.99122340
8.10937500
1.71223875
2.36490968
1.47363281
2.00080051
2.64714871
6.16015625
11.30208250
4.79915282
2.65364749
9.27343750
10.46695922
4.60384156
5.75145612
1.72120013
3.04882812
2.95898438
1.58197021
0.72134752
16.79069592
8.00358156
2.68164062
11.77766844
2.74186281
3.52734375
9.08723626
9.73079344
12.30111092
6.62109375
5.12369127
0.72298842
1.55273438
3.91992188
2.17943837
3.08789561
5.60546875
12.82812500
2.77343750
5.07877438
6.88216312
11.30468750
1.43652344
2.24218750
14.02343750
0.15087891
2.04882812
9.74641844
0.21036867
13.28221930
1.30468999
18.11328125
2.96484375
13.36718750
3.78906250
0.52148438
3.00618407
5.95670656
9.62206782
1.69726812
1.13281250
1.82796860
11.20312500
2.28320312
7.68635860
0.68473515
10.46609819
0.05929244
2.51383345
6.31737311
6.35611813
7.39453125
3.60091312
5.41796875
1.03010985
2.48502687
0.52294922
10.86718750
1.69042969
10.43389850
7.58172650
1.96972656
3.74414062
0.03247070
6.37890625
2.41031236
2.59701185
10.68750000
5.59016844
8.91764406
7.32812500
9.46875000
13.19351373
6.67057624
9.82031250
4.87694814
11.13867686
3.27343750
0.00246048
17.63867188
9.14062500
2.25000000
1.47070312
9.76562500
7.07063719
1.83561281
2.03125000
1.49316406
1.66259766
13.09798094
11.39241578
0.38631226
2.10156250
6.91048094
6.00781250
1.62858156
6.61718750
7.78433954
0.18831671
3.88281250
8.16048094
7.37759752
3.79395279
6.89843750
6.06574690
7.64360369
4.58203125
16.43750000
4.48079344
2.23828125
3.78678468
12.92968750
2.00585938
1.43554688
9.60937500
2.04492188
1.69726562
10.96939938
4.81966312
7.81640625
8.63281250
1.63671875
9.94352172
3.29866578
6.42878650
2.82585217
5.61652815
1.49284685
1.33496094
11.29687500
3.83788564
0.14404795
2.00000000
6.83169908
6.12630873
1.64746094
0.24230957
1.76953125
8.53906250
7.93391844
8.05826906
0.54125727
10.85359929
1.39249695
8.22656250
15.69173094
2.16634032
2.38411624
10.13281250
6.07006836
17.19531250
5.32031250
6.26562500
14.43750000
0.43823242
4.83984375
4.33039783
1.50944592
4.64453125
4.00781250
4.94531250
0.22668457
1.49609375
0.03117371
4.09765625
9.25000000
7.34830563
12.63610414
7.42578125
10.56022218
5.02246094
4.68750000
2.12890625
7.83771831
5.91228169
2.53320312
1.72265625
7.83235594
0.56266359
0.87190672
0.70280031
0.72119141
3.24771969
10.69661126
3.05469248
4.84407469
9.82454344
9.84310062
10.90754876
15.33854499
1.68066406
0.93782469
12.59244875
1.71907469
17.43098875
2.80599124
10.80891844
2.04557126
3.11426030
12.60937500
12.59016844
15.46516844
1.71907718
0.18334961
4.69531250
0.70654297
6.08056516
1.91715453
3.45670656
16.28908689
4.59730717
2.07617188
3.38085938
5.49674313
8.94466312
6.39453125
6.62890625
5.62410461
0.72208680
2.65625000
11.98437500
4.67187500
1.28613281
16.06054688
5.92346191
6.26171875
4.60546875
12.63085938
7.24218750
0.05581665
5.54915282
4.72036847
0.86915059
12.04067598
2.05502714
14.23175754
7.54525903
3.97981937
3.52766844
2.19498781
2.76757812
7.89453125
0.49674313
2.12239749
9.94563719
9.65983156
2.78320312
5.19140625
1.34863281
3.84667221
51.78809341
4.15234375
1.66796875
5.11328125
19.86856089
7.78254876
8.02603502
7.34636746
2.87890625
9.44173094
1.60221437
4.59472656
21.78319814
7.57682624
23.69855940
10.40853280
14.07747562
5.28353280
7.64876219
9.27821526
3.95573249
4.33170656
4.06640625
6.15266844
7.05436281
1.31933594
11.27343750
4.10090814
7.08220159
6.70735594
10.01139406
8.93456782
5.71354499
1.62890625
11.49234860
12.40429688
2.65950687
6.00000000
12.64340210
3.01171875
3.67187500
8.69494247
1.61718750
20.07330894
8.36881344
4.11263187
6.40266844
1.20573000
0.84130859
10.61360594
24.78092531
10.67968750
3.27734375
15.37964718
1.16438968
2.24153314
6.70182624
0.52783203
8.83170407
6.26603611
3.00585938
10.99283688
2.11849124
1.00000000
4.68081395
1.22380762
9.16007570
5.58203125
1.20507812
17.23274657
4.26032213
2.46679688
10.39127438
2.95638187
11.58007812
3.63867188
7.41796875
48.43847656
3.57907867
4.55859375
10.29752438
4.78873781
14.21142578
2.85026125
12.78971188
13.26488069
2.63248781
8.30468750
1.22265625
3.54492188
11.21549313
6.33528812
0.48535156
4.73828125
14.65396720
6.87597407
2.42513685
0.88964844
13.42968750
15.01456290
12.48665780
4.50781250
9.94661126
3.44856937
3.71222629
5.44369902
1.47916750
26.17187500
9.01855469
2.59960938
8.62141844
11.98014406
2.83203125
6.75032469
19.28483156
4.00390625
9.57096188
5.83235843
6.82421875
1.22949219
8.60351064
20.04915780
4.10905031
8.21875000
2.06250000
13.80273438
13.03027344
2.01171875
12.41894282
6.95996343
1.26269531
13.27440409
4.01563497
0.89453125
8.96353502
11.01497562
9.25586436
2.16601562
4.90039062
5.62890625
3.29915282
16.17350343
9.87923094
1.75846437
0.53320312
2.72656250
7.35384032
7.49967033
7.40430186
18.47656250
3.99218750
7.34765625
7.99413564
3.96712655
3.38444093
8.89062500
14.83775755
0.97623781
5.21093750
4.39094969
1.40787843
9.84439938
0.49283937
1.83951906
5.25390625
7.50032469
7.79329344
6.40234375
16.27278812
13.56673094
4.55240968
8.24218750
3.81250000
13.39192376
5.26951630
2.35223182
6.45312500
9.96158688
7.89778812
7.94204566
3.52312278
8.43387941
19.40429688
7.17578125
4.80468750
10.77343750
4.38281250
17.93750000
3.07226562
12.16406250
17.33496094
2.50781250
7.35937500
19.80631095
2.32844720
2.49935560
13.46939938
8.36718999
3.25976562
11.84132811
10.01139406
11.93164062
9.11718750
1.22070312
5.19205563
12.87108378
5.01498559
0.47998047
14.27539062
8.67348848
3.16244902
1.73437500
10.03125000
12.87804413
15.15478516
3.11718750
11.83626219
7.25748781
1.10546875
8.35937500
4.88020501
4.65104499
6.06250000
18.57533024
14.31238796
16.69262695
0.08679199
0.41796875
18.16040039
2.51562500
4.50000000
8.93911348
2.72494902
8.26367188
2.95117188
13.45442376
10.51237311
3.24853516
4.89453125
8.82812500
14.63825916
2.10710217
6.58984375
4.54687500
11.74673316
8.59701684
4.47265625
8.53548094
5.05480957
1.94498781
7.48437500
1.10009267
2.17578623
7.50000000
3.00585938
4.73160018
17.63444592
4.52262577
1.34765625
5.62500000
12.44417110
4.96712406
3.86702515
3.12695312
5.61718750
7.62109375
6.25423094
9.95170550
1.22820090
2.06054688
8.89452128
2.98829122
6.97753906
3.88476562
2.22070312
14.23892066
1.88119653
2.37304688
11.47721188
3.49349124
5.98437500
5.50423094
12.62662843
7.75992797
1.57698609
27.74087877
8.94529256
6.20054742
14.71695922
0.78971313
6.13052970
13.82227061
19.37173815
18.41619946
7.53873781
1.57226562
4.86816157
12.12435062
15.68750000
11.54996828
10.04394282
2.70410405
7.75585938
4.80859375
2.02734375
18.84777832
1.90625000
0.33276367
13.82873535
1.51757812
0.36987305
10.37695312
1.20410156
0.32641602
7.20507812
3.06282469
1.38948609
0.52620484
10.49704788
19.41202925
5.27311281
0.87841797
5.04565430
13.35742188
11.09765625
7.89453125
11.92187500
9.03698730
10.90266844
2.23209718
1.78906250
13.65779539
7.49674313
0.57177984
9.73437500
12.53548094
8.67935284
4.89063497
3.66796875
11.25423094
14.96939938
2.04785405
4.65201657
13.76497562
12.65689938
4.30013187
13.58789062
1.16601562
9.37500000
6.58414672
0.04897096
8.06445312
5.05110594
10.83951906
12.58593750
0.62011719
19.22931738
19.17627825
6.34292332
6.66359042
1.53125000
8.48925532
9.06576040
0.50391373
13.43847656
5.99674313
0.88802249
2.55664062
5.81738032
7.17903812
6.00585439
8.75456311
3.41015625
10.03254876
0.88183843
4.27799562
6.03548094
3.81803468
14.21606383
0.40478578
11.57421875
2.68164062
6.68750000
17.83593750
7.62923094
0.45768312
13.94726562
7.41796875
6.27734375
2.84537345
6.66243905
3.84375000
7.51953125
6.10156250
6.32968140
1.30633545
2.15006344
3.49772218
14.41764406
4.07421875
14.06510251
3.90169437
21.65625000
19.58007812
3.26367188
3.83593750
7.03807846
1.98731216
1.19921875
15.52343750
14.09977172
0.82210328
15.02734375
12.78369141
9.79687500
3.83789062
5.28125000
2.49478502
7.07943373
3.24837157
14.56217531
14.41259766
15.04687500
6.28906250
13.32031250
8.76562500
7.01171875
8.77115470
8.36947030
19.17238456
6.75618905
2.23437500
14.64485594
6.36132314
1.40983654
4.57812500
17.16339318
1.34051307
10.22164580
6.30045656
11.35480940
15.45183122
10.67968750
2.84375000
9.59081782
1.93847905
1.04785156
8.37369127
0.51791029
5.64550781
1.27962157
7.05045656
8.53324127
0.47973633
2.69921875
24.88150377
5.69662123
3.81787109
9.42708001
3.36393561
11.44954344
4.78515625
1.17740968
5.87988032
6.49901596
3.29688497
4.35156250
15.09895750
9.62076906
9.15234375
3.17285156
6.82421875
1.18977782
0.43668703
5.89126441
19.67692639
15.49382092
7.64843750
1.74153563
6.26171875
3.39745845
1.78385749
7.43359375
9.91040039
1.39208984
6.83715435
11.06608156
8.87500000
1.33552229
3.50456560
1.64160156
12.79882812
4.99609375
2.74218750
9.25000000
2.63867188
19.66406250
3.05078125
8.59016844
10.88411126
12.26107186
10.58593750
4.67578125
13.79847717
16.81331048
7.11588874
4.48392731
0.31294769
14.37096566
11.45312500
1.32747313
13.14062500
26.55174535
1.93035183
1.85644531
17.13605940
2.92692888
5.18359375
7.18359375
1.04492188
7.98502438
4.42513187
7.24251219
5.91520265
4.91796875
9.77278563
2.28287843
8.18994141
14.88883422
10.59195922
12.93131593
7.69140625
5.13671875
4.26985594
2.44303468
7.28254876
12.84293454
12.65430186
0.55322266
7.69853946
9.54315976
8.12597407
4.02311281
4.76953125
9.00747784
2.81999778
10.67610594
5.69205563
1.64941655
17.76561503
6.25065935
20.45247562
5.84179688
17.14843750
3.27734375
11.57812500
1.21093750
15.52766844
1.32583971
2.38184341
29.54296875
8.30891844
1.66959718
17.53320312
4.98437500
1.75097656
11.52538564
4.98926280
9.58235594
8.98502438
10.51920656
3.99935062
12.46549313
0.64583499
17.29719969
5.05499724
0.80405307
13.12402344
10.63167110
0.60172734
13.46044548
8.52294548
7.74121841
7.48828125
6.46907469
1.23600343
10.34375000
0.63916016
2.10156250
10.13295408
0.27042726
2.52539062
5.71240234
2.78727172
1.87386109
19.76367188
11.53125000
8.64843750
0.67041016
9.70811459
3.78678468
13.00781250
10.86539672
3.78791113
1.36231715
6.55273438
4.84798094
1.54850343
0.02778625
4.92008422
2.44954469
16.64062500
0.99902344
13.22298094
5.61425532
2.65495124
2.30273438
9.43505859
5.43359375
7.15234375
13.57299805
6.40657469
10.39843750
4.32063719
3.85481937
15.10546875
10.51985594
12.32975343
4.12500000
1.17122313
4.60514406
8.80174535
1.37208277
6.55695036
1.76173370
3.80436281
5.68814938
4.64485843
12.54003906
6.73828125
13.25000000
16.12500000
8.43033688
5.50325687
25.13281250
0.18033688
5.81185062
17.63167110
0.34782109
1.37988281
19.41796875
4.70703125
7.32812500
16.44074690
3.92708998
4.31998532
7.87011968
7.26530031
3.45312500
7.33593750
18.51627438
13.43693117
4.70280031
15.40127563
4.52376219
5.37467531
13.80891844
8.44888409
6.76172872
13.15445922
2.86507203
14.84462081
0.03187073
1.70800781
9.09798094
7.95914797
18.77343750
16.69596188
17.04329593
2.69726562
9.83641830
11.89225842
7.12435062
11.86328125
18.35384032
8.75000000
11.11045412
1.15234375
7.44334442
1.08041777
10.12858156
0.51660156
7.87921100
2.65203900
25.67968750
11.45377438
9.70247562
1.03320312
6.92772939
1.42871592
11.07454344
6.48014406
12.68098626
2.61979499
0.97753906
4.95279782
5.10481937
3.54492188
9.41471188
7.23014406
8.96223626
5.57324468
9.96810062
12.78352782
2.98600343
12.25911126
4.26041999
11.44433345
3.05371343
4.14062500
11.36132812
4.22298094
2.08561281
9.18879876
1.42252936
1.01757812
15.77412840
11.37141844
0.27498539
10.00781250
9.86490470
12.57877438
8.56526859
14.70816268
15.59066046
14.66439716
0.71386719
22.58203125
12.73274158
7.15788342
2.02734375
3.40625000
10.42187500
1.95703125
17.72786126
5.72135749
0.79541016
16.80379211
0.09147156
1.55664062
9.16941159
49.89420656
5.29264406
9.54295878
6.82032247
2.03906250
16.15038564
9.45150155
3.31998781
10.39843750
2.08593750
7.96907469
2.00358156
14.82519282
3.60449468
0.36914062
18.89062500
7.50715315
16.12956560
5.00520750
3.64420656
10.88281250
0.43334961
7.27929189
3.97461436
8.65625000
1.87402344
13.01985594
9.74576906
12.37923094
16.86295656
6.17008422
2.60140015
11.08332004
18.53971188
7.91603058
0.47509766
11.58886470
2.04378421
3.35905031
16.59765625
4.42968750
25.60172111
13.48307624
7.48014406
4.33203125
1.16406250
3.73696754
3.82357934
18.38769282
10.31445562
2.83007812
8.06282469
6.59439938
1.51074468
2.36523438
11.54295878
1.81836934
7.74316157
4.07747064
18.99382092
11.15266844
2.80631593
8.10579344
0.26334718
4.72656250
16.51105940
3.94206560
14.49348626
3.28581061
9.72298094
5.23405031
0.69287109
27.95735594
6.81591797
2.99772218
8.49641844
5.73437500
10.23437500
1.54166750
19.08636475
8.10416002
5.18490248
28.41015625
11.47721188
2.05599124
9.49218750
0.21972656
1.08015369
0.83561779
12.94302970
0.57064217
4.10839844
7.11328125
18.71500610
0.36409547
4.82421875
0.27856445
7.90917969
7.50781250
3.42187002
3.95150155
4.44693097
4.87500997
4.74609375
3.84570312
4.25390625
1.34277344
1.20996094
12.64908688
3.40755374
26.45312500
1.74511719
17.22200189
1.44791999
8.21093750
8.77766844
0.68180422
2.07552000
9.54850343
7.12500000
6.78906250
6.82421875
0.12017822
6.81250000
3.29687500
6.76383422
0.11140992
4.16015625
12.31574690
15.61067376
9.49218750
3.15561059
12.81250000
9.46711658
6.64616467
12.41280174
3.11132812
6.76204344
2.97233156
7.69661126
1.08756843
12.11880098
0.69955839
5.53906250
4.42187500
17.58100216
5.00130374
5.56640625
4.43359375
1.30273438
10.75390625
14.98258422
5.05647828
7.00976562
3.75976562
10.79687500
2.33430907
9.85905031
3.97265625
14.88293457
1.11132812
3.55956782
1.26562749
1.57519531
5.96126219
13.84733156
2.57226562
4.82812500
1.37890625
5.15722407
10.50716312
6.85937500
8.43326906
13.28242493
2.73665282
14.19298891
1.71614500
7.18033688
2.70215093
8.52343750
0.81982422
0.76220703
3.36718750
7.33235594
5.51625444
13.42482712
3.61523438
18.75747784
10.44548357
3.18717531
4.75000000
1.40299313
24.48822506
6.33593750
9.63346188
2.00716312
18.83088362
2.33659685
4.08593750
7.57844969
3.80273438
3.72428468
7.27408688
4.41731937
9.62564938
5.42578125
2.35286624
18.54426751
12.31334702
3.92937278
10.32633422
7.87679078
14.98193110
4.62011968
6.59798094
1.53873781
4.43847656
3.12141844
8.08170656
2.12109375
2.15608259
1.98555574
0.79878754
7.60969969
-0.03606077
0.65771484
6.90234375
8.64843750
2.65039062
5.16406250
3.44360040
0.33764960
10.55533688
10.55305408
4.49348128
5.52898714
1.82617188
6.42968750
4.52440160
12.98927027
7.81021720
10.51855718
2.26920656
7.70865968
1.99902344
5.44205563
2.89778812
3.80468750
2.22004128
17.15254233
4.77913453
4.16796875
9.01562500
17.91015625
6.53548094
4.05076630
11.54103058
11.68619875
11.91503906
16.01855469
6.00000000
9.50129876
4.35449468
2.59342531
6.41406250
4.00423094
6.85937500
2.80631593
0.09802246
6.91373532
3.86263187
13.95686392
12.45784796
5.12435062
7.36685284
4.64486591
3.18359375
8.69173094
16.08365470
2.47168467
6.07454344
7.01530031
2.42382812
7.17187500
2.25423094
4.48405031
4.36718750
6.46549313
0.86165531
11.04036126
2.66862311
5.80432129
3.68750000
6.51854721
5.59082779
6.93359375
4.88020501
5.02995124
5.01953125
20.60933512
9.96293050
4.91796875
4.38281250
15.49804688
6.80110594
12.57812500
5.81217531
0.69628906
1.25488281
14.58235594
0.63248781
4.53125000
12.57812500
5.53125000
1.66406250
4.20312500
11.67382314
12.53711436
2.33398438
8.39843750
9.32973848
4.42416777
0.25044676
3.07421875
6.29882314
6.97852061
6.31640625
1.73990968
9.42968750
0.31811523
25.83658688
3.50585938
3.74739749
0.69091797
8.93456782
10.86750222
2.65886746
1.00195312
6.78157469
7.51399158
3.26953125
4.36068373
3.48567376
5.12370124
0.72379391
15.56185062
0.45214844
2.40851535
9.33953152
5.42871094
12.57031250
19.28026596
1.59082779
4.87890625
12.87109375
3.14648438
9.09492016
8.93131344
5.95280031
1.93587157
2.72200687
1.39908688
5.09733156
4.75748781
4.34700189
2.08528812
9.56608156
18.28092531
4.39786742
6.48909048
1.69628906
11.21322030
4.73893312
0.44848633
2.53841063
6.55826906
8.36718750
14.41690063
8.21850586
12.47980940
6.43425310
11.42447252
7.11198249
12.18815436
0.41625977
11.80891844
6.53628768
16.62037005
6.49804688
15.00129876
1.74479499
10.28162825
4.42676529
0.53580812
9.55271942
6.98243683
8.09570312
7.16796875
4.21939938
4.27278812
8.78906250
5.50195312
7.20799535
5.08887965
3.53352782
16.82454344
5.27669437
2.13997064
5.18620124
7.77734375
6.92773438
3.93684564
4.76098647
4.52734375
0.61718750
1.34309813
4.91406250
6.66178468
27.18359375
1.86718750
2.27082253
5.39812278
8.45735594
0.04581789
0.69287109
1.64367676
6.29736328
5.24218750
10.03971188
8.63606937
13.55078125
6.56250000
7.37109375
2.90820312
12.19921875
18.07235718
3.15234375
9.54882812
7.27945797
5.33528812
11.06964318
2.23504432
4.25390625
2.68164062
10.52798316
4.33139184
8.39908688
4.97200687
8.39973875
5.92155031
11.57226064
4.04492686
15.05078125
8.34016844
2.38248781
7.39013672
1.81152344
6.47018814
6.47656250
1.26879883
2.49674313
3.22591312
10.09375000
3.84375000
6.73046875
16.91438719
8.42350343
10.96939938
-0.01175778
3.26367188
10.29752438
7.49544437
5.78906250
4.12890625
8.26626441
0.57162621
14.25781250
14.54101562
4.84765625
6.88281250
4.63671875
12.66860816
6.07357934
3.24804688
10.99353878
4.09733156
3.57584718
1.50000000
2.45898438
8.61718750
3.97656250
12.55891844
5.12076906
0.68066406
1.26887938
4.05045656
4.34960938
6.62109375
3.60742188
4.05078125
0.35739136
4.48437500
4.71171141
3.73632812
15.24479001
3.41536624
11.03515500
4.42334109
11.36360594
0.89371828
1.30273438
8.04849845
0.81380624
2.96093750
6.55859375
4.55468750
3.52213376
1.77376468
9.61718750
2.51757812
7.66048094
4.54656749
10.89092254
4.72234153
6.57324219
16.57893174
5.31413342
16.78662234
13.25195312
2.80273438
10.64062500
6.45312500
18.48860594
11.89843750
13.41601313
8.52213874
2.17578125
6.68879876
10.52701906
17.77831782
20.12304688
17.61165780
11.30891844
3.45654421
5.25179078
9.95800532
11.99511968
11.21516844
7.57812500
0.58268312
13.34276596
14.04199966
3.78125000
1.80664062
9.76204344
9.67545656
3.33007812
12.91274380
3.87631870
1.55371094
5.64158412
20.43458776
2.19531250
4.03515625
9.96516844
2.72720690
3.57129654
10.75271606
7.89615470
2.99447030
9.74120346
2.16309341
1.88378906
15.41829344
4.87076906
6.53906250
4.60546875
1.94147185
11.66307846
9.14877964
8.94531748
9.52099734
13.13296986
15.47087045
4.69677859
9.21549313
5.80403812
10.69677734
0.23205566
2.95312500
3.22265625
1.16503906
4.62500000
13.53548094
10.25358156
8.60620572
7.78711436
12.56364866
4.54752438
3.87011968
10.34058431
0.08653971
11.23144282
8.94824468
3.54492188
11.78125000
11.84375000
9.42187500
4.29687500
18.53027095
15.16699468
3.75000000
8.32031250
2.73828125
17.59484863
19.89257314
4.47884530
13.46077391
2.50325687
15.25435301
2.51334718
3.83007812
12.95312500
21.15070036
3.90431183
5.35546875
7.21842531
6.32707640
8.74576906
9.20312500
1.15527344
0.39709223
8.47005374
15.28678468
7.98079344
3.00358156
2.48339595
2.01855718
21.66048094
8.10514406
5.24218750
1.54882812
7.74836658
8.84961436
4.54264406
0.99267578
5.05078125
8.32876441
2.34701684
9.99574912
9.15268838
2.77539062
4.42187500
6.98046875
0.34065672
1.08463625
1.48046875
3.59326172
0.28474852
0.14445070
2.20703125
7.87890625
8.35579344
3.36100343
9.73437500
7.41796875
12.53611038
3.40529587
13.08593750
3.48242188
9.50781250
0.70551990
20.54427499
14.92610594
7.13965093
14.79913786
15.11948027
15.28483156
4.73795656
5.71158688
7.33919437
5.21875000
7.83984375
1.59195299
3.09928967
6.41764406
1.46484375
4.50390625
4.85416002
4.32552748
1.18457031
5.98437500
0.19580078
7.30517578
3.32226562
5.80468750
3.67773438
2.46679688
11.32031250
5.53035461
0.64249695
10.76692376
0.64518561
12.25781250
10.63281250
9.95735594
2.07617188
8.96451906
1.62890625
3.41015625
11.24218750
2.92610594
5.30436281
8.72427970
2.39095467
1.34863281
10.91406250
4.69921875
4.06150599
10.03102331
19.70296141
3.26920656
9.96875000
13.43774414
14.48079344
4.90983156
0.37500000
3.69726562
6.16959220
8.35384530
8.40625000
4.36328125
7.02734375
2.54101562
7.48469969
2.79459718
1.06933594
14.69531250
3.01594969
5.19498781
6.44140625
2.09960938
3.91308594
2.93359375
10.97656250
5.83203125
4.50423094
15.55045656
8.47298094
0.63541750
7.16438719
6.85774158
1.15951185
10.08593750
33.85256239
5.51920656
5.10156250
14.02343750
10.98079344
6.57031250
0.50260500
6.06314938
1.30989749
5.70703125
5.52799313
6.70247562
23.18750000
5.85205078
6.16852948
0.19214677
4.78873781
2.95735594
0.31730226
5.45506317
2.49122340
1.23828374
14.03515625
1.12670898
10.86360594
3.31608156
5.78125000
4.55175532
3.83886968
6.92578125
6.97265625
8.76562500
15.44433594
7.84375000
11.26171875
15.84375000
1.47395750
5.92155031
1.88964844
9.21482086
4.49039672
9.35335328
2.00225669
2.06868905
2.59960938
6.92675532
8.57324468
7.19628657
12.68359624
10.84126914
2.54917275
4.37500000
7.56250000
7.87890625
5.34016844
4.19498781
13.81738032
5.93457280
2.77734375
10.07812500
26.17187500
11.72363032
1.29492437
9.11002438
7.07356937
8.50064938
3.18099124
5.15234375
11.21777344
1.84219302
4.44824468
6.40625000
10.30468750
9.47069814
4.78353280
9.48795656
8.04117797
1.63818235
10.53060062
5.20735594
10.99218750
1.26823000
7.01562500
2.16406250
1.61750970
4.82356937
3.80403812
0.96581907
0.12671023
2.01367188
3.79882812
5.12109375
5.21484375
4.13281250
8.25000000
14.26562500
4.22363281
14.30468750
11.72094727
9.31281472
2.13054465
10.45312500
11.06250000
11.90152228
9.33220232
3.20898438
9.26985594
1.99088126
13.56901374
4.28841312
12.03385251
6.74186281
1.20670656
1.58528563
6.02311281
2.92114196
0.06140199
3.94140625
7.12889628
2.66211934
1.95214844
9.16959220
22.39323249
3.65983156
7.61783813
10.19840204
8.72949468
3.68522218
16.57454344
7.19628657
10.12011968
0.10795168
7.69140625
20.49055408
14.39421154
5.66015625
7.57454344
4.32389406
6.71907469
32.44572405
8.95312500
0.21350098
6.43033688
2.90560062
9.46093750
4.82031250
24.57405516
29.86360594
5.65983156
34.43847407
17.71646969
1.66992686
10.91894282
2.33935671
1.18310671
9.82454344
14.04524158
3.47396498
1.14453125
12.93814938
4.19433594
2.55794437
7.71875000
8.52343750
8.51204344
8.23014406
2.77929688
1.17089844
2.77734375
11.25781250
21.59721947
6.36977431
0.30460695
6.17578125
0.98779297
20.27115470
10.81673094
8.84001108
17.07991578
8.90575798
1.91943733
4.31250000
6.97721188
9.75716312
5.61718750
19.79784907
1.00390874
0.05130196
4.54687500
0.50927734
9.64485594
5.13247784
6.02377216
6.91373781
8.76204344
8.29360816
3.24378688
8.70979610
8.03239140
17.55336880
8.50131870
12.16406250
5.99218750
1.61132812
14.86685284
4.55925310
12.87076906
7.05175781
1.48242188
10.94173094
2.16764406
12.56911131
2.92740968
11.98437500
14.52221680
12.27050532
0.73926030
13.95084220
1.22298592
19.57226064
6.02930186
8.74121094
19.69563719
3.50618407
10.55403812
8.89062500
3.68750000
13.47330563
14.74283688
2.12174811
9.63281250
2.45117188
3.91015625
0.00197601
20.50455563
2.54231937
6.26562500
19.60628172
7.27701906
12.06021720
5.49447030
2.29003906
8.40625000
1.76953125
15.40453852
4.35449468
16.62629876
20.34831061
10.26985594
3.30045656
17.31738032
6.13281499
2.69335938
25.44107159
12.06771498
7.45491703
1.23600343
6.50390625
4.00390625
4.64062500
7.08203125
1.17773438
6.75129876
6.64323249
9.43750000
3.86555907
1.21842531
3.59082031
8.59375000
2.36718750
11.27343750
9.55468750
1.53808594
12.14648438
2.29296875
17.40038564
7.03711436
5.06673094
15.09375000
10.09733156
4.51953125
0.03732300
4.82812500
8.97656250
7.20703125
0.01661682
6.93782469
16.52701906
4.91015625
3.09602782
19.32745568
7.09800088
4.69531250
11.21875000
6.73860594
8.29264406
1.26985594
14.62076906
12.99706782
3.92480718
11.22656250
2.69409180
7.73079344
7.61295656
0.22880035
0.05629486
14.97656250
7.10937500
1.85156250
5.31673094
13.09733156
8.19173094
1.37011719
7.62467531
10.26562500
25.38763300
6.53424200
2.41210938
11.82322474
15.68100620
11.23404034
1.74610372
4.89453125
11.60937500
0.04159546
2.16861813
3.93538578
5.71875000
5.50781250
4.52734375
1.54589844
4.00390625
2.19173094
2.22037843
10.98079344
0.50016359
8.26562500
4.05468750
21.79858398
3.87174313
13.71810062
1.22460938
5.13394393
0.73845107
7.31461547
0.26489382
10.19173094
4.45670656
2.95507812
8.16406250
0.06457520
11.44726064
0.57910655
0.75385974
5.05241467
5.10709469
6.60546875
3.07747562
4.83203125
9.00846188
4.68489749
6.30501219
10.67187500
2.41959718
13.29296875
1.65136719
13.95117188
13.03971188
2.98372562
8.99462891
6.71305297
2.76155640
9.59375000
2.17578125
16.01236813
6.07356937
2.09570312
9.17187500
3.78352283
0.81608654
0.34472656
0.18066406
3.71246338
9.32812500
5.97998047
15.45117188
2.06445312
8.52254211
5.18096908
4.13169389
2.26562500
2.73437500
5.06250000
11.14062500
0.00481796
0.57088133
9.70670656
5.87402344
23.34570312
1.27636719
9.06982048
0.19433968
0.47875977
7.08203125
9.69954344
0.58032289
0.45890320
7.91861813
6.77474124
0.58609486
7.95532512
5.54687500
5.81673094
1.79752687
14.98046875
4.48111813
1.53613281
13.53548094
1.55566655
5.76691379
6.62761746
2.03515625
4.16015625
0.48217773
6.20312500
0.59667969
2.94335938
0.97021484
4.04915282
3.36751219
0.60286624
3.99023438
0.04553223
0.53662109
2.57031250
6.09798094
2.34163328
11.96875000
0.08650882
3.25781250
0.72509766
3.62304688
9.73828125
5.71093750
15.86392565
3.74349623
4.47298094
5.07780031
1.65917969
10.32812500
0.66015625
0.14330992
0.24609437
1.32519531
1.97558594
1.61621094
4.22298094
3.38053468
0.03613281
0.06951354
0.02846314
5.67578125
5.01562500
5.22818595
10.63509530
6.39062500
9.05468750
11.17187500
5.01171875
4.34765625
8.40625000
9.49413564
2.29036624
10.67985358
0.47729492
5.00781250
12.45735594
8.55110594
8.58528812
2.65942383
8.19173094
8.90201906
0.56347656
3.81314938
5.65332031
3.80403812
3.19726562
3.54992520
0.84069980
4.67895508
4.03906250
10.34375000
5.09277344
6.43025208
12.77343750
0.28662109
7.76040005
2.26694370
0.62648957
1.75944093
0.37402344
3.62890625
6.97835328
0.65852906
1.25292969
5.27343750
1.88378906
0.11175537
6.76041002
7.14193373
2.57031250
13.72302246
1.21206665
1.09537594
9.90201906
3.52799562
10.01562500
6.71093750
13.13671875
25.75439453
18.39988943
13.94759032
4.05794437
5.78906250
0.97119141
4.33511353
0.30029297
0.57364743
13.15625000
9.61132812
2.03515625
7.23107481
5.69075687
10.19204566
3.98373559
4.55501219
4.36686281
8.85937500
2.70084469
10.77718265
1.08219235
8.78968525
12.51692874
3.63736813
6.83528812
2.02807824
4.90301307
2.40820312
19.82454344
8.01725343
2.23893063
3.70442874
4.64453125
4.58203125
2.36914062
4.50781250
1.17089844
1.60916989
6.60514406
10.59798094
1.63606937
7.82812500
1.93457031
9.44531250
6.74430297
3.81819703
4.56070922
0.16621949
9.11685284
10.16485540
8.05468750
0.87581297
12.36588625
1.77140133
7.29655031
2.24999751
5.18274465
7.87890625
8.54687500
0.42700195
1.16601562
31.60709220
1.12142342
4.81738281
5.77246094
0.83886719
9.53125000
3.07063719
6.33984375
4.55468750
1.30338625
2.18359375
0.29272461
0.66406250
2.31738281
3.53125000
2.13736813
16.22591312
9.19954344
5.99641844
10.48144282
6.92448249
15.62141844
6.53873781
10.58170656
16.37141844
5.71451906
5.35969969
1.27115968
6.13281250
4.94539232
3.03255873
5.14843750
26.64062500
7.42578125
2.56884766
8.29491689
3.33594248
9.17089096
4.82520279
3.99934564
3.53581061
16.64849854
18.64233398
14.49218750
2.42757078
4.53483156
3.30859375
0.37109126
2.81736786
3.60255651
7.32193595
9.55533688
4.63053967
4.33984375
19.63346188
0.91536624
12.08222037
0.50570077
4.13837814
2.53380117
4.44305213
2.93359375
3.28841312
6.70507314
4.04883311
12.57812500
0.04498291
2.36987305
7.32519282
4.43015460
2.03522051
1.87560879
9.42545656
2.94694093
1.68066406
3.43164062
7.73402405
3.80078125
7.45703125
2.74218750
12.63281250
0.92308823
6.02051529
2.20117188
3.88280752
8.89648936
2.15820312
4.18750000
1.61328125
0.63818359
4.74315659
4.22754654
5.73860594
3.61547474
4.02734375
4.50390625
2.80272939
2.08008311
2.92968750
6.92382812
5.36328125
9.76562500
4.41406250
6.54150266
0.21191531
3.50781250
8.91048094
2.78221909
4.25358904
2.96549313
3.20117188
16.73083885
11.35937500
7.11328125
11.83984375
4.30175532
8.43685062
2.73405031
16.68228502
5.71419935
3.70507812
9.80956782
5.93326906
6.59310062
4.32812500
0.64404297
20.98828125
4.49218750
6.82031250
8.19531250
1.98217773
6.46516844
8.33951906
6.46484375
5.33268063
8.13997562
10.73079344
2.88247784
7.80079122
5.56640625
6.09016844
7.30729250
2.72851562
9.80541992
1.24055907
5.36686281
0.70312500
1.33886719
8.16957226
6.00230274
2.69281006
24.31510251
7.96028812
8.06323242
9.01362228
11.47363032
2.92480718
10.30468750
2.23436752
4.71973404
2.04687500
10.36002438
1.13191898
6.35156250
7.80110594
9.66829344
8.21942949
6.33528812
8.43261719
2.94726562
1.79654782
5.70247562
5.09765625
3.50000000
4.71484375
8.40625000
3.07584220
1.94173592
2.49121094
3.92610594
6.23795656
1.15332031
1.73046875
3.41438221
5.19727061
11.91406250
1.44694093
5.22656250
15.33593750
7.90234375
5.75781250
0.52099609
0.33361816
0.71142578
3.58658688
1.90560062
6.21450909
7.69564716
7.72525377
0.78939467
7.97621787
10.90268838
0.62255859
0.91162109
5.80859375
1.29064941
8.47338867
3.67447751
4.60546875
2.73502438
3.69726562
5.06148090
6.96093750
6.24609375
6.93359375
1.87695312
3.16177970
1.11556405
4.12890127
5.55078623
2.50846188
3.68880374
4.48437500
4.19563719
1.21061281
13.66048094
15.32812500
21.94498781
2.99804688
7.10156250
5.81640625
11.32454344
2.31022218
16.88085938
2.84765625
7.64062500
1.30371094
1.16210938
0.01121521
3.04345703
1.59619141
7.28710938
2.65234375
7.24609375
4.44531250
6.57519282
4.57324468
4.19140625
1.37588604
2.26205341
8.22656250
15.70019282
16.10091312
4.17155031
7.55078125
6.95344969
16.41837648
4.08593750
2.66991440
1.63965591
2.08886719
3.68359375
8.98860594
2.58170158
4.17383311
8.22102283
6.80363537
16.29687500
3.52734375
2.03515625
5.94335938
5.18750000
13.47351074
8.27539062
8.51562500
4.99543440
8.96550310
2.01985594
2.18522218
5.72688719
6.42545656
10.38867188
4.70507812
2.59570312
0.78955078
5.90234375
3.87109375
7.62532469
6.22428468
11.00846188
0.36653812
5.76562500
5.25064938
5.25716312
2.68650848
1.43165558
7.56933594
6.21484375
1.83203125
3.53125000
2.18164062
5.68750000
0.03848267
2.61327627
3.94336436
7.47786126
7.03288093
3.99609375
1.88476562
4.92135137
4.74903590
2.73242188
0.39141846
18.08538818
20.44531250
2.31250000
22.50877660
11.70997340
4.64843750
11.12064606
0.01707978
17.30549424
8.99138076
20.08593750
11.68570922
1.42846306
5.79264406
7.50651374
5.80859375
24.48567376
14.54980718
6.90983156
15.33294678
3.95312500
7.42187500
3.44596188
3.00716312
12.85709220
3.34277593
10.73372562
8.24218750
1.99218750
5.22493157
9.21842780
16.66829344
5.35546875
5.42936281
9.40266844
17.29687500
5.91437722
2.74545434
3.55743740
1.25310948
4.29077148
2.97851562
12.11718750
6.82454344
9.43326906
8.06250000
5.90234375
2.81445312
1.86360594
11.40949690
4.27019060
1.93326906
9.87336907
6.63151374
12.95760008
12.13053468
8.21093750
2.67382812
1.83886719
0.88037109
10.91710678
4.73535904
14.15104001
2.15397218
10.10156250
14.39030031
3.57812500
6.04778910
13.17640261
8.72364278
4.53580563
5.93294437
2.55664062
7.00064938
2.46614749
4.48079344
16.87336658
4.79037123
5.94173094
13.04264406
0.88623047
3.81445312
9.78024292
1.93554688
3.67968750
9.11327128
2.35938497
17.94836426
2.48242188
9.48632812
9.36360594
5.05729250
2.90429688
12.79280941
2.83528812
1.12402344
11.91666002
1.57162123
8.47232907
8.66047097
4.89356715
0.34326172
17.49611664
4.27441406
7.88281250
14.31673094
6.41406250
16.75532957
6.65169437
17.39973875
5.20491453
4.82193595
8.72038342
11.12402769
7.32193595
3.49805186
0.78808594
26.91943359
33.27799313
16.36263187
8.28287594
2.93587406
22.42871094
24.13378657
12.94043218
2.84212157
6.46451906
6.58657691
5.08920434
3.35937500
7.25877660
9.69434840
18.05175532
4.09635251
6.90462655
16.95312500
5.20312500
8.78320312
9.77766844
12.94303468
4.83984375
6.57031250
7.18359375
13.18879876
4.18229499
9.21646969
3.44270999
16.41992188
11.30468750
2.24609375
4.04296875
9.42008422
6.02555297
8.55785884
8.38138023
2.86718750
23.26676266
3.10872562
12.72428219
3.11458499
12.44928830
4.62044437
3.83593750
4.49251219
34.06998781
10.79785156
9.23860594
5.52734375
1.43815187
9.27961658
1.64225842
5.62890625
8.26204344
14.83121454
15.62191046
1.80436281
1.87988281
9.89843750
6.81509752
2.51888685
8.69985816
5.22982934
10.46875000
11.60221188
2.85481937
0.24377441
2.71582031
20.24039459
11.03326685
1.16595190
1.85221188
10.01281738
3.27474124
0.36181641
6.27571033
1.25260998
6.97991943
2.88867188
1.24218750
9.51464844
13.11914062
2.49414062
7.50780253
9.68360372
2.92968750
6.38688374
7.80501219
13.30956782
2.54948249
2.16048094
14.48078347
3.13217309
12.28474852
4.94498781
9.41860816
14.40723404
1.90267342
4.76953125
0.34912109
6.25454566
6.44076684
5.40625000
2.18886566
6.18782469
3.41569093
6.11713263
9.12076906
0.73339844
10.47840427
5.91569592
1.37109375
5.30842642
1.16618295
14.49706782
12.81152593
16.01464595
3.82324468
7.42349845
1.73079842
9.68945312
1.87402344
3.65429688
11.24641844
3.80737367
0.23795594
22.75755736
3.48112062
18.97070312
2.94726562
5.55078125
1.82421875
8.73079344
0.20865968
6.12955563
3.61849124
13.03906250
5.87889628
8.15235372
3.86914062
4.15313482
9.17252438
4.39550034
4.39095966
5.89062500
12.45898438
11.42675532
5.04199468
15.62996336
4.43164062
1.22233156
6.95312500
0.11700439
10.76204344
9.60079011
0.09071869
5.65820312
14.86518860
5.00194814
17.48860594
10.57194592
2.04296377
16.19336436
7.00054550
8.27148438
7.91796875
12.40970856
2.74654144
3.34960938
0.49792231
11.23144780
3.37500000
1.90625000
11.39843750
9.97298094
3.17350343
6.55501219
0.10685304
5.82722961
8.77042664
4.76953125
1.08789062
22.12141844
8.99159006
8.23079344
2.63671875
10.53190187
2.69759032
0.15494875
11.22583008
5.78938719
15.01562500
27.55566157
2.26952876
2.45101451
1.13948609
11.55859375
5.86913564
1.49935311
12.83073000
10.42208314
6.66015625
5.44531250
13.29573422
0.21061343
5.95019282
4.23730718
0.70507812
9.92187500
4.70703125
8.29687500
16.43324705
22.76985594
7.51888187
5.23437500
2.57617188
7.25292221
4.69092545
6.40657469
2.37272218
12.63281250
12.39094969
4.03092531
14.89680408
6.50228280
2.50130374
2.96093750
11.57031250
4.41406250
10.37500000
1.50195312
8.79882314
17.84733156
4.08040780
9.19140625
6.63295211
3.40136968
12.60937500
6.17089844
4.35937500
9.73437500
5.05924313
5.55794437
1.25683594
15.18391844
4.56282469
11.48947980
10.01302748
13.05468750
6.90266844
6.32780031
5.42610594
0.76578859
1.22200438
1.10319093
4.70735594
2.52115968
19.07323471
16.20248060
5.11686281
5.97265625
11.75390625
8.85156250
8.32812500
1.88085938
8.57405142
5.10954233
4.47265625
15.14550532
24.11067376
10.04101064
4.82781028
2.01757812
1.62011719
0.04522705
5.97949219
2.99218750
6.71875000
4.72736426
2.69288231
4.78906250
6.73014406
3.73828125
2.39322751
2.64192874
1.45442625
6.81510500
11.40005846
3.69662123
2.15640113
1.58139184
5.53613281
9.16048094
2.64615968
7.64907691
1.15756371
36.80859375
8.35156250
3.49414062
4.50781250
8.57031250
1.04036126
12.52799811
8.25585938
4.29296875
7.73046875
11.93033688
11.24218750
5.34310062
14.80533688
2.95247562
3.78515625
8.32811503
2.63477559
2.31445312
7.12988281
7.63704344
4.02311281
7.44921875
1.82910156
9.77115470
1.09212655
19.71906472
10.61687278
9.41471188
13.74478004
12.82292996
2.85953735
3.42007425
2.82390403
2.74609375
9.47656250
2.38443097
1.66439716
8.96875000
8.57617188
2.60546875
3.14648438
2.87695312
5.10156250
2.41406250
8.22298094
17.40127615
10.36262938
5.21451906
2.55664062
5.92187500
2.00390625
6.17578125
10.20312500
17.74265958
7.37875886
3.43131593
0.00130463
1.48803711
8.42252438
7.80013187
12.69458008
2.24414062
8.51985594
2.26993898
3.20898438
9.35156250
3.05078125
7.04329344
0.29752687
6.66796875
2.13509032
14.75292969
11.30793440
2.77019060
3.50195312
21.04337487
1.56868905
1.97070312
13.55615203
2.47999987
2.88218306
12.93586658
6.42025155
21.04784658
2.51530529
4.89030031
1.48535156
6.54687500
18.90869141
11.88948485
2.57551253
4.97722185
2.68522218
17.16949463
3.94010251
11.65169437
2.45254517
1.70312500
17.77376219
5.72623781
0.40112305
3.45507812
14.68750000
13.51204344
30.53092531
5.85514157
5.54622562
3.70312500
3.62695312
15.47265625
8.17944336
3.89416695
8.20898438
2.75195312
4.53580563
13.31185062
3.41992188
7.69921875
1.14257812
0.57926391
0.13743041
5.47296100
15.21030806
6.64485594
5.59342531
0.37402344
18.10937500
14.64151852
8.28060062
11.75781250
8.27262982
2.93002216
5.23437500
0.42844053
6.71939938
14.52185308
4.78938470
6.66796875
7.40495124
4.92968750
8.80545044
8.57031250
2.36376953
7.43424313
8.06608156
0.89176515
4.66861315
9.74740248
1.97818844
15.52278812
2.73943800
2.78778368
0.04132080
0.69994868
7.65266844
6.74223533
11.01562500
7.49609375
10.75781250
1.42512689
5.24088874
4.91823578
10.41735840
4.17902815
3.25581858
6.54166999
8.63281250
6.12500000
3.69726562
7.43814938
12.35545878
10.95281028
2.55631593
4.32421875
15.82812500
11.58300532
1.91308843
13.59375000
1.95442376
6.40104499
0.94482422
1.97265625
10.38964096
8.20833998
14.26920656
1.86327627
1.00977061
27.12141844
5.11393312
0.35180664
3.57291501
7.62435062
3.24543939
3.86198249
13.35479238
12.27603502
12.30795434
4.49023438
5.21875000
2.39392090
6.26594969
10.01139406
4.57242797
0.24955199
4.09733156
10.31250000
15.29752438
0.46517093
2.93554688
10.27408688
-0.09671872
8.95898438
6.96614251
4.27636968
4.28873283
3.06510749
2.57584718
1.63085688
3.27189460
12.32656479
3.51953125
2.09570312
3.76497064
3.40104499
7.46158688
1.48177249
5.54152679
8.98925781
7.95312500
3.83463376
7.03841312
1.75683594
1.97656250
10.67187500
3.93066406
6.01204344
4.33561281
4.97562551
8.82031250
3.57617188
1.76757812
6.70703125
2.58235594
0.31534914
8.37475087
10.52148936
2.74804688
17.46337766
0.57373171
10.94173094
5.16373781
3.77343750
2.24853516
0.11271055
7.56307070
20.65689938
1.59212406
0.69775391
9.66894282
13.16308843
8.51562500
11.72802485
5.04590093
0.02803040
3.70581055
12.76171875
11.55468750
11.15526596
2.67090591
16.25000000
5.67219969
4.28483156
8.93391844
0.25260500
17.81250000
17.49641844
12.43326906
0.14343262
10.35937500
6.56933095
3.55273936
8.03906250
1.42838376
7.59016844
10.43716534
13.89193871
3.52734375
7.89453125
6.01171875
0.30271237
2.54817874
6.96126219
14.90494875
12.45532227
3.60742188
11.36563110
0.90771235
6.75097407
8.71501108
2.54671265
1.86690712
7.40323727
3.48567874
5.16080563
3.32421875
5.25130374
8.21875000
0.76513672
1.07714844
1.64941406
7.72647946
4.89062500
0.92513187
6.32812500
14.28775876
14.89029034
0.91765403
12.43286071
0.24536195
11.21158688
3.44856439
1.14551280
7.03125000
4.22363281
3.38085938
2.20898438
1.92968750
10.95898438
0.24670410
12.81484978
4.65234375
1.84895999
10.01204344
2.59733156
1.79589844
7.55859375
1.75390625
5.03906250
5.76985594
4.76953125
1.96061281
17.53022575
4.45312500
13.34375000
3.64045767
0.23454233
8.95117188
1.01269531
4.82421875
12.34375000
1.11621094
12.67097961
4.20011414
14.58365719
9.26204344
3.12988530
2.82031250
15.33251953
1.83333250
7.33561281
0.11242676
2.65104001
7.47981937
3.91992188
7.64257812
12.23079344
6.08203125
2.59733156
1.60351562
6.57420878
8.24024434
2.09765625
2.43196532
8.17968750
7.15201906
10.57779034
1.39291278
12.73437500
16.26204344
4.82780031
6.07421875
10.16048094
11.10860261
0.18562836
1.64322751
2.70442874
14.64062500
3.17773438
10.24641844
10.01526979
12.03906250
7.76562500
8.65625000
15.07031250
7.39843750
4.39062500
1.48079344
4.41959718
4.33203125
5.34016844
4.54655031
1.15136719
6.27408688
7.06640625
10.09310062
4.54784907
5.72200687
4.58951906
13.78906250
0.64892578
1.89648438
9.77343750
3.99251219
6.15592531
2.31355774
1.05558289
1.90493629
1.56576684
6.67968750
5.17187500
1.62304688
2.05273438
8.72460938
2.91992188
8.34798094
20.55501219
14.21158688
2.80924811
5.87890625
6.93750000
1.19726562
14.78971188
5.42415531
5.33593750
7.10156250
3.34960938
2.04101562
9.09863281
8.47298094
2.35514406
20.88281250
15.54394407
0.42723634
8.53483156
5.14062500
11.82031250
1.84960938
5.19596188
1.58333499
2.32812500
6.83984375
14.27115470
7.87728280
7.17553210
12.15820312
9.63346188
14.70540531
2.50976562
2.34960938
4.78778076
3.53059564
2.03581061
1.03906250
12.77146942
1.82228058
8.80468750
8.49218750
11.09985102
2.10840093
13.82812500
0.93245360
11.33073000
5.15234375
3.52539062
0.23364258
3.06054688
12.97199690
2.27604997
1.28417969
4.45507812
4.92968750
13.42187500
8.18715330
14.32519282
6.15918218
0.32267336
1.55957031
3.29329344
2.03873781
7.87109375
7.62109375
1.22460938
2.14648438
17.92138672
2.70344969
2.53873781
16.52766844
0.69254640
0.89160156
5.23437500
7.61328125
10.12500000
9.44726562
12.81250000
2.72265625
14.53173828
2.85742188
12.45312500
2.41015625
16.04394531
9.96484375
4.62500000
9.75781250
3.77539062
3.01171875
5.64485594
6.15104250
1.64550781
10.76204344
8.08496094
4.74576906
7.32812500
0.92626953
10.10221188
8.55403812
1.64321754
6.00717309
5.98079344
5.27343750
11.53906250
2.09406971
9.60677748
2.82861328
8.98079344
13.45572252
2.78614029
7.17219969
2.74413066
8.65593528
0.88183594
2.10009766
4.96875000
11.32454344
13.68326906
1.83203125
10.39908688
2.74153812
5.21256095
18.63509530
12.68750000
9.96939938
3.55599124
7.53906250
5.43359375
4.32779533
3.03743905
11.15527344
5.33593750
8.93750000
7.76953125
2.64843750
3.34375000
13.98437500
8.05696033
10.97622784
3.32651152
6.54719969
4.27343750
1.39046390
5.96093750
6.20312500
11.97851562
3.85742188
9.10279703
1.85449219
8.61360594
13.96451906
2.15820312
23.26147461
5.45703125
3.79492188
2.55664062
8.91406250
0.13024902
16.87661348
14.70590605
4.68424313
5.36295656
13.82031250
0.69547609
13.49478502
5.84505873
2.56640625
3.95685395
1.12517730
3.34179688
8.43814938
3.09700687
1.69531250
4.69433594
11.78727172
0.93196656
6.35156250
7.41915949
14.44808732
1.74023438
7.76204344
3.92936281
9.36718750
0.34814453
20.53975630
4.39843750
10.36360594
-0.04353758
2.25195312
8.40071033
7.78792110
3.76058732
0.88476562
6.30501219
9.00552970
8.22461436
0.05670166
12.23730469
13.06852047
3.37630374
10.72656250
2.29882812
15.09375000
4.95637190
1.97917497
8.24218750
2.55078125
0.01773071
1.46093750
9.48079344
4.53986426
10.89836879
0.71451844
9.08658688
2.81575687
3.04687500
1.72753906
14.35693359
10.97687722
2.12273215
0.90039062
13.59309564
9.18879876
3.48177748
8.20703125
5.32421875
7.99251219
12.93750000
1.81901125
1.88476562
1.10286375
3.08561281
2.35937500
12.84798094
1.71354250
5.47168732
8.78125000
10.85156250
0.27343750
3.84960938
1.55078125
3.07420380
5.01368683
7.46875000
11.24218750
5.89094969
1.18229250
7.91048094
12.14029034
3.93360372
8.47298094
6.76511304
15.16815602
12.05175781
8.48828125
5.26171875
6.45117188
3.36523438
10.00000000
7.81640625
10.65331782
10.26074468
2.19726562
8.79201615
0.16623580
7.16015625
2.41406250
12.34222900
0.41574460
8.68750000
7.20638187
6.35156250
10.24218750
2.50324690
2.74089372
16.15625000
9.29687500
3.51953125
10.98274158
3.32780529
7.41113032
7.12304937
10.82812500
0.75244141
10.06021720
7.72884530
18.40399551
13.29687500
10.30110594
6.22786126
4.73665780
12.60187722
0.79753684
7.15722656
0.42830009
10.65763741
5.22070312
18.59741211
2.40234375
16.46875000
9.90625000
22.53601074
19.90234375
23.25195312
11.41406250
13.22363032
3.13379155
8.15063477
10.76187985
13.58724124
9.31933594
1.94954344
10.33170656
5.28157469
2.57975343
2.54751940
6.63802748
2.07812500
7.17301266
7.86686281
13.30045656
8.41048094
2.21842531
8.47802734
1.88476562
6.54687500
0.12841797
10.62402095
4.27636968
13.75911126
2.30143561
3.88867188
3.83789062
0.69189453
14.19074690
1.66862810
1.36621094
11.74673316
7.70181627
2.20770057
3.27343750
1.47554192
13.58854499
3.88867188
1.31933594
2.34765625
4.78125000
4.71978760
3.18058777
8.33593750
9.46939938
7.62435062
2.79980220
12.45782148
1.73730469
6.52147939
18.20312998
9.31607658
13.01790780
13.53652310
5.05470245
6.14420656
2.78483156
3.75976562
11.18408203
1.82714844
2.40234375
5.17610594
2.71256593
1.59667969
10.14062500
1.42594360
6.10725953
5.80859375
3.96289062
4.33593750
12.74820922
12.08821656
2.59375000
4.80598626
3.43457280
11.24381593
1.00667235
1.47135500
12.67252438
2.00130374
6.68326657
2.18685062
7.73144282
1.46289312
10.06250000
4.24218750
3.66926751
3.20182624
11.82454344
3.75553468
4.18684564
5.64713874
3.72851562
7.46875000
11.75669186
8.58528812
12.72363032
7.38997562
2.45475343
3.30175532
7.59277593
6.29296875
6.55859375
5.77335446
5.87825687
6.91048094
0.49088625
1.84375000
10.34439938
12.36295656
3.43489500
7.20638187
1.99479001
3.45442874
6.50781250
7.71484375
0.32275391
0.31616211
4.22656250
17.00000000
0.47208493
0.54720218
5.26383422
1.19864618
5.72526374
8.89062500
0.07415771
0.93237305
2.67773438
8.57812500
9.73079344
14.19889406
1.14453125
13.11225128
2.67773438
9.25830078
15.40852782
7.60709718
1.05038071
2.79296875
10.51204344
12.24047852
2.65201906
4.77734375
4.50423094
0.94498781
0.65917969
9.32617188
1.73812294
2.01953125
9.09798094
7.45491578
1.29475953
1.75000000
9.33593750
2.37582397
10.23762190
5.07097185
7.91406250
1.39648438
0.09141159
6.28906250
14.71498533
7.82649657
5.71419437
9.05233765
5.91015625
7.85546875
2.76171875
8.74218750
10.27766844
9.37337157
5.01562500
7.78450687
13.42187500
7.26562500
13.84375000
3.02539062
9.27343750
12.71516844
0.97053953
2.29427249
9.74218750
8.20735594
0.42106203
2.67187500
1.33593750
0.02056885
4.26171875
13.29687500
6.22605330
0.10524553
4.69596188
8.33170656
11.17610594
3.09310062
8.14485594
5.12076906
0.10113951
4.20280031
9.59765625
1.52148438
5.68180297
0.34090211
4.80078125
2.94726562
8.70312500
2.47460938
0.55155177
0.09273534
1.25000000
3.33854001
1.87825687
1.61914062
6.57389157
10.16223145
2.03255374
7.11360594
7.65983156
8.13883422
1.07796265
12.56082153
8.56250000
1.24967033
0.63704842
2.42968750
6.58007812
1.15081787
2.79882812
6.35156250
0.41870117
9.78906250
5.28515625
18.48191833
11.20442376
14.90335670
2.40532303
0.93066406
5.58593750
4.70703125
7.32153258
0.31567445
8.35937500
2.31054688
4.78125000
0.05093384
0.78759766
9.38979832
8.01645168
3.44335938
4.13281250
3.79882812
4.48469969
4.12858156
12.04687500
8.55468750
0.63671875
7.74218750
10.97265625
6.43750000
8.17968750
12.97524380
0.33334995
9.18652344
1.39648438
6.30468750
6.20344969
6.30045656
6.63476562
1.40722656
1.56640625
11.85875998
0.52795877
2.04101562
6.98828125
0.17492551
0.16699343
7.84375000
5.68090820
3.31445312
21.26472961
8.99731383
8.06315187
5.23437500
4.07259032
1.86002687
7.14453125
0.87890625
5.17578125
7.42610594
13.19889406
4.59277344
5.37890625
10.47656250
1.06933594
3.01757812
7.34375000
1.97558594
10.94954344
4.96093750
14.00358156
9.08203125
2.50602172
0.53621212
0.34179937
1.20214844
0.05151367
14.24609375
4.18750000
10.05468750
7.23046875
3.04524657
6.46451906
0.09710693
2.50349353
3.18132092
17.96638914
7.27441157
5.21956671
5.63102172
1.69840578
10.80468750
4.60253657
4.87011968
13.81673094
3.82031250
0.60953859
5.80078125
3.26560755
1.31935338
4.38281250
11.19173094
10.56932846
5.09473404
2.07389406
10.75000000
4.00618407
0.39371828
1.68359375
5.94140625
2.70947266
3.76171875
11.62425200
3.56625886
1.74198426
3.28515625
6.48469969
25.77180907
7.92219969
2.83496343
5.99609375
3.11555907
12.65168939
1.83626717
8.69531250
0.13940430
2.42968750
5.13704344
8.83951906
0.81347656
4.31640625
5.74021444
7.17612588
7.20670656
0.60937500
14.66471188
0.03804691
6.99316406
12.23209220
2.71712655
2.12695312
6.26171875
1.81477782
3.35905031
4.71395874
0.83626219
11.40983156
4.09375000
1.94824219
3.36979001
8.37076906
4.64126940
7.00025162
2.56250000
4.98095703
2.83789062
6.09016844
8.46451906
0.46069336
0.20948117
8.96028812
6.34960938
12.80468750
0.15869141
6.50781250
17.84016844
12.54166750
14.07812500
0.49275633
7.68180297
1.27880984
1.15917969
6.53547097
6.74968528
0.85791016
13.16616800
5.47250387
0.65771484
8.82812500
0.25781250
0.06222534
13.21093750
11.08398438
5.93359375
6.73078347
1.75359153
7.00390625
12.73632812
4.56640625
1.80078125
9.59375000
9.78156472
6.06564245
0.57662095
3.39453125
1.11743164
5.28906250
8.57454344
7.83268063
0.60628421
15.43765736
5.20654920
2.61132812
8.07812500
5.85937500
24.16796875
0.92268797
11.30436281
8.51072474
2.84865026
5.61718750
2.51757812
12.09375000
2.51171875
18.88476064
5.93066905
6.05859375
2.10351562
12.21875000
0.10516783
12.69889406
3.59016844
6.82389406
12.65917969
6.08764648
3.19335938
4.73437500
3.31640625
0.01033020
3.23132324
12.42968750
3.04882812
4.06831360
9.07031250
9.70377438
5.09798343
1.63411375
9.61295656
10.32812500
0.85156250
3.63118407
9.29264406
3.24414062
10.94173094
10.52264551
3.63117908
1.62077404
3.11002438
0.66829593
13.28514628
7.19141622
1.55664062
6.67968750
3.33007812
18.38867188
4.57031250
1.53613281
5.10871565
2.09636247
6.72265625
1.52343750
2.12174313
12.40560062
1.84277344
6.91861813
4.21028812
13.16796875
6.42578125
17.85253906
2.01953125
1.39941406
14.49731383
0.52075258
2.16601562
7.38313719
4.76692376
10.03248949
8.56218528
1.36230469
5.55078125
0.00544739
13.23828125
6.13281250
1.43847656
2.00000000
3.29687500
4.10969969
7.83951906
7.11718750
17.08435059
2.31640625
16.94596188
5.39680408
2.78201019
0.24192307
7.97394504
3.65105496
4.45344969
12.49576906
2.34375000
3.94140625
0.25756836
7.98010254
6.43750000
4.78125000
6.81250000
0.35107422
0.46679688
6.51538086
2.99804688
9.73860594
0.64957765
2.00195312
11.42610594
0.80126829
0.38899906
9.00569703
6.27343750
9.45735594
4.46451906
5.23111813
1.09310062
7.86328125
5.07031250
4.32812500
4.26594969
8.30208001
6.14876717
8.63102172
5.03694703
1.38910835
2.47588188
3.67773438
3.71289062
5.48738586
0.02836121
1.83593750
8.99951172
7.13281250
7.38671875
0.58177185
1.97558594
16.57454344
3.11686281
0.52734375
9.37988032
8.02636968
13.52343750
4.01171875
4.98046875
3.62304688
12.62500000
0.54443359
10.43911348
1.29330839
13.29931641
3.95703125
6.46398926
7.69335938
12.12988032
10.55224734
1.70752078
4.23828125
0.68912594
5.72656250
3.36653812
15.45312500
0.24853516
6.17219969
1.05240968
0.61181641
6.64453125
15.76953125
6.21549313
5.28841312
6.14453125
3.99804688
15.18359375
7.69510739
13.05208499
6.97688719
5.60514406
0.05627441
4.60937500
10.75064938
10.43001468
0.62223266
4.78987672
8.72656250
4.89062500
11.83723626
1.22038093
13.67578125
5.61718750
1.97851562
5.20735594
8.15201906
2.10351562
7.31347407
2.72900640
6.74023438
4.91796875
5.64485594
7.47623781
5.65234375
8.34798094
14.39615968
4.14453125
9.92773438
5.13671875
4.03125000
6.02374225
4.66766400
15.57633422
0.51302125
12.13281250
3.89453125
7.03906250
2.87695312
12.45898438
11.23437500
12.84523436
1.17753020
0.12536777
9.30224609
2.85351562
20.80891844
23.66862062
15.40869141
4.60546875
0.75927734
9.56250000
0.67431641
3.27644836
11.07949247
5.48097323
3.71875000
10.74365234
7.68001219
26.96354250
6.05078125
2.78125000
6.26562500
9.23860594
15.11197252
7.10254654
6.17610594
8.47233156
5.78051758
2.20703125
7.62500000
12.12500000
0.27197266
3.68570922
0.46565797
11.80683577
7.40300310
3.60156250
16.14062500
7.12988032
7.67122562
3.51725343
3.01627438
5.57161624
6.79101064
6.21680186
9.87141844
1.47916750
5.03906250
7.78125000
0.42968750
0.10751768
5.94954344
5.71028812
11.34195922
1.13655640
10.83495346
6.54915780
9.91276374
2.06640625
15.99853516
12.12695312
8.38281250
12.95117188
13.27343750
1.77832031
11.13281250
9.15598405
1.67214095
10.95914672
8.38460328
1.91503906
3.32226562
8.05501219
1.19010500
4.26171875
11.44428576
6.81933843
3.98437500
13.74218750
4.18001219
0.78971437
10.76269531
13.82608821
6.40828679
17.54296875
14.97383543
5.52799562
5.51171875
12.30468750
1.74251175
6.58984375
0.95996094
0.57519531
7.94140625
16.76562500
5.34375000
8.46093750
8.09146720
0.51693124
3.42578125
1.47070312
6.85351064
7.24023936
2.44140625
8.43032691
2.16179465
5.04410890
