0.36067376
18.54980718
17.01204344
23.15560062
8.21093750
2.41015625
7.64127438
5.80989749
4.54117797
1.53987672
1.32714844
10.02831782
7.46777593
7.98144282
9.55761968
0.43676758
7.63671875
0.07403564
31.36328125
3.30273438
4.66796875
16.61425283
0.55208749
18.46386470
18.43766110
10.69682291
0.24019379
1.23828125
4.30110594
12.59733156
3.27929688
8.40535461
6.40714539
7.66438719
1.22460938
1.10677000
0.66780765
8.32031250
8.53125000
4.68750000
6.66796875
7.37109375
12.55468750
1.09472656
17.88948235
2.80338874
4.98046875
1.42773438
2.12629876
2.68034186
5.89062500
2.24430172
4.00716312
14.97119016
40.85302859
22.13997313
2.85514406
1.15332031
7.75992797
0.11812379
3.78710938
15.03906250
8.10480940
8.75781250
1.62793716
1.61881593
7.82844969
5.53515625
6.68554189
5.35319592
4.21484375
7.69594194
4.64390181
15.11718750
2.63590204
0.19710577
26.93750000
15.71011082
0.70004543
15.15902710
15.98567376
23.23909048
10.75098404
19.20540406
1.79614258
8.24641844
5.99462766
2.25895390
6.91357048
1.93701546
2.43164062
5.68001219
5.19108156
8.31852172
2.27132203
11.35904034
1.79916278
7.30012439
43.53418218
3.36393561
3.51367188
16.36067376
5.39534796
0.62288453
1.24804688
13.91699219
6.96071287
4.22101681
4.00781499
10.81250000
8.13281250
18.55924064
9.87083777
11.74211879
6.37760749
1.74837157
11.18326906
4.76953125
5.49609375
11.99153185
7.85188719
5.01920656
1.84863281
9.33593750
6.72363281
17.10742188
0.17272949
0.99863156
5.82064716
2.49414062
9.48860594
1.79459718
13.92968750
18.16372784
1.11947528
14.09049313
4.24218750
10.38430126
6.21093750
3.69726562
0.41210938
4.43359375
7.66991689
2.00977061
1.57519531
12.37923094
28.17936281
7.42578125
4.45703125
2.46484375
19.11653314
9.98307624
7.93390847
4.11588625
8.63672872
3.84134918
0.48677582
11.36539672
0.27400758
8.22298094
1.84863281
1.65983156
6.00813719
1.29655031
1.07031250
12.92146727
17.99967531
7.44628657
6.89778812
1.00471922
14.56185062
6.78515625
15.60057846
10.08769392
2.74141511
18.52766844
4.61718750
19.10252660
11.57520777
12.62499751
25.59863032
3.91178967
33.00585938
2.91601562
12.90396720
6.49837655
1.63768534
5.07032247
2.90852782
13.75911126
18.48275155
0.55566406
13.79296875
13.48925532
3.03841312
3.31412843
6.16112731
-0.01093505
3.04101562
12.86620845
15.39485594
4.37760749
10.46337766
7.07959109
4.12468954
6.90983156
9.93750000
13.39940160
9.56999778
5.90560062
11.07031250
1.50781250
1.69238281
12.02180408
5.63053967
10.59375000
17.06640625
1.72753906
1.36262938
3.01530031
5.62174313
1.28743656
0.80322266
18.81379627
6.04524158
3.22201684
4.45312500
3.06835938
5.30078125
0.66796875
0.81575438
0.57096437
3.48860096
0.46061779
0.48706055
12.16959220
15.62011968
3.14192874
3.62890625
13.35847961
5.43839539
2.79882812
14.80891844
7.55110594
5.59049313
3.95215093
3.58756593
9.69531250
1.28613281
1.90039062
12.46875000
1.54068595
2.05697030
1.03027344
11.17187500
0.87353516
10.24218750
10.88247784
8.20345966
1.17675781
6.71695922
4.39632203
6.68359375
0.65527344
3.96093750
1.01757812
0.04525757
4.29687500
3.51171875
13.36783688
4.60872562
6.39062500
1.17903563
4.07780031
0.75732422
2.30859375
4.31250000
1.37304688
12.06216534
7.58154920
0.19905890
3.14973626
9.81120124
1.51920407
5.55794437
7.61328125
5.07844969
0.78678468
5.71516844
6.46972407
6.56510749
19.74055408
1.41569592
3.49023438
1.49446532
17.64550532
5.05534186
0.96484375
8.40625000
0.11840820
3.17578125
13.27766844
0.65494875
2.30859375
11.89485594
11.79003657
4.02604499
5.91796875
5.28515625
0.64208984
1.72308961
11.17884640
4.06217531
13.61360594
5.89518063
6.33300532
5.58398936
16.07454344
2.12076408
1.67383311
13.82617188
9.28125000
10.01440430
6.68816710
5.02734375
1.95996094
7.81070922
0.03639771
17.36425532
11.97916002
2.92806903
11.82682126
14.92366578
2.05224734
7.70019531
1.65527344
13.11107159
5.90625000
10.23079344
4.08951906
2.86328125
12.42968750
5.43554189
10.08528812
3.22331061
0.11158371
7.01594969
9.19531250
18.17545656
0.81347656
5.67968750
2.59570312
9.06250000
17.14288786
14.84929964
1.21142080
5.06836436
1.84375000
5.93359375
6.68359375
2.31445312
7.43164062
7.71875000
14.55078125
14.23209469
12.10384281
5.27343750
6.33023050
1.47250387
6.25390625
0.74511719
9.11718750
5.61450133
0.72045961
7.99218750
3.24609375
9.55468750
0.30337517
0.05264290
0.06335449
4.20898438
3.49414062
6.19954344
20.90722407
5.06543218
7.77091554
17.12500000
3.07617188
15.09146720
6.74447030
3.06835938
7.91227172
0.40144898
1.34016844
7.29655031
4.75781250
4.89062500
6.30078125
3.52375970
4.33463874
3.65657469
12.59269289
8.39843750
3.02929688
11.21516844
7.51659907
12.28418218
6.14289783
5.92708998
1.23632812
0.83825684
4.76757812
10.63085439
16.17057624
11.16406250
4.23469471
3.32520279
12.04687500
3.15625000
9.39501455
2.93555186
5.36718750
6.25000000
6.55468750
3.57031250
3.58789062
21.26953125
7.06738032
2.81738530
11.34977172
0.12471558
8.86718750
12.20312500
0.96875000
15.46223626
14.04557624
6.91438719
16.71581782
2.66504155
3.99186281
8.32031250
4.40234375
9.28971188
10.31608156
10.27050532
3.73307624
1.51562500
16.87988032
16.46777593
9.89929577
10.17101673
0.37874266
2.86881593
12.70410156
11.65835550
0.41000387
8.11539547
1.80306156
3.08593750
11.30110594
1.90787843
0.86230469
3.16471188
12.93750000
1.36849124
0.00700760
0.86279297
1.36764043
1.51498559
1.80631593
11.45312500
6.23828125
2.27929688
5.82063719
5.20280031
4.10156250
8.07600579
6.42480718
1.05338625
1.56933594
13.71939938
24.44108156
9.44108156
3.48242188
6.62271720
7.31119127
1.73796653
10.60409857
30.04049579
1.88802249
5.87923094
10.60156250
2.62662843
10.14908688
4.64778812
2.79882812
4.75423094
6.21061281
15.89973626
11.43164062
15.94010749
1.73730469
3.42578125
7.38671875
9.82812500
1.27636719
0.03982544
1.29882812
16.30566406
14.58658688
14.16406250
1.84505374
11.56673094
-0.02699705
1.88216063
23.09537843
1.00488281
23.64648438
18.37988032
6.46810062
19.36327128
7.66016622
1.83544673
5.22135749
6.67187500
2.92578125
2.13671875
16.84488766
12.95345218
10.97477172
15.00244016
3.20638187
9.83820036
8.30486480
1.42822390
1.28125000
40.83626219
12.26562251
2.15495124
2.06054688
12.26383422
0.15633180
4.07031250
5.97900266
0.24487429
2.58398438
13.76985594
22.18652095
7.30305408
12.70345966
18.19952350
15.35841588
5.84456671
0.72460564
8.99088874
3.31022218
10.36360594
12.39843750
2.41015625
8.05045656
1.65527344
7.31673094
0.63265015
0.81692982
1.15983654
2.08235594
3.70280031
1.48632812
8.34375000
13.01692376
3.72135749
0.83203125
8.85156250
8.49315160
2.72950465
0.63476562
9.14062500
0.72206043
3.03580812
2.60384530
13.23437500
2.56608156
13.33300532
16.10091312
0.20768312
12.08365470
5.59603280
1.92968750
8.54394282
3.10840093
2.91992188
9.78385251
8.21028812
8.15625000
7.23469969
1.03613281
3.58365968
10.21516844
1.53190187
3.43554688
5.64245605
4.47735193
6.16032358
3.88655640
5.54687500
10.81574690
13.65429688
2.53972185
4.51562500
2.27343750
10.74218750
0.13560911
4.95280031
2.51562500
0.50960266
-0.00739776
9.49055408
6.71647717
7.10156250
2.59398916
4.93978280
8.76991466
1.74316406
13.47656250
13.43391844
2.43387910
0.28503449
2.71126219
0.77555422
3.69986813
1.81966312
4.69531250
8.70312500
3.79296875
5.70703125
2.43196033
2.64811779
16.36490470
3.96712655
0.91503906
2.12937958
3.50978058
13.07111924
0.81755263
15.74609375
6.26529283
5.86849623
6.82454344
6.42545656
3.65429688
11.85579344
7.93001219
1.09505374
1.49804688
12.07940658
0.23720229
7.42936281
11.48437500
25.53398574
4.87592637
10.65884752
2.62826185
8.98079344
4.67187500
0.50106328
0.05738889
4.78645003
5.44140625
6.80144060
10.98046875
7.60156250
3.07226562
5.79508422
0.07094361
0.87988281
12.62661348
0.97690214
1.51464844
11.27620110
31.84373006
5.48830119
3.67773438
11.89127438
3.59505374
9.63704344
9.69498781
5.11328125
11.79036126
3.93229499
0.62833493
7.70280031
5.92155031
3.29101562
6.29329344
0.20695070
11.91406250
15.41763908
1.98665780
17.86978502
3.16341810
3.10546875
2.59375000
12.90625000
13.55956782
12.99576906
2.93392093
19.88867188
5.41406250
3.11328125
14.16805311
6.65883755
3.15366245
10.43326906
21.04329344
4.28092531
2.20312002
3.81445811
3.25195312
1.52115719
2.79036624
13.70735594
11.04752438
1.89160405
10.12500000
7.82095690
2.31022717
10.07389406
11.89062500
10.13117908
7.67350842
2.54524657
3.34733156
2.50000000
5.62890625
14.29730650
1.62272218
8.98567376
22.37527484
3.57655140
5.04329344
9.99039797
8.68750000
3.74218750
1.70019531
4.01562500
15.52766844
13.90625000
1.09528792
7.64095966
1.30859375
4.60156250
13.72656250
7.75877660
3.84669215
7.23990470
5.75911375
2.15657967
5.48795656
22.77734375
14.06689453
2.24641844
13.01773776
4.06901374
8.07454344
14.37858156
1.02371177
0.58468667
16.21321532
8.11620346
8.04362810
3.71712157
1.91373781
3.49609375
6.98046875
0.54296875
3.34080785
4.51856715
8.66275377
3.00130873
1.79377923
9.53776374
4.80859375
10.44367908
3.06038951
0.05562379
17.40353394
10.89812278
11.74218750
12.66340814
1.47135749
2.79882812
5.67968750
7.43782469
20.43959383
21.75000000
18.01062842
3.61052637
3.23242188
12.78369016
0.16430789
14.30716774
0.44955590
12.30432217
1.44596437
3.69108156
4.21484375
11.99218750
12.06070922
0.15059449
12.84375000
1.32454344
15.29264406
15.84863032
1.29492437
20.50259752
14.37093764
0.43676758
18.99360125
13.67729719
1.41992188
5.53515625
9.03971188
3.46256593
6.10514406
4.68782469
6.74186281
6.22265625
0.02305603
6.42707004
3.42058621
12.66950065
16.89485594
3.24056405
4.57389406
10.07454344
3.62076906
5.54860428
3.04319260
5.53515625
7.14062500
0.18770324
1.53149352
16.41406001
19.04134032
5.47916999
8.65201906
5.64843750
2.35937500
6.10969969
12.19173094
5.80403812
1.54101562
9.75390625
5.69921875
10.34375000
10.96093750
2.34375000
12.17610594
1.87988281
2.98469969
0.09847171
1.30371094
5.76562500
4.29296875
3.88085938
18.67284907
6.24511968
0.37792969
9.57812500
5.03906250
18.51204344
16.53028900
7.52898714
4.61328125
18.50080799
33.17057624
6.20996343
10.75781250
14.79329344
1.81901125
15.77831782
10.11795989
0.03316565
45.20735594
4.36686281
3.87695312
12.38671875
2.34179688
0.49566650
9.18750000
4.25390625
19.68423316
1.54232934
13.11718750
1.94042969
29.28782155
14.50228280
1.48795656
17.34375000
9.16048094
13.15201906
9.90234375
8.72656250
25.79459220
22.85188719
3.11165780
2.03125000
4.30468750
7.70280031
6.41406250
5.32617188
8.96516844
3.68522218
6.01953125
20.66690790
2.47347296
13.02115470
12.76757314
6.20345966
5.82812500
20.15820063
6.01465093
24.45800532
8.86230718
19.60351562
4.35937500
7.58593750
5.50455563
3.67708499
3.25976562
7.26269282
13.67252438
9.31185062
1.43554937
1.08203125
14.66048094
5.66796875
5.81217531
20.57519282
14.86848626
13.84992908
14.96110608
6.77376219
2.43131593
25.17187500
14.06250000
10.86718750
2.01757812
4.92349347
18.18356384
6.54333332
12.66113032
8.47949468
16.11002438
9.33593750
9.80403812
5.30078125
0.75927734
15.51757314
6.24316157
1.80762466
6.68359375
5.21093750
1.13085938
8.35643784
9.41504654
14.28189938
15.94759032
4.08886968
3.26562500
6.73469969
7.72623781
7.51171875
0.80371094
2.53059564
3.89925421
1.09708617
3.25748781
11.52343750
7.83984375
2.18359375
3.05468750
18.46875000
0.93554688
3.99316406
9.87500000
18.03125000
7.98079344
10.61718750
7.98469969
2.41341312
15.34212157
1.41471437
1.82714844
9.58560284
4.17220966
4.80078125
11.23437500
1.31054688
0.78125000
14.15006095
13.66276374
4.12141844
1.42903812
6.73046875
7.38281250
19.88346188
7.76953125
4.93294437
2.22460938
16.78610789
11.89355718
2.47560837
4.90234375
7.23437500
12.02001330
2.87061170
1.99397330
12.36198374
3.46679688
0.90152829
7.98958001
4.17091296
7.38346188
19.06966312
4.43750000
11.34634752
8.99740248
7.38833223
3.12338652
13.55014552
3.58593999
17.25519504
9.21451906
4.33318262
3.65999390
16.44954344
9.45312500
6.01139406
6.45621329
11.70475593
6.17578125
3.49705287
7.04754432
1.41764157
2.81917484
12.20507812
0.50935789
8.80045158
5.47851064
3.28607507
15.88346188
3.81575687
9.05891844
17.23795656
17.92805408
3.57585217
1.39843750
2.39386442
17.72429964
1.81811523
34.04018272
4.07846963
12.44173094
10.66764406
3.35058345
2.99511968
4.52519886
6.61002438
10.10449468
1.33756593
2.09570312
9.51562500
5.92187500
1.01204219
0.14054570
14.79703236
14.62319676
2.57130651
9.01139406
2.79134032
0.81233392
2.36361092
10.52408688
10.59310062
10.34016844
0.75846437
1.13476562
6.27734375
1.91796875
14.97900266
0.13037234
3.56445312
13.39420158
9.84017342
16.25617908
19.63865735
4.41406250
3.21875000
10.40722656
3.67675781
5.27343750
6.88671875
4.95703125
15.46418440
22.33269060
10.48957752
7.89030529
6.37206782
7.51074468
1.35351562
0.64160156
5.64062500
1.77343750
0.09210205
2.75227782
9.80045656
13.21093750
9.88395016
7.69954593
4.50390625
14.52343750
10.54687500
1.76074219
1.16406250
2.23810520
2.77344248
2.94239029
4.96875000
0.34659914
5.24120346
2.31397107
13.64729610
17.16796875
11.14262566
1.01693373
4.56640625
15.15591534
14.54818373
6.66797124
10.75911126
3.97916999
4.63671875
10.20898438
10.74902344
12.67968750
0.72558594
10.75000000
1.46288813
9.45783799
6.33025044
13.36002438
3.14974124
9.58788564
8.31900377
5.61264184
1.28808594
6.82323471
2.64942154
4.43945312
2.50585938
2.88281250
8.19954344
7.30436281
4.72298094
5.14811281
2.59895501
27.93522468
14.61718750
1.44954344
12.40983156
3.85953735
9.61116578
1.44433594
12.58593750
10.43521720
9.67024158
4.52735372
11.79329344
2.18131593
11.60579344
20.35252660
4.11199246
0.78906250
5.09895501
0.30631843
2.05078125
12.33365470
6.49056405
4.46093750
8.82161126
9.64355718
3.50553468
8.54329344
11.74544188
4.43880374
9.92187500
1.94042969
0.82275391
9.38247784
4.51595966
4.11718750
6.71875000
1.10448970
17.38573970
24.18697518
7.57421875
4.62890625
3.68522218
4.20117188
12.32031250
0.26831055
9.31932846
0.96094498
7.30468750
0.51204344
8.54459718
2.01367188
0.00380898
8.42968750
0.42065430
15.17842102
9.54687500
0.74755859
11.10937002
5.90462655
6.49967531
13.10314941
4.13172401
1.75792442
7.91828347
13.04980718
12.68848404
1.09440187
2.75195312
25.54602051
9.67023161
4.39617464
15.26269282
17.14160405
12.50756836
7.94173094
8.08658439
4.20621835
12.74511968
2.08007812
12.20507812
9.88281250
6.69531250
5.73437500
1.50365214
0.52540059
6.57812500
1.99902344
5.43391844
8.12760251
3.24121343
13.46516844
10.81379876
10.47134752
1.94499778
8.42187500
5.77376219
12.39811281
15.97224603
5.06120124
5.36718750
2.18001219
15.07780031
1.30664062
15.75748283
12.42838874
6.98795656
0.73779297
4.97656250
0.45869778
0.42216160
0.22595215
6.15494127
4.72005873
7.42578125
8.30680297
5.74527704
7.54980718
6.02115968
15.33495346
7.85059341
14.10937500
6.80078125
2.61522939
8.22953532
3.66601562
15.93391844
6.32389406
16.31314938
9.06444814
8.09115248
5.35156250
2.18098626
17.27636968
1.18522218
4.92968750
8.95149657
4.76953125
10.76562500
8.42838625
1.61555907
16.60937500
1.71842531
0.74316406
10.68456782
6.41699468
5.94954344
13.63020501
8.41634530
13.10937500
4.15982658
1.30892342
7.55858378
8.92187500
0.27149434
7.58984375
4.71875000
9.68033688
4.80013187
0.55224609
4.22639642
15.21549811
28.51220703
4.76953125
16.80858378
10.12500997
15.82421875
2.21875000
9.76822252
15.31901374
18.52961658
16.15346086
15.41829344
7.69075687
2.63671875
13.95735594
4.02407646
7.08561281
3.22656250
8.94921875
8.62027704
14.85726202
19.29296875
2.94726562
6.49641844
2.01139406
1.53125000
9.39908688
11.38606937
9.22656250
3.25976562
4.95115103
4.23831116
15.53906250
7.94970703
7.07975094
12.02766844
2.64355718
1.48795407
4.58577640
7.05078125
6.00781250
5.74609375
16.38019504
23.47527371
12.99770225
5.61753213
9.69531250
5.04393285
4.18262965
9.56673094
2.34537843
25.85387421
5.03125000
12.86718750
5.32421875
2.97070312
1.45019531
4.58626219
2.07780031
15.02229610
18.49299424
3.59408466
2.58203125
14.28906250
5.84764628
7.84766622
1.46093750
3.94433594
3.44921875
9.93750000
3.57617188
1.24121094
13.33789062
11.84863032
4.78970939
4.29037123
3.20898438
11.44726064
0.82031748
18.87141844
5.68847158
8.72211914
5.00438306
16.65625000
5.05078125
9.44531250
8.98240692
0.75392120
2.59179688
14.27766844
12.08170656
0.00572968
13.16829344
1.67765383
9.53906250
4.25390625
2.46484375
5.82519282
3.18652593
3.13281250
9.77961658
2.83171154
1.07324219
10.83528314
11.11522939
17.58582041
5.16276374
2.87923094
5.27083001
7.20833749
13.51562500
9.17089096
15.89388685
6.43522218
4.44042969
7.12890625
12.69173094
4.41373781
2.36523438
6.99446033
3.51074468
3.85026374
3.31103516
14.91421986
19.47965702
6.49296394
6.97298094
1.91373781
6.56445312
4.32617188
8.92968750
5.94173094
2.30631593
15.67169770
0.51846853
4.68465647
6.15234375
8.17968750
21.18098626
6.79557624
1.51855469
14.61914062
2.67968750
2.04329344
7.58561281
7.71093750
15.83593750
0.44799805
4.76562500
6.08430657
1.75651374
1.67382812
4.44140625
16.27408688
15.35872562
6.41707336
0.06553162
4.99218750
13.97721188
17.85384032
2.03645999
3.29459718
7.07421875
3.56640625
19.57714096
3.68067154
7.39453125
18.88085938
17.95849609
1.18457031
10.20930408
1.02116467
1.81152344
7.59488766
27.02164672
4.92399047
2.93872320
7.74218750
17.73437500
4.30078125
15.20312500
12.26562500
4.76235816
11.81283466
16.01074468
5.23437500
2.21875000
20.46288564
1.47070811
1.63281250
14.17089096
1.73926529
16.98728724
3.04786901
8.45312500
7.06282469
9.28449690
3.77767841
4.84358392
2.78971686
13.94173094
10.85937500
12.32812500
2.51139406
17.53808594
5.43359375
7.27376219
4.71842531
0.47631836
10.99699926
2.69140625
4.63671875
8.56347656
10.24218750
5.85937500
10.72330563
14.18978031
9.17187500
3.54101562
3.16992188
2.52343750
4.58105469
2.98046875
2.39453125
9.46875000
12.66406250
8.31250000
6.88671875
4.93782469
9.67301017
14.98926280
3.93554688
15.58723626
12.04557624
11.42610594
2.83561281
6.47688719
12.03906250
28.99573915
15.71552304
25.37170325
16.53876772
5.99512965
1.77636719
24.84342033
7.64713874
6.42545656
5.51171875
3.71093750
3.64648438
13.75064938
15.80794437
2.58984375
0.59130859
8.45312500
13.14485594
1.61328125
3.98242188
1.86393312
18.54980469
1.09765625
2.31835938
6.63281250
0.00336838
14.73339096
14.66504654
2.16451953
0.07747437
12.26105940
8.07747562
3.22396498
10.81250000
4.29752438
2.28450687
8.62206782
4.89355718
16.70800532
11.42545656
3.14974124
7.43359375
1.67089844
5.45344969
2.09634503
5.29297872
8.48502438
4.92903812
13.46548316
5.28451684
12.64843750
3.70312500
4.98046875
2.27961907
2.66471686
3.07226562
9.58788564
9.32617686
3.77343750
18.29947252
4.10905280
4.33528812
5.01106937
14.66406250
3.74218750
7.10156250
0.05957031
8.11718750
5.72265625
2.84094334
1.08218519
5.05990248
3.19791999
15.71939938
10.90201906
10.43326906
3.77539062
9.00552970
4.01790780
9.64615470
3.70394171
0.19356324
6.08203125
1.41923803
2.76433621
13.58300532
0.78613530
2.81835938
9.91406250
17.32681876
8.11947030
10.89062500
4.78515625
5.87109375
8.97656250
10.24218750
12.18132445
0.22867922
2.15234375
4.74609375
0.42895508
1.90917969
14.98860594
3.46451906
13.57096188
1.20573000
1.08365968
9.65266844
12.39843750
0.14664797
3.05078125
6.63704344
6.60905031
13.44302970
10.24772218
10.67838874
1.07226562
5.21093750
3.42895446
0.12182679
3.72851562
0.00161362
1.16821289
12.35156250
10.19954344
1.17252687
2.30859375
13.53906250
2.57844969
2.28483156
3.58398438
6.36783688
14.71810062
16.51544770
6.18767730
10.80859375
4.95556516
7.41162234
8.04882314
12.45247562
4.74088874
2.57063719
6.77311281
15.60611813
19.14192874
5.54752438
2.78060062
8.07161126
0.74316655
17.34016844
3.80599124
12.08300532
3.88965093
5.06250000
5.07616689
7.87305186
17.33332004
16.65136968
6.21126219
2.82748559
2.06054688
8.47459442
4.80274933
8.05857381
7.47983432
9.85514406
17.51204344
7.31510749
5.09375000
0.03314712
0.06919357
0.07690430
11.17968750
9.15625000
15.34195922
5.58056516
15.13346188
7.94401374
13.84375000
14.18945312
2.96093750
9.42187500
4.12890625
17.15657469
14.04264406
2.17936032
5.61263187
5.82844969
5.82973848
7.20509308
1.85156250
8.11033910
2.58692652
15.65006095
9.66927499
4.23828125
0.04983521
0.63147067
15.71745124
1.68652593
8.40689938
4.17122064
5.97199690
4.18230496
1.35839844
0.25996824
5.94921875
2.75781250
7.13639406
2.68750000
1.17187500
1.67773438
0.78157469
7.87467531
1.26139157
6.75716312
8.44531250
4.59798094
7.65983156
0.06988525
15.24218750
2.38508533
3.90007092
11.37515259
1.68358877
6.49805186
3.57031250
11.42382812
6.79101064
7.01758311
7.90168939
7.90136968
4.01530031
3.40625000
15.67138672
0.07543945
7.57454344
1.60058594
4.37500000
10.30240968
4.82812500
7.28515625
9.17317376
8.11979499
3.11914062
8.95312500
1.34505125
4.18326906
4.74609375
0.11383057
16.81250000
10.68750000
10.69173094
4.08951906
11.04329344
3.87076906
10.45052000
7.51529533
18.06641123
14.12141844
4.66764406
2.59179688
12.11718750
2.72102782
3.52311281
7.01562500
6.93359375
5.86751219
21.55045656
0.51025391
7.24218750
3.39453125
4.37923094
0.89404297
11.46451906
6.26594969
8.58951906
5.10546875
1.25130125
8.91764406
4.54687500
7.37109375
0.00421524
5.21240234
19.18229001
1.25423343
2.34375000
3.65266844
4.74576906
1.48535156
9.07096188
2.54427249
0.96923828
10.49218750
10.93033688
0.24520023
10.01985594
9.60969969
4.96419437
8.44173094
1.89030031
4.96875000
6.66796875
5.43652344
2.50000000
4.88281250
4.31250000
1.67089844
3.71093750
7.62500000
3.57810506
4.41115026
8.99678745
0.28816618
1.48470218
1.52103512
3.15950687
12.65689938
8.98648550
0.19771363
2.45084718
6.89094969
13.89843750
-0.00947996
0.25766842
15.84220523
0.25748719
2.44921875
4.44441711
0.06186951
5.61751219
5.70474845
6.95898936
3.79296875
0.94531250
8.54687500
4.05078125
2.59960938
4.05859375
6.92316628
3.76921653
7.15234375
8.11489473
11.59636746
14.28125000
0.41227297
7.93554189
2.78353280
16.73990968
3.60188719
15.74641844
6.56966312
10.14229278
0.12190766
4.11507203
11.82843972
7.60906028
17.51562500
0.95361328
1.97851562
16.85103145
0.33805546
9.04524158
2.01464595
2.58464372
11.53906250
6.96907220
25.89908688
3.50977061
8.53971188
2.21224124
3.35546875
20.60546875
7.24218750
3.82617188
1.46972656
4.66796875
14.97656250
8.76025391
0.47094727
4.94352172
1.44515015
1.42187500
3.04918357
0.07227639
13.95377189
13.20605718
15.14150150
11.40266844
3.39257812
1.89908937
2.32421875
19.14224845
4.22916999
1.53580812
1.54101562
9.01985594
4.49967531
7.29329344
8.61001441
8.74903590
4.84375000
7.16829344
13.06250000
11.25781250
3.23274657
2.95638187
13.00937653
6.54296875
8.64485594
0.43766359
6.60937500
4.96484375
5.22557846
8.29981216
7.35546875
9.67610594
0.29150391
11.99576906
23.66596486
9.33822030
2.57975343
7.80143063
10.37271720
12.52376717
5.78906250
4.06185062
16.49641844
14.35579344
7.62044437
3.71679688
1.09472656
9.59992908
4.16569592
0.55664062
15.72004876
18.37890625
6.69433843
13.09733156
0.81787109
7.82844969
3.36165282
4.69856937
1.08105469
22.82844969
10.82389406
10.29687500
4.81738032
9.16699468
11.42187500
4.52478027
9.25000000
6.43066406
21.93879876
3.95605718
14.30045656
9.45312500
0.43920898
4.96337128
6.95312500
4.28717041
11.42675781
5.20312500
16.12500000
9.19531250
2.43066157
17.94466312
0.41284180
26.92740470
9.07259530
3.39615968
2.15657469
8.58951906
4.04134032
10.34733156
9.81673094
8.68814938
2.24869376
0.88998060
4.90299313
4.76888187
1.45703125
40.29052485
18.22980940
13.96086692
9.71646720
14.50618407
7.40072030
0.15897707
2.96354001
7.61865359
16.16715204
13.28971686
4.75390625
2.25976562
19.94996496
12.25976064
7.98600842
2.71289062
1.99511719
6.84765625
5.48046875
2.67187500
10.39908688
5.99641844
7.61263187
8.63704344
6.15592531
2.44108156
14.52505098
8.58074246
9.10335328
0.64176391
3.15592531
7.76204344
3.40006593
10.80110594
8.32031250
6.59342531
16.03709442
6.41603058
22.89127438
12.65396720
8.42838874
8.19855940
15.64877216
4.64062500
7.62564938
2.40169437
15.35221188
4.74413564
3.30241467
15.96773866
11.98860594
19.50358156
10.38281250
0.07739258
3.42968750
5.93164062
8.39485594
2.03320312
1.94498781
14.63995552
3.75292969
12.52343750
3.88102172
21.82633422
8.76139406
2.63704344
12.78483156
8.89290032
24.37760749
10.48502438
5.73795656
4.91048094
2.20442874
9.69531250
1.28222407
1.67383062
3.18164062
2.61132314
1.92383311
9.13281250
1.31738281
6.54752438
8.68294437
8.25781250
9.95735594
1.73405031
9.03319814
11.09180186
0.94580078
3.41796875
8.30468750
3.04915282
16.43750000
21.44712362
0.74969525
5.56250000
1.71875000
11.75423094
16.25291224
5.86004432
8.38281250
8.74153314
5.05338874
5.21875000
12.50781250
3.59016844
16.09733156
0.79019767
2.74642342
21.11067376
9.10612311
7.30891844
2.37760500
5.61718750
5.80468750
8.72656250
15.55110594
14.54036375
12.07389406
7.88313719
1.89030031
2.23665282
6.19498781
10.26139406
8.10156250
6.80110594
5.37858156
17.70312500
5.10969969
9.53319814
8.34961436
9.60514406
2.65625000
1.86425781
11.03125000
1.14583250
1.66569093
9.48258422
0.16609742
11.77115221
2.88477061
7.92122562
9.96093750
4.61328125
6.52506095
6.61556405
6.46222629
6.45183621
3.78710938
11.46939938
8.23372562
4.16015625
21.14713376
11.46125222
23.59863032
7.88087433
12.01073720
6.33398936
2.39843750
10.44531250
1.70312500
13.93057604
17.32552748
4.66406250
1.81445312
9.17024158
8.50163342
3.02343750
7.43750000
0.10882568
8.99218750
15.99641844
2.71061281
12.51204344
3.10742188
14.61855654
0.78662109
2.11132812
8.18750000
6.62174313
7.80045656
5.44498781
2.44921875
14.50781250
14.17562103
12.23258422
0.03194215
13.96704102
28.94140625
10.05859375
15.34016844
11.63281250
8.31429078
3.33382203
3.92252438
3.79533023
0.03928650
19.74507567
15.52569982
11.37850101
3.89648438
17.93391844
7.80045656
5.30859375
11.02831782
4.65136968
10.01204344
13.88639406
5.53125000
4.83984375
6.21695922
8.32047235
9.86588874
3.27213376
8.89583499
2.61360594
2.83268312
5.84407469
4.18326906
12.48860594
2.34342531
2.08007812
11.40266844
2.50748781
13.95279034
1.04362810
15.58951906
6.45507314
5.01367686
11.47298094
3.77571532
17.56608156
2.97037843
7.82844969
3.90006593
5.62109375
5.65401846
0.50320810
10.10156250
15.98502438
10.38346188
1.30924811
14.58788564
6.64127936
7.58138187
4.90754876
2.31657233
2.69335938
11.68750000
8.18945312
3.47070312
13.73144282
7.72949468
2.97070312
11.62923094
13.25260001
16.90495124
25.03253879
3.92384308
3.57031250
6.07958984
1.30859375
9.65038564
2.73242686
13.34195922
7.23982540
6.57220708
2.81835938
6.81445312
5.51953125
12.02408688
2.90560062
9.08235594
3.03287843
20.20703125
6.99412567
20.60385527
9.36812410
19.75077239
12.19889406
6.61464310
4.98567376
7.08531108
5.22265625
1.06103266
4.57780031
2.61458499
4.43684813
4.75325438
6.75064938
9.21159186
9.32812500
4.67660522
4.35546875
8.16406250
3.29101562
0.00545502
1.65168939
5.23046875
7.01041999
13.04230940
7.86394060
5.02343750
12.03351286
3.37891622
4.41960217
4.14713376
0.42073734
0.73046875
2.22770779
12.43294437
3.61262689
11.35026374
6.97656250
5.18001219
1.96158688
1.46679937
4.89843750
2.67382812
7.30956782
3.05371343
17.19855940
8.11165780
0.81771249
6.30630098
3.50619902
3.11328125
11.72785129
4.33464871
12.18391844
1.09570312
0.34928468
6.85937500
6.32974845
1.38118905
2.29296875
6.11620346
11.25098404
5.87141844
10.77896720
6.89258311
1.25878906
5.05891844
4.61881095
1.36914561
2.46996920
2.40560062
2.92968750
1.30590820
1.20996094
4.34813332
2.76937887
1.74544188
3.92122562
7.54687500
3.84016844
4.68717531
9.70995346
5.70410904
5.51985594
10.03514628
15.44889406
9.97266622
1.96289062
3.48828125
4.01041002
0.40267592
7.38704344
8.09129862
3.06609153
5.89062500
8.64843750
2.04687500
20.61067376
2.60416999
15.39843750
1.57747313
8.68814938
9.37424337
7.70312500
13.95710993
0.38029241
15.66536126
22.23730718
5.05045656
3.69921875
6.60937500
2.73632812
1.28808594
8.21580785
10.58692652
4.34375000
11.23079344
10.30045656
8.28125000
15.57454344
14.76269282
4.18620124
8.54687500
1.78125000
17.32454344
6.24869127
12.68913342
17.67903812
2.15039062
11.75911126
1.23112311
7.74481201
18.61750721
4.97070811
8.17968750
7.13639406
14.63117908
8.17350842
2.66796875
7.11360594
2.45572751
6.49121343
1.23339844
1.61913564
5.96322030
8.08170656
11.71353502
3.82552748
2.81640625
5.93945312
2.14322751
4.85872562
0.21577879
2.28710938
13.60937500
9.55826906
4.42968750
1.57128906
9.19367908
4.67448249
0.88476812
18.32615692
1.46290558
12.97551992
2.36328623
3.34179688
10.56250000
1.44726562
5.73828125
11.90396720
3.94368905
2.51562500
15.73437500
3.94531250
8.10156250
6.18750000
0.00573349
2.05078125
5.26529034
1.10385028
3.52569339
5.95248559
2.37304688
3.86914062
10.76562500
2.96679688
3.13541002
2.00716810
12.57031250
5.94531250
11.09781236
5.54037123
2.35156250
10.38281250
3.01171875
3.50585938
5.19595191
5.68686059
3.69140625
15.40608641
11.36503176
18.75390625
7.32031250
12.46516844
4.75423094
14.14778812
17.67187500
6.50097656
4.08238268
0.40738293
10.60937500
4.77734375
0.26725343
3.40429688
8.64907691
7.64975121
2.04492188
5.98046875
1.26611079
3.16504155
15.92252438
6.32779782
8.32324468
4.02701906
2.27832031
1.49316406
2.84375000
9.01773050
5.88851950
1.11035156
0.50555046
0.07959358
14.59765625
6.68017080
10.26227305
17.78417720
7.42090093
6.23828125
7.19531250
0.01638794
11.60937500
2.03320312
16.18456782
4.03808843
0.11517334
4.34375000
0.76220703
8.61360594
11.23110816
9.64747340
9.59672972
2.02115968
4.66406250
19.87988032
9.91341063
7.98307624
7.12967539
2.75731070
10.91204565
1.96419188
2.63834718
3.33398438
7.03906250
2.80078125
9.67610594
0.37150148
0.35449219
0.10065886
11.17545656
1.63183594
6.39453125
7.72721188
5.31966312
1.56640625
1.32079954
4.70459109
8.48437500
12.88117908
4.45475842
5.81640625
2.50585938
7.10741689
6.21680186
13.69596188
3.57942874
1.23925781
10.20312500
18.50129876
5.79166999
5.10937500
0.93847656
12.66048094
9.88768784
5.91114029
3.67155031
6.22298094
17.61718750
3.74348128
1.87338153
1.65429688
13.34471410
5.34311059
3.60319093
11.07812500
3.28906250
6.32690430
16.30366358
17.48149267
12.70312500
2.01562500
1.67089844
15.88182846
3.70539783
8.90105496
2.38476562
12.12939453
11.21565672
4.62467531
12.58918440
4.96940935
9.99737257
3.81122118
10.95988464
12.12694814
6.83713267
12.39843252
2.78906748
17.37923094
17.93493683
0.11381074
1.34570312
9.45312500
8.76562500
8.27343750
1.56842996
11.14812278
14.92187500
11.13834220
6.00228280
4.23046875
7.76529034
5.24675310
11.57389406
23.25781250
7.15364251
3.69791999
15.79719969
20.57226064
13.15397717
7.06086658
2.54655529
2.87109375
9.04687500
3.76854970
0.72134752
16.79069592
8.19889406
1.54980469
14.82454344
2.07617188
3.56998781
13.87385860
14.10042110
13.93880624
9.31250000
9.72004876
11.08105718
5.46451906
14.42968750
2.59391110
4.30045656
7.31608156
11.23437500
3.32226562
2.29915282
6.44108156
12.28906250
1.62402344
2.97070312
16.10579344
0.50211672
1.60449219
12.29394282
0.90429937
12.48443780
1.51725593
18.30859375
3.60384032
13.69108156
5.96875000
0.69287109
5.33658688
5.43685062
10.04459220
1.75065436
1.62858156
1.72588921
13.66406250
2.76171875
8.08756095
0.53548592
10.56688830
0.05713514
2.96031616
3.25709441
7.67056627
10.81055186
5.72200687
5.37109375
1.59505125
2.71842531
0.60742188
13.54687500
3.43554688
7.85709220
6.71712655
4.20312500
5.32812500
0.10858154
5.85546875
2.13704095
2.80729499
11.93750000
5.86002438
11.98372562
8.07812500
11.88281250
15.32258959
7.16927748
10.14485594
5.66894282
12.10807624
3.62695312
0.00423050
17.46875000
11.09375000
3.47070312
1.53027344
9.91048094
11.32031250
3.15006593
5.23079344
2.07389406
1.65185547
15.17187500
12.67187500
0.69433594
2.31835938
7.01659907
6.81152593
1.67382812
6.09375000
7.59830563
0.18343265
4.27343750
7.92219969
15.07942376
1.75032967
5.89062500
12.01985345
7.17722907
6.08203125
17.12500000
9.94531250
9.76985594
4.03873781
13.14062500
2.14062500
1.43750000
9.13281250
2.21093750
2.49609375
10.58658688
4.68685062
7.20703125
12.37500000
1.62304688
9.98258422
1.91487672
10.10969720
2.83268561
4.83365470
1.55111092
1.90917969
11.25781250
3.74543939
0.26334968
1.35644531
4.09992908
6.45085217
1.50000000
0.51806641
2.47460938
9.44531250
19.69596188
10.44466312
0.53682122
13.92057624
1.54101562
7.59765625
17.57812500
8.17317376
2.88737311
8.63281250
7.08642578
23.71875000
5.74609375
10.29329344
14.19108156
3.11914062
3.83203125
5.94726064
5.55664561
3.97265625
7.97265625
5.07031250
1.91210938
1.94877106
0.07942719
3.51367188
8.54687500
5.41145501
18.41487796
10.15560062
11.01953125
6.26098633
3.23242188
2.52343750
10.02245346
8.15918716
3.21516844
1.70573000
7.66406250
1.33300781
1.00471922
0.71549562
1.13085938
4.94595939
9.55826906
2.19987311
5.36718750
9.75488032
13.71386968
10.84504876
14.81901374
1.76269531
1.40071532
31.00358156
1.90332031
19.00845939
2.80306405
10.14062500
1.99674313
2.62825687
14.25000000
11.51627438
15.21875000
4.63997562
0.24194336
6.10156250
0.73242188
6.09830563
2.01505368
4.72916999
17.39257314
7.04492686
4.28971188
4.35481937
7.87174313
18.80045656
10.38346188
6.76074468
5.81314938
0.76237062
1.91959718
12.34375000
4.77734375
1.40429688
16.97102782
7.24796633
8.68391844
11.29752438
16.69075687
9.13281250
1.25162843
7.69368407
6.21321033
2.01302748
9.89387190
3.37175310
19.03156472
11.73177997
6.67936281
11.32031250
5.31217531
2.39453125
13.07812500
1.28873532
3.94466312
9.29589595
9.64355718
3.24055907
9.89062500
4.30826906
7.17967753
55.13477559
6.76953125
2.71289062
5.38704344
20.65375627
6.31314938
8.07259530
9.21451906
3.47460938
10.80468750
2.81640625
4.94058829
21.78319814
7.57682624
23.67870346
10.49870124
14.16178468
5.19336436
7.69954344
9.41708976
3.73242686
4.51204344
4.00748781
6.14094969
7.04264406
1.69531250
10.35644282
10.05664062
7.12459476
6.73828125
8.92187500
8.96223626
11.16634530
6.82454344
12.22070312
16.40689938
3.50879155
8.52766844
19.43070558
5.28515625
8.72656250
13.35154486
4.07031250
22.05793762
9.99381344
6.36295656
6.86783688
0.75586187
1.82714844
10.91829344
23.70280031
9.93750000
3.45117188
15.13873042
-0.08984126
9.87629876
7.72347296
0.78059937
10.58040032
27.57389406
2.82715093
10.29752438
2.59505374
1.18457031
4.34829566
2.23991965
9.36576418
5.66015625
1.35058594
18.43293939
7.29001104
4.43326906
11.55175532
2.23730718
14.22070312
6.37890625
10.51204344
46.08235594
4.43503908
6.45768063
9.85872562
7.90657469
20.13085439
5.46745373
13.98567376
9.60626470
3.76139406
7.64062500
1.44010500
3.78515625
7.83626219
7.11360594
0.91536624
5.48437500
15.91242908
9.30175532
3.15300310
0.96240234
12.15234375
23.85057846
13.42708998
3.80436281
10.88769282
7.06575687
5.15494127
4.73145279
0.67968750
27.29134032
9.35481688
3.96028812
10.17252438
11.31966312
2.79687500
6.66796875
19.71695922
4.66194703
11.42610594
7.26041501
6.78450687
1.87760500
11.17382314
19.18978280
4.17187500
11.74218750
2.22233156
20.00455563
13.35481937
2.56445312
10.45377438
8.85091312
7.07421875
20.24641096
4.31918107
1.02522828
11.73990470
10.23795656
8.85026374
3.66634032
19.62532469
4.87825687
3.93359375
15.81477782
14.45735594
2.21810062
0.51318359
4.02734375
11.48794659
8.80046154
6.76041999
14.13964844
5.24218750
8.76106688
7.93261470
4.78385749
3.06868407
7.88248781
19.63802000
0.95768312
5.19531250
4.66829344
1.23209718
9.38118407
0.93066406
14.84147218
5.06640625
13.21939938
10.50064938
7.42903812
15.95670656
13.73795656
4.56152344
7.69173094
4.62467531
12.26334220
5.57453347
3.45509308
6.13281250
11.43033688
7.24544437
8.03156472
4.45281028
11.62805176
19.18359375
6.66015625
4.21093750
12.49770723
4.89682402
20.23828125
2.39843750
12.29687500
20.23730220
2.90169437
7.53873781
19.32095690
2.49706782
2.59994403
13.47721188
10.03125000
3.36458499
18.22298094
10.73795656
11.53320312
8.52343750
1.30859375
9.33300532
12.94302970
6.25521498
0.49194336
15.31250000
9.09080785
3.44825465
2.05078125
10.47070312
12.92607352
16.29882563
2.97916999
11.47493407
7.07389406
0.81787109
7.31640625
4.46581782
5.74121343
7.99576408
17.22963210
16.26390741
15.44384766
0.10766602
0.47973633
19.40344238
2.90039062
6.14843750
14.03187944
2.60483931
11.05403314
3.04362311
13.73925532
12.48144780
3.75341797
5.66406250
9.55468750
18.44188955
2.38672373
6.45703125
3.21484375
10.77668440
-0.00829330
7.03873781
12.41048094
8.41038088
3.12695312
13.59375000
0.81233392
-0.00715814
7.62109375
8.19954344
11.71875000
17.17187500
7.67155031
3.90039062
9.08235594
11.41829344
7.49772218
4.65299562
5.58593750
7.65234375
7.33203125
8.73860594
14.03901350
2.54916278
2.19335938
8.55663564
2.55664561
6.04589844
14.54329344
2.34928468
15.50976064
3.92708499
3.29166999
14.66471188
2.84505374
5.24218750
7.39453125
14.60156250
8.19531250
1.17382812
28.91633533
6.20311503
5.64226839
15.66536126
1.25683843
6.84895501
16.64290780
20.98502189
15.79550420
7.39388187
1.87760251
5.72688719
11.91341312
15.42187500
16.38931876
13.72721188
4.42318373
11.89648438
5.82031250
2.30664062
19.85122681
3.88867188
2.66796875
19.44335938
2.28515625
4.39843750
9.48730469
2.13688110
3.28499390
10.07324219
2.27571532
2.45865968
4.56250000
11.04166002
22.03109389
5.54296875
1.63867188
6.55891595
15.60221686
10.77929688
6.62923094
12.34375000
17.91666750
10.68570922
3.32405640
2.07812500
13.18106930
7.41259641
0.63948858
9.11718750
15.81673094
12.38964096
7.94987810
4.66796875
12.09016844
17.03613032
1.57780280
5.51464345
9.78906748
11.94954344
4.47265625
10.61490968
5.48437500
9.17187500
6.76032900
0.08024717
11.63769531
4.24609375
12.21875000
13.26562500
0.50292969
21.40916224
20.42449246
5.32355940
6.72559840
2.84375000
9.19954344
16.30565659
0.92155779
19.74739251
6.99365359
2.06559452
2.41992188
4.95735594
8.86295656
5.95653923
8.73291389
8.35156250
14.90038564
14.55273936
19.70703125
2.43619626
3.32161624
13.94173094
0.60123781
14.72265625
2.07844969
6.50358156
17.62923094
10.73795656
0.90869141
18.21321282
7.83463874
7.67968750
6.29882314
6.36133311
3.92773438
7.82844969
6.89811281
13.26074219
2.49584462
2.77734873
3.58398438
15.41796875
3.81900876
16.52864251
4.40039561
20.38281250
21.93977782
3.20670656
3.15820312
7.98013409
2.18002216
1.25292969
15.79052734
14.75000000
1.23535156
11.95117188
12.72314453
10.07031250
3.55078125
4.43359375
1.47167221
7.79427748
13.82812500
16.25032469
14.15560062
21.02083001
7.24870124
13.08235594
8.36295656
10.09016844
9.54459220
15.37305186
18.85086661
9.83040780
2.99674313
16.62858156
11.23274158
1.47982435
3.62695312
15.32973848
2.30307402
17.69610596
7.08203125
13.47069814
16.37695811
8.85156250
3.58789062
12.55533688
1.28173953
1.33675172
11.91666002
0.58626967
7.85872313
1.60221437
5.72656250
14.38496824
12.76139406
2.75000000
29.36490470
4.00228280
6.11522939
11.41308843
3.50716312
13.26562500
6.09375000
2.02701906
5.92252438
7.82649158
2.60449966
1.80175781
12.29980469
12.58235594
11.48405031
2.58496094
11.77766844
5.06250000
2.60709718
4.54784409
23.07128906
18.16731937
6.97819592
7.03157469
6.78483156
3.60448970
1.72851812
6.93359375
11.90209961
1.13916016
17.07741209
13.35514406
6.83984375
2.21190659
4.02832779
1.41210938
10.79882812
3.89453125
2.22656250
11.27766844
2.06803468
21.30468750
4.29687500
8.34016844
9.94173094
11.80533688
9.20605718
4.33951906
16.50112915
18.94348996
7.13639406
3.42936281
0.28466797
17.70619202
12.99218750
0.81103516
19.84016844
26.98533910
4.11980496
4.22265625
15.77961658
10.60254405
4.39420656
8.76562500
1.09863281
14.17675532
4.32324468
8.80533688
8.04817874
1.80859375
9.40885251
3.07747562
12.22949219
12.09016844
18.14062500
13.66373781
10.16829344
5.81640625
2.80501219
1.95247562
10.15884752
15.16373532
15.25456560
0.94628906
7.66566601
10.26857712
9.99641844
5.42903812
6.69954344
8.79523161
2.10646276
11.75781250
6.96972407
2.18652593
20.63182846
9.89942154
25.52734375
25.02343750
15.80143063
2.98372562
10.07812500
1.79882812
16.59016844
1.46744127
3.32910904
32.59375000
7.96256095
1.32259530
20.09928219
5.52669437
2.36718750
11.68456782
4.37402593
8.80468750
9.82942376
10.21451906
3.38965093
16.98599845
1.38118905
17.42284907
5.45262301
3.03859042
15.77018063
11.18212766
0.59749640
14.27782580
9.25129876
10.16911763
5.98046875
7.50032469
2.29459718
11.00244016
0.40380984
0.75634766
29.73176751
1.03092780
1.77636719
11.64160156
4.73828125
2.38476562
20.68229001
11.56868656
7.85156250
0.60921141
17.97456785
9.34310062
15.10579344
11.43147828
5.12287456
1.60547872
6.72265625
4.10937500
0.27937805
0.00785340
4.01953125
2.23242188
16.96875000
2.19921875
10.63281250
5.50846188
3.01302249
2.85546875
8.54198720
6.87695811
8.60156250
12.64685059
15.24641844
14.01920656
5.62231383
5.21362367
19.10937500
13.27766844
13.33365968
3.59602782
1.75651125
4.47265625
10.86799424
0.88493545
12.53709442
1.33595245
2.96093750
4.12564938
5.81412594
7.72587409
6.49609375
13.87500000
16.96516844
9.83593750
9.71451906
30.94205563
0.18033688
5.81185062
17.63167110
0.34782109
1.37988281
19.37500000
3.47070312
8.29687500
14.63346188
3.56705563
5.17773438
7.69401374
8.63281250
3.66992188
7.32031250
21.06314938
14.93798828
4.38216312
16.41607666
4.19954344
5.60905031
14.14843750
8.60090315
6.48503435
12.67789672
2.90218140
14.57839416
0.04787232
1.79882812
9.52766844
8.48958250
18.26627687
13.88704344
18.61344484
7.61295656
10.53140861
19.31537236
10.54270388
15.80436281
21.00423094
10.09016844
11.44917972
1.71191406
6.61131317
9.94434840
12.37793218
0.60742188
8.03546100
11.11880098
28.83011302
11.20019282
7.14746343
1.23046875
7.69920878
1.54493184
11.03906250
7.57812500
11.41536126
3.06510749
2.75585938
6.51887689
5.10416999
3.92773438
12.69954344
8.06250000
10.32584220
5.72949468
9.95215093
14.67057126
2.89192874
11.88834220
4.16243905
11.87402095
3.13965093
3.64062500
9.01009032
7.48437500
1.84733156
9.83723626
1.29752936
0.96435547
16.38167235
12.30712766
0.33170781
11.40625000
9.22786126
12.48860594
10.06982173
14.01985594
14.73372562
14.47038342
1.13183594
25.56835938
13.30305408
16.21257092
2.35546875
2.83430907
8.81608156
1.92773438
21.26627438
15.84439938
2.26627936
17.69954344
0.15604738
1.91601562
14.87499751
51.52799313
3.45768561
10.86197252
7.02051529
2.62695312
16.20019282
11.12793218
2.89062500
8.96093750
2.35156250
6.07063719
2.67545656
15.21223626
4.42269171
0.37605836
19.58203125
6.97004876
16.73307624
5.07104243
2.42090093
10.98437500
0.68017578
7.31509752
17.86551420
12.77251328
2.50000000
13.25781250
9.18750000
12.07454344
18.08300781
7.34276596
3.00651872
10.33202128
17.06250000
13.07422872
2.46093750
13.09635251
2.37662594
2.37760749
16.00097407
4.33496343
28.45930657
11.65495124
6.63704344
4.80045656
2.17187500
3.27570285
4.17839871
20.36360594
10.63020750
2.05045656
8.15266844
5.94986813
2.24479499
2.18750000
11.97264628
1.72071309
7.56705563
3.01757314
21.04427748
12.96158688
3.13606937
6.93782469
0.32340578
5.80891844
17.78026596
5.48926529
15.17447252
2.63379654
11.50064938
3.96028812
0.70458984
29.44954344
6.37646235
3.84245124
10.31250000
7.47688719
10.42968750
3.17545656
21.96782347
6.67089096
5.96192154
34.50748781
12.66731439
3.38183843
10.85514406
0.62304688
0.68730091
1.04264904
13.38052970
0.63314217
3.42968501
7.33886968
17.28417969
0.28979492
3.99511719
0.68310547
5.76464844
6.50122070
2.67772939
2.87142342
4.07714096
4.06706560
5.30078125
3.79915282
3.98242188
1.55143312
1.12109375
14.24054910
2.90202903
30.57031250
1.45703125
17.88703846
1.24968029
8.93750000
9.45377438
0.99153812
1.75585938
9.28710688
7.00683843
7.07812500
7.93359375
0.05194092
5.30078125
3.24804688
6.85835661
0.12650668
4.55468750
12.77082004
16.50586436
9.79459220
3.27247340
14.10937500
7.60774158
7.48600842
12.96603709
3.28548592
4.06640625
2.31250000
9.29524158
0.90593029
12.42543662
0.75457557
5.23014406
4.06250000
16.58387037
5.76432126
5.63574468
2.87500000
1.25130125
9.99251219
12.67033023
6.51652039
5.46289062
7.44531250
10.18750000
3.65820312
8.46288564
5.74805186
11.21130371
4.43750000
5.19335439
2.31250498
2.86914062
6.40625000
10.82486813
2.96614749
6.48828125
3.37500000
6.40657469
11.55468750
8.27343750
7.85123781
17.77644348
1.59863281
12.63427734
2.48242188
17.09667221
3.32910904
11.03125000
0.25341797
1.17187500
4.03125000
8.61360594
6.05303913
14.88999556
3.62890625
19.15168440
9.49772468
3.13086436
4.89843750
1.27799313
26.61061437
7.22656250
9.91048094
2.35319093
20.04930893
2.08301529
4.52343750
7.05598626
5.46549313
3.03711436
10.20735594
5.33561281
9.87923094
5.96939938
1.86035405
20.13769282
13.14582503
4.01531028
12.18391844
8.21451906
15.38606439
4.53027593
7.69889406
1.62597656
4.61750970
2.90527593
9.15201906
3.29492188
15.53352782
1.91194703
1.09554078
6.59804244
0.10972123
0.55419922
12.19921875
7.14062500
2.92187500
4.74609375
5.64935007
0.21051321
10.76627438
10.89973626
6.17088099
5.60451462
1.69238281
6.32844969
5.29783910
16.59169079
7.32454842
9.51074468
2.26920656
7.85449219
2.17773438
5.56314938
10.11360096
4.30208998
3.51333722
22.12519572
4.61947030
3.79492188
9.03906250
18.50553468
8.62923094
5.04880819
10.11297650
13.02929688
12.54199219
16.14290032
6.08073249
9.80598626
2.65722905
1.83463625
6.66796875
3.81791168
7.68045989
2.21256593
0.13635254
5.83398188
3.26269780
15.67478724
11.42742464
6.94856937
9.78026596
5.10645279
4.12890625
6.97656250
14.93456782
2.33968016
6.12402593
7.32780031
2.77343750
6.24218750
2.01236813
4.34310062
4.52343750
8.48502438
1.70377687
12.24283688
2.82910405
5.34045410
4.94173094
12.38769282
6.20963874
6.35156250
4.07486813
3.19270999
6.97656250
19.61748228
9.29658022
4.94921875
4.98046875
15.72590814
6.08073249
12.57031250
5.97265625
1.34570312
1.31933594
13.68456782
0.62890874
7.05078125
14.67675781
5.47656250
2.41601562
4.78906250
12.53677970
13.80697030
2.67968750
8.74511220
10.17772939
5.70134419
0.12044312
2.71289062
10.66536126
5.81152593
7.02814551
2.16684230
9.21875000
0.15051270
25.40234375
2.16243157
3.97526374
0.70800781
10.18033688
9.82127660
3.65463652
1.14257812
9.44628657
6.42089595
3.88541501
3.98568373
4.10481439
5.78776374
0.84732907
17.88216312
0.34350586
2.88083819
9.58343174
5.38704842
12.85937500
20.87401596
1.81153091
4.48828125
16.71938941
6.62826684
9.84895937
8.23860843
4.91015625
1.35221188
3.54427249
0.96386719
5.16048094
4.98014406
2.88606439
2.35807624
9.37923094
17.33170656
6.82795019
8.24138076
3.68814938
12.11523936
6.58528812
3.49414062
2.09114500
10.33170656
10.04687500
15.99794006
8.36059570
14.76235816
5.72982934
12.63670878
7.07291999
14.34115248
0.80078125
12.17187500
6.94610927
16.45586328
6.49219248
14.36783688
1.11263187
10.37954588
4.36491467
0.58121828
9.17023161
6.92807402
8.79231937
7.14518063
3.39453125
4.18326906
8.96451906
7.31054688
7.91632536
3.99383089
3.19726562
19.43033688
8.32747562
2.35676502
5.36491467
7.86718750
11.96744626
4.70377438
5.23358550
4.19531250
1.88899657
1.89518312
7.95898438
10.28351286
30.69011995
3.95117188
2.82908412
4.05568151
12.03548094
0.03568605
0.64892578
1.73231932
6.31705812
5.72656250
8.90689938
8.93196781
14.32617188
5.86718750
7.28125000
2.87500000
13.07078458
21.27148532
7.07812500
12.14094969
7.34700438
4.87825687
9.70571255
1.89584995
4.76171875
3.27343750
12.01788786
5.55665558
10.46093750
6.15592531
6.73079344
7.26953125
12.59863032
4.61198249
15.74804688
9.05891844
2.54850343
6.04394531
2.44921875
5.77060223
7.37109375
4.20572751
2.76757812
3.32552249
10.22656250
3.83007812
6.41796875
19.46158688
10.53255374
10.26627438
0.29093508
4.33561281
10.05110594
7.59342531
5.89453125
4.78906250
8.46044548
0.42920296
14.15266844
16.76920656
4.86718750
7.39453125
6.48828125
12.16795878
5.61719747
2.62304688
11.60760000
4.57780031
7.02572030
1.68098875
2.41569093
9.50000000
3.93554688
12.87141844
4.64843750
1.25976562
0.99186281
4.74218750
5.12890625
5.63671875
3.18164062
5.08203125
1.28808462
4.45410904
3.90155646
4.15950687
19.09651485
4.15739140
11.95182126
6.24544437
11.44173094
1.59733156
2.15234375
9.24771720
0.49642342
5.27343750
8.41406250
6.40462157
6.18750000
2.83170656
12.01562500
3.84960938
6.17187500
4.67911680
7.26226951
8.00066932
7.90820312
16.53384752
5.35921764
16.87679078
13.16178468
4.02734375
10.77766844
7.08984375
19.24609375
13.00781250
16.18717033
8.75586436
1.97949219
6.64615470
10.48551640
18.39729610
21.51139406
18.74511968
14.52994626
4.10058843
6.60546875
8.76627438
12.92903812
11.31250000
11.34081782
4.15918218
12.74771720
13.39486092
3.21516844
2.76334718
8.89062500
10.44173094
1.95084718
14.36848626
0.70377936
6.45703125
5.77896720
24.34603280
2.41048094
3.36490968
10.64127438
4.08560783
2.87468029
11.45996094
8.58007314
2.29102061
8.74120346
2.80567154
2.52539062
16.18391844
5.35123781
5.98437500
4.09765625
3.33038288
10.56021720
11.47462682
8.48633311
9.84489140
15.58609486
17.58057014
3.67692265
11.64355220
6.44043218
10.93041992
0.26562500
1.64843750
14.53906250
3.34960938
6.03515625
16.46516844
15.38281250
13.70445853
6.75195811
13.71468016
5.81314938
3.41308843
10.80712766
0.16845828
11.11425532
7.61816655
2.48632812
12.71516844
13.50358156
8.36718750
2.97070312
19.99153314
16.51245366
2.75162843
8.62500000
3.26367188
18.68587157
25.77408688
5.13965093
14.23583735
3.74902593
18.54492188
3.23828125
4.17968750
12.20735594
20.16632536
5.81414339
6.60969969
11.63997562
14.79989624
8.76562500
6.78906250
2.21679688
1.50113268
16.12370124
19.47135749
8.34375000
5.90657469
4.83658688
1.03808843
22.42480220
4.77278812
5.34342531
1.49316406
8.12043440
9.31348404
3.83170656
1.26757812
7.12500000
4.52309786
2.46713652
11.43210772
9.41164228
3.82031250
9.04329344
11.40983156
0.75634766
1.34082031
2.31445312
5.22656250
1.85350067
1.04884308
3.31054688
9.71875000
10.89485594
3.45475343
11.64062500
6.62109375
10.04067598
3.85385527
13.94531250
3.25390625
11.53906250
0.42579827
23.68130846
16.48665780
6.85710217
16.51495568
16.91538120
16.12500000
3.98372562
8.48437500
8.50000000
8.61718750
11.54394282
3.05631593
4.08951906
5.26171875
1.79752687
7.03125000
12.55728502
4.52474623
1.73339844
7.32812500
0.35961914
8.73339844
4.24218750
6.27734375
11.46289062
7.34765625
12.32812500
5.60937500
0.58251953
8.00813719
0.57812500
14.18326906
14.32812500
8.57454344
2.30859375
9.65201906
1.24902344
4.42968750
11.14062500
3.62337157
5.17155031
15.66471188
2.76106937
1.56542969
11.38281250
4.51562500
4.51366191
15.04883311
20.13167733
4.10123781
11.01985594
15.52384523
13.96907469
2.47330563
1.32422124
2.92968750
4.36946033
9.99382092
9.62141844
2.28287843
6.20312500
3.83984375
7.10188719
15.37076906
3.28906250
13.42187500
2.79492188
4.13671875
6.41406250
3.87500000
11.47395501
3.58691655
12.31217531
13.09375000
5.72363032
13.83886968
8.98502438
0.69173343
9.71516844
8.08039783
1.49154310
9.75423094
27.62412599
6.03515625
5.64843750
14.08593750
11.26985594
7.11328125
0.20402101
7.50650377
1.83724623
9.73143784
4.25879654
8.08593750
24.10937500
8.75927734
21.22085550
5.58383200
15.61783688
6.55013187
2.98079344
8.47786126
3.92154533
4.76628435
24.75000000
7.39941406
18.53971188
7.77278812
6.31250000
15.19302970
3.45931405
6.93750000
8.06282469
11.75423094
15.76822751
8.87370124
22.21777344
19.65266844
1.57942625
6.74153812
1.41796875
12.66562741
5.56998781
9.81608156
3.30571098
2.25912123
3.16438719
10.11002438
7.92122562
7.64127438
14.50781499
10.91155258
2.61556405
4.94401374
5.93359375
8.10937500
5.04329344
2.55436281
16.80533688
4.34537594
3.30729499
10.90625000
28.60937500
11.88346188
1.83919437
12.03971188
7.58919437
9.38769282
1.17383062
8.28125000
16.59960938
11.42708664
5.05439770
6.47591312
8.64843750
11.19952350
4.49611369
11.69889406
10.32633422
1.46044797
13.25423094
3.56543218
11.49641844
1.14225343
4.66796875
4.11718750
13.61913564
4.96419437
3.74088874
0.55183836
0.06766847
1.48046875
7.23681641
5.47656250
5.21484375
5.23437500
9.31250000
15.37500000
4.78808594
13.82812500
18.11132812
11.34992908
6.39258311
10.49218750
9.38639406
19.27907064
16.91471188
3.16927748
7.32063719
2.14843750
25.42740470
4.65104499
11.89550781
7.25716312
1.08593750
1.97851562
4.96484375
1.26212461
0.03365175
4.01953125
8.53221410
3.62794215
14.95637689
12.28548094
29.50651374
17.40625000
9.91813234
9.57161126
11.26855718
3.88834718
15.65754876
9.56738032
12.41211436
0.20475343
8.23437500
19.70572252
14.14388685
2.02180907
8.66406250
6.30045656
7.06640625
36.19454193
10.81250000
2.20930907
8.07031250
3.55045656
10.00781250
4.68750000
28.53987547
29.93619875
6.14876219
34.06965814
18.65462157
1.50977061
10.06867908
2.78093029
1.19140625
9.78906250
16.53091534
3.41439716
1.46484375
13.34439938
3.29524407
2.73633311
7.66406250
10.83593750
8.84798094
5.97233156
4.77734375
1.81445312
2.11946532
12.62076906
25.81430817
18.10856717
0.78255374
7.64094969
2.30045656
21.70507314
12.49935062
11.87972296
17.93929078
8.00064938
3.08724124
4.98828125
7.93001219
9.79296875
5.76920656
21.38736813
1.05696781
0.14776611
6.23828125
0.63769531
10.61718750
6.23110816
8.12826684
6.44531250
8.59798094
9.07876441
4.69727061
8.34424202
9.25830452
17.85529145
7.50798980
9.39062500
3.66406250
4.72265625
13.32454344
1.10905031
16.29329344
5.70084718
2.17187500
16.80891844
2.67350343
15.49177977
4.21451906
10.78287594
17.19905765
16.24055408
1.55241467
13.47916002
2.90983654
18.49901596
6.66081560
10.78613281
20.34049313
5.29296875
11.14420656
9.58593750
3.60123781
16.43489251
20.52766844
3.50814217
10.64062500
3.34765625
3.70507812
0.01479340
28.23925532
4.06152593
4.78906250
28.94954344
6.80240968
25.67805408
10.70475842
4.78027344
12.70312500
4.03125000
17.89420158
2.80306405
16.83869238
19.01872949
13.24527704
3.59066046
23.23176751
6.13541750
3.63965093
29.65297319
14.88771276
8.98275155
1.27539062
6.92187500
5.01171875
5.77734375
5.01171875
1.61035156
5.32974845
11.43685062
14.40560062
4.93391844
1.16829593
14.13248283
9.76432624
2.54264406
14.86718750
9.94531250
2.59960938
12.39843750
2.28320312
17.29589096
9.00879654
7.65266844
19.19108156
9.89062500
4.49039672
-0.02497314
5.50781250
8.70312500
8.32031250
0.02445984
10.15331782
15.83626219
4.33854499
4.66406250
17.02798316
9.16732934
6.06250000
11.25781250
9.48144282
12.58886968
0.28125000
17.98079344
14.79524158
4.54427748
10.57031250
3.55566406
7.57421875
8.85156250
0.75699828
0.06783082
15.70312500
12.19531250
3.57812500
3.16992188
17.57812500
9.97298094
1.71614500
9.03060062
13.56250000
27.18988034
-0.08050534
3.20703125
10.81639628
14.27735372
12.57420878
1.53711934
4.08984375
12.74641844
0.53141359
2.88899657
6.19897212
3.55957280
6.06429078
4.97054078
1.89941406
4.26171875
4.43391844
12.78906250
18.34504876
3.03157967
6.80208001
5.97916999
23.48034668
2.08528563
13.83170656
2.05468750
13.73256428
0.73455728
13.89754211
0.24861757
9.84375000
5.12500000
3.55859375
7.67968750
0.28051758
12.26269282
2.91699468
1.25609604
5.12207779
7.79002909
4.21940935
4.41341312
3.04296875
10.29329344
5.61295656
7.68750000
12.49641844
2.33365968
16.58593750
1.36914062
14.17903314
13.10514406
3.50293218
14.40429688
6.56032303
0.98777268
7.11718750
1.48632812
17.75813719
5.08951906
1.37792969
8.98502438
6.34015847
2.90528590
0.89746094
2.13085938
3.91825192
12.22591312
7.40136719
18.04199219
2.23046875
9.03125000
4.08024047
6.13094117
4.88281250
2.77148438
3.98242188
11.24039672
0.16463258
2.26009032
11.66764406
5.58398438
24.81738281
2.46516844
8.47233156
1.22753906
1.15429688
8.10579344
11.31673094
0.82161624
0.79101562
11.65754876
12.86067874
0.58609486
7.95532512
5.53906250
5.76171875
1.88964844
15.10807126
3.85872562
1.70865719
12.63346188
1.72916999
6.14549535
7.17091090
1.47656250
4.25390625
0.47412109
6.40266844
1.02115968
3.91210938
2.87890127
7.63867686
2.18261470
1.34993656
1.75846437
0.03134155
1.83886719
2.35742188
5.21093750
6.02668939
13.60066711
0.27645210
3.12857658
4.05338874
4.14811281
16.23828125
7.09016844
20.12669902
4.25782247
5.54329344
4.90950687
1.76855469
9.44173094
0.77506593
0.26013059
0.32006961
1.31542969
2.50976562
1.33789062
5.71711907
11.72937167
0.12284519
3.53157469
0.86295656
10.37500000
5.57812500
12.08430408
10.86100842
6.91666501
8.26497562
10.33593750
4.08593750
4.14062500
8.47656250
9.87271720
2.98046875
17.53157967
0.74951172
5.72265625
13.55891844
8.94596188
8.77636968
2.59985352
6.91406250
9.57812500
0.79931641
3.57649657
6.74023188
5.24088874
4.18359375
6.75211547
0.07759644
7.10937500
3.67382812
10.25000000
5.04199219
6.03596544
12.00000000
0.42171141
9.83332004
2.11948027
0.72377484
1.76953125
0.25325687
3.75976562
7.48828125
1.31640625
1.09375000
5.19173094
1.70475343
0.83349609
12.49478502
7.29427748
2.85351562
14.89546629
0.81599001
2.29947751
11.52701906
4.92545656
10.23437500
7.11360594
13.30436281
29.35351562
19.99239203
13.05989500
4.86263187
6.76204344
3.05436281
13.86425781
0.99230957
2.65299313
12.00716312
11.80208001
2.23698249
8.78973007
10.05891844
10.80793440
9.38314716
5.49251219
3.90625000
6.79655031
2.48599845
11.27694100
0.97021484
8.83300968
13.19889406
4.19986813
5.33528812
3.05016424
4.55390070
2.69140625
20.12500000
8.68652344
2.20572751
3.47981937
4.71484375
4.57421875
2.55664062
4.56640625
1.94042969
2.08599355
6.77962655
13.69596188
2.18066655
8.61718750
1.96223875
8.95670656
6.24519836
3.69034851
5.43359375
0.23303223
9.23404034
10.18048112
7.21484375
1.30761719
14.20613524
2.59570063
8.44824468
2.42089595
4.90528145
7.11718750
8.30468750
0.37963867
1.36914062
28.66177970
1.07943124
5.66210938
4.38281250
0.70458984
9.41406250
3.46093750
6.15234375
5.14876219
1.82975343
1.50292969
0.35530516
0.54996828
3.73828125
3.39453125
2.58593750
14.76204344
8.41829344
3.80338376
10.36360594
6.66634530
13.81738032
6.53841312
14.58593750
14.99218750
6.34733156
5.92187500
1.55273438
6.50781250
4.38936542
4.77897717
7.37500000
29.72200189
8.04980718
3.74381593
7.39973626
3.12174811
8.47167221
4.22754654
2.59375000
3.77539062
16.60473633
19.12353516
13.52343750
2.21850586
4.37109375
4.55859375
0.66137446
3.00551973
8.97429964
7.25813719
10.52115470
6.22852061
4.87500000
18.34798094
0.98860843
33.83853502
1.04720717
6.09862900
3.21255949
6.65137965
3.74153812
4.24153812
9.08723626
3.95963874
14.04162567
0.05017121
2.58471680
7.97298094
4.39255320
2.58759086
2.16682610
10.59668218
3.09147218
1.83300781
4.56640625
31.87923094
4.08561281
8.07454344
4.05110594
11.23372562
0.57705190
8.32259530
2.24186281
5.37857159
9.03158466
2.84375000
4.18001219
1.90494875
0.39086914
5.39029034
10.16439716
6.05631095
4.14740676
4.57421875
5.08593750
3.64777815
1.60808122
3.79882812
7.53515625
6.21484375
9.07031250
4.79687500
7.60611813
-0.05619137
5.23437500
12.93750000
3.52408190
3.92350094
3.35677748
5.51562500
18.41478164
10.55110594
7.83984375
17.35156001
3.08756593
4.17090093
3.11914062
15.32519282
4.72754155
4.29687500
9.71581782
6.19824468
7.37174313
4.15169437
0.78417969
20.68359375
4.07031250
6.08203125
7.93359375
2.76692376
6.02604499
10.62109375
7.02376219
5.86718750
8.02701906
11.93391844
3.88834220
8.14062998
4.92968750
6.74641844
7.32324219
4.06217531
32.13704344
1.06998532
5.10449468
1.24218750
1.05957031
11.67413786
7.38054964
3.30090332
21.72834456
7.48894060
7.35131836
31.88671875
12.11783688
3.15950687
16.32812500
3.47102782
6.95280031
2.13085938
12.19173094
3.22590814
7.99447030
7.66829344
10.12500000
7.15692762
6.23828125
10.96875000
2.56640625
2.11783688
7.08528812
5.43750000
4.93782469
4.57780031
8.51562500
5.29068595
2.52376717
2.65006344
3.85514406
6.29655031
1.01269531
1.10644531
3.59602283
3.85352061
11.26920656
1.53450438
7.83365968
16.15625000
8.29687500
6.03125000
0.21240234
0.34979248
0.81591797
3.77343750
2.74023438
6.25292221
8.58333998
8.83625222
1.66732934
9.25323693
9.61785682
0.30615234
1.07617188
6.70898438
5.64761705
8.48617201
3.26301751
5.02213874
3.40982658
2.85449468
5.00359852
6.44140625
5.21484375
6.13671875
2.01562500
3.19302970
1.71517342
8.15396720
9.93164312
2.08593750
4.05794437
4.60156250
4.32844969
1.30631593
13.84016844
14.06250000
22.14615968
2.94140625
7.20312500
5.54719969
12.05891844
1.77474124
18.46386719
4.42968750
6.55859375
1.41406250
1.48933899
0.11056456
3.36198000
4.87597158
10.12695811
2.23242188
6.53125000
2.86165282
6.34472407
4.41666999
3.53125000
1.46060284
1.61947528
7.78125000
14.16829344
17.18750000
4.35123781
6.87109375
6.75846188
16.60563234
7.74967531
2.61197003
1.92806903
2.89192376
4.93294437
7.53092531
2.09602782
3.46614749
8.21679189
6.26562998
14.78906250
3.13281250
1.99609375
7.27539062
4.77343750
11.79394531
7.34944329
8.69401374
6.95377438
8.34310062
14.52766844
1.96256593
6.41796875
8.30468750
10.29296875
5.26171875
3.70312500
1.22753906
5.88281250
3.38671875
8.64127438
7.43261220
9.95475842
1.69596437
6.22656250
4.80143063
5.08138187
2.66502411
1.48829620
13.01041501
6.75325687
1.68750000
4.12500000
2.11718750
6.31551086
0.05118836
2.45279533
3.50814217
7.07128657
11.30371343
5.83691157
1.61718999
31.90428192
6.08790558
2.33984375
0.82911858
18.08538818
21.21289062
5.26171875
31.96190160
10.89747340
4.68750000
11.05468750
0.01696777
19.17512190
8.74317154
17.86718750
10.46093750
2.22631337
3.82259530
8.82389406
6.56608156
23.01269282
12.51920656
4.98372562
15.83081055
4.60546875
10.01627438
4.03873283
3.93913342
14.00682846
3.18848404
9.41406250
9.67187500
2.41829344
10.37337157
8.54427249
18.47721188
5.57780031
5.13248781
9.08235594
18.39062500
6.93749003
2.56413840
4.36521942
1.26759308
4.76147461
4.24218750
11.90266844
7.42187500
10.33170656
9.41406250
7.27734375
3.14453125
2.02148438
12.98762190
5.66293107
3.05680297
11.73876704
7.23698249
14.27734375
11.38281250
7.92187500
2.45507812
1.70214844
0.90185547
10.18179674
5.38802748
20.27408688
2.24935062
10.63704344
14.36946532
3.61328125
4.23052509
13.50185149
7.96062278
4.30078125
6.85091312
2.90234375
7.29849845
2.46907967
4.51562500
18.27245346
5.54395279
2.91015625
14.13704344
0.51969484
8.01431627
9.18014174
3.84570312
4.98046875
8.72232159
3.30892841
20.01953125
2.99804688
9.37500000
9.39062500
4.92968501
5.60840093
13.36357117
3.67773438
1.43359375
11.67447252
0.73666029
8.56420898
11.84471410
5.05372340
0.38916016
20.17953110
4.10839345
7.80273936
14.38281250
7.12923094
20.03674316
10.23079344
25.13899657
6.02222780
4.64224845
9.11523936
13.32826086
6.39583001
3.96680186
1.01367188
29.23209220
32.42252936
17.66406250
7.43261719
2.72330812
20.85742188
25.71646720
12.59245124
3.56477782
7.01888187
6.64093972
4.19499778
2.87500000
7.70490581
9.03532856
17.01659907
5.51562500
7.12825687
18.69889406
6.79687500
13.56835938
8.55175532
19.00385476
8.68718528
7.84668218
8.68750000
14.41177970
4.65853280
10.76887689
3.34245124
15.56673094
12.41764406
2.06835938
4.68782469
8.73795656
5.27734375
9.86889150
7.77199657
3.82291999
24.10587399
3.38216312
13.70312251
3.18457280
13.98854960
5.54590093
3.83007812
4.23437500
36.66829344
10.55989500
8.07389406
10.52831782
1.16666999
10.86783688
4.44466312
8.92317376
8.52636968
14.28075798
15.32926640
5.54655031
2.27864749
9.57812500
6.57616689
3.69727061
17.29914783
6.72428967
10.95312500
12.49641844
3.22623781
0.39941406
3.65543204
38.11751717
16.60252660
2.98341090
3.60579344
13.41080812
2.88476562
0.37719727
6.53775377
1.61263685
7.42089844
2.89648438
1.89355469
9.09928219
15.65462406
2.90039062
7.83950909
10.10092060
2.11914062
35.69726562
8.73079344
15.08235594
6.10872562
2.10156250
15.44822474
1.99513463
13.06135985
4.65201657
8.93993019
14.52491356
5.44824468
4.85329178
0.27781174
10.16567598
6.19760527
5.32031250
3.67998587
6.16717198
3.25488530
22.56677246
12.62500000
0.86767578
11.40209074
5.95833998
1.17382812
5.77212877
1.03451185
15.34798094
14.62662843
17.62044188
3.39030031
7.22298094
3.83170656
10.39062500
3.14257812
5.76204344
11.96875000
2.46842531
0.48876953
25.16679001
8.02115470
22.05306405
7.59765625
4.61393063
2.12239749
7.06705563
0.40267093
5.61425532
3.87011968
12.54687500
6.48566379
9.72917996
9.79687500
4.75895977
8.13704344
4.03482159
4.28125997
4.91926751
15.11979001
13.57942376
5.62565935
15.88623047
16.52734375
1.30957031
6.26774047
0.09944703
11.00000000
10.60937500
0.13000488
4.12564938
30.85677249
4.41145501
20.84699690
10.92514184
2.29036126
18.87370124
30.99804688
11.38183345
7.18652593
12.73207073
2.17613240
3.31835938
0.50935540
8.82096686
6.03157469
1.33756593
11.80891844
10.01562500
2.89648438
20.01822252
0.60840591
8.64664672
9.24397828
5.53906250
1.29394531
22.85611813
11.92276764
9.85514406
2.95312500
24.58951906
4.19531250
2.88476562
16.60969969
6.55891844
15.54264406
27.53971188
3.75585439
2.90723404
2.42187500
11.65950189
5.25097407
1.59407967
15.76106937
13.75469705
7.29655031
5.51953125
13.09140866
0.47184328
8.17675532
3.77995124
0.77685547
12.55468750
3.82617188
7.69140625
16.17415282
24.25064938
11.14355718
4.09765625
3.37500000
7.99282691
6.17692888
5.65918218
2.65397218
15.01204344
15.13281250
4.07389406
15.03254876
5.67936281
6.59310062
7.14420656
12.95312500
7.51594969
15.99641844
1.25130374
10.33983378
16.25716312
3.81706560
8.31314938
34.63899657
3.24902593
13.43750000
8.50357907
3.59895999
10.51204344
5.30501219
5.98372562
1.14160156
17.20312500
4.27799313
11.59937125
11.12728280
11.41764406
7.44563719
6.91373781
5.30826906
0.78173828
1.21712157
0.84342531
5.18424313
2.38997562
20.52571033
16.34928967
5.30078125
7.30859375
12.08398438
9.03125000
8.25000000
2.35546875
8.51366689
4.87695811
3.41992188
17.85709220
21.05013187
12.43423316
4.93198027
1.77246094
1.66430602
0.04669252
6.87662594
3.30794437
6.30468750
8.36164783
6.43522717
4.26204344
5.76139406
6.12500000
0.53352657
2.66325077
1.73339844
10.06086907
12.62272218
19.74315160
2.59604277
9.60514406
4.96826172
10.51204344
2.03678468
13.44985816
1.78842309
36.30468750
9.06250000
2.96679688
4.96875000
9.71875000
1.53335924
11.17578623
6.35286624
5.73828125
7.35546875
16.96321532
13.75000000
5.57031250
21.46889739
5.61410793
4.23340093
11.33495346
2.01823747
2.30078125
8.75292969
5.98502438
4.74544437
7.99641844
2.64225343
11.36490470
2.20540780
18.12401596
11.21192154
11.25617908
13.58723128
13.25261746
1.66569093
4.10643285
2.48341090
2.57812500
8.80468750
2.47785628
1.88933122
12.68750000
8.49641595
5.03418218
3.04069093
3.17187500
6.82421875
2.42968750
6.59765625
27.27803465
11.79459718
4.73046875
3.28515625
6.63281250
2.01562500
6.59375000
10.34375000
17.28839318
17.10270390
12.54640292
0.06817077
1.21126344
11.94531250
7.00000000
42.26627438
2.46419437
9.05110594
3.60514406
4.03906250
9.19531250
2.40039062
8.86783688
0.37532718
7.12890625
3.44368407
13.45084718
8.96483378
1.98633809
2.71093750
21.65201789
1.45443124
1.65917969
12.50687621
1.62950289
7.45151152
14.31086658
5.77181405
21.73176751
2.49447030
5.20280031
1.37695312
6.18750000
16.68212891
13.14152952
2.40591783
6.80599623
2.91601562
22.72972636
6.32455341
15.92513187
4.68328857
2.33789062
18.91471188
9.30045656
0.68424562
3.32421875
13.93359375
13.17675532
30.38460328
7.56754765
5.21907469
3.88639406
4.66438719
14.29459718
13.41520141
17.63850953
8.22656250
4.09375000
4.69628657
16.37011968
3.61555907
7.19108156
1.99316406
0.45572875
-0.00562499
5.38474070
15.60776152
7.98177748
8.76573083
0.43113205
18.31250000
15.67480220
10.15136968
10.17187500
8.96471420
4.94239029
15.01562500
6.51333971
6.84569814
19.48509788
4.30362540
6.89941157
5.02051529
5.66992188
33.53320312
8.22720329
2.89682015
18.30891844
9.87858156
1.48535156
4.67024158
12.87663342
1.77539062
13.62500000
2.56996538
2.21030806
0.16601562
0.71117915
4.72753657
8.05463431
9.20312500
7.73893063
10.60872562
1.70702627
5.54102061
41.66015127
11.49463389
4.00390127
3.30222423
9.84245124
8.12695312
5.85156250
3.99609375
14.47298094
13.67167776
16.61738474
2.98990968
6.81347407
15.36621343
13.40038564
2.72461436
13.10937500
5.83983378
7.50814716
0.61979250
1.65136719
11.00096410
16.76853724
17.09768616
1.83690659
1.47949966
28.20735594
3.21256593
0.20239258
2.13509032
9.05826906
3.47948970
4.08496343
14.29090808
11.09146720
14.35547872
4.35237298
3.91276374
5.57104492
5.94531250
9.56250000
4.43954967
0.18508412
4.10937500
10.25000000
11.52229610
0.49430546
2.37109375
10.68660461
0.06064881
16.16340315
10.15690935
4.97298094
5.32454344
3.56770999
2.82844969
2.51562500
3.64420656
34.41992188
5.16406250
2.39371703
3.10180539
2.83756593
8.25097407
1.37760749
47.33984375
8.98583984
8.68750000
3.94986813
7.49153812
2.65234375
2.26171875
11.53548094
4.63116911
6.46225620
6.25000000
4.43027196
10.56901374
4.32812500
1.38281250
7.41796875
3.41796875
0.49389648
14.33235594
13.54655031
3.46679688
16.23079344
1.69596437
11.64485594
4.99186281
3.94531250
2.60986079
0.11271055
7.56307070
20.56673094
1.68229250
0.69482422
9.62988032
13.11621343
7.23437500
18.16373283
4.95496010
0.09212250
4.11401367
17.96484375
12.58235594
6.11425532
2.47135749
16.51562500
6.97721188
3.74153812
9.36360594
0.55387453
16.88020501
17.22949468
9.97233156
0.33471680
10.67968750
5.59650862
4.62956560
6.82454344
1.20019531
7.65754876
10.85122784
12.61785183
3.29101562
8.25781250
5.73046875
0.34183590
2.38020999
6.46875000
15.92708250
12.46376463
3.37044437
11.04313660
0.79736079
6.39485594
10.10628546
2.08772828
1.69266129
6.60123532
3.44856937
4.30468750
4.21093750
5.37597656
7.58984375
0.90504959
0.65256760
1.96419188
7.23266103
4.87305186
0.95280031
5.93359375
14.02278314
17.52847518
1.50342918
14.29524657
0.24723390
11.62923094
5.61490470
1.01855967
9.83593750
3.94433594
4.68424313
3.62272218
2.85709718
11.71907469
0.20475343
16.89078610
5.98014406
4.62858156
8.71516844
4.89843750
6.04166501
7.43261968
1.83691406
4.26985594
5.67936281
5.41113032
1.89355718
18.91307068
5.48437500
13.42187500
4.75878159
0.28125748
9.02832031
1.07942625
4.71451906
11.98437500
2.09960938
14.12320922
1.44807984
14.46891110
11.57161126
3.82227061
3.10546875
15.68912594
4.50748781
7.96451906
1.44726562
2.04247548
7.40039561
5.72656250
10.58854001
13.02701906
6.60546875
2.56998781
2.22656250
8.25747784
10.59603778
4.15234375
2.77343750
9.54329344
9.84733156
8.91372784
1.58431903
14.43879876
16.99511968
6.35123781
4.36360594
9.93391844
10.13997562
0.31127930
3.68001219
2.90592531
15.27343750
2.84960938
11.40266844
10.33330287
12.91276374
7.55891844
7.82031250
14.78483156
7.58593750
4.10546875
1.60449219
14.34114251
3.88151374
4.63704344
4.82389406
0.96728516
6.22298094
6.67968750
10.80045656
4.41503657
5.24544437
4.02734126
12.83659186
0.71484375
2.04492188
9.34764628
3.12110372
5.91015625
2.21679688
0.77539062
1.65509988
0.52507590
11.85937500
5.00390625
2.34798094
2.90201906
12.78059564
4.06120124
13.42187500
21.80533688
14.16406250
2.74544437
5.56250000
6.92187500
1.64941406
15.09504876
8.08789062
5.34245124
7.99251219
4.20670656
3.83203125
11.92610345
8.34245124
5.00000000
32.98828125
20.85301862
2.52279435
9.19108156
4.75813719
12.80045656
1.54068346
3.76335217
1.75162843
1.34570312
7.83984375
12.89550532
9.06543218
17.94078886
15.91960466
9.00423094
15.11393312
3.35351562
3.03938470
4.59382453
4.32486315
3.43099623
1.45996094
11.96320036
3.00945589
7.02408190
8.93490248
17.36262689
3.71354499
12.18750000
7.32031250
14.24251219
5.95670656
5.08203125
0.44018555
4.61328125
10.21353502
3.61068373
1.73828125
4.85025876
5.71842531
14.80045656
18.19270501
15.76627438
7.99447030
6.99218750
7.01139406
10.97786126
2.68815436
8.30468750
8.11002438
1.62728031
2.90234375
17.35449219
1.50000000
2.50000000
15.90625000
1.35839844
8.12629876
5.42838874
6.61718750
7.95312500
7.17578125
15.20735594
3.67936281
18.23274407
2.88737311
11.31673094
2.48405031
15.16894531
9.85058594
4.23437500
9.02343750
6.75813719
2.03092531
10.41894282
8.21093999
2.43164062
14.82454344
19.34765625
4.52701906
7.35546875
0.79199219
10.96158688
7.69889406
1.60708722
6.48047872
9.19531250
8.98079344
11.24576906
2.88346188
10.38639406
15.60676751
9.17838874
11.16372784
2.62891622
6.42578125
3.13410628
8.79362810
3.00585938
3.26529283
5.56380873
14.53971188
17.41341312
2.90429688
10.40266844
3.19303468
20.70084220
15.76790780
12.40625000
7.74706782
2.96777593
8.25064938
5.65950687
4.88964096
4.18067154
12.72850815
7.52865248
10.33170656
8.66829344
4.26920656
4.68750000
14.28125000
10.03613032
8.27180408
3.14909685
8.11002438
8.16568595
8.93522218
4.88867686
7.85969969
9.90787843
6.50390625
22.66412354
2.38476562
9.82454344
14.33593750
1.85123781
21.34472656
4.58203125
5.21093750
2.77343750
7.17008422
0.13509156
18.89940160
15.06755139
7.16211436
6.01888187
15.72656250
1.16210938
13.88834220
4.22493905
1.78808594
8.79166002
5.28711436
6.88216312
15.30305408
7.18522717
2.19531250
7.38248532
12.02701906
1.74381593
8.83593750
9.43589547
15.95540780
2.66764406
8.34016844
4.90983156
2.94726562
0.81005859
21.04798214
5.29231937
9.79597961
0.18400086
1.87695312
13.17675532
10.71158688
3.92415780
2.97460938
8.18750000
12.59211658
8.36100842
0.10980225
13.16080563
17.60156250
2.58528812
14.26985594
1.80631593
13.91959220
11.65396720
2.73112810
6.82421875
4.73649047
-0.01633666
2.75390625
11.96875000
5.85839096
10.25700576
1.71500360
7.79980718
4.35514406
2.75195312
2.45507812
11.28320312
10.13052970
4.50651374
4.14453125
15.85644282
8.60286126
3.56771498
8.70312500
6.81575189
6.00683843
11.76562500
3.38444093
0.97656250
8.22363032
3.46582280
2.88281250
14.26985594
1.15983156
17.61339951
13.29752438
14.15625000
1.22298343
4.01953125
2.67480220
16.62710550
7.44613918
12.59798094
11.93326906
6.02376219
1.76823000
11.45377438
10.69920878
4.18295434
9.96093750
4.15493130
21.44728058
15.95638187
10.96321282
3.83073249
6.25976562
5.03906250
12.99121094
8.10579344
17.71158688
11.82454344
3.75260749
8.94775266
0.16040164
7.50683095
3.20312998
14.08585197
1.36590825
8.19531250
8.77701906
7.80045656
9.43750000
2.04231189
4.50944592
14.44954344
7.28483156
4.12109375
11.19920878
5.71322030
10.38867686
15.92610594
10.46810062
0.85009766
9.07584220
6.40853280
20.35176086
12.72656250
9.63281250
6.69335439
4.18555186
12.54230940
0.68750748
7.76562251
0.42830009
10.65763741
5.22070312
18.59741211
3.53710938
16.94596188
8.90560062
22.58089110
19.87467531
25.06640625
12.12500000
14.89257314
11.49413564
16.64795919
11.93570797
12.77767093
8.22412109
1.77766844
11.14062500
4.06282469
3.28060062
8.18749003
6.74610372
2.46679688
6.39094720
8.67480718
13.50748781
8.93456782
2.69856937
10.19352297
1.81933594
7.84407469
0.12614015
10.23079095
4.43261968
16.11490470
2.24414561
3.75000000
4.42610594
0.79264406
15.42870346
2.28028091
1.56347656
8.65559065
7.53352283
2.05112089
3.86523438
1.69532952
13.57422124
8.43391844
4.41634281
3.31445312
4.97265625
5.34375000
13.80621338
8.13281250
8.48664783
9.70117686
1.93196532
16.17919071
2.48079344
11.71875000
24.83951906
8.87874017
12.38932624
19.94366911
6.71908715
6.51009530
5.58593750
5.09765625
12.73925781
1.84570312
3.64843750
9.34798094
3.42936281
1.49316406
10.28727172
4.78906250
7.38069703
7.28548094
7.99967531
3.31640625
12.55289672
12.91845579
3.15364749
6.53580563
3.61263187
10.75683594
1.10156250
2.00390625
11.69596188
1.88802249
5.85383782
2.17838874
6.87923094
1.74967531
10.12500000
5.37890625
8.93033688
3.58333499
10.46516844
4.36686281
8.89322252
5.49349623
4.39062500
7.23046875
11.88555996
7.55794437
14.73144282
10.31543218
5.14843750
15.18391844
12.69889406
9.07031250
11.39062500
16.57486813
5.31575687
6.23144282
0.79101812
2.03320312
13.47004876
11.36230718
5.93196532
11.87858156
9.55468750
4.17545656
5.92187500
8.76204344
0.72819093
0.61621094
4.56250000
16.02408688
1.84016844
0.89160405
4.61360594
1.42138423
6.16341312
8.49755984
0.09163453
1.25524902
2.81250000
7.30468750
9.98860594
14.25960328
0.95442750
11.54599762
5.26171875
13.80957031
17.00000000
9.96679688
5.43762207
2.79882812
9.90266844
13.90006593
4.28727172
5.00960328
4.24218750
0.68945312
0.56347656
9.26594969
1.94537309
3.78906250
7.41471188
6.65169437
1.38281250
2.70507812
9.01985594
2.91154054
9.74201020
5.78923980
13.73828125
2.22477172
0.32726838
13.87500000
14.95092773
9.14420158
7.43978280
6.89904785
5.64518063
10.17903812
3.73437500
10.32031250
15.29752438
15.60025377
4.20801529
8.47233156
15.74169922
15.58593750
16.51562500
1.64843750
8.68750000
12.97298094
1.69107907
3.56933843
8.80468750
7.86002438
4.01920656
3.53287843
4.01863586
-0.00983154
6.28515625
17.65625000
7.48860594
0.49772218
6.10285628
8.39519060
8.56379876
2.38737311
7.68001219
7.74967531
0.11851927
5.09163453
15.58382203
1.49609375
7.14575133
0.35644594
5.37890625
3.67187500
9.71093750
2.90657469
0.78963071
0.07479070
2.07617188
8.73209220
2.39095467
1.19921875
12.64696767
14.77539561
2.66796875
6.58203125
8.26562500
7.71516844
0.81656984
13.18050047
7.44498781
1.22810042
0.75065935
3.51953125
11.98274657
12.27994875
2.37304688
9.81250000
1.15136719
12.17610594
5.42545656
22.70385742
10.98502438
15.93378360
3.83912659
0.52099609
7.54117797
2.38297485
6.43424313
0.41650640
7.92968750
2.73828125
10.00000000
0.13161131
1.40983156
13.51235816
8.52670434
4.20312500
4.69140625
4.32812500
4.42610594
3.96842531
11.73437500
8.57031250
0.54785156
7.92968750
11.36132812
6.46875000
8.76562500
11.80874114
0.34750886
9.28710938
1.03710938
6.11328125
7.57812500
6.40234375
8.67773438
2.29296875
1.35351562
11.09260860
0.63834843
1.98925781
6.71875000
0.26780026
0.34212406
12.67187500
8.13606439
3.16666999
18.48258422
13.02587766
8.38378657
5.50618905
2.65234375
1.78125000
6.90836547
0.33113648
5.49609375
9.15266844
13.34375000
6.99576906
5.47265625
11.83593750
4.39453125
4.61360594
6.38639406
2.66031860
15.04866578
5.47298094
15.18717531
8.59960938
1.63671875
0.34846922
0.61238586
0.84480898
0.21093750
17.50488032
5.25683843
11.42610594
7.22656250
1.87760500
9.19009752
2.63802748
13.45311503
2.61752216
20.71606445
10.66471188
5.76465093
4.77376219
2.10725828
10.21028812
6.52083001
15.20182624
15.00064938
8.03841312
0.64973875
5.35905031
6.25455563
9.80403812
4.50000000
9.96516844
10.10839096
8.25879654
1.84733156
11.93750000
5.05143063
0.61263187
1.91992188
6.73437500
1.83414049
4.69271498
15.89631206
8.24431294
23.74707031
2.75781250
8.88704344
25.81054688
9.86360594
5.08919437
8.92968750
10.76985594
14.03743157
1.96907967
9.23437500
0.53515625
3.03515625
6.87141844
8.53906250
1.03808594
6.25390625
6.68520723
6.22104277
7.98014406
0.58837891
12.89306516
0.10229617
7.53531735
12.94173094
1.87597905
3.15625000
9.68164062
1.26464844
3.77539062
5.10754395
1.26236813
12.67903812
4.29329344
1.53287843
2.67773438
7.80078125
4.95702128
5.27279310
4.24479499
15.42187500
3.61718750
8.56673094
9.28483156
0.22802734
0.29655207
8.64355718
15.37109375
13.25781250
0.42871094
6.29296875
17.65625000
12.79687500
13.28727172
1.23616329
6.44302970
2.41537123
1.86914062
7.91047097
6.29867575
1.05843140
13.50161348
4.68979277
0.90429688
10.03906250
1.17203735
0.03725221
14.03189938
10.28873532
5.22558843
6.46549313
2.22754155
8.88281250
12.45019531
4.85156250
1.90625000
9.10937500
15.96971410
4.63704344
0.60613308
4.54296875
2.29264157
5.54622562
8.10937500
8.70735594
0.55908203
15.91780142
9.77328014
2.68750000
7.98437500
7.55891844
23.71451906
1.32226562
11.91438719
6.55012190
2.80892841
3.50000000
2.83235594
11.26920656
3.10546875
18.03742908
10.54492437
6.74479499
2.40820312
17.36815160
2.31576684
12.05826906
4.82031250
8.42187500
14.42480469
9.85701414
7.01530031
3.00000000
5.04215204
0.29476202
11.64843750
14.64485594
3.64030031
12.94173094
12.18750000
13.09439938
6.32910405
1.70019531
17.61783688
14.24576906
1.26530031
8.46516844
16.02766844
3.65169437
12.77766844
18.26371340
19.92317376
1.58952155
7.61816157
0.76465093
14.29230940
6.50847185
2.45117188
11.30533688
3.47428468
14.45304445
4.78515625
1.37500000
8.49869127
1.44271498
7.41015625
1.62695312
2.98502438
11.83170656
1.87076906
8.57942376
2.52995124
10.82486813
7.60091312
21.60644531
1.41210938
2.76953125
12.34375000
0.76562500
3.27734375
8.93814938
6.79524158
12.69267698
8.57487810
1.60644531
5.04296875
0.02087402
13.80078125
6.80078125
1.45019531
2.58854001
2.35481937
3.87500000
8.91048094
7.47233156
18.04329344
2.38834718
17.00617908
9.97004876
6.13526263
0.99397828
12.45343972
4.37077903
4.10156250
11.69954344
4.62858156
9.75781250
0.38989258
14.72656250
5.83984375
6.64453125
5.87923094
0.19205812
0.59960938
7.72965329
2.92708499
8.85323028
0.55155488
2.26367188
13.56250000
6.68424313
0.56282718
18.65331782
5.46810062
9.65983156
4.13281250
9.93879876
3.37760749
11.60937500
4.15266844
5.44498781
7.17578125
10.71288564
8.06250498
14.98925532
5.36442265
2.11245021
4.82073706
8.03906250
5.98079344
7.43448914
0.01916566
2.22656250
8.14225094
8.16341312
7.20312500
1.53771973
2.27929688
18.10579344
3.23209718
1.15625000
10.12271720
7.66634530
15.14843750
4.07031250
7.97265625
3.47493407
4.35123781
3.38671875
10.64680408
2.29069592
15.13541501
4.31966312
5.42773438
19.07421875
15.50096410
9.74366356
1.35986453
6.39094969
7.82031250
5.92219969
4.33528812
17.30251053
0.35032150
6.80891844
1.19303468
1.11328125
6.94140625
16.68098626
5.07324468
5.26139406
6.80891844
3.68782469
15.68685062
10.02671139
15.25911624
7.58626219
6.14811281
0.07409668
6.38671377
11.21680186
10.91210938
1.37516235
23.20491578
13.34375000
7.49641844
11.00976064
2.02702404
10.27197266
9.67968750
3.00423094
6.89843750
6.96451906
1.76074219
9.23502438
2.08431156
6.38476562
4.54296875
5.37109375
9.95312500
5.65625000
6.77376219
18.89485594
3.72981937
7.58007812
4.91406250
3.46289062
7.02341756
4.59767619
15.10579344
0.31876711
15.19726064
3.74414561
9.95312500
4.39843750
15.89257812
10.26562500
18.05191642
4.07625554
0.07934757
12.71484375
3.56640625
19.38899657
27.69530752
14.43522717
4.95735594
1.05045656
9.12500000
1.07324219
4.88582336
12.14884087
11.63785517
3.74740248
16.01293945
9.45312500
33.79101562
7.00000000
2.85351562
7.24609375
9.83235594
18.87500000
10.86295656
10.51806516
8.84130984
12.70581055
4.45312500
7.15657469
12.14843750
1.71777344
8.89485594
1.98567874
11.11970447
7.34147717
5.12141844
16.87500000
6.57323471
17.05632092
4.19824468
5.08007314
10.03581061
9.31314938
5.46745124
10.81250000
1.27734375
6.59798094
8.33170656
0.58398438
0.22776120
5.76953125
5.43685062
12.63281250
1.42675781
10.53384752
8.16699468
8.74088874
1.97037843
17.83089110
15.18652095
8.58463874
12.38671875
14.39062500
1.84277344
12.67968750
8.31817709
2.30291666
12.99910461
8.54777039
2.90039062
3.53222656
6.76171875
2.47460938
4.57031250
11.81247271
5.81543218
3.00000000
10.71093750
3.63704344
1.04069093
12.35872064
13.60514406
7.00683843
20.50781250
16.02400633
7.68001219
6.30013187
13.80468750
5.87432715
6.32780031
4.87890625
0.87011719
8.77766844
15.66764406
5.74609375
11.65625000
8.10448471
1.15918716
5.60546875
1.98242188
7.88346188
8.26497562
1.55273438
8.38963099
5.13380651
23.02994127
