0.11271055
15.73254488
14.87450798
27.77934120
12.63627106
1.73181183
13.89884087
20.72420600
7.71056849
2.13814550
3.29191101
12.37821255
10.66430851
16.35477505
7.99678745
2.31250000
9.75244016
2.71089816
46.32332336
5.57812500
6.71830231
24.53511193
4.75919991
28.78453126
22.76522163
10.98804521
0.50028784
2.08984375
13.22887966
13.25280917
4.25659242
12.34285461
7.18404144
13.83303968
6.51852282
7.22566711
9.24654144
11.63191711
7.17956450
11.99951296
6.35502106
4.84073914
16.09016844
3.20039949
20.96552749
6.72441267
7.31396609
2.96634918
8.13142509
3.49988198
7.51216644
12.52945424
3.70642619
15.76500998
59.79015958
24.16089428
7.05692597
1.96671570
15.67459553
4.45386303
4.75781250
15.55379211
17.33096853
10.38793883
5.12964428
4.56294769
7.99820922
14.30098294
13.62756317
6.17045323
6.13179411
13.98583112
7.89799977
18.50000000
6.07979278
2.76440492
37.65189606
17.89908688
4.26151706
32.59676086
15.95710993
31.55932181
11.47652814
28.34101951
17.19967143
14.38244349
7.74768284
1.92500886
11.10286126
10.88541999
3.52494293
12.97029477
5.27579898
11.94685727
3.53316378
12.63821920
3.72160350
15.64924424
42.30456450
6.04574357
3.94966644
11.68265404
13.44596188
4.75029033
2.07857269
17.67797540
18.91015812
21.21545130
18.96968971
11.57466644
15.58939606
29.46687057
13.21341202
8.92860039
10.98807956
13.63756982
12.82796764
7.93570922
9.39241578
43.12935394
7.63627106
9.83044216
1.74467198
12.12833555
17.99426363
23.76908356
11.38704344
21.17447252
5.83736923
2.26953125
13.32327904
2.84318428
18.93570922
13.96532580
3.07117353
19.15217642
5.83777260
9.66238191
7.70914672
5.84586547
8.30045656
5.43794769
12.13077571
3.33256261
2.08984375
16.93570922
21.55603058
8.73437500
2.85201019
3.96484375
21.88541002
6.89103834
8.68594526
5.26509862
9.42440381
7.71875000
2.88521332
13.26293883
0.20951387
10.54357381
2.82316600
4.35591644
9.98258422
3.13850953
1.99263519
17.67797540
24.91097296
10.66983821
7.33016179
4.44262633
11.67341977
9.04891179
13.84353835
12.89624335
2.08594248
16.94775266
4.11161347
18.30842642
16.37003601
21.66931183
23.17614030
4.05539117
43.19335938
6.92578125
13.49002771
10.14074800
7.49580342
2.63709275
5.73828125
14.08096853
19.33911569
5.59989472
20.31205231
17.17215537
5.62036569
3.94966644
17.74084442
5.40022828
2.08984375
22.25846188
20.92756705
3.61625775
10.18045989
10.68282136
8.46553559
7.38814052
8.72514073
16.31964318
13.98406028
11.29736702
9.70182624
4.12634308
3.30859375
17.44546986
8.49638408
8.75781250
25.36184952
10.54480385
4.11979499
8.37935394
13.86669548
10.32426307
3.66060394
32.25519504
18.27686170
3.04606826
4.02388519
8.75781250
12.89229278
9.20825133
4.37902925
8.37935394
17.38423427
10.91520390
3.63806183
19.56082724
17.41674867
6.73922096
3.04687500
12.17598294
5.19120456
1.99263519
14.87845856
6.57576352
12.24848959
4.30029920
8.13716644
12.69877106
2.34855164
2.82031250
16.21004211
9.54805076
6.35083444
2.63521332
13.94006317
1.58218861
11.11446697
15.98428635
9.58602615
3.57934508
9.04431183
3.63431793
8.09899933
4.45165891
3.24515902
6.69441711
0.53942902
6.08113586
3.65368683
12.42817709
13.62996897
10.25781250
6.53067930
7.32466644
0.45328859
4.18314606
6.25000000
1.97009308
14.18098626
12.95812833
0.13436350
11.97684287
10.34603280
4.03698637
7.94140625
7.96541445
5.61393063
5.78060062
13.33068817
12.78946587
2.82410073
15.25976064
9.22461436
6.10982269
3.93375610
15.75454566
16.04021387
6.54195036
10.71451906
0.34049500
5.81685394
14.43033688
1.04284824
3.30859375
14.31469415
12.32234431
3.65007092
8.05814606
7.69909575
6.55936614
7.88505097
5.06384308
3.27897218
13.27844083
5.01888187
15.63528702
6.08692154
16.28816711
5.50597740
4.03052194
19.29662899
18.61609042
15.90632868
18.59749640
6.68750000
1.98136414
9.92162899
1.35083195
19.73774491
16.91801307
4.19926307
13.65717975
13.28019725
1.45955507
16.16166168
6.53067930
8.40507082
4.27823914
12.27677305
2.62211214
3.96484375
14.47298094
15.52762412
11.27269947
3.63685172
12.58548981
9.15946255
14.22387633
14.63037234
2.53556460
6.53816711
3.45206726
6.26037567
16.18670768
16.18918771
3.94999114
11.94799867
1.96671570
16.82767731
8.73437500
3.90039062
7.57076019
7.14408356
18.14249446
26.39554466
14.11430463
7.60937500
5.78779810
2.10433233
11.67354278
7.70971742
9.96439606
7.09407469
3.53918550
10.15189606
3.75284851
16.77066268
8.56413342
6.65694370
11.08670989
12.33321199
8.74218750
9.69775266
22.45743462
5.60217752
16.78755707
13.00781250
7.09419769
17.41725511
13.62424755
2.99560671
14.14696144
4.52837211
12.68741135
10.03479720
7.89440825
11.08260195
10.59375000
18.82217698
5.54472517
5.64286347
23.44335938
6.92578125
2.54146332
8.70287899
11.36437833
15.70080784
5.90946255
8.01164007
2.84012910
10.72611481
8.74218750
14.64180076
17.43929078
14.84578679
6.68879876
7.07137522
13.30802305
6.42289339
14.77282248
5.82650155
7.94018617
5.97867797
7.91931183
4.20369072
6.29480385
20.21415005
15.17898106
11.35597350
11.90600399
2.58663120
20.79687500
13.35937500
4.46439606
14.60579344
12.75654810
8.36857491
25.03787678
17.28149601
6.73922096
11.92190936
5.91838209
11.22387633
11.88024933
18.05484486
6.17696697
3.26908356
16.53202239
19.11702017
10.58328569
20.00505762
18.04101064
11.44246897
15.44710328
15.73416335
3.29318040
19.17125998
5.85372229
4.85392398
14.31237700
2.12316988
1.99263519
12.42817709
16.41699468
4.92366578
1.85180851
11.09366135
2.71879432
4.38285682
8.95747894
12.28816711
9.68225067
9.27522828
11.24283688
9.14343417
7.86673981
14.85998006
7.02816046
3.21822362
6.59765625
11.58735927
21.35783023
15.61295656
3.83744293
8.62589539
11.85567044
4.03886081
30.44559287
40.85249723
5.75228280
6.73974734
7.67667664
5.59375000
14.67341977
4.17378878
7.34830563
7.88505097
6.53316378
12.52103170
14.71529144
12.70854166
6.53067930
4.37902925
7.39843750
10.72656250
12.41727505
1.08663120
2.06730164
16.46484375
17.09940271
18.22090481
5.83118018
10.68505984
5.42277039
12.90535461
33.72745789
4.61718750
21.15039062
14.67626330
6.17574689
15.23672651
5.99675310
7.34988974
5.83777260
6.61551972
6.58972075
7.86731050
32.19827904
18.64201241
16.83479610
17.84940271
11.44246897
10.31330674
7.15845412
1.98706117
2.07857269
46.56664229
22.27767342
5.94389073
3.31681460
10.68916778
0.56766816
2.54146332
12.18123227
1.87691378
2.07857269
16.93570922
24.49906029
7.52363919
14.31067486
18.92380320
17.18841533
16.48230385
17.98465537
17.78153037
3.16317708
8.22912567
16.18670768
16.75502326
9.22758089
7.12845856
12.51383422
8.68814938
3.15499058
6.26216644
4.19441711
6.25000000
1.97009308
7.80411680
18.49283688
3.85884862
1.99263519
7.80411680
18.23388298
4.20374002
1.99263519
7.72220856
0.96080951
15.31819703
5.76355385
15.66597628
4.08247894
14.16434287
18.18904477
1.04212018
11.99172984
8.79733266
2.52193207
13.57327904
3.39351784
4.03515625
20.39241080
6.91378213
3.14790863
6.23689384
3.33988807
3.64933289
15.56917110
3.56408909
2.08984375
17.67797540
15.34850981
11.78072362
14.45849734
6.26261414
12.84631317
23.23172319
7.67017287
7.85681183
3.04687500
12.73258422
1.47241024
6.53328679
1.90865082
13.16739805
2.84582613
9.63448028
12.56864472
9.29687500
16.64692709
5.29565492
7.23335671
7.24654144
17.84631317
17.61299092
14.17712433
6.61792553
11.12666778
1.24849457
4.97342864
4.36775820
3.63130707
9.69006317
3.57796265
11.50589872
8.75015736
2.51152205
15.44062390
6.15267841
5.79732269
10.89541667
4.41708333
15.19201131
2.51892619
19.30790005
16.78735040
5.79268838
5.97521942
9.97668550
4.05859375
14.15575798
14.85335328
8.08374335
4.55167664
14.32633422
1.70507812
10.04866578
16.12890625
26.76009258
2.45304187
20.25923427
5.45650487
10.00667110
5.70426640
14.51729278
0.04589906
7.41182403
5.86136747
14.75280917
10.95837433
7.64754211
2.62394226
10.87654477
7.22457003
2.07857269
16.56046321
4.38004765
4.01261414
20.39241080
29.65917221
6.74618240
3.66060394
11.19864805
4.10994570
16.65372119
12.59823193
9.87154144
15.33658688
4.77632536
7.45071920
12.21627548
6.96964539
3.25781250
9.99385528
0.21582094
15.45389739
25.26667775
9.82975842
24.72326131
5.80005319
4.91027925
3.46333832
15.29056793
18.29922651
16.21488807
17.25541666
22.03189938
4.12691378
3.91975953
31.53242576
17.55484486
5.19609485
15.36629211
21.47375333
6.26151706
9.55484486
10.77417553
5.74308289
3.57934508
3.32405640
16.35579344
13.17866911
6.59533909
16.03080231
13.14135306
5.88753546
11.79187167
11.27856383
13.38130209
9.27148936
8.84464539
6.09855164
1.99263519
8.37219083
24.43290005
19.52063331
8.49820922
9.95568817
5.91719636
9.97119016
35.23885195
8.47566711
6.07600953
1.99263519
10.59659353
9.89266179
18.90754876
13.94262633
10.11190381
4.32076019
8.12589539
11.91406250
12.87515736
8.38265514
8.63972961
12.86897330
5.84245124
10.71630984
20.48527039
20.58789062
3.51367188
31.80138631
3.70642619
10.06416778
17.76741578
7.43481383
5.70235261
25.24405696
12.52306849
7.65084330
5.30187833
3.21134585
8.47310394
9.98002106
3.38175476
14.43651596
6.18368240
7.96939938
1.71704288
10.48286459
9.92761635
3.97579011
10.51204344
7.36551972
0.54772980
40.02379655
10.60921764
14.62064606
15.74543939
5.79736702
3.31681460
6.39497894
8.99027372
36.90140902
21.85717088
28.19299534
7.42114694
1.94755097
14.68354943
2.24959663
35.64367022
3.68099623
38.30393950
4.68153257
4.85392398
5.27779144
10.40625000
15.91804743
2.01705175
20.94441711
5.94518950
16.36731050
15.69738365
7.35038674
19.02399823
18.61048204
4.64286347
21.93585661
15.97429964
5.46048981
4.01261414
10.76383422
10.99840094
7.94410239
3.17753269
8.61027039
10.88972961
0.09098328
9.25679411
5.67590425
23.89973626
21.22375333
5.81990913
4.85392398
10.95568817
5.53304078
10.29943817
3.69425476
4.19966644
14.36299092
7.34359264
2.80904144
32.25507204
24.51562500
4.05864804
9.34554078
5.87935394
3.25781250
11.49462766
12.75768950
5.24813054
3.31986481
12.49654144
6.32767731
8.13826352
16.41946920
6.15275709
12.05700466
9.55635528
9.97656250
2.02380651
3.26607269
13.58939606
4.61718750
3.94185394
22.33853502
14.08834330
1.19775515
12.20747894
6.60636414
20.04215204
22.77306849
6.86792553
5.95703125
16.50752217
31.58369903
14.90251108
9.84810394
18.20312500
4.39644503
12.61014739
15.67854610
0.07759862
47.76216644
8.20312500
5.29060727
10.64538730
6.69877106
10.15669769
6.92578125
5.95703125
15.33609486
2.81775432
19.57466644
3.51367188
32.98599845
19.27306849
1.98897994
19.85937500
7.62935394
16.34708555
14.56652925
5.78906250
25.09211658
26.12992464
5.85372229
3.31681460
6.67968750
9.51127106
5.75301086
8.75915558
8.83939606
5.70747894
7.85758422
36.09183622
5.27323581
10.49092310
15.41076131
2.20964372
4.02388519
24.48786791
6.77295545
29.82046986
4.61357158
27.89709442
4.25569703
7.17008422
6.18615692
4.03393617
9.58158356
7.94217864
16.70930408
9.43428745
3.87215647
2.00390625
12.29418883
21.91825410
4.28951019
26.53217975
18.58768894
11.79474956
18.57951739
9.57275266
4.30839206
13.26334220
19.15417885
12.40767177
7.39400487
15.30435284
5.75379321
3.49068207
14.84081782
10.99857823
17.02103170
9.70300200
13.89661236
10.57979278
3.47338929
15.73388298
12.37833555
2.67489084
13.22220856
7.20357269
2.08833832
15.62845357
9.93901041
15.29304743
19.47647884
6.16646830
7.44966644
13.79947252
14.86715314
12.05993683
3.81823637
12.99063775
14.48091644
19.31868407
8.23242686
16.35502106
6.04040558
5.96830231
9.43049424
7.60075576
2.01367188
15.06445312
19.77949358
14.32206892
6.57857269
12.82979278
15.90893119
5.84245124
27.85335328
6.34643617
1.86356660
16.44111592
7.18343639
3.49068207
12.28869349
3.84021276
7.15265847
17.47314827
16.46871564
9.38191711
11.42545656
6.98738586
11.97041778
33.79703236
17.40983156
8.22986369
1.81640625
22.64757647
15.65702239
4.60165115
6.19999114
14.70190492
24.99388963
4.42843306
13.35224624
23.65902482
4.62544769
8.65782913
7.25362588
4.68618842
9.14473294
16.69901706
8.02433289
9.98388298
10.16020057
17.89764518
3.50636635
23.46817930
11.07312167
18.24213321
10.47436835
6.44756094
3.49068207
17.53409353
9.74808622
9.23857158
14.30932181
18.20451241
12.95043883
7.46605386
7.47034906
4.06555020
11.85827792
23.90234375
2.69576019
16.11030475
9.57894171
4.41576178
12.70043883
2.17891511
6.52689606
18.79280142
15.73551640
6.96431737
8.07031250
9.95881206
7.00647938
7.41947418
43.79218640
4.05937610
15.57352505
17.67724734
10.07087822
5.85372229
6.76814395
8.44775266
13.84220523
4.48604278
3.32405640
11.79341644
7.09330231
8.71415005
3.62614140
14.37361259
19.35249723
6.16646830
9.46785461
8.29854278
9.66641401
5.09888630
13.62580674
13.66671431
9.25503768
5.41007757
6.80318705
7.43269836
1.89729859
15.23900931
3.65898049
6.31250000
19.08141623
12.80725565
19.34582115
39.70105385
2.95312500
4.17232269
19.09916168
15.30769836
10.52823914
7.49955231
6.75781250
16.70408910
24.46042109
19.93488254
12.81287898
5.53247008
7.06742464
5.17187500
6.66125333
8.14538730
3.53666168
0.56197113
5.81685394
9.93750000
14.15791778
22.21097186
15.08635084
7.37048371
13.61990803
9.02071697
1.99263519
2.08984375
8.35261525
5.44791999
7.96887300
8.81774933
4.22196255
9.63716644
18.24550810
15.15463652
19.31868407
21.79712101
6.38318151
6.71272828
12.45380874
22.71806128
9.94727061
13.59427638
7.17826573
5.46183289
18.41601562
18.87121177
15.64624335
6.00313386
12.11271055
4.43750000
25.39924424
8.46114915
11.79740138
6.39490026
12.49861259
15.36564273
9.77982823
3.56807403
8.78242576
3.69682291
13.38281250
4.62845856
3.94185394
12.74592642
12.67851174
9.31571255
9.17737034
19.39977560
39.41032358
18.24385528
7.13874557
13.30835771
4.61718750
7.28649933
3.96484375
13.11104278
11.16304411
14.45161459
5.28166334
18.12398161
3.60888796
10.53804411
23.37348959
7.73946697
1.90856965
10.97004876
1.41862311
6.32377106
15.85216756
8.40609264
7.19820036
15.90112367
12.13012633
5.10994570
7.35957669
23.30224734
12.66630097
16.97387633
4.35815492
1.81640625
11.17780807
6.91940048
7.19620789
13.44648826
6.33431405
24.81758201
36.27819482
16.57475509
5.81685394
6.93839539
11.91992188
17.18314606
5.17488586
18.12991468
2.36752216
11.52766844
6.01903923
9.97522440
7.64017731
6.72378768
13.94027482
5.46004211
27.39318817
10.74833222
2.01367188
15.61718252
6.68241799
13.69506649
21.86088043
5.21085882
1.81640625
12.36787124
11.67313940
12.08309397
10.09773493
6.09110815
40.35066711
14.10904034
5.91093860
14.41613365
25.55713264
30.83475178
10.67440381
11.57038620
35.90625000
17.39596298
6.55513519
16.44335938
15.40881317
4.67277039
8.32108489
14.42793108
4.11471298
13.23002106
5.57466644
5.01415891
16.12572806
3.67261303
17.20800532
17.02612367
12.06098959
4.59160017
9.47733489
6.90510860
18.44612921
24.97277427
6.79512854
10.15970856
11.79894615
24.29569924
3.80977449
14.88744681
15.12882757
6.22200687
1.91992188
12.42138298
12.54699800
1.13664007
2.07857269
11.61774823
8.12700243
11.84940271
17.70618018
13.45186060
9.03943151
13.28649933
26.55472186
14.12260541
17.35636414
4.62845856
4.18936946
12.59941838
9.95312500
12.96170989
10.42110261
23.74072141
10.01155142
17.38716644
6.08142619
4.08239528
13.02636968
2.24654144
6.52689606
16.99253658
3.72051639
11.96964539
11.04671265
3.52494293
14.70133422
2.65999390
1.99263519
17.28999225
9.68990580
8.29919216
17.66922817
10.41557291
13.44620789
6.53657802
5.81543218
11.00886525
11.33915005
3.22966201
17.33939606
5.00480164
12.52359486
4.40999889
3.31986481
13.53348349
20.58520944
39.05904144
9.39648438
23.98777926
12.76779476
18.77567597
2.95312500
11.35042110
16.54252106
19.54410517
32.67341977
14.26636303
11.57478945
4.67578125
14.86400931
36.27819482
3.99016068
7.44966644
12.71244293
12.97285794
20.90560062
26.68916778
7.28002992
11.22952904
8.27047096
2.87740082
16.04731771
13.18632424
12.85815492
2.96439606
37.13093307
7.22844193
14.10156250
18.64648438
17.32812500
11.66304411
6.75793550
4.25577571
9.91657885
9.11662677
7.49955231
6.75781250
16.70408910
24.46042109
19.93488254
5.61935726
9.35847961
8.50015736
7.20040447
10.35774158
3.33952404
41.27689606
10.11372894
15.68359375
6.70178192
4.49007203
3.05814606
8.30195701
2.54765237
14.22696587
19.39758145
7.47461436
3.94230164
14.55289672
18.68497119
6.96480939
9.73002106
11.65474457
8.50781250
10.43314606
6.89933289
1.82767731
16.23046875
13.25707447
17.81262300
8.44938608
4.18314606
9.19083555
1.85860261
15.19352172
19.31652427
14.41329011
23.63269448
16.74873560
10.42749335
27.58569149
15.60928635
2.73320423
5.73828125
14.39318817
14.67533356
1.51688691
15.90510860
21.43624058
18.03023161
5.62333222
1.98706117
14.87966867
5.39812278
2.55273438
15.21390404
2.34078346
2.08984375
15.08654256
13.60619681
24.94458444
8.11267619
2.04012024
10.73925532
19.23384862
16.03560394
14.14139739
21.02958222
15.29642731
14.81730164
8.76908356
17.57531583
7.14432956
6.32377106
12.40322917
12.36727615
5.68652593
10.43102560
14.44710328
19.31868407
14.27344248
9.13972961
4.43949247
12.14403923
13.17997783
11.36014739
5.12711547
3.74125277
19.34857603
0.24796321
3.24031804
6.62845856
8.28125000
22.13309287
7.48800088
1.97798676
15.92142731
3.51367188
8.88781583
9.90470523
7.05167664
16.11771388
5.03072362
9.21350067
12.73001607
7.26355385
3.22998171
4.56294769
14.59619016
14.49951296
8.50948028
1.86356660
7.61193817
19.58068817
38.75369460
4.81450243
7.87935394
14.03548094
4.26184175
25.00222851
7.06718860
8.43839539
18.74369293
20.44335938
3.51367188
16.15193041
3.70007978
3.31986481
16.71358121
17.85351562
15.02801752
2.27382271
7.48828125
18.54459220
12.23039007
17.65079898
17.46695922
9.13500665
12.23909796
15.75435394
8.71618683
3.82015015
16.59211658
6.15397717
2.08984375
14.28181073
5.08928302
14.28835883
3.99289117
7.50256317
12.60400266
9.58470745
5.21452903
19.72712822
3.85294991
14.14652372
12.31904810
12.17391179
2.35856327
27.37756317
5.75524933
13.82930076
6.04569924
1.93111176
36.17142731
8.92879211
9.39152039
15.40625000
9.72310394
7.56250000
20.69571587
31.16862311
12.73091644
6.31640625
3.49068207
9.76371122
18.54443484
8.50781250
4.56294769
12.19787567
10.10245789
8.24475067
6.76696808
12.97236592
20.70491578
19.63586768
13.72823028
20.71980275
15.69361037
7.51171875
7.65893617
6.83024047
18.63627106
36.90599847
10.72818150
28.33642400
9.31022272
8.17754764
1.91984070
22.08788564
6.14213541
7.87320922
10.57889739
3.58186890
1.99967531
14.59619016
14.49951296
6.23689384
3.33988807
6.25089539
11.62821255
3.63712710
6.66137633
3.20174257
25.09517177
3.92090093
4.19966644
9.86539672
1.02327515
14.78498892
14.34066046
14.93310671
8.08683289
9.33992243
13.75268617
4.75940159
8.86718750
3.77046598
3.65787843
12.11437833
2.56905308
14.59619016
12.34159021
7.76880319
7.37109375
5.60546875
12.17008422
3.77388021
3.66166666
6.92553524
5.51786347
16.72159353
3.41492353
12.87923094
6.92040891
8.50768950
3.43005651
7.06160461
6.67264739
19.48734154
10.88163674
4.98315492
19.33356605
11.40755873
5.29565492
6.74491799
12.81506317
6.15413453
14.03291778
1.97835328
11.39920989
10.78829011
18.44604056
16.43188165
10.19629654
2.66255707
14.59619016
12.33031915
8.08476174
2.47326629
11.67419216
2.13228612
12.26516734
9.56681959
-0.03193810
17.71134087
6.66157802
3.86882092
16.58325133
2.11792054
3.30859375
12.80545989
28.11603613
6.01209773
10.13358489
3.87467531
9.55533688
6.63171542
11.66523826
32.87268284
5.16520390
2.55273438
14.30289672
1.56669160
2.08984375
16.35631982
14.79512854
17.28437390
7.32617686
7.33911569
7.15234375
13.51562500
0.48531098
3.50195312
11.40881317
6.95792664
19.04329344
14.35273826
13.10653147
0.58772828
10.22912567
7.20206228
3.35592143
11.58325133
2.22131317
5.81368074
13.03727172
17.92573693
6.51656471
3.42907746
16.00833888
10.84427638
8.13521830
8.96350067
14.04292443
10.78263741
14.88785018
4.48369126
12.79296875
13.83165227
8.47380762
10.13491800
11.18538951
6.20630319
3.70503878
8.61718750
17.52469194
20.16630596
10.92341977
4.16878546
10.13569039
7.31308067
13.99039672
6.67065492
12.51476397
4.57507978
4.20568817
9.19083555
10.59822695
18.46060284
16.47440271
11.17131427
5.55082557
2.31250000
13.98555076
4.29224069
11.54190603
15.52005763
8.15198470
15.45389739
10.63985261
8.28214539
4.62430131
2.24483931
6.80033356
14.43750000
8.56685394
15.97387633
6.23734154
16.47342864
7.90865580
14.87410461
22.04626496
7.51082336
12.17097961
3.90022828
20.28080231
11.87833555
11.65986592
9.59461103
7.29296875
9.51578236
6.04716533
2.64648438
15.98209220
4.43933510
18.88769282
15.01810948
9.26562500
3.61808289
12.66987257
10.62163009
2.42724734
11.14281915
12.21671321
10.08377771
10.56558954
5.63172539
2.97762024
15.22656250
3.00976562
8.31392177
6.35103612
6.58780696
5.18518284
2.07857269
16.01960993
10.84427638
5.74414561
11.43058289
12.51383422
12.77856383
2.47322695
16.29943817
7.95653923
7.31478280
20.37398161
13.01065603
6.02897717
6.10457336
23.13154810
15.14782248
6.37822251
17.98107381
5.15271276
4.74377659
2.94380707
20.16230608
6.42407912
10.17777372
1.72037843
9.15458222
15.63867188
8.20312500
11.01997894
11.12833555
16.84191988
11.10937500
12.09375000
10.61539672
2.16931183
9.74654144
0.11352539
15.65510860
11.80928745
15.61379766
10.24211879
13.68481383
5.53002992
22.70877771
15.24194149
16.72862254
15.39985927
2.11531804
3.46289062
16.00833888
10.84427638
4.53320811
8.86629211
9.74397828
15.76704677
17.97514073
0.33911133
9.14408356
4.89497894
12.30891844
4.42846742
7.69274933
9.21838099
8.23820257
11.70747894
8.55932181
7.80786569
4.31205231
9.27779144
0.35306793
17.41666002
16.73934397
3.74243351
9.14408356
11.74067709
8.49023936
2.26953125
13.56790670
3.17863475
2.32377106
10.42789672
8.73913232
2.92281471
16.76818817
16.57808068
5.56388741
10.06660794
5.75805851
5.75691711
9.32442044
12.23462101
3.51367188
6.46235927
6.98897495
2.45011414
5.71203458
8.80057956
11.01618573
1.05953845
12.38448028
0.56270418
7.06237700
9.74861259
5.19779698
15.60168550
20.63911957
7.59554078
5.63313719
9.17122562
12.51896055
10.24755984
12.49808622
19.26899491
0.80571337
3.30859375
9.71875000
2.58593750
9.14408356
11.74067709
12.77930186
3.56131926
3.51021332
10.77998560
10.22090979
3.80061890
8.01562500
18.30609930
3.73251551
8.09029144
10.50047208
5.73044436
14.25732048
1.20361702
14.28835883
5.29623559
18.19274933
3.52494293
17.54613697
9.37227947
13.64575133
5.79911347
7.46875000
14.10273826
8.04224069
18.73649047
5.47399933
3.30859375
20.01017149
5.24275820
14.94380209
7.81083222
5.30786569
11.84375000
13.29406084
23.43713099
6.17265735
11.16996122
4.85046542
2.82031250
20.08744293
7.99218750
5.44531250
6.09810394
7.68750000
16.14754211
18.03995789
4.62845856
8.43750000
2.81640625
7.57812500
12.50166778
1.66923066
28.31383312
10.10702349
17.77022371
12.80688165
11.57466644
7.94055518
2.21439606
21.67683400
5.25057070
5.18632424
2.21439606
7.42944149
4.63696476
10.25948028
12.30008755
10.11141179
4.79866578
6.57198028
6.05257203
12.10847961
3.10038176
4.93371675
31.18509918
4.27823914
8.54496122
5.90771609
11.03202239
3.83711824
12.70019282
11.54785405
4.28951019
9.97285794
6.64388187
15.87796654
44.64127438
7.33923869
6.04777039
12.91817044
10.77742243
15.13573471
6.68226063
4.47514073
17.05277372
16.13207447
11.92363142
4.00826019
1.81640625
13.56098959
4.05273936
2.08984375
14.59619016
16.80989251
6.73877327
17.29174867
2.93013519
11.60567044
8.17700133
6.40918218
1.98925781
31.35489805
18.51997894
14.94673427
7.81546654
10.54081892
14.00870789
14.03584809
13.49039672
12.79991523
25.71065713
9.66850509
17.06294769
11.57812500
1.18802887
14.79366059
13.49963099
10.74710716
17.95638685
4.28951019
19.00410794
11.44429411
12.81034021
21.83874667
7.87036569
20.31066490
10.02917885
4.92667664
5.96350067
6.45837433
6.30459885
10.08948470
11.31852172
5.65063165
9.15804078
10.52905585
15.27600067
6.41271942
2.01094636
47.92614030
15.48258422
18.16850509
12.88232048
19.31913176
8.98205784
4.04321476
9.41177970
9.40251108
12.33979943
10.59473030
6.69877106
1.98136414
33.13032802
11.16780142
10.29427748
6.25089539
1.99263519
8.06603724
3.57849401
2.08984375
8.37219083
6.10888298
6.43119791
13.16752106
7.00569703
4.02388519
10.59659353
7.61601174
8.91316711
0.88212129
12.61975067
8.66585328
4.56294769
12.10159686
10.92480718
5.06689827
17.56383312
7.32243794
28.33277871
4.26541833
13.32718030
12.74919326
15.16903147
4.37544769
8.40063165
5.40405585
17.57865138
9.29906915
7.37618572
13.11669922
16.33300532
31.13965093
14.25435394
0.38500977
4.21093750
12.43119293
15.85066711
6.51480829
4.52380651
38.06188996
13.86914062
12.07031250
5.52961658
3.42337545
6.23841422
2.81099457
13.80635528
12.32767232
26.17684397
16.47261193
10.23425200
5.09513741
5.17378878
12.80610927
5.47228724
4.05318705
4.14933289
13.36799424
3.36548537
12.18660461
7.59753325
14.73689384
10.91105662
8.84375000
15.20568817
4.95747894
11.53384752
10.99178413
7.26237311
6.53067930
8.00268617
3.98799590
11.49487367
26.76214651
9.33046209
7.06152593
3.26908356
8.39408356
15.58584885
4.72364029
8.61629211
22.59435506
7.25228280
4.88427859
14.59977172
7.24059841
13.49422429
6.40836547
12.99487367
18.98412899
17.36202183
17.75723183
15.81894004
3.51367188
5.73828125
12.19441711
13.16573028
17.94363974
18.55606494
8.66337876
3.01839483
4.98469969
5.88204011
15.19352172
7.22623781
14.86978502
5.73568373
16.56506317
4.95747894
11.53384752
10.11894392
8.49654144
3.24068207
2.08984375
15.33068817
3.97240526
5.67888076
11.92789672
1.13513215
21.17577128
6.00334552
8.31518617
9.04174867
5.23046875
11.20544216
5.56754765
7.71101618
12.78072362
5.42232269
13.40946255
7.57926640
6.17142731
27.33076685
10.25589872
17.70312500
21.45707557
18.85212822
7.04268838
5.60591644
13.91227172
5.11987367
21.28799978
16.03096963
6.76306183
1.98925781
12.58007314
10.02661569
6.77779144
12.47399933
0.10906982
12.16125333
16.79817376
11.40572362
11.66585328
11.73632314
22.69694592
2.91027925
4.13806183
15.84887633
9.80919881
9.66390514
6.64978058
3.29732269
15.58939606
16.97124050
13.93237367
0.48628878
14.92484527
33.99564606
13.07466644
13.83031915
12.55249335
4.55322141
4.40771609
11.86885528
7.05948914
2.75374390
32.25825770
62.37751884
12.05029920
4.28951019
16.46081450
8.38639406
6.16015625
14.42894947
7.86011303
13.74820922
17.04943817
12.30391511
6.53067930
13.74743683
10.64224845
11.80184397
6.23392731
15.95251496
6.54195036
13.12166445
10.70825133
3.33907136
13.79394282
3.85404698
2.07857269
16.23375998
5.75452127
10.87988032
2.18217198
16.61718750
20.11901264
4.73690381
11.03637633
7.05760971
9.56092087
7.26314052
9.89868351
5.04073152
7.63627106
9.48007980
9.22080673
14.32352505
15.93407580
12.16300975
3.78564827
13.26667775
9.99576906
6.93632424
7.06046321
14.97664616
6.53067930
13.66329011
11.39587433
4.28951019
11.67459553
10.45642619
4.01350953
11.83303968
16.34827127
14.63932624
30.03291778
6.33996675
5.79777039
17.69185394
6.53067930
13.63655142
3.45431072
14.49462766
19.98067044
14.16341437
8.05854943
16.98469969
5.50753213
13.59106383
7.58036347
12.95043883
6.62813386
33.98067044
18.59483711
36.12976728
11.81376814
29.41666002
18.45744459
30.30484486
11.74556737
7.91548437
7.69787567
2.97525876
7.86226286
4.95483710
22.51825688
11.47356161
4.44267065
12.54732269
9.01729278
13.52986259
5.86031471
6.27612367
6.83113586
3.33683289
6.14351286
3.57889739
6.11084109
17.45186060
7.41020057
7.26863586
13.66320147
8.05965647
4.49544437
8.62845856
2.86507203
11.46594083
7.79691309
15.94759530
6.07429743
11.75728612
8.92866911
7.49967531
13.10965537
4.13041666
13.01460661
5.83260195
8.97248892
5.57438608
16.51105940
11.00256317
1.58057513
12.64411791
4.49605939
7.98392731
16.11111149
4.14881648
11.77958222
4.86283356
5.30904144
9.01204344
8.03543662
1.33382701
6.32377106
17.31688830
9.38098736
6.86808289
21.16807182
5.56675088
5.54073028
5.95163897
1.75148603
6.66137633
6.51680086
4.27823914
4.87154144
14.01322418
6.53067930
5.82794272
1.87546763
6.66137633
6.06909242
7.45703125
4.31013852
10.52803745
13.12861592
5.17997783
5.95703125
9.17549092
14.13525266
10.32206892
6.12967864
3.24682679
9.99540005
0.64172581
9.02331450
12.84370568
5.87626440
7.29187167
10.82543883
7.30468750
19.23184619
4.86458998
13.01460661
7.66914451
13.86706450
18.73002729
5.77779144
13.90026264
9.84192486
19.34919105
15.66208000
7.83939606
7.79296875
12.42215537
3.14734042
3.15255042
11.04088764
16.45866467
5.46048981
8.00781250
9.02575466
3.18758366
15.38846521
13.59647053
5.32365802
6.96048981
7.43961547
17.71520280
12.86771886
13.47054078
17.33219858
5.53259308
13.52396388
2.80656194
15.63578277
29.41666002
6.39583998
9.01204344
7.71407136
14.41767842
8.50073803
4.97041778
11.40625000
6.48099513
5.84590979
7.97432403
7.89843252
8.01892619
8.86372894
13.91011193
5.38285682
2.54146332
15.49910461
6.51940825
6.84822695
4.88301419
7.92033023
20.64208112
13.71473071
7.19233600
4.71782025
9.55098294
6.93851839
7.87243683
16.52717642
3.14950022
33.34329234
4.48694813
7.39331117
10.82543883
7.30468750
11.76741578
19.62707115
5.35775155
5.01851286
13.59557514
11.27263076
6.81941711
4.86718750
3.29329344
1.96586214
18.44827904
3.27348182
24.62259420
10.85832225
6.12967864
6.11417664
12.04943817
3.36926363
10.77563165
4.14579565
11.96952239
7.35469636
17.11852560
7.13342752
5.54073028
13.45479278
1.67342226
7.45747894
11.84325798
5.38285682
2.54146332
21.80814606
14.35107422
29.41666002
13.71525709
11.59875333
12.05342310
15.27405252
17.99173981
11.39392121
14.36234527
29.41666002
20.13254655
5.95913230
4.81978612
8.65677638
7.39314384
16.16492353
6.70178192
12.81429078
7.36962766
7.65336214
19.90856716
18.07682126
6.98140846
9.27343750
8.65234375
8.11271055
3.21301363
13.87531472
5.60169547
2.81099457
9.39757647
0.96330396
19.70613586
16.34931904
13.94991619
29.41666002
12.66581892
6.57767731
7.79284575
5.67981050
16.19006317
1.63850953
16.43330342
6.20296764
8.69713764
8.94694592
3.09179688
10.69966644
16.74283688
15.25716312
27.54622064
6.05774268
6.52734375
19.86604610
19.82775599
6.87996897
17.12451172
29.41666002
11.13969525
7.57332336
4.44498781
3.05814606
7.41483489
3.86881593
11.60644282
11.60616245
5.69364472
10.84248560
9.37536901
8.23681516
5.61930297
15.33251330
4.91337876
1.90865082
8.35261525
7.99447030
11.36116578
14.03103835
10.15043993
4.34330231
8.89933289
8.86543108
9.55990248
17.01025266
5.70503878
2.63521332
12.81416778
16.49515404
9.00049202
4.19364472
15.93750000
10.38358489
11.90103502
5.90108931
6.96549313
7.58695589
23.08772828
16.63423427
2.49992132
7.68847407
14.21121787
7.29606826
3.18448914
11.24617243
2.18156194
19.71740692
24.51507869
21.37644170
16.00345856
4.51997894
2.31250000
13.97761525
10.74206450
9.89917553
7.73681516
12.46720523
15.72054078
16.53816711
12.76680076
6.78052194
11.87145280
6.20622451
21.68900543
18.05228170
11.93033190
17.97909131
3.63879986
20.37988032
18.56095523
0.61238711
2.07857269
12.81416778
10.18147828
12.68790337
6.81725732
6.41280806
13.47041778
10.28230275
9.48946697
3.83247894
12.69058954
3.93261968
13.15535461
26.40344083
14.73131982
3.68388408
19.71313165
15.84406472
15.33342863
16.50015736
3.50765514
1.99263519
12.60953236
10.21492243
0.74388963
15.13355053
11.07133089
1.81506317
12.32942376
5.21444038
4.18839539
12.21850399
12.86299092
16.92977615
8.13281250
10.47952904
6.97750221
4.95312500
15.05814606
5.46703541
3.66134197
7.33593750
11.26729278
9.11551972
7.54060727
10.39599734
10.67252438
4.18428745
2.32377106
14.05484486
2.27372783
2.08984375
12.15795213
2.55298537
42.25003436
7.49125775
26.60631982
5.10546875
17.84501440
6.36161347
1.07173676
12.27396388
9.01420323
13.11197252
5.34391733
11.16609929
9.33939606
18.96415005
3.17887577
17.42984486
2.29281139
14.91076131
4.58834330
21.90514296
7.23202349
15.56148161
15.24682181
7.41044658
16.41141069
8.51432624
13.36332557
3.51367188
17.41137633
3.22383699
15.25723183
7.50403922
7.26517731
5.46455342
6.28980053
13.87398161
5.10725455
3.66134197
12.45312500
9.91230608
13.36536236
9.20670656
15.98437500
27.77449025
6.66646830
13.84285461
14.55195701
10.91032358
4.76216644
6.91666002
22.09611646
14.41255209
0.85840342
2.07857269
14.00077239
18.30895280
2.99496232
17.20010417
4.66618794
11.80664062
18.52229610
15.15177305
1.90421819
3.40653535
13.90998892
10.33219858
3.35937500
7.01562500
17.13321587
5.07381538
3.95357269
7.25301086
17.11144615
4.45540780
12.76908356
11.08743795
10.78772502
5.80033356
15.59810394
9.94661126
14.43558622
4.78096963
14.23604278
3.05542054
1.99263519
15.72220856
7.69196698
6.61662677
14.08576020
8.17205230
9.85591644
17.14729610
2.89131870
12.41918883
4.74877992
20.11022607
3.31164893
16.99617243
4.43396276
2.00390625
15.71439606
8.59671654
2.88179909
2.07857269
22.03620900
8.13432291
2.12634308
2.08984375
7.17008422
11.35847961
14.58121454
6.78385749
13.21288564
14.60718085
3.34834995
12.71439606
19.10656583
15.42125998
6.39103834
13.32392842
9.66145003
28.39197805
9.22180518
16.60428303
17.41878546
6.15316046
3.81250000
9.69188830
4.37407025
9.35937500
13.09529477
5.91296542
7.27644836
5.46455342
6.28980053
3.49068207
12.12385860
16.52144005
29.92321808
9.79582225
14.93013519
8.46553559
6.71004211
1.98136414
13.17663232
11.98535405
6.47131317
3.46512910
8.45837433
3.14648438
9.00308954
4.36153479
1.99263519
17.22069814
15.23860594
5.38009197
7.22566711
12.77229610
20.47334995
11.03209110
19.70512743
4.60832225
7.72729056
28.15059729
11.41072695
27.19053525
2.48915225
15.49475067
4.82669327
6.08480607
13.56058622
13.67008422
11.71671321
6.93107491
3.07661957
15.22671986
7.59013408
11.24438165
8.44689661
5.48946697
23.14862922
12.61085106
10.41190271
3.89982491
10.89350289
14.86341422
12.59004544
9.95337101
12.42125998
9.26099069
5.32844969
17.02356050
5.34855164
1.81640625
26.61360594
20.37500000
8.71183289
13.13423427
20.64477726
12.45581117
2.27612367
16.21764794
12.25064938
2.98633311
16.48697252
3.99740248
16.38044105
14.25765514
6.56970744
15.40368683
4.40804078
1.99263519
15.57722961
4.84923538
4.43291001
20.27350621
21.02247340
5.30150931
9.03096963
7.85546875
9.38541002
62.40621564
11.91585328
10.36283356
6.36975067
35.93253103
14.28279477
12.20565381
11.01049867
2.94486481
10.87938830
8.59717420
12.17907248
19.92203236
28.94531250
26.57787899
7.45137854
17.33850067
3.81913674
11.49987700
20.23925532
6.13541999
7.04296875
5.27388519
10.45300200
11.71211326
8.87394725
15.42700133
10.63187279
29.51204344
6.93319038
16.53023161
18.70596853
3.76359818
5.73828125
16.92191309
22.31407913
3.15414450
12.72823028
28.79130097
4.28951019
11.48684952
23.09912857
4.28951019
34.22443706
23.00830452
5.74101174
11.36385195
0.57450410
1.91992188
12.42138298
19.56254432
15.57812500
3.94771332
17.83194634
5.48352393
13.81762633
7.76741578
1.04919465
16.20552084
29.47823028
7.17244570
14.80697030
3.85831726
3.31986481
12.04255541
3.90275709
21.96260528
7.24308289
1.87483765
28.67186503
28.92594858
4.73812389
13.88667443
6.68274268
16.32857269
4.28951019
14.98876330
51.49186281
29.42187500
6.93319038
11.67891511
11.36055076
24.58553413
11.64176142
13.15124667
37.95458611
7.00337987
9.25663674
5.63281250
7.36575577
11.62882757
7.09578679
3.21822362
4.56294769
16.52205009
16.82942376
2.30237533
2.07857269
19.22823028
20.16454455
15.53556959
3.87980164
11.71915337
10.46195589
6.34525045
7.22754654
3.49068207
35.93887744
17.86865359
3.77405252
12.87308622
10.38037234
6.43404144
11.35233489
20.06685394
6.10815492
10.39050200
15.31908744
5.54582225
2.64152039
13.25170213
19.93388408
6.12211214
17.44877106
4.02433289
26.54166002
14.67167830
4.56595856
14.15665337
4.44836768
5.72701019
21.28173205
7.56502881
1.90856965
11.67190936
9.69348736
10.32275266
9.90266844
14.35253657
6.17159463
4.11161347
18.33959774
16.46748560
4.12126108
1.97009308
9.13102172
15.93338210
9.04281139
8.97676917
26.44877106
3.94576019
12.99592642
12.81185062
7.01196476
2.71484375
8.80481050
24.25048205
6.06201795
6.58894836
8.59106383
6.50402925
28.72965204
9.47298094
14.21728391
3.75151041
12.87308622
10.27420989
10.77701906
19.97208555
10.34143284
8.81294769
8.54252106
6.94185394
11.31098959
17.92443817
10.57438608
8.64331117
11.53075798
10.09424202
11.54336215
8.14413785
13.53857422
27.87064606
8.91752106
6.99251219
19.27582337
3.86704011
18.84643617
3.52494293
16.57377106
20.65083334
5.81990913
12.92033023
30.86209553
13.02766844
5.79382978
17.48771055
13.50495900
3.60498670
22.87548205
15.55811170
13.96529144
7.97611481
3.21138519
11.67190936
17.29659463
12.59745456
3.49068207
19.22285794
13.32417443
4.66736369
3.95357269
12.21830231
33.33353170
17.76741578
3.77405252
22.39424092
14.35140514
0.93888367
9.34977172
4.57275266
3.68489749
14.18883810
16.41144504
28.65228002
24.52779144
5.62711547
1.93627992
20.11421691
8.49654144
4.56294769
9.09276596
2.67045822
14.04398216
3.86422096
12.56558954
19.24633976
14.54549257
6.92578125
8.16662567
38.63337323
3.57455341
8.29777039
4.28926419
10.68253103
6.11324689
7.43269836
14.71260528
11.55798371
4.37377992
16.10323028
1.07266775
6.33834330
6.94921875
12.59260860
10.12845856
20.97285794
17.09334663
4.37377992
12.44441711
11.48990470
10.67973182
16.25463929
6.92578125
5.73783356
8.50691711
12.96927638
23.27083001
4.82373670
5.73828125
12.71076020
5.71457335
12.90279144
14.86629211
4.31250000
17.49009642
11.84196919
3.57117353
16.79740138
7.63228612
5.05122894
10.01383422
17.41735871
12.64754211
1.73181183
38.27591202
12.46297429
9.82271830
16.37580674
3.01802582
14.30554853
21.32466644
19.25325438
20.93794520
9.01957557
3.56807403
10.77164672
11.04264406
13.65869016
17.30061392
12.21028812
5.90417885
15.59464539
6.69877106
1.98136414
40.11824524
6.68750000
1.98136414
25.98738586
6.68750000
1.98136414
16.66166168
6.69877106
1.98136414
15.80228668
3.51367188
7.42789672
1.94755097
13.58418108
29.72449135
6.09354831
1.84094332
16.20552084
19.92639627
18.18839539
8.09631317
16.26127106
24.14392121
12.84977172
1.50915558
4.94230164
19.50064689
16.14013298
4.20545212
8.45914672
19.74129211
14.80008755
4.19914007
4.03515625
16.56070922
17.36962766
5.27278812
18.53844748
10.04163065
14.06494016
4.38069703
17.09102449
6.53067930
8.75012300
10.71170989
0.92472351
13.64241578
6.67923981
13.75089539
13.73872894
3.67773438
19.44957780
17.55632092
12.28344415
8.03096963
7.42578125
10.52884420
22.35445036
4.82373670
20.06924978
7.10705784
3.21822362
6.59765625
14.80675865
9.76355385
15.43981716
17.33557347
9.15946255
17.58837766
9.59847296
19.96618683
6.70178192
4.49743683
16.51436060
4.52156804
17.42891511
3.51367188
9.95312500
22.05918884
20.65467087
2.47949966
26.66417554
7.48035571
8.35847961
12.09711991
9.21179853
8.90983156
8.36795989
6.44152925
22.01086270
18.40470025
5.80863807
3.31681460
15.83247894
3.52494293
19.53979056
3.80786569
19.81835938
23.15331782
6.24935062
6.03483156
17.54153702
3.71672318
2.00390625
18.74804688
16.02600067
1.58390320
19.30078125
19.80859375
12.67968750
2.95312500
7.89497894
9.91576463
7.93144392
16.77331450
25.50589872
23.72200687
32.12491135
8.90812943
12.99385528
9.34297761
13.29162567
12.57083888
14.03328679
19.18383727
11.12166445
3.82617188
15.58581450
15.80126330
7.66069259
6.16015625
19.53999225
12.78288342
22.48160641
10.96553745
14.95507314
16.69727061
13.56160461
4.66931183
16.62271720
9.74792885
2.87740082
11.83275931
3.49882424
17.95072418
3.50240082
4.02388519
17.65099319
8.33000443
1.81640625
25.92459553
6.05196697
19.58621787
10.96630984
3.46309729
13.51293883
7.45658356
6.51530031
16.15331782
8.10770722
4.75024601
7.10546875
21.69921875
18.32889739
18.98405031
15.31896942
12.04048427
7.19555851
6.51530031
18.29743573
36.04492686
22.19111592
7.41964649
16.29585661
12.78214539
4.64754211
4.27400820
6.43725399
15.88651706
12.28019226
18.52835965
13.92981050
10.51306183
7.13309287
4.37728280
1.95882203
21.38041168
5.58939606
4.60591644
11.00500333
3.61218417
21.35697418
4.27823914
8.22912567
12.21671321
26.21154256
8.87252548
5.20434508
24.32690492
29.96915337
6.77303413
7.24263519
2.97745789
36.08504211
13.08939606
1.89489777
18.04508422
23.44685727
4.46464206
4.02388519
12.58007314
13.67143229
3.51367188
12.79252106
2.08683289
15.66483489
4.23315492
17.52025931
16.04374612
3.50240082
20.74804189
4.97807291
18.44816101
14.91502660
15.77222739
20.79667331
6.53067930
5.89331117
6.12455231
3.02372285
11.66063830
23.17110261
18.03019725
3.51127106
8.50524933
10.53950521
10.90828679
4.45715425
8.19633089
11.29434619
3.53691267
13.95479278
10.99552305
4.65515292
27.44892842
9.34180186
28.51847351
28.77115470
21.19392509
3.79753435
15.02600067
1.97444703
14.43546321
14.63858821
3.85172983
48.48514739
7.28625333
5.91129765
23.63150377
5.38802748
2.64152039
15.66483489
9.99442597
11.86002438
10.98400599
17.55891844
5.30453014
21.19417110
7.63786015
22.74617243
12.99527704
2.86206615
28.91153369
13.23409463
6.45247562
17.84940271
8.81571255
12.78320811
3.50240082
13.78397053
2.54069592
16.30098294
3.77278812
2.07857269
38.27591202
4.67285904
4.02388519
18.07181793
8.50781250
4.56294769
32.24723017
20.10388464
8.92968750
8.40625000
20.18896360
11.12166445
15.44441711
15.70043883
5.05919881
3.71871564
17.21138519
6.32767731
4.37633810
1.14807596
11.57979278
4.45581117
11.59977172
7.29821808
15.11360594
4.94205563
7.62357823
5.78605164
17.32283134
8.29736702
8.53470856
21.69034851
17.76692376
16.36063940
3.77359985
5.67801972
17.17818207
9.96004211
17.49007203
5.60066711
4.60591644
9.23347961
11.69482048
2.23035073
13.25633644
3.28964317
7.43839539
5.02542997
17.93729333
7.38700815
5.80033356
14.86328125
17.34785794
11.92972186
9.62085771
31.37409464
0.21415005
3.70487644
17.37194482
2.21684120
2.08984375
26.27254211
4.60591644
7.42578125
13.67048759
10.26855718
16.97562279
6.82361369
9.69787567
7.98181183
9.79687500
26.68997452
20.40234375
7.98190048
31.16491357
6.28316378
4.31754765
15.64562833
14.38553303
6.61772384
14.74169548
4.61723182
24.97017177
8.02112034
2.78649933
11.46146388
14.84411403
19.09655917
20.74617243
24.51444924
8.50716312
16.82421127
10.71078014
10.27791445
25.10245789
19.57022884
12.44160794
21.22794991
7.65246675
10.88553303
2.35620678
16.70979610
7.43908909
14.83112589
3.09465536
29.43302305
17.40091202
18.31502881
7.69087987
14.33792000
1.89600731
13.03971188
11.92468417
16.16295546
5.44763962
6.51920656
15.14932791
6.19413674
4.11161347
14.68842975
14.33757092
14.05675865
10.12577239
14.06445811
18.69107907
5.36609042
16.13256649
5.39131870
19.69490415
4.44767398
7.51216644
16.54056793
11.31595856
4.80309841
16.74515404
4.60889295
1.82767731
18.65628809
13.78588431
2.88005263
17.29764739
10.01077904
9.06005984
15.24898161
13.92329677
15.29443484
22.87651041
7.15157136
31.87426197
18.23567376
9.15133532
4.40657469
5.92712433
12.44274933
7.40323914
24.63614805
15.38549867
1.02665254
18.24719083
4.05749667
2.08984375
23.84410905
71.17244570
5.01636303
13.70479278
7.35559175
6.16015625
14.64485594
18.17740968
3.51367188
12.11283356
4.42667664
12.64448693
4.52348182
14.39155475
3.72953900
6.18314606
21.87500000
12.62605275
15.26432624
17.42569759
5.91007757
12.78405917
7.52298981
12.00426530
4.63635970
9.82031250
4.21138519
17.71695922
18.43188165
12.03918550
42.95218529
9.67440381
1.70784547
13.54882314
14.71016511
14.11947030
5.44921875
22.79190603
15.03487090
5.78609596
21.54593529
3.70642619
38.98318928
20.36629211
10.29850842
3.71699856
5.95727726
9.17870346
9.88290115
24.36527372
19.53824579
5.87626440
9.83439273
5.70178192
2.11657746
3.30859375
13.31163897
3.75431959
13.76037567
7.51859154
25.51444924
18.58325133
2.57344636
8.70287899
1.73852726
4.76908356
17.83711326
1.58341866
12.96183289
5.91841644
17.97029477
5.45984042
6.32377106
36.91971521
21.81839872
3.78532358
14.12410461
9.45584553
13.89534796
8.46655585
41.10912899
13.18944814
4.14628767
33.97810727
17.69229666
5.68465647
14.54097628
5.26261414
11.58279367
2.16675864
14.77794881
9.39392619
13.39420158
7.09904366
20.46386470
7.67134862
10.66105164
6.54195036
6.89119570
15.70406098
6.07429743
7.63716644
5.90620568
5.45475842
9.46529144
11.28063498
4.47416666
3.25781250
6.65445922
22.91425422
4.28406914
24.81860040
3.81343971
26.01745014
4.22428967
13.98783356
10.21862700
6.29008089
4.31205231
16.23042443
6.43172429
6.11039339
8.44274933
3.28186004
12.65970856
4.45056183
14.33760528
4.22143617
2.08984375
15.20328236
17.52921321
9.63383089
6.05196697
19.09810394
7.58056516
8.33182956
36.74568041
3.57117353
11.26806516
7.04398714
13.92780807
2.54138962
18.01488697
2.93823803
8.95747894
3.47460938
31.16377217
16.66133699
5.82650155
4.27807181
3.22717752
17.97863365
11.19413674
7.96875000
14.12695312
7.04406583
8.22155917
7.80468750
23.95149158
7.11609042
17.46077515
7.34859596
9.17870346
5.86817154
3.25781250
7.78938719
13.22053580
5.77482491
7.51062167
2.85546875
7.87328790
8.49691046
14.13077571
9.94352172
28.00756649
5.85372229
21.47782192
3.71399268
26.00617908
4.22428967
14.26997894
6.20613586
5.30468750
7.45747894
10.62320922
10.36453569
12.66760970
4.46183289
15.62413897
17.76721409
7.36499335
7.47457003
5.62520169
24.61849124
10.44095856
13.11783688
8.37560506
24.06714428
7.25972628
5.48738586
10.16471188
17.19673427
7.36499335
12.72489472
4.41674867
13.16752106
4.10253657
9.34668218
24.49246787
24.17911680
7.05196697
15.73067044
8.41341312
29.18191601
4.72087544
15.56852172
6.87544769
10.45702627
7.26355385
11.35347628
4.55468750
26.01745014
6.48511303
1.90856965
11.59696255
1.13155308
2.08984375
15.33398438
11.04252106
5.51639739
6.90502992
8.35236924
2.44344802
13.18994016
8.66508089
6.06359708
11.21028812
6.89261747
7.75838320
6.43501552
29.07653591
12.43953679
5.63440159
5.18929078
9.52103668
7.50000000
5.63647274
23.10863697
5.60555740
7.80924313
50.98009974
7.33118018
3.24125277
9.16165670
18.86613475
6.53067930
7.88793883
11.27970523
19.70402039
22.36718750
21.38488365
9.92147163
14.82942376
7.44380209
4.49028368
4.55167664
12.41292110
4.16084995
15.61018174
2.77263076
20.35302361
9.95528479
16.67675532
19.60628546
10.64497894
17.42959885
8.76225509
4.06298704
11.12271720
15.10372229
10.39806849
6.17159463
7.75915558
2.87394226
10.72611481
8.11271055
4.41418550
5.03995789
12.14269615
4.11511635
14.17549092
4.99984264
13.03906250
8.87231383
17.36197252
6.14974623
5.00646942
14.04727837
6.54915780
7.06819703
15.42998228
14.33128877
4.61718750
5.03515625
21.22895834
6.69368905
16.23872894
16.47054078
5.02779144
1.73038758
15.07865138
5.44087987
6.32377106
17.53906250
4.61718750
5.30187833
9.70939273
12.36271055
11.96106050
5.42667664
12.70373006
12.95280031
8.99971963
1.55423981
9.42622894
11.50528369
9.68477947
21.03762080
3.66416112
16.74922761
6.28906250
20.92964318
12.69942044
11.33923869
2.08398438
14.53153037
10.50185949
3.75176639
2.07857269
15.27522330
10.96630984
4.56762633
5.56856604
5.59024712
9.43978280
4.67866911
25.04008089
2.69576019
5.95192432
21.82871065
13.20886635
12.82633422
19.70470413
5.50680407
8.38281250
25.92601729
5.54920212
20.89859486
16.56558954
8.20077349
4.05814606
5.07621122
0.37736148
6.64965758
5.55782136
4.65388852
5.63232048
10.04569924
21.52311281
21.12901929
10.20085217
4.56762633
14.73128546
14.37512300
2.69576019
6.61437085
9.39173204
13.00781250
22.94152427
13.98889627
12.65770612
4.87655474
14.38346188
7.05021055
23.14534796
3.95703125
14.36091977
8.66495789
27.11368462
9.98108377
16.82275266
5.37211214
19.03287594
6.32824800
1.84094332
13.18892177
14.85750056
12.12740580
11.20133422
7.14562833
5.17993351
9.73771055
10.78783744
7.03943151
3.21822362
6.59765625
19.30842642
11.37126108
5.92621898
7.83883532
6.02054964
15.43285572
6.50484596
5.22980655
5.86808289
7.48815825
6.27221742
8.11853058
23.82245236
42.39149600
2.68448914
5.95192432
6.72581005
15.55545989
6.15502992
5.52600067
13.70446808
19.58894836
6.03605164
13.56250000
12.54369681
19.97148049
11.50089539
9.59541778
4.38895722
21.87994903
35.21546376
6.56490580
17.15038564
15.59257424
7.37557070
9.84724291
2.94181959
6.08113586
3.09704621
12.72203126
4.40252105
14.46288564
10.60742686
24.21747563
7.76299312
13.66279810
13.11824025
20.44971077
5.63599069
4.39933289
11.28861481
6.53067930
8.40507082
10.39933289
12.52192709
5.83118018
4.85392398
10.30468750
4.93090758
6.88114472
21.76179743
16.69372839
11.10477505
0.66133824
2.07857269
11.36783688
14.69812167
6.69877106
3.94230164
10.18639296
2.51823747
15.37231383
17.44018617
7.49955231
7.92923981
3.95808899
19.04870014
8.07809064
6.12500000
22.05850012
4.49541001
6.74491799
3.04687500
4.24263519
13.72851562
4.62845856
11.28035461
9.10156250
3.26261414
2.96634918
4.23136414
13.72851562
6.32767731
5.48559508
10.56172761
6.91405752
5.29565492
6.38153672
6.58683289
20.90608267
3.25362588
26.14655807
3.42029587
17.20726729
3.97677415
2.08984375
13.30728502
5.91748670
7.85681183
16.08939606
12.28799978
7.30863807
4.88427859
15.38448028
3.12528535
9.11975067
7.89351286
10.50870789
5.13505097
14.70897939
14.95890071
4.19209995
17.67700133
12.17350343
4.28951019
11.59631317
11.77677305
27.43969415
15.68799202
19.70385306
11.27930186
2.02583832
13.58418108
10.60807624
21.74515404
22.58919437
21.52245346
26.40389849
6.79224069
2.79972351
11.81558954
16.67468417
19.87707115
13.53455119
3.23286957
13.96325466
14.63004765
4.61718750
3.94185394
12.47427970
17.44160794
5.28723736
15.93460218
4.60791888
3.30859375
13.15128103
18.44413674
3.98213653
1.87992464
12.04906915
16.99613309
5.88753546
22.01798648
13.18688498
3.50842752
17.81843307
4.42420212
3.50195312
14.91536126
8.21793329
10.23254986
5.09899933
12.75889961
12.47631649
13.52925753
14.45423204
9.96476507
13.75142177
32.07303303
4.68950243
13.46903037
6.70496010
19.67195368
5.77649268
14.17996787
10.27726507
3.51347019
4.30078125
15.44006317
11.80187833
19.83723751
10.95361702
27.21850399
10.42635195
4.30135195
10.76704677
3.59623448
17.36657248
15.54207834
3.52494293
12.05725067
14.97696587
4.27783577
7.14152039
26.07392842
19.88765846
5.13517398
9.58504211
4.50960328
20.00081173
25.83800865
5.06458111
19.75768451
3.62752881
32.65359819
4.44796431
4.75781250
15.69787567
21.00136747
11.25237145
11.09016844
13.76009530
18.26896304
8.61718750
11.26114805
4.37992464
12.21581782
16.22513575
21.50240580
9.62845856
15.24987700
7.09325798
6.01969858
26.59956007
5.74329454
5.77522828
1.99263519
11.91011193
9.67162899
3.36658244
2.48722351
10.87064606
13.33316268
4.19462876
19.46881871
8.59534906
4.78739472
10.29662899
12.88472628
11.80716202
3.13257646
2.00390625
12.91015625
10.67870346
8.88290115
4.82120789
11.59631317
14.45942709
4.60832225
10.87845856
10.76472961
12.58825466
5.26810948
14.71875000
3.46333832
7.72220856
0.96080951
28.59712489
16.85990138
6.39120567
15.71279699
27.43925642
17.61197252
8.93474512
9.21683622
6.01709109
9.34195922
10.92252438
12.17431516
4.44446143
6.89749779
3.33988807
7.12980164
15.96788897
3.51168439
1.90856965
11.70136858
4.32943373
15.43164062
12.75948028
10.79035628
18.01071032
7.95312500
12.81685394
5.87890625
2.08984375
14.07420878
5.65129100
13.55139627
18.87219083
14.59863032
8.63167110
15.98254986
1.05867492
8.46708222
13.47863365
6.54349513
4.65320478
16.18741135
7.01571365
3.04687500
11.09810394
8.33504211
9.38809619
15.64062500
30.79516290
3.58236591
29.72582447
21.71379100
21.81945147
6.38643838
1.77291112
6.66841644
12.12080342
8.83488475
10.15714539
2.20703125
9.39843750
7.80468750
16.15702239
9.34208222
4.33203125
14.44173094
2.70760195
2.57466644
9.03023161
4.18851839
17.53336049
3.70642619
13.82076019
17.68981716
6.63341756
17.22819592
12.97196255
3.36137245
14.46081450
16.58059952
2.63977892
14.19160794
46.85554992
9.77921321
5.22103280
11.21529144
14.09977172
8.64575133
1.94197695
16.51041002
4.98613142
15.35896166
6.01379986
10.11897828
22.36718750
16.14648438
16.15042000
5.62346520
16.30638963
6.66537123
3.03560394
9.82006649
4.16853945
2.54504488
24.13627106
17.83052582
16.31265736
6.27718639
4.03515625
14.62210218
10.77198138
5.57466644
7.97432403
11.05444149
17.35737755
9.13879986
18.25781250
17.56327239
12.51065603
10.46513408
2.47326629
19.78755707
12.37500000
13.35937500
18.65189107
5.48332225
3.29732269
14.90409021
9.13497229
13.35940936
15.08439771
14.73896000
16.13526263
5.88285682
5.97521942
10.50704011
4.08898770
14.29008089
16.82991578
5.50674978
3.75151041
12.99218750
37.57840537
13.12719415
0.60690048
14.61478170
6.67818705
12.62426197
7.45386303
7.85111481
19.36177582
14.72768895
13.21631482
6.91927748
14.26562500
9.83967642
13.56213099
11.06515181
12.66650266
1.09065548
10.81645057
5.69872673
15.30481050
4.09847296
11.90152704
5.54378546
14.61083112
5.07052415
8.73270722
11.07584220
1.60384530
2.07857269
12.25736481
6.22562279
9.19389073
5.58829898
13.61283356
18.22931738
10.45081781
16.90189606
27.77042664
20.24364362
3.98548204
7.04406583
9.49153812
32.40404588
16.10632480
3.69515514
9.69262633
5.56628325
17.47855497
6.91532690
23.27770280
8.30517952
3.13932624
6.59765625
8.50781250
11.01346521
6.02559729
5.04687500
11.45519615
3.17611092
18.21068651
18.44518950
21.61845190
10.18978280
8.85782525
16.81327239
11.77803745
4.23128546
14.96544881
12.81494016
15.86369459
2.29492188
13.95019282
16.04634862
12.81009918
3.51367188
12.64831450
8.05045656
10.19095856
50.46382037
12.79069592
5.65364251
14.36731050
4.35673315
12.64754211
6.55948914
35.66532192
36.53617464
4.62032136
45.50772385
40.55615359
5.24081006
13.00605608
5.49304853
1.90856965
14.96606383
19.47748672
7.21615800
2.07857269
11.03153037
10.29915282
3.71769725
7.46138519
8.57377106
14.55150931
5.75439827
7.33862367
2.47326629
5.60233489
13.15547761
45.90087766
34.59000111
6.26001662
7.43269836
1.89729859
23.06066490
17.59427638
10.50586436
16.96594083
15.32645722
5.71431737
5.78906250
12.36616911
17.65819814
10.55375775
29.64538232
3.29602393
23.16421986
8.97640514
2.47326629
12.65368683
9.51436060
8.80595190
10.35758422
12.30008755
11.47248892
13.83768894
10.75395057
8.42468417
22.61514074
7.16566156
11.54882314
8.97550975
3.05814606
14.59789229
3.88648271
20.40266844
10.61340425
3.52494293
16.15359819
3.02669935
29.31270169
5.41911015
18.57722463
25.96020944
14.77575466
2.03491522
15.62003103
2.63928690
16.62861592
7.76982158
19.32421875
22.56270169
12.88028369
13.55517952
14.37292885
5.63671875
18.25194814
13.22143617
4.67069924
9.14497894
2.54146332
13.59195922
4.36071808
29.61221853
3.47371897
4.02388519
27.39216977
14.36474734
16.52273383
7.70037012
8.83744293
15.45568817
2.10518340
28.21121787
6.13656139
18.01544770
16.67595855
12.54320479
6.98804521
28.72248892
14.73335661
3.66134197
31.95652926
21.14185505
18.75651374
8.02791445
8.60323028
3.61161347
9.36975067
8.02868683
6.45133422
13.54585661
10.36999667
13.25602172
11.24397828
2.90279144
18.37068041
10.14315381
2.55061890
16.97566711
14.06701131
5.15218639
14.44140625
4.28951019
15.59146720
5.94075687
11.48656915
18.91597628
14.01790780
10.92968750
0.00091309
7.46004211
8.37154144
6.92797540
-0.06595544
15.05997119
17.52254211
6.16121897
5.26753878
15.25976064
10.06746897
8.31774933
15.26037567
12.62361259
15.11165780
0.12034088
15.93469083
20.82661459
3.82507978
11.74564606
14.55122894
6.69877106
8.77779144
11.07584220
1.60384530
15.80379211
18.61027039
3.51367188
4.02388519
14.50691711
12.22659686
5.16682735
13.58297096
13.02661569
25.68163012
2.05709883
2.51892121
10.87169881
15.35884862
15.56892509
4.03601728
6.66841644
14.33325133
2.22131317
9.04230940
25.56465979
5.18294437
8.67851174
3.30468750
3.49068207
6.83068817
7.19815603
4.38912455
13.96760860
4.39957890
7.06237700
4.00748781
35.55854943
12.93123227
18.21769725
2.85937500
12.13096743
7.95781360
11.66125333
4.37496564
13.72542110
4.78194370
2.63521332
14.81148161
4.60648714
12.22671986
9.00203679
14.70877771
7.93657025
16.91238974
6.33028479
5.26753878
3.64257812
10.67240138
17.12882757
7.64754211
15.57942376
3.40991522
18.99641844
4.09521609
20.52571033
14.81852172
5.44828900
19.41210938
10.41662567
7.16149933
8.50781250
3.67187500
19.96903037
5.91768838
1.99263519
8.37219083
9.09545213
5.29362810
1.90865082
8.37219083
15.40100067
12.82568484
9.47594748
24.59615580
5.77779144
12.21427305
10.83606050
22.21093750
10.18404144
3.04687500
4.24263519
12.67610594
2.19877106
9.04230940
19.01379986
16.67208167
37.07767731
3.50240082
8.85233489
1.82975343
2.08984375
9.12141844
17.39448693
5.44503213
2.08984375
18.97443706
11.70019780
0.43957115
4.32559334
5.88281250
8.88793883
4.04508422
22.12117243
5.91666999
4.27018063
12.10208888
2.69157358
9.40245679
7.83281360
1.97798676
10.96943374
4.75790115
11.78739472
6.60591644
9.81835938
6.06302638
7.05493351
4.69136193
3.28353280
6.68314606
0.53942902
4.19441711
3.81579621
9.51472961
12.77945424
12.22859929
3.21159186
8.64977062
2.71998005
4.54040558
15.52689606
6.98783356
21.66129267
9.97566711
5.33374335
6.80814606
7.02331450
14.22415670
2.50973127
6.83113586
7.21529144
5.81685394
4.19441711
3.29732269
14.76028702
12.00317819
3.21159186
8.64977062
2.71998005
8.00089539
8.54162567
12.22952904
11.68017952
11.61507203
6.71830231
5.43404144
8.17968750
9.62935394
11.78727172
12.76118241
7.77047096
12.77287178
4.62845856
5.96093750
13.48335661
10.69929743
7.22404366
7.32572418
7.37686946
12.98295323
5.71830231
8.25060506
16.88069703
5.80395944
3.36987367
8.92431516
0.65136843
12.33203125
4.30078125
8.98693817
12.25089539
13.87490045
12.96964539
0.30859375
16.13182846
7.55913009
11.02929189
5.27311281
2.57064217
6.60591644
7.07421875
0.57324219
4.19441711
8.12756317
1.85229554
7.61193817
10.62470967
6.77852947
3.24263519
28.04137966
12.15348515
6.06302638
11.79276706
11.12858156
13.17521055
9.70760195
13.83593750
40.86307707
58.77180907
21.20426142
6.21667885
6.57255097
2.64648438
28.04137966
12.15348515
6.06302638
12.27408688
13.14615968
5.34432070
10.16871808
14.57364805
15.62259420
10.21000775
6.61197252
6.66537123
10.14664672
13.12943263
13.11031409
6.07429743
11.21684049
15.97444703
6.07429743
8.39009862
12.98697252
3.89360150
1.93627992
18.85143950
18.30704400
5.24288120
5.05627659
3.44079621
5.80847075
5.55826906
4.19441711
12.95991911
11.47057763
6.70496010
16.01371122
4.76062167
12.02612367
5.28202239
6.03438386
8.91829344
12.01485261
11.48848294
8.10526706
14.81871344
10.89212404
8.28560394
4.18314606
28.60542443
16.20991911
10.55876108
4.36120014
5.65246686
6.58203125
6.99308289
6.23994903
3.31083222
27.69009752
8.47396498
11.58203125
8.71484375
4.61718750
8.49129211
3.76367188
8.12157580
8.23075908
5.58170656
3.28515625
2.95507812
12.92533356
10.13370789
7.31070922
3.59749390
13.79573360
11.31876773
9.19482048
12.65881317
7.53096963
15.64806849
9.47514073
14.10335328
14.78637633
7.15201906
8.47045213
4.88501662
7.91796875
13.64940908
7.32617686
4.94185394
41.30971521
6.48671209
8.05904144
6.79093196
4.94600620
13.06611592
3.71212322
7.55041224
5.45215093
17.90319855
24.64213043
16.98950133
10.36641511
7.49955231
8.65970856
8.62845856
12.46088321
9.18409574
8.69339872
13.76386858
7.50021165
2.46199524
22.73860594
4.80615359
27.70136858
11.67708998
15.21826172
21.97150987
16.98128546
5.26542331
4.07234929
11.39473294
6.05448581
14.45914672
0.34012910
15.20552582
9.17073360
5.54943817
3.71163120
9.42740470
12.61601174
3.23527039
1.99263519
8.06603724
32.42048759
6.76738142
9.47912567
6.88024435
15.28276041
3.53348349
9.26969858
3.84375000
12.22671986
7.79671764
1.98925781
8.35261525
7.99447030
3.22428468
11.29573360
13.23551640
6.61197252
7.20478188
6.47355164
6.81941711
6.36127882
4.83492907
3.80122894
12.79252106
8.20312500
9.16752106
3.98917664
10.56416778
0.22709199
16.17784243
12.04131094
6.91666999
12.16780142
5.82650155
4.27018063
25.99755984
9.38024933
5.65804078
22.37886193
7.42134862
4.57133089
3.29191101
12.64538232
14.92057624
5.78906250
10.35221188
8.57633422
10.50114140
6.33939606
6.82466644
20.81250000
4.61718750
8.41752106
8.99218750
11.31782552
6.13086436
13.71484375
12.81506317
4.97790558
10.24218750
13.05078125
4.75000000
14.95312500
4.28951019
9.78677970
12.82214760
9.47656250
28.79947252
8.88367353
7.37544769
5.48738586
2.94380707
10.65319482
8.68274268
13.75240082
36.39029034
8.79452349
12.38594636
32.12141844
15.59863032
10.72761525
15.28581560
4.68444482
6.45137854
1.87483765
15.87308622
12.57116357
9.85384530
6.53694703
9.55431849
13.38743543
12.10245789
17.97656250
4.61718750
6.97810727
9.84220523
7.86673981
6.58088985
2.48551640
6.51562500
15.95955009
5.29480385
11.11938165
5.48726286
9.12036569
6.06941711
8.45568817
5.83455009
4.74581338
13.86629211
2.35652649
12.82556183
16.21093750
9.00602172
7.89107269
6.98124114
10.23929964
7.51082336
7.26281583
2.40665835
13.76130541
10.24910461
6.90250111
3.70126551
12.17499890
8.43002216
6.04687500
8.45568817
9.66585328
13.16617299
12.24495983
6.06302638
7.05493351
2.83789062
5.60009641
7.85050632
7.90714539
9.82454344
9.10424867
2.86267121
13.00846188
3.29337710
7.69974513
14.19888908
4.97237588
5.05627659
3.44079621
11.62141844
3.17606660
11.77856383
18.81892509
21.88538065
4.27823914
7.17008422
10.32633422
18.71628990
3.15057291
25.37622008
10.13895722
9.24564606
4.03214539
6.44852505
4.80102726
11.54341644
13.17744404
13.85575908
4.76127106
9.67252438
6.00626773
15.84940271
7.99524268
10.87861592
5.68518284
6.58073249
8.92187500
13.95198360
18.14782248
2.15125166
6.18884308
13.31253436
24.81645057
8.17916112
13.16397385
10.32898603
12.84639185
5.92794104
9.15458222
5.49373227
4.17378878
14.40807514
11.87992963
14.03291778
4.94319703
3.30859375
14.23242188
4.28951019
19.96654837
19.45531915
5.87163009
7.58447141
8.48193484
14.85554743
11.15572362
8.63281250
9.84464539
14.74955231
11.44140625
4.31205231
3.46333832
6.43725399
6.92602726
10.58455009
14.96740692
11.88843085
3.55871675
9.69274933
4.76838985
5.96989140
11.23160018
4.03793107
25.19123892
7.77315713
4.61238586
10.07377106
3.42952515
10.73209220
2.60925698
8.34875333
4.42513187
12.02844083
16.44767398
12.81506317
7.72444703
27.79511858
11.48511303
6.27746675
16.81835439
31.63582336
16.83638519
3.51367188
24.70059619
14.05363475
3.58606050
10.56416778
0.22709199
23.56704566
11.61955895
27.49144947
18.06021720
12.85185283
5.24288120
9.97542110
6.19503213
28.09215094
16.65365248
6.47640514
18.71529144
7.00390625
14.16755541
5.31336103
2.00390625
15.95828569
5.83814162
15.34798094
8.49576906
2.55708832
19.63541002
10.08679853
19.00667110
8.72066378
4.35034242
11.71093750
18.98514739
10.23054743
3.75785682
14.19123892
3.44893838
19.07812500
4.28951019
16.13012633
10.35863697
11.46260528
12.05208998
6.97086547
3.02958222
3.31986481
16.88964096
12.10600509
4.59964872
21.78182070
9.90458222
21.48852228
18.23083776
7.96964539
10.28202239
3.35803192
5.87211214
17.73864030
5.49093306
28.54703236
4.76982158
10.84619016
16.55163232
6.21041112
8.73767277
17.15815880
13.60534575
5.19779698
8.17468417
4.46061281
13.95442376
4.74479499
4.30078125
23.07046986
8.14046764
2.80904144
14.62910794
1.38456394
16.44086991
20.27083998
5.54565492
4.30078125
16.92447252
3.85331892
24.43334774
4.77758976
13.59480774
15.35351064
14.27583832
5.81990913
20.14074800
5.24743683
3.28605164
14.16678303
4.40352947
23.12231383
17.69546986
8.11625775
1.82767731
37.40555630
16.24873560
8.14559397
13.85245789
10.25565271
21.00890958
18.24792885
35.73579677
13.40319980
11.96088321
10.88913452
19.72688345
15.40869016
4.92350842
1.98136414
37.37580674
39.08951906
25.54928080
15.59419769
11.35603945
27.25931793
26.83507647
15.01587101
5.47103280
12.01831117
6.79093196
7.24633976
2.90173371
9.35746122
15.69331505
20.48058179
6.78130429
9.00089539
25.25166778
4.35123781
17.97220856
10.80725067
32.68704234
6.86394060
12.06799534
6.49955231
17.40702239
6.42500886
21.96260528
5.36942597
27.59887633
18.18058289
8.40458222
9.12247119
10.52161236
4.72208555
23.61629211
34.96569482
3.77405252
31.98632314
8.00586436
22.09293329
4.49691046
27.80610927
10.70516179
6.23872894
7.31583555
38.09183622
26.98843861
9.51571365
13.66393950
9.86039339
11.08979943
3.79089760
5.74955231
11.54931516
14.14318817
15.09130984
4.83190825
2.93941378
10.41227172
11.01948693
5.77527260
26.56957447
9.35140514
13.51216644
11.96069149
7.33272495
1.82767731
13.88398826
42.87728280
14.57176862
6.32711657
6.47363032
25.09399601
6.19409242
1.81640625
12.43472518
3.42420212
20.24841091
7.33016179
3.30859375
15.82331838
15.09705119
11.65535461
7.01761747
23.41251773
2.95312500
43.88627106
15.14575133
10.70352837
7.61165780
6.14888519
21.60607381
8.26892619
22.04439052
15.64550532
13.64000998
18.88627106
5.77165669
6.91406250
0.56197113
14.18663897
6.93836103
8.91406250
20.29311614
8.01299312
3.59863530
32.91165670
15.28711436
0.95015473
19.14586935
6.76143838
3.24654144
17.08174092
2.75073803
13.83915005
20.62524601
32.74926197
4.59448803
18.18342642
3.68811502
19.08939606
3.51367188
5.73828125
14.87821255
10.67085661
4.68965979
40.13500665
14.51672208
29.50993295
6.77966091
9.52880984
3.69934175
14.12052305
3.35844027
10.55484486
3.97205119
16.48437500
12.59406472
6.51095633
5.81481716
8.67606816
6.85847961
4.19742797
4.84777925
7.69205563
24.64180076
14.41752106
9.73690381
22.62308622
28.21211326
6.28544658
10.68916778
0.56766816
10.66918883
9.31046321
3.17313940
13.65307181
32.30155862
6.68892177
27.25775821
10.08892397
6.21012079
28.23474401
38.70405475
21.19120456
7.07650155
11.18839539
8.29687500
6.06839872
6.09822695
17.32165558
6.77966091
4.94600620
8.42277039
15.88834220
5.87614140
5.39734042
2.54370179
9.97131317
12.71769226
6.69877106
1.98136414
39.52542000
21.81573922
11.31502881
5.42020722
16.90759308
6.77966091
5.51977726
20.96309231
13.22363032
20.65649601
30.83979943
13.62320922
4.60376662
2.00390625
16.19681295
8.96350067
4.16955784
22.81421210
17.31774684
7.65438054
7.37064606
21.41884919
4.89169769
12.47594748
3.88733377
1.99263519
15.96875000
7.64754211
6.34183622
33.55252771
23.51868018
10.69633089
3.27388519
3.47460938
8.79239805
18.21996510
6.90417885
3.82759862
18.38809619
18.85681183
3.25509197
16.81278037
13.54610261
5.35071143
7.09899933
16.59452239
9.76920656
13.20775931
5.42851174
14.01745014
13.73156583
4.08736923
14.93598959
39.32621122
7.36190381
14.82031250
12.62047873
3.76278147
10.45479278
8.59159021
5.40328346
2.55273438
23.72196255
11.94803303
19.13086062
21.53943151
11.72961768
10.17601729
14.56169326
5.22802859
7.06551086
3.75919493
3.65787843
5.63326019
1.97009308
20.23009974
22.66398382
5.58939606
6.08792997
18.30314273
10.37935394
11.86629211
3.05948914
18.36065382
4.76043993
7.10111481
21.54841977
16.64696643
13.51652039
6.75533798
1.91992188
9.97387633
1.10620179
16.69518451
5.72974069
7.29187167
9.57433179
9.88546431
9.79712101
12.91406250
4.26261414
15.98453236
4.21033244
7.08984375
13.69591756
15.54854278
13.01725842
4.50890958
8.18249667
8.24263519
12.52062833
1.59655917
12.15795213
2.55298537
44.48998338
12.71314162
3.32963043
6.27254211
10.96415005
10.59813830
16.97270057
10.59871897
7.95312500
12.29687500
24.79150266
11.55468750
6.81518617
24.17719305
5.46811059
4.18505984
15.15742576
2.99056405
2.28995789
18.91601562
7.75288786
5.09228391
14.18160128
2.74906527
12.59004544
3.23763187
15.72350732
18.80839206
11.13908023
20.18016955
14.34436502
3.83438775
3.19432846
4.49692043
3.96484375
12.11502771
13.39037899
3.15279643
17.15010528
12.65486259
5.88753546
4.85392398
3.04687500
10.73950133
3.57198028
6.07600953
25.85691221
14.82011081
4.37890625
3.19576019
14.69880541
5.20309064
9.11694149
13.26497562
13.94367908
10.00598736
12.00089539
2.28893950
16.61462433
17.46850399
9.24422429
41.35314163
9.71667885
9.26164007
16.30350178
3.53736037
11.57287567
6.13671875
16.23514739
1.43025820
9.88281250
6.64530364
24.36873227
10.78307514
2.88603501
4.20402039
42.06989916
3.91056959
2.08984375
37.92138298
3.95202792
10.80057956
18.88296986
12.26306183
32.46785461
7.88700908
8.51216644
2.29044493
6.32869570
30.99475067
41.86047208
14.41230608
7.50456560
3.00960328
37.21381539
5.68226063
15.77339816
13.34765625
4.28951019
26.02115470
14.82275266
2.84314494
4.75781250
18.12740082
15.15165005
34.46573914
12.31307070
7.42712433
6.91585328
7.18961547
19.69079621
11.77075195
32.31310506
7.90759807
4.84497008
2.54085328
15.76472961
6.04866578
9.08504211
4.02087433
6.44852505
4.80102726
7.67573693
25.16690603
8.53890514
8.12626440
3.04687500
20.50821587
42.28193374
9.16643395
12.80558289
17.59068983
5.97286790
13.45914672
19.24010639
5.69713764
31.28683399
9.05379211
8.03304078
6.44568151
13.78906250
35.49453901
9.16516954
2.80566406
16.09773493
12.00089539
3.46627050
10.81225399
13.64823581
4.61718750
12.40189606
9.54950688
5.99435726
3.88313719
8.51256982
5.55993683
9.62985985
10.25423094
9.98827128
9.39006427
11.39627771
6.36959330
45.03775377
10.61865920
6.70019282
9.78765462
9.63883422
14.06864472
7.63627106
2.62394226
16.64013298
12.35526706
13.14945589
3.98014406
11.24080009
15.31388741
15.05545989
4.62813386
13.67533356
10.46084885
10.63188275
2.02640902
7.89497894
14.17626330
8.10063275
15.63281250
7.07099624
5.06136857
26.97708888
12.56286901
6.36629211
9.26806516
13.30737367
5.95645058
5.95639184
20.74967033
9.83297096
18.88756982
12.93347075
5.60217752
5.96529144
8.49820922
10.74397828
7.79463653
0.64042207
6.66841644
10.03470856
18.17422651
3.65255540
3.92712433
17.26383422
1.46272828
18.65868019
9.56617021
3.73474401
4.61266623
5.72046210
2.92500886
4.15433622
13.21627050
47.41316711
6.87532469
10.08564467
9.26335217
5.45459109
7.64216977
4.77995124
45.45527483
10.37577986
12.49104610
5.43570922
9.11743351
2.49292054
5.44921875
13.81494016
15.82379544
5.00355717
5.51192044
14.82201474
11.63061835
7.67443817
7.21630984
7.97611481
6.19884974
4.87837987
24.11271055
21.07568484
5.78906250
14.86299092
7.03935283
12.47594748
10.67940713
5.09899933
15.61103779
0.02254211
5.99173981
20.97094415
5.96745124
2.07857269
12.58007314
9.23979166
8.45312500
21.89793551
6.94792996
1.94755097
14.39257812
19.75109708
9.59566378
8.82485816
4.66431848
16.54943817
12.29792775
3.18494182
14.06494016
3.34761691
15.57120291
19.03007424
11.78739472
7.39843750
12.02343750
13.87009974
3.16896276
11.23347961
4.37947197
12.24166112
15.35301862
12.79041555
4.61718750
7.87845856
8.90279144
10.95307071
4.04066156
8.40380984
19.97582946
34.37312057
3.35702349
25.07018950
9.00207115
8.02420989
10.89648936
5.77701906
16.03906250
15.71549313
3.75085605
6.53727172
10.57722961
10.10815492
10.70825133
6.95581117
6.53727172
10.57722961
14.35785462
8.00172207
3.90649601
3.32405640
15.35843529
16.25015736
1.32589649
21.12808954
6.22302526
11.68456782
10.93558622
2.40133034
14.85143950
9.87707613
6.06302638
8.15214206
3.71061281
18.97721188
6.08182956
28.10505541
8.52995124
3.53100897
12.89371454
9.93786901
9.29536459
5.46244791
4.59765625
9.33593750
9.01985594
8.11547540
4.62203346
47.82466644
4.28951019
13.80379211
11.58275931
3.40055795
19.71830231
3.51367188
8.94095856
8.44693595
6.33553413
12.94803303
10.16492353
19.04548759
11.35437167
6.61576573
9.34720856
23.91857381
8.64022163
7.63696476
7.90490692
17.42414783
7.93567486
8.23091644
17.94034353
11.63163674
15.81429078
2.51713043
1.97009308
13.07815936
11.89449689
8.08504211
2.92232269
12.39692709
13.69246897
7.89110705
4.53166334
19.64973626
14.92570257
5.36596742
13.46081450
13.76436060
9.39201241
1.08300781
12.00939163
9.15031693
16.63883422
6.26786347
15.49515404
23.96732325
15.96590647
16.05354610
12.43363807
18.67443817
12.19213431
7.79749002
1.81640625
17.81074358
6.49081006
8.47041778
5.93505984
3.25781250
7.78938719
10.47082115
14.76880319
4.60880430
11.16715204
8.71350067
27.36434397
3.94576019
6.95853668
29.52407691
5.55270500
10.21272828
5.62186614
8.63114472
7.98363697
4.48210217
8.61885528
3.12544769
6.68391844
4.40291445
16.06009420
3.71769725
9.46785461
22.89859486
16.22538674
0.66284242
8.78829011
4.61328125
3.30859375
13.44762966
15.54235373
5.58980939
5.97521942
5.47668550
4.57421875
16.65063165
11.88997562
4.03707003
31.46004211
31.31553525
21.55372340
13.47192819
7.23994903
10.00179078
21.89078236
6.69983377
8.17545656
9.31558954
11.71386968
16.67931849
8.50639073
56.07405142
16.65999889
12.64912124
21.45589982
6.88659575
10.08564467
14.69129321
11.32571920
2.04598459
3.28605164
12.80228170
3.56881205
20.60459775
7.72698581
25.12730719
8.04066156
11.68534021
6.00280917
19.67809841
7.19722628
8.17134862
3.04687500
6.80078125
13.19803303
3.49772717
2.08984375
15.05045158
6.78385749
12.88549867
22.02115470
17.27331450
4.31311502
5.55513519
3.41780640
12.35122784
5.24252216
8.02343750
12.42252438
3.93729831
4.21093750
35.68615692
3.49112976
4.02388519
16.29727837
6.10372229
6.25089539
6.08113586
7.99218750
9.61783688
18.85180851
15.94571587
7.68709663
17.55545490
3.66134197
17.43138963
8.64840314
14.56864472
13.34765625
7.63627106
10.25435394
7.45703125
2.66255707
12.36249890
16.76445423
4.30078125
17.83581450
24.36852062
8.57601950
9.28535794
1.42256870
16.08312833
6.70235261
7.87784353
10.81128490
5.58939606
10.72656250
12.69994681
6.82352505
10.34973736
12.43566490
9.30261635
18.15480830
9.52219303
7.85689052
12.95272163
7.07812500
7.97432403
7.90970357
6.62606272
13.08760528
14.37858156
3.36702515
11.72554411
3.85107546
18.35607381
20.24833222
10.16467752
12.24425865
4.66243905
10.59863032
10.31543218
8.12923094
6.72233156
24.46332337
5.31914671
10.05289672
7.71472075
8.83874667
11.92277039
10.70658356
13.24425865
10.78458555
6.07361369
11.12923094
6.63736813
14.45865470
5.97998670
8.91267509
13.97974069
7.63627106
47.77779144
4.28951019
9.86706450
12.97643950
3.20682956
37.15189606
10.18404144
7.40881317
3.56188996
11.26794216
3.16174534
19.22008312
24.09302194
5.14144171
7.31665226
15.03727172
2.30436281
17.90372119
6.17139295
1.91992188
13.11018174
3.64718306
7.42789672
14.79857713
3.81035017
1.93627992
14.30696033
12.05953346
2.46358433
8.98693817
38.44380209
15.74459330
3.89888519
11.11657248
7.82438608
5.85546875
6.96093750
21.35847463
5.55709330
10.61718750
4.46529144
2.07857269
10.25475732
10.14037899
6.32316600
3.67187500
6.24910461
14.08634087
12.39892952
0.62402344
20.12918662
24.75500333
7.99817486
15.13883422
3.57495179
12.30854943
8.94108156
4.26164007
10.84977172
12.75524933
6.14152039
3.31986481
9.25345856
10.97273493
11.22257757
10.48465537
8.14099401
8.07055851
3.05814606
5.60591644
21.92142731
17.00105275
6.18599955
8.42533356
20.78491024
14.33967642
2.34745955
21.46069149
18.88468196
5.55261635
14.34720856
9.40714539
3.05814606
8.14269615
3.49988198
1.99263519
11.69392509
3.66544991
47.41752106
16.35758422
11.07198028
1.44738863
7.39306516
5.23298759
7.36384198
6.15854277
13.12320922
12.14241578
11.73119681
7.11255319
12.39575133
10.21007647
4.25354720
10.27075133
5.40832115
18.92960882
23.04446920
22.17916112
6.11422096
8.96948304
6.69877106
13.28169769
9.00602172
22.18521720
12.69938608
3.01021332
9.87027704
3.00036901
20.29870014
3.63879986
30.28338986
21.55372340
14.08516511
9.62715979
9.25089539
15.01639739
8.97427970
3.03170268
15.13793883
11.21708222
3.51607269
12.70031583
6.18204898
10.27075133
14.55606494
12.93746564
0.58772828
11.41678303
9.69259197
39.72119016
16.30651264
12.41236037
11.40933954
1.95333167
18.78820147
3.89494459
15.09061115
0.11271055
6.36385195
9.29935450
26.57799203
2.83554410
17.79150266
10.82914339
37.75850122
17.70935339
20.77823914
17.62320922
18.43342642
12.30447585
10.86020168
22.30513519
21.07421875
15.23527039
3.51367188
16.74129211
7.15266844
2.89945589
16.23184619
15.62317486
2.08398438
15.41930685
7.33118018
19.71240359
13.37744016
7.63671875
15.77339816
5.80033356
13.57775599
3.90706671
25.24124779
5.44535682
15.20800532
3.99947362
3.80122894
15.95198360
2.51090702
15.12503436
1.51559064
2.08984375
13.14257314
9.15933954
3.36560837
11.09362700
6.49967033
18.56697695
8.88126773
6.08781194
8.94006317
8.93839539
11.19929245
25.78002992
7.36638076
10.93290005
11.55403812
8.04760306
20.32959109
4.70662788
16.49206450
24.06839872
20.52005763
12.79468085
22.35798759
15.74820922
6.98690381
5.54073028
10.85770722
20.72656250
8.11271055
3.21301363
8.00813719
5.22277925
6.52689606
9.57902039
9.92280475
11.74447030
10.50972628
10.97729554
9.01729278
14.89692709
19.18493683
3.74023936
13.60567044
5.85136081
14.15625000
3.51367188
4.02388519
18.12861592
6.05843639
14.13191213
3.71769725
9.39908688
2.96932070
10.56518617
16.53202239
6.62276153
11.98103945
8.49385528
5.01139406
16.68855275
7.56925975
5.05814606
9.60066711
27.47236592
8.01701241
19.39396055
11.53946587
2.73043439
16.48079344
12.19543550
9.19531250
17.25333555
14.53812279
5.19401374
5.95800532
1.93498116
3.30859375
17.80252771
14.33606050
20.53100399
8.98319924
8.81237700
7.98014406
10.40881317
8.78214539
1.89737976
2.08984375
10.65010528
12.98323360
17.02180408
1.37610704
7.55187833
11.13427361
6.83488475
12.15189606
0.15035004
13.18013519
4.30078125
11.24617243
10.26716977
18.08040780
0.13161193
20.73335661
6.90816378
18.19832336
23.96447474
15.57112921
19.60400266
7.69108156
11.02510528
14.38224055
13.43456782
6.91569592
7.81660794
1.72831394
2.08984375
18.17338043
20.07726895
7.65726839
11.69250333
11.64343417
2.99788453
3.95357269
11.46146388
11.24662511
14.81806406
5.67501883
12.50931793
3.51367188
21.79886747
13.70503878
25.66540060
16.75137744
7.59945700
18.45446808
7.04406583
11.83170656
3.13594636
11.07018950
15.17984486
17.21630984
5.78141733
8.65458222
15.35156250
13.17533356
16.73872894
2.92773438
13.70658356
12.91832780
7.73868462
2.76335715
12.47387633
14.02973959
7.62138408
2.96634918
6.28214539
0.03480011
7.24865692
21.27306849
11.89253878
1.45389988
14.54300311
8.68567486
7.04284575
1.23726535
6.43725399
12.31709995
4.67700133
7.00524933
19.21964539
4.61718750
15.78804411
2.38623171
7.95178192
4.16931183
11.48783356
7.04011525
8.11678413
1.78397800
2.08984375
11.61181516
4.12646609
2.08984375
19.62137412
18.10734319
4.64778812
7.00646942
8.12589539
11.30812612
0.37831615
19.03348598
10.99910461
6.38570036
7.20394171
6.56429078
16.69615858
12.69837267
7.05533688
7.88582336
0.36312015
11.88346188
6.13651706
22.81738281
17.52155807
24.54130097
14.00159408
7.04406583
10.48014406
4.56685394
13.30033356
2.36250886
9.45312500
2.81880707
13.25345856
1.70507812
2.07857269
14.17561392
10.35474069
5.42232269
8.40063165
8.00215979
5.52164672
4.57031250
14.24308289
14.38525266
2.39599734
7.12154144
16.09179688
8.92879211
11.62064606
12.22582447
2.51034131
19.44531250
8.94006317
4.13806183
7.25301086
10.23168883
17.47143617
3.50240082
9.17777372
13.52575466
4.12069038
10.35656583
8.90035128
5.16344748
3.21484873
14.94352172
14.42907248
3.74023936
14.99898161
14.47131317
16.18009087
5.45117686
1.90332031
3.96093750
9.77550865
2.85925698
6.31250000
8.24129211
16.97310394
18.37154144
6.31640625
12.43404144
4.29687500
6.22599180
4.04866578
7.72098847
17.91316711
6.92789672
16.38549867
18.78169769
9.87064606
2.02884918
4.73527039
17.92443817
6.67232269
20.58597186
4.47306959
18.12756317
4.91406250
1.95882203
12.74503103
4.12996897
22.79743573
9.90914782
24.60066711
12.02306849
5.65405585
11.21952239
6.85652150
9.43567486
5.52978391
10.99320589
14.55138631
10.16300975
3.03560394
5.60591644
6.42911680
11.31172761
5.41105164
10.52254211
11.17765071
14.89037899
4.98364694
12.18135528
4.57974347
5.04989583
3.31986481
14.94546986
9.08260195
5.64726174
24.13723516
6.90963984
28.35171986
3.69214428
12.12385860
37.59244127
11.31608156
7.33000443
9.68314606
4.83068817
21.46512412
4.97807291
8.65970856
4.08459442
3.74487367
13.63769282
8.44120456
1.86641511
10.98311060
10.85171986
7.64519060
13.21952239
0.99283937
8.70287899
1.73852726
14.97977006
16.20849734
9.45284463
4.36775820
13.37544769
3.51367188
4.02388519
38.54442487
11.31608156
13.25533798
6.94742797
5.61551972
4.12935394
11.55008755
11.47631649
10.40405087
5.50073803
28.05004322
3.66960217
12.81558954
9.86474734
7.58650820
14.36286791
13.79952681
19.13326019
12.60937500
3.48258422
11.35066711
15.73091644
30.77176972
17.77510528
8.53035461
6.93802638
5.83720190
3.23527039
12.54524158
8.39225842
3.35546875
18.12868463
11.40061225
3.51367188
15.64318817
8.94095856
5.73616578
15.41125333
13.66804743
5.53007424
8.31285905
6.22608045
9.69454011
21.52388519
7.48828125
3.29732269
9.91035794
15.93648161
6.81176197
1.47465868
11.10489805
6.49967033
8.42863475
10.69787567
17.22773826
5.12081338
10.70979610
11.37524601
4.80993683
10.87064606
10.25679411
25.15185671
4.30078125
23.26122673
16.46671321
10.95296764
6.28304078
4.22383201
13.96643284
8.34924534
21.08044216
21.81514185
7.06580119
3.12304688
18.13995568
7.61337987
15.34733156
3.85172485
10.37243683
16.80167664
15.70507812
6.69877106
1.98136414
11.98990470
3.21863198
27.70193928
15.05891844
3.09461103
20.80379211
12.91857381
13.86165780
10.19722628
3.51367188
13.61221853
15.19583888
0.72567459
12.36404367
21.58203623
3.65007092
9.36348294
18.68941378
17.57714096
6.79183732
9.86527372
1.75289035
17.43985151
6.71204454
5.94576019
15.84598349
5.87626440
29.98437500
13.90726839
2.08923371
13.44522385
3.57866134
12.18750000
3.89062500
12.96467642
15.56901374
2.75793550
13.52591202
5.22933732
16.80948416
8.62907358
27.61718750
6.51940825
3.26770113
11.79943817
1.68192597
4.21093750
11.81135860
14.70967310
18.61405364
10.17082225
1.79618379
18.32198028
2.66630097
18.66210938
14.57531583
2.32702792
18.46524214
5.43669326
4.85392398
11.00512633
6.07690492
23.84439938
6.34655917
12.11950466
12.79076463
8.03158466
3.35546875
16.48079344
4.36686281
8.95747894
13.37666778
4.28304078
13.57775599
3.90706671
29.17789672
4.25569703
10.01383422
13.98435506
2.29388408
8.36808289
20.44559287
3.80786569
11.00435394
1.66113281
6.21126219
14.53637633
15.35440603
4.95610150
14.65787345
6.77258643
10.90804078
4.76696808
15.11376330
9.40186170
10.89485594
4.54174867
6.27388519
7.23046875
13.30126330
15.65230939
12.06148161
6.58304964
11.95646055
7.05179964
15.27473626
8.69311835
10.87308622
3.31095523
4.02388519
21.51651541
8.17940713
9.60591644
12.81685394
4.28951019
16.87629876
3.80684729
1.99263519
13.41499225
7.03935283
14.48181183
5.29040558
14.28369016
5.94108156
15.58670989
2.93416445
13.04984154
4.36076241
19.95706561
5.44438275
5.96529144
20.67879211
18.40042000
5.23617575
3.72998171
10.87064606
10.25679411
12.08019615
8.67082225
16.00691711
1.22851189
8.50191378
1.62687444
2.08984375
7.99820922
20.28474291
5.60108045
5.60286126
13.58118018
8.77087433
20.55513519
20.86189633
20.33874667
12.67073360
6.54756870
3.30859375
16.44034353
12.99715647
19.93936946
3.29723903
10.13688608
14.03613032
5.77502659
9.99555741
6.00143173
15.28320312
6.31640625
5.52600067
14.79675200
10.13818484
1.75435394
13.15384420
12.45072916
13.88627106
10.84285461
8.54150266
20.28450687
4.28951019
10.87169881
18.94189827
4.44812167
21.03861481
6.31640625
5.48559508
9.21695922
5.46195589
12.51476397
3.38367353
27.00405364
3.94593749
12.20581117
8.69877106
17.06250000
11.89843750
25.35595080
13.88268950
4.05086990
20.46484375
4.28951019
27.89326685
30.59634752
22.65394032
6.23689384
3.33988807
6.25089539
4.19441711
8.49898161
15.94827904
24.71390404
5.75334552
28.53710439
12.42057624
30.20833499
6.68750000
1.98136414
6.41784575
11.72579011
22.95031583
7.72758089
17.57096188
11.08439273
21.12768617
10.18404144
14.03548094
14.93225067
5.94128325
7.97611481
3.61727116
20.78673538
11.93400709
6.00191378
18.22208555
8.32808068
11.19503213
4.68058289
12.19522385
13.44104222
17.23002106
10.76880319
13.96439606
3.56803468
14.20902372
9.60603945
2.85140015
8.06603724
6.80090425
6.82356937
12.45377438
4.12524601
15.18268839
10.28902814
9.27392952
2.63521332
35.72566213
28.95629821
8.58757092
21.08203125
16.07275266
4.50101839
15.88960661
16.16637966
4.49088874
14.03458555
6.45369570
5.52600067
10.78063996
12.84977172
4.09509308
6.99519836
23.15889185
8.25215979
5.51472961
14.29341644
3.69714262
2.88818484
19.83011248
16.74459330
12.23795656
22.44515015
30.61962766
14.33890404
8.17338541
12.87935394
23.57031250
6.22562279
6.98096077
3.03560394
5.78080231
15.67622894
9.83068817
11.98002106
9.73814828
3.17770500
5.01851286
4.36775820
8.80354610
7.29846409
2.81099457
11.78857048
4.17627327
19.85920767
