0.11271055
17.28963320
17.73591977
25.25191378
11.03727172
2.43973847
6.85111481
0.93636078
3.61494903
1.19807984
0.50585938
12.01639739
2.07930574
9.08556849
7.52425421
0.16735840
0.64794922
0.03238922
16.84431458
2.30139129
7.95357269
13.41393950
0.61381136
17.90372618
16.91401755
10.62830119
0.46529144
1.26367188
4.16316711
15.04508422
3.04370179
7.89017731
6.85201019
5.09350399
0.93835605
0.89664672
0.86104402
7.36975067
9.17622894
4.20987976
6.26517731
5.66796875
13.34631317
1.28206422
11.70194426
3.84252992
2.69380707
0.77929688
2.01790282
1.66373781
3.60937500
5.06078790
3.49780585
14.67175200
10.88062624
24.59375000
1.52290863
0.90429688
2.59090149
0.08382172
3.25435394
16.33504211
7.72003879
8.19336436
4.41036790
1.90759308
8.02600067
4.19576019
1.50797485
2.38549867
4.52689606
2.89972380
3.57630983
16.00000000
4.11108212
0.12256046
25.99218750
5.21653093
0.28932845
9.31447029
13.77062833
13.42224858
13.14080230
8.63848591
0.62348175
7.89408356
5.42578125
1.70161957
7.49564606
1.24239105
1.87223266
6.57031250
5.08382203
9.09285461
3.59269226
6.77302416
1.85152814
6.05537435
5.25807590
2.10807624
1.93741883
9.81929411
0.31221527
0.29012148
1.13964844
11.43684875
5.38828034
1.81662364
3.87281083
8.49707031
6.12064606
8.28303330
8.93444482
13.34139849
4.94600620
0.08899901
11.40022828
6.83593750
5.10457336
8.63148124
7.37845856
4.96529144
2.05859375
8.01818817
8.26013215
13.63240539
0.55704773
0.15848661
3.40621066
2.77298981
8.85221188
2.19856937
6.91573028
10.97264628
0.42314688
12.18037622
2.61426030
9.65948549
5.44531250
0.63875305
0.01410950
6.05814606
6.38692044
0.90161320
0.75732422
8.39062500
2.23034668
7.87845856
3.61568207
3.43164062
15.89745346
9.07552748
10.27872119
4.21813996
9.68400709
2.72701019
0.43924957
9.31941711
0.27868683
3.65205840
1.24511719
2.13700410
1.79349762
0.92232269
1.02539062
2.21618953
12.34977421
8.57405142
4.93331338
1.52893035
13.09631317
6.01485261
10.76769615
10.11181516
3.55408244
15.93916778
2.98376496
19.75182514
7.08582135
12.68798205
21.64806849
0.48861591
25.73071289
2.56099457
11.94346743
4.15374113
0.42379387
6.34033577
2.85982269
10.53946587
19.18319038
0.25634766
5.04199219
6.53055630
2.23417331
2.21964539
5.84850036
0.00799073
1.24902344
7.60872313
9.17907746
4.97489472
10.77766844
8.28385500
4.02034760
6.98347961
11.00435394
16.85117355
2.92303634
6.33951906
9.49475067
0.99646027
1.13724762
7.03857048
6.64547096
5.84375000
19.58203125
0.72607422
1.91467254
3.54821808
1.09098266
0.36804230
0.54927582
17.46844627
7.13895722
2.99631537
3.73917664
1.60449219
4.14798981
0.20336914
0.77290863
0.22509766
5.28426086
0.20865906
0.27465820
7.34903743
6.83491911
3.80639960
1.97355164
6.35502106
4.26652039
0.61181641
10.85156250
6.99942930
1.15738642
4.04256538
3.53560394
4.41060394
2.17472351
1.04349762
14.36718750
1.60994072
5.66980385
0.64794922
10.69352172
1.29646665
10.36307956
8.89675976
10.04273271
1.25626773
8.21260528
3.10262024
5.01440492
0.91650391
1.69380707
1.08300781
0.03019714
4.65625000
3.23978668
3.71284630
1.72314827
3.15136719
0.45438567
4.67110261
0.36596680
2.24609375
4.25345856
1.99068207
9.48734154
8.14269615
0.34847794
1.18289973
9.67301640
1.33150238
5.32421875
4.82812500
2.26562500
1.15917969
5.63326019
4.52510528
7.51350953
23.44006317
0.15132691
2.13085938
1.47513824
16.30354610
5.93176488
7.73738586
8.23002106
0.14904816
2.37890625
7.44038786
0.45369570
1.04785156
12.26037567
11.19840204
4.08419104
5.42187500
3.17036957
0.49076324
1.69688508
12.38978390
2.58170656
14.53906250
2.33683289
1.65071282
5.22481604
11.92622894
1.23920913
1.46416001
10.54151397
4.83003754
10.46244293
2.62604374
2.97265625
3.33984375
6.05814606
-0.00455719
17.59683954
4.56228835
1.43266899
9.75003685
13.25818151
0.97615664
6.87646484
1.30086242
9.30338043
2.17036957
11.39062500
3.06835938
1.27636719
7.39754211
5.20576685
11.08788564
2.41232103
0.20196533
7.21785461
7.20222961
18.39933289
1.34855164
5.11328125
2.81835938
8.79597961
10.41817044
11.54366245
0.59627071
2.81559452
1.40039062
6.44921875
6.37500000
2.90820312
5.06250000
5.49609375
11.71590149
14.21207641
3.63016816
6.09029144
5.81208666
2.33244459
5.47656250
0.60209137
11.74218750
2.43420379
0.60823609
7.92923981
3.01411957
5.99519836
0.24914488
0.16935304
0.16984039
3.87984223
1.76513672
6.41406250
10.85164243
5.78271609
6.55631531
17.10937500
3.77929688
3.66092864
5.67500886
2.67773438
8.06941711
0.28190125
0.12983122
7.05737367
5.50435394
5.07377106
4.24263519
1.59928095
5.64310948
2.00374390
4.31347656
8.05904144
2.52103668
10.81852172
0.81563262
6.49381095
5.60021942
4.85140514
0.16682953
0.47363281
3.33398438
8.87117243
18.50000000
11.74678745
3.23053746
2.11801418
9.50960328
3.64693207
3.91027427
5.55517952
5.66540558
6.56551086
6.49654144
3.37845856
4.39933289
11.22558594
5.38045102
2.67378878
12.43391844
0.34269289
4.66451019
14.60502106
1.65917969
10.79252106
2.04492188
8.70568817
14.91735622
3.38667941
2.45894503
7.71394836
3.89737976
6.33007314
3.93510416
8.92064495
2.71652149
0.83837891
14.94315271
4.58134253
11.00445701
12.19175088
0.14348234
2.53963320
10.48828125
12.80145502
1.13559729
7.81953887
1.73392731
3.08756593
11.84631317
1.78356965
0.44018555
1.89876219
8.37076906
0.30350738
0.00063080
0.39135742
1.11370341
2.63192708
1.99202515
9.19531250
6.93359375
1.43457031
3.13972961
5.17277039
5.64798981
3.70524047
6.67622894
0.79187043
1.93599457
13.97298094
14.34643617
3.84615082
1.81587738
8.61181516
2.57417443
0.32137522
4.85772958
23.76918030
2.24910461
4.03873781
10.71121787
2.81266733
8.27387523
4.76083333
2.84285461
2.52237976
7.15669769
17.11249890
7.31531541
13.37589664
0.81498199
2.19335938
6.18794769
8.90970856
0.57714844
0.01122284
1.14497894
4.24829102
14.37320922
4.18615692
1.73872894
11.04174867
0.02668762
1.07393340
16.09940644
1.95800781
26.49609375
16.89912124
6.99886857
20.78461991
7.79350509
4.08569149
7.22066378
6.27221742
2.82812500
2.55078125
15.57355235
12.80794312
5.45312500
0.12368162
3.78092531
11.38089872
5.46736259
0.44267315
0.82714844
24.02634036
14.70076352
1.52877050
1.63468445
11.77689606
0.08744324
3.05664062
6.00032469
0.27433351
1.51900238
12.02945922
10.38842587
8.90165005
14.66544991
21.33668995
11.85678745
4.82739694
0.31173457
9.12011968
3.56640625
9.49385528
11.68814938
1.90291445
7.25883089
1.22265625
9.81250000
0.61922180
1.11896956
0.84921099
1.81738281
2.15970856
1.21972656
9.98872894
10.94111592
1.62724346
0.22082520
5.25390625
3.66031361
0.41341686
0.04168701
8.23437500
0.11726805
0.96716153
2.52457890
13.11808289
2.62349457
10.34671654
11.26957557
0.43790711
9.29947252
3.46179853
1.43306488
9.43737700
4.26574800
1.65091949
8.56123809
8.06774933
7.49621613
6.90445922
0.76159699
3.67382812
11.01460661
4.52836214
3.07466644
5.95495574
3.41608130
5.90596963
3.74849457
6.73002106
5.48482269
0.61492366
1.71529643
3.28605164
2.30273438
8.27343750
0.19130307
2.64493960
0.80810547
1.80761719
0.01180267
9.57812500
0.52148438
0.32910156
1.08043859
4.57645722
8.71716446
2.95312500
7.19095856
4.28125000
0.33154297
0.06178803
4.32377106
0.61092102
2.80440215
2.27311281
3.09179688
9.94531250
3.75585938
5.91361481
1.55224236
2.22554909
14.27729943
4.15238807
0.04238892
2.88311850
3.90447916
11.74197585
0.22091478
11.14035797
4.01578361
5.36153479
5.32735261
5.73527039
2.89648438
8.41752106
7.33715758
0.54663148
1.33247894
8.59720856
0.12733947
6.98917664
10.83833832
10.02446069
1.90022383
8.00211547
3.22595246
7.97432403
3.46948304
0.33943664
0.01697815
3.67390681
3.20304134
2.89994791
6.70161957
7.48392731
2.46724457
5.58203125
0.07861328
0.43457031
9.22076685
0.64747838
0.95597351
8.20161272
18.77725199
4.85682180
3.44966644
12.64908688
3.08919437
10.02510528
6.71663453
5.57466644
12.66906583
3.70743960
0.11583403
6.04174867
5.24218750
2.34134918
6.47656250
0.05763764
10.34887633
16.76342587
2.42285405
16.84037013
1.77441655
2.81445312
1.47603363
12.88627106
11.77062833
14.28137300
1.59151277
19.76778106
4.92321808
2.95011414
14.62411576
5.26707614
1.89694702
12.30904144
17.66068512
4.87890625
0.88822169
2.29289007
1.37943512
1.52148438
1.49023438
14.70658356
4.60847961
0.32381226
6.61869293
4.95572377
1.73722850
8.64933289
11.90189606
6.27053968
7.50289782
2.71484375
2.18253601
3.56445312
3.66332946
9.89001401
0.78625519
7.45043883
16.07359376
1.62395722
4.57076019
5.47618728
8.39229278
3.45731660
2.82661957
4.59708555
14.45837433
8.22054078
1.29714851
6.48719414
1.27396637
4.18404144
9.24564606
8.72183954
1.04370429
5.72715759
5.01759059
1.69185644
7.74251219
16.25402925
13.09273285
1.93758117
12.22737964
4.40918218
7.09407469
14.40201906
0.38985137
0.19120332
11.17871094
6.84829566
7.31308067
3.07796265
3.03409851
3.70552582
4.41796875
0.06909180
2.28623962
4.84661347
6.33319704
2.84693816
1.53132868
9.02291112
3.26802582
11.50426530
4.54126662
0.05847199
16.95419039
6.96045545
12.85156250
13.71801696
1.72871980
2.67097961
5.39196808
4.97074247
19.25614566
18.39184508
16.85544269
1.96090314
2.33789062
8.76127106
0.06667084
7.09442230
0.62957058
9.92624877
1.11071808
3.38326019
4.49654144
9.04252106
15.14754211
0.21110047
12.47310394
1.12320922
14.81250000
15.35212323
4.40748005
19.98163454
13.15752562
0.51855469
20.72797771
13.53100453
1.33939606
5.41105164
7.12890625
7.43961547
2.76607269
5.93448914
4.81685394
6.88627106
0.03822846
5.44435783
2.81886635
14.25486143
12.57649657
1.43188663
2.93359375
9.47566711
3.50826019
9.19531250
3.41886414
2.93554688
9.63102172
0.24666383
1.14062500
15.74922512
18.96813996
3.56982546
9.17187500
4.15714539
1.21484375
6.28491024
17.82436614
6.89808842
2.10396332
8.12162262
5.41841644
10.85412567
10.61975067
2.78259308
13.19006317
1.51342836
1.90771360
0.10669070
0.75000000
3.95019531
3.46244293
3.60201019
14.77395889
8.23190048
0.15515137
10.92879211
1.59464539
16.74715149
12.19588828
6.65447916
3.42728668
12.51012966
33.82556183
8.18672761
9.39139739
12.31742464
2.18131593
15.38793883
6.31574690
-0.10212323
47.40490692
7.66015625
2.73872894
9.42862976
2.07181793
0.83443207
10.08068817
3.72416168
18.47928303
2.73885693
11.52388519
1.78523742
24.06813679
13.17440381
2.86609042
18.46439606
7.44576019
13.78470856
5.52193207
7.74295989
24.37886193
19.69303468
2.34289893
2.60127715
5.53247008
7.90726839
5.47310394
4.86425781
9.04252106
3.13431793
6.01997894
20.52422784
3.14233710
13.95735594
7.39350289
6.31275598
4.36763519
22.46084885
7.53133865
26.88309287
8.69503213
15.18750000
4.34029144
8.05033356
5.39998227
4.10001773
4.15625000
3.71113919
11.38581339
4.97022606
0.68282136
1.35591644
9.86975067
3.82360871
4.53470856
19.13923759
11.24731383
11.79474956
15.27637653
7.66271942
5.23661347
18.09631317
16.57556183
8.80753103
3.47176584
4.80105165
15.82136525
4.02992685
12.36335993
7.42570257
16.67521055
8.40022828
7.83426972
4.07857269
0.16894531
12.93916778
1.47578513
2.68616190
4.74218750
5.96919769
0.56298828
7.14513631
9.71769725
15.12886193
17.75122257
2.01391788
4.37455231
5.18660461
5.25366024
6.76330784
0.01614380
2.03915727
4.45553080
4.54335900
2.94136691
8.94877106
7.73091644
1.25390625
3.59570312
17.80379211
0.48771180
3.26464844
9.21093750
17.64062500
5.01953125
7.54162567
7.81221465
2.95296265
12.63179535
0.80603058
1.26517731
7.95661791
2.89734541
3.59179688
15.03470856
0.64156098
0.16760254
15.66723072
14.37484264
0.50378387
1.54573609
5.42578125
5.73828125
22.44787567
8.92879211
2.69604554
0.89257812
12.50550612
13.85075576
1.58218416
3.48632812
6.27982574
10.02892412
2.02820478
4.57685810
10.15381420
2.92578125
1.96260528
7.38239916
4.46147269
4.01729278
17.94799867
2.88476562
8.47619349
10.31197362
6.31184564
2.96203956
10.41646251
3.02946171
14.92206672
6.15265847
3.99558731
2.83353668
14.82018950
5.82120789
4.01094636
3.69323637
11.17887453
3.97745789
4.68955619
7.25770943
1.05586699
1.27653047
8.13627106
0.71431488
7.88313719
3.60456214
2.24921625
15.50000000
0.14123535
4.62890625
17.05814606
12.09375000
0.13631195
0.11065674
0.96497786
19.26583665
1.92744965
20.66910143
2.53406416
10.19608489
9.04264406
2.72542235
2.22188386
6.58286142
7.92374446
6.94344304
0.86734985
0.76005097
3.47460938
5.43705231
0.96239985
0.11983495
14.70717864
16.21068401
2.83221852
9.49654144
2.73242188
0.80712766
1.47066378
12.60351064
9.13867686
8.64664672
2.04101562
1.22497590
5.73872894
1.57910156
11.22363032
0.37597905
2.33007812
6.96085384
8.47619847
11.03051197
21.95905621
3.91601562
0.76025391
5.95898438
2.55668121
4.56783051
2.22851562
4.11328125
15.00015736
24.01546764
6.40885126
9.21041112
3.55570091
5.26400155
0.05075073
0.31746399
4.25630707
1.92720551
0.06719971
1.06400543
5.54394531
13.43314606
0.54056793
6.13509032
3.24906527
14.34375000
11.66752106
1.93306488
1.20703125
4.12833057
1.72184203
3.66402814
2.11328125
0.08762572
1.46736259
1.33691780
16.82429743
16.91866245
9.16654574
0.86056072
4.91015625
13.64557403
10.98889618
6.67712433
9.92064495
3.98995899
5.39843750
9.34765625
8.73437500
13.17968750
1.12373809
12.47489472
0.70470973
15.83939606
8.06799534
9.70287899
2.82686558
9.47326131
5.40094637
2.53940713
1.67480469
8.49404699
1.69585383
2.93017578
1.69095856
3.37935394
7.87878325
5.32824800
1.60449219
4.58593750
0.57193938
30.89930543
12.91316711
1.80476867
10.63716644
5.03906250
8.87243683
0.57958984
13.54854278
10.83902704
4.00035905
5.19756094
8.89062500
1.33247894
9.06762633
13.78437390
3.74565602
0.31420898
5.82937944
0.35226119
2.09765625
6.80330383
5.01997894
3.23978668
8.20043883
9.49373227
1.53186253
5.97220856
10.28332083
3.85563608
9.49218750
2.07226562
0.88476562
7.14643507
6.02934618
3.24564606
5.56205231
0.87056364
12.69840453
28.85283417
8.62601839
4.56250000
4.09598847
3.87011719
11.61718750
0.35477691
10.59980608
0.52519392
8.08158356
0.39847809
4.46228058
3.58203125
0.00723267
6.64453125
0.24621582
10.10367797
5.00179078
0.40795898
8.61368711
5.44543550
7.09029144
12.21507555
4.84029144
2.94486481
4.90058733
7.87833555
13.42029587
0.28389434
1.69018617
2.84438109
9.11196255
4.24350620
15.49950798
18.37598030
11.43985092
8.32120789
11.37475399
2.16352674
8.74410128
1.41894531
9.03125000
8.87845856
5.86763519
4.42578125
0.88256119
0.35128463
5.75044769
2.79732269
5.05033356
3.03018977
3.40092198
12.09529477
6.90453790
9.73783356
1.54313608
6.18750000
4.27856383
9.55391511
16.65655206
4.94702460
4.21048981
1.22318512
16.58683289
2.21830231
10.09053247
12.08260195
7.05582890
0.51513672
4.46875000
0.12223266
0.03120973
0.09545898
4.22024546
4.00827016
4.04988586
4.87150086
5.72606986
6.26099069
2.24462891
8.05895716
8.44568151
12.41210938
5.83581450
2.33300283
4.09803082
3.73872894
18.03816711
4.41451019
14.32018950
7.27009198
4.37891622
6.49910461
2.25166528
13.47001440
0.57726895
4.46810062
4.85204954
3.70308566
6.11482602
3.04337710
1.65384918
10.93570922
2.21317597
0.20776367
5.90132536
1.54691683
4.43123227
14.52823914
7.69633089
14.03560394
5.45344969
1.57682375
6.60468640
3.29626496
0.14698138
6.00089539
6.31205231
9.35758422
2.85184785
0.14990234
3.21854645
13.39815277
25.52294922
5.85111481
15.92142731
8.21582031
9.63326019
1.44380707
6.83827904
18.63978390
19.24383534
15.65641775
12.72656250
7.87154144
2.34224457
9.02058899
3.95809964
4.67500886
4.39453125
9.07812500
5.09338099
13.73865026
12.37974029
1.07661957
4.75211547
1.43050172
1.47753906
5.79056793
10.25105774
6.99938996
0.86669922
3.83211244
4.26073026
11.03906250
2.04479980
5.37609863
11.26550200
1.52266511
0.77420802
5.62634558
6.50052887
5.55468750
5.29341644
15.14476729
25.71851396
7.69046903
6.58695589
7.91406250
3.00703015
2.42941212
6.36059508
3.50268617
13.18669367
4.47656250
9.33548981
4.72989805
0.88285433
1.30468750
5.81595856
2.28951019
14.55867243
14.49755454
2.62870955
2.22070312
10.52510528
7.13862257
5.33627216
1.75781250
2.91003418
1.09277344
5.38627106
2.49458832
0.28173828
13.40234375
7.09676086
3.56687335
6.69378767
1.38476562
6.17219969
0.07670168
19.17264739
0.94852473
7.34969304
3.58522615
13.21875000
5.56640625
5.89591461
6.38548870
0.41866993
2.64949524
16.08247894
9.52779144
0.00477219
11.23437500
0.16751099
9.44095856
3.68766235
1.75028535
4.67899380
2.88545933
1.57226562
18.22517509
0.75138741
1.29199219
5.91971521
10.43342642
19.43799202
5.45496010
2.20703125
4.84581616
7.04090259
10.24218750
9.30354610
15.10172734
4.73685699
3.13033051
5.46439606
10.85400266
3.96285128
2.28080231
6.79661902
5.63973958
0.72131566
2.02870941
8.34427638
1.25881652
4.62684943
4.72656250
2.41406250
7.01322418
2.09863281
6.11328125
6.07076019
1.08007812
6.23347463
0.24796321
3.24031804
6.03470856
7.39843750
20.80927749
7.06617021
1.58398438
13.75150543
3.71875000
2.67309508
7.71362367
7.00435394
12.10502106
0.46386719
6.60546875
7.03820396
2.74088874
1.52319398
4.02823914
14.11962766
16.06005984
5.51953125
0.04504395
4.99173981
13.38244349
22.21504668
0.81758948
4.25435394
7.05468750
3.97896332
16.94604056
3.64770944
6.09765625
16.23783356
15.00048828
0.61572266
8.12694814
0.76217143
0.97558594
10.80104428
17.94409242
3.31127992
3.04362000
5.96093750
18.74820922
0.44417359
3.88724762
3.70552582
2.87153604
10.81671652
8.88370789
6.01127106
0.31005859
23.70930408
0.20764752
1.13964844
9.30475621
2.19719691
5.36765460
2.87257978
8.18314606
8.48258422
8.10579344
2.01363253
2.52221244
2.81177194
1.59765625
0.19754879
8.52535128
1.47399933
5.29919124
4.75781250
3.09090149
3.28214539
0.23718262
2.33081412
1.81640625
3.81835938
8.44877106
10.20312500
5.03381317
9.15791840
9.66534455
10.66015625
3.53861481
2.75826019
4.31640625
4.08483887
1.96244293
1.75826019
9.34720856
7.94185394
7.00992797
5.20837433
4.15445922
8.33040157
13.22424534
3.36523438
13.72659686
12.05208998
9.03727172
3.00179078
7.05078125
10.87642177
26.87265240
7.56659904
19.29762745
8.46843528
4.19756094
1.02388519
18.22765958
8.33785128
6.10412567
5.24308289
3.42277039
2.77343750
3.19246399
3.08068879
2.76517731
0.21948242
3.83203125
10.90523161
1.63106355
1.45695008
1.15376801
19.28324247
1.81433261
2.24804688
4.04687500
0.02350097
8.89842753
13.72702016
0.82967472
0.31966686
10.09496011
4.42916112
2.13363419
11.87845856
3.27388519
2.14062500
6.80818041
3.41882978
5.33984375
0.07233123
0.42439820
6.31294769
2.83007812
2.63236481
2.67353031
3.68922207
3.07453846
6.73946697
12.93167000
3.39254875
10.41060394
3.77103668
4.33247894
2.56791168
4.38326019
1.83744293
2.17593861
9.78353280
1.48645113
19.53075798
2.24983267
4.18124224
3.79191101
12.58939606
3.05513519
10.73783356
0.07051605
6.31205231
4.28906250
2.95170349
0.24265071
8.35273826
2.23088209
5.90234375
0.06770018
3.90458222
1.53710938
6.67170767
0.96110483
13.41039229
0.82296431
0.14554964
6.60534575
1.64138523
1.78175199
16.36860927
1.52441655
1.88476562
9.40970856
18.20193928
7.46948803
9.30904144
4.28951019
6.08158356
7.04341644
9.94095856
11.95516724
0.03604126
1.15625000
2.44726562
0.14453125
2.73632812
12.43045989
1.80395570
10.49654144
0.16646239
1.34590730
7.20703125
10.61629211
0.21740754
4.18359375
2.78230774
5.26261414
12.22965204
4.57694177
13.31938275
0.53759766
6.40580231
2.79402649
0.11206086
4.16406250
0.00284195
3.31888824
12.85937500
10.17789672
1.57796265
1.48384613
14.34631317
2.03816711
1.95882203
5.20312500
5.65913786
16.17981050
12.65575798
7.62292885
14.21875000
5.91304411
7.41072695
11.60351064
11.90348515
4.22290226
1.70174257
6.44877106
14.69445645
19.95414339
3.73290891
2.66776706
4.96793329
0.80257452
16.64652372
3.91207003
13.74157248
3.70374002
3.97505707
6.26822252
6.73568373
20.76801087
13.31221963
3.81192432
3.25778811
1.48384613
7.67409354
4.45045877
7.95689828
5.72242146
9.39510195
16.76460661
6.58182956
1.58886719
0.03522216
0.04890961
0.03600067
7.26818817
9.24743683
8.64843750
2.13317653
9.54777039
7.29756870
12.19441711
14.69230164
6.60502106
8.00691711
3.10050476
14.16255707
9.69531250
0.51098571
4.36897828
5.95568817
4.44343307
8.94552415
0.87255859
9.90705674
2.59444869
15.50980497
11.10392398
7.50000000
0.21911621
0.76844399
14.50395057
1.42590675
8.98693817
1.75129876
2.62031140
3.64145168
1.95267731
0.16214996
6.93180297
1.53544160
8.09285461
0.86364777
1.25345856
1.78658051
0.58593750
0.90820312
1.02331450
3.22428468
6.82466644
3.07722961
5.60245789
0.03765869
9.39408356
1.60359431
4.08240026
12.85921097
0.96886927
4.30115026
2.11523438
9.76206451
4.16491357
6.28865913
5.66271942
5.22957336
3.16975953
3.63130707
12.60986297
0.07969178
6.48649047
0.83532746
5.01216644
6.19335938
4.67578125
5.23437500
11.60758422
4.13920137
1.96439606
5.71529144
0.16764313
4.50390625
4.04252106
0.13521332
15.55379211
5.63370789
8.33760528
2.76635804
6.50301086
3.93448914
8.87109375
3.38533508
11.09708680
10.42097961
5.73872894
2.59029144
2.39603668
1.52022246
1.68192597
4.15234375
7.27388519
3.40926086
17.75870789
0.08249908
4.84029144
1.89257812
2.63374723
1.07816683
9.35502106
3.47131317
7.93103058
3.94771332
4.28682403
9.40804078
6.11372894
5.79296875
0.00597763
6.10693359
15.80244903
1.75081422
3.11177582
0.39798856
5.36385195
1.38964844
10.51615138
1.19710577
0.97412109
8.33158356
4.59375000
0.09987396
2.43359375
5.65482574
7.38972961
7.82832669
1.61600925
4.06506317
2.71663453
5.19034851
1.93562805
2.38326019
4.28426086
1.77486176
2.76411957
1.96529144
3.59278661
4.48448359
2.43404144
0.29640530
0.81469913
1.01114898
4.34375000
13.34375000
7.32137451
0.35376163
2.10245789
3.25150543
12.61027039
0.04812622
0.15307555
12.21618683
0.34631379
2.78320312
1.95170074
0.09358734
1.97904449
0.51598965
8.78751773
4.03951019
0.49267578
4.02689606
2.05078125
5.06730164
3.65234375
5.31851798
3.05111092
7.27689606
7.22874668
11.77861812
11.36283356
1.00720246
5.90388852
6.75012300
17.34012910
4.40189606
16.17252438
7.03886081
11.64408356
0.08074951
2.26411957
9.16718640
11.25033466
17.07454344
0.40470461
2.05078125
17.39880153
0.26721409
6.83504211
1.02766159
1.97197251
11.01562500
7.19469997
24.89102837
3.60185283
8.49206450
1.42972933
3.22851562
14.77539062
6.39798981
3.69380707
1.54101562
5.57812500
15.02689606
4.72408051
1.88769531
4.93269836
2.20402039
0.80187957
2.38867188
0.03546174
14.92378629
16.08939606
13.19816195
10.92264739
1.81152344
1.91630097
1.69470246
16.89575133
3.51395722
3.24564606
1.59659851
7.87801086
3.34659851
8.16662567
6.66774713
8.26975287
4.14587433
5.83235594
12.43558622
10.66776706
3.70764129
2.68086824
8.74569321
5.99173981
8.24206450
0.06941836
5.40100067
6.64542664
3.61180519
8.99411125
7.07421875
10.99987700
0.21814058
9.03035461
15.63650720
8.14099401
0.80118836
3.53564329
6.84094083
9.10652898
6.57153258
3.24800753
19.69083555
10.57991578
8.25870789
3.58382203
1.94877106
11.01924092
4.86011303
1.82279449
15.35956672
16.02357047
6.50960328
9.89587433
0.55952973
7.02811614
2.82275266
3.82926640
0.96386719
13.87133664
5.39510195
12.48527039
1.19168786
7.38061835
8.46529144
3.79663086
7.24129211
5.23063172
19.38142509
5.10160682
12.73181183
11.81506317
1.05407746
13.08054596
9.31237700
5.46521090
11.58935547
2.87349457
14.48693817
8.96183289
2.46809813
15.69006317
0.88383089
26.47688719
9.19889406
3.66796875
4.52343750
7.38671875
2.27449524
6.48046875
7.76639739
7.36193817
0.46736633
1.18933261
1.45654172
2.93851839
1.79927582
32.60398190
18.18451353
14.17274725
9.67866911
11.13004516
7.56909242
0.62772676
1.89644254
7.04008089
12.85367797
13.00020418
5.40669769
1.76224762
18.77098571
5.02327017
6.69983377
2.55362976
1.37792969
9.10847961
4.16060394
2.42232269
12.66637966
3.20283965
6.75293218
4.68770169
6.97290226
1.57368988
15.09455674
7.40454787
8.80904144
1.37740082
4.21048981
2.53906250
1.85689301
12.67854610
8.24743683
4.43729831
14.48170325
6.94363031
23.93297873
4.26541833
4.05202552
20.62682514
13.80977947
4.88761414
7.20389739
0.85567293
15.21516844
2.41303663
2.53642564
14.08677310
11.36283356
20.72603363
11.78125000
0.03622437
3.79492188
2.79911285
5.23828125
1.25699828
1.57938691
15.67070007
2.42919922
10.50781250
2.95507812
20.92598294
9.21720523
2.64196808
14.05379211
10.08410489
18.60526706
1.32804134
6.37870456
1.72318512
1.80932679
6.97265625
1.37548704
0.65527468
2.42578125
3.02420490
1.46122783
9.28995789
0.34423828
5.25752715
9.05452515
7.56294769
9.02600067
2.29536957
8.47671986
9.40263408
1.26826996
1.29642731
9.79687500
3.62304688
16.03804411
14.22088467
0.51210272
4.27087433
1.10839844
11.13883422
7.50243019
7.20985039
11.05904144
10.01061794
4.99678745
4.15234375
14.22041778
5.22310394
10.12768617
0.40889247
0.32967351
13.98347961
4.75524933
12.59720856
1.23067230
1.60359680
5.81640625
7.32812500
14.64062500
10.17805907
11.26094636
6.93737700
1.28678468
2.69921875
3.96378601
7.71093750
7.73347961
5.14652372
3.48567874
13.15445922
2.90022828
2.63153003
6.04612255
8.20926972
3.46875000
1.94433594
8.89664672
1.68623809
1.57246980
7.30814606
0.30065949
9.34541528
2.60042608
8.89664672
9.03739472
2.97460938
4.01224513
2.27486425
2.85553995
2.57467641
2.44380707
10.80623227
6.05660128
3.24849457
20.27669188
11.03116135
20.87780917
5.87931959
7.41434536
6.66084995
1.62988281
7.76997894
1.45072418
14.96737172
17.85396830
1.30175781
0.81494141
1.86327377
5.14506759
4.38358489
6.45280031
0.07932525
9.00345856
13.41548427
1.83362034
8.66906583
2.05257203
13.54036593
0.93741883
0.91943359
8.19787567
4.72867797
5.32299867
5.54296875
3.03951019
13.33670989
3.28572442
9.63370789
0.05022186
10.86480713
30.60156250
12.55468750
14.99373227
11.20939273
12.14696144
4.70415336
2.93062223
2.36084109
0.01317596
15.21030639
9.01463012
11.48551515
4.20703125
8.23335661
6.11865359
3.05078125
0.47468992
3.92500886
4.28515625
14.44966644
5.19335938
3.21305297
3.11568207
1.52266387
11.10770722
2.55708832
8.52823914
2.74519836
1.35099305
8.55379211
3.01847351
14.52600067
2.01110871
0.97412109
11.69954344
1.98600343
15.36586880
0.76694370
16.41406250
1.34151121
4.65201906
9.13793883
1.49897662
12.68054853
5.25557403
6.46228058
5.17757203
9.51127106
9.17597297
0.47734735
11.23091644
16.16088431
7.02002327
0.33813539
11.53714872
4.80810547
7.29834109
4.83666556
2.24780710
2.38777649
8.16841644
0.31563324
2.49023438
15.29764739
6.96407136
3.52193207
11.99540005
14.12589539
17.69339872
20.62640681
5.55605052
3.47115082
0.49898285
0.84964996
10.14424092
2.43433178
13.49910461
3.64774504
6.93112658
3.36088043
4.40767426
6.14363586
3.20930907
2.37512300
4.10502106
4.23872894
19.05440215
6.19201131
17.53288342
8.65472412
18.17956450
9.58260195
3.25257503
4.46134087
6.60487708
1.83532746
0.40437587
5.44018617
0.65067722
3.14746063
5.19966395
3.85347628
6.90230441
6.35546875
1.61291504
2.84436004
7.69230164
2.26607269
0.00808716
1.10831477
4.89042331
7.11942597
13.68142399
5.81076351
5.66406250
4.14385445
3.19423536
4.37382424
2.26517731
0.06410736
1.26668274
1.37075318
9.58593750
2.69709830
8.94157358
6.94140625
4.56986481
0.34769684
0.90958680
0.46630859
1.34472656
4.07157192
3.33077183
22.22952904
7.69490913
0.17334016
3.18276707
1.64926418
0.29471832
5.70507812
4.41451019
12.54252106
0.46077453
0.32458527
8.87845856
4.77033799
1.87854720
0.48811828
2.24754364
8.41948913
5.46964539
9.68863891
6.99442597
0.75537109
5.07409575
2.86311890
1.36320008
2.29706562
0.61376953
2.09029144
0.89624023
0.28369141
4.07973848
1.70993406
2.66121399
1.31481965
5.34810394
4.20959442
4.30647828
4.02998560
5.33675421
4.53906250
11.50349291
16.59940271
7.87020833
0.68558746
5.55078125
4.98908799
0.14807845
1.79821559
5.88179660
3.15006593
3.20312500
8.35502106
0.88134766
19.94315271
3.58463874
6.73046875
1.22956713
9.61715314
8.45014954
6.72265625
13.37080342
0.31279033
17.96186725
16.66825908
4.02266511
4.05033356
6.53906250
3.18990082
0.59716797
9.09442377
13.11846686
3.98783356
10.21606383
10.57889739
2.90275210
14.51550200
11.74259087
2.39815713
9.44877106
4.00826019
7.47952904
2.49002895
14.14713874
14.31107823
2.44185394
10.97505209
1.24858073
7.92521148
19.73440936
4.16402814
8.09720856
5.69140625
9.25812722
5.62948692
1.14213043
8.52331450
1.01708735
4.71789893
0.68648285
1.84073540
5.63452460
8.68493683
8.83600621
3.03118129
2.53365082
1.72757965
1.58593750
3.34810394
0.25024289
0.90336214
11.73380430
9.81351839
2.50272551
1.48653230
10.97122452
6.65743572
0.30472996
8.56187501
0.65492187
10.84447412
1.97481604
3.46529144
6.30033356
0.84183746
7.63582336
11.11079677
3.26945257
1.70019531
14.30468750
2.68794769
8.04687500
0.49511719
0.04354858
2.37890625
5.59483711
0.65906914
2.67312741
8.16883975
1.00443512
2.48527039
11.37064606
2.56294769
1.11791805
2.34399601
11.07031250
3.72025543
1.08601556
4.08118018
1.02006012
12.47566711
1.91638215
2.88867188
5.44444150
5.00477725
1.13085938
0.96354156
13.29617310
20.13211880
7.15303745
9.66841644
3.34370879
13.98962433
15.26082336
3.58382203
5.54496384
0.19366076
12.95043883
8.72155917
0.07312012
3.07421875
7.64769947
3.70581615
2.58068817
6.72399933
0.36930172
2.28210605
16.95902372
8.56311004
8.51932956
3.97265625
2.88378906
1.60990387
2.20747894
8.31204234
6.26608266
2.02148438
0.20568692
0.02197421
17.36523438
2.98241938
3.86076032
0.31472258
7.66430851
5.67968750
6.45703125
0.01622009
10.24218750
1.26127106
14.75308954
2.60868628
0.33353668
3.37259918
0.48046875
7.59810394
3.67809841
8.94734929
6.60761411
1.09432070
0.91068512
17.22387633
12.62300380
7.04423315
7.74575562
3.27110938
10.48399157
2.66902649
1.87333222
2.74414062
7.16796875
2.08247894
6.04687500
0.00429916
0.00782776
0.04726135
12.59810394
1.90376801
5.82812500
6.28279477
5.98673648
1.33593750
3.28832946
4.09252992
7.26517731
2.06668911
0.92887577
6.50781250
1.00488281
9.85033245
9.55502216
14.31506317
4.35770722
1.29785156
11.60758422
13.12756317
0.56860414
0.86910004
0.16910797
12.13537567
6.15425504
6.71752992
5.18538453
6.66105164
14.76749695
4.92406915
0.48946448
1.07767731
11.23407470
4.06210660
2.94450077
11.93660461
2.19034851
1.67864990
16.28217309
22.16234595
9.86718750
0.89550781
2.16406250
15.72094415
1.65502494
8.56694259
3.19531250
7.94637055
10.38500977
5.47220856
10.51204344
5.55090425
5.40257979
7.62085771
7.52808380
16.05126330
3.66553357
13.29483572
3.70809397
15.28637633
18.95747894
0.08854219
0.69291168
8.30122894
5.08203125
7.45703125
1.70042543
10.59380429
15.12935394
2.42301142
7.45483710
1.49751801
1.43992957
3.85047539
6.17712433
19.70914672
6.93110927
3.95695257
13.83203125
20.45674092
10.92261303
6.13028369
1.88879986
1.69380707
5.58894836
3.81876524
0.74388963
15.13355053
7.16117464
1.33646637
14.72131317
1.82706726
3.98136414
14.94762966
13.11820589
14.01228945
9.83158356
10.08226729
10.56617021
4.14888519
16.45747894
2.60949177
4.08142619
7.25345856
11.44095856
3.37003601
2.38643340
7.06819703
11.53906250
0.87007660
2.11132812
13.49129211
0.23746766
1.19726562
12.75756649
0.57841160
7.21373575
0.59936835
6.82639557
2.76249114
14.38114472
4.49308289
0.39131684
7.62015404
5.46578346
9.40254544
0.92370761
0.31998719
1.52528244
15.65279144
1.96582031
7.69832336
0.17753113
11.62528037
0.32397897
2.35174695
2.65373614
10.97529810
12.36820589
5.67993351
8.25256317
0.27819762
1.16394136
0.85750305
13.63716644
3.03951019
7.51358821
7.27067265
6.16495789
4.12455231
1.12597656
8.34029144
1.60697106
3.13692542
10.41662567
4.86226286
14.07914339
9.08683289
13.85156250
14.26112417
4.17639627
12.95914672
8.82909907
11.02034796
3.67773438
0.04415894
18.06400543
9.88191711
2.30407746
1.09863281
9.63627106
5.04028258
2.05586824
0.18157897
1.17118379
1.48339844
15.12845856
16.84480275
0.63912455
2.28800476
7.67944149
6.32446476
1.06978363
5.89453125
3.86332059
0.04207492
7.14453125
6.22176086
13.40384420
2.71423869
6.23347961
4.30053275
8.17838999
5.94531250
16.65189606
8.09285461
5.89652372
5.23327792
10.32812500
2.87349457
1.02884918
7.87154144
0.96695797
2.37435062
7.71882868
4.04199468
8.15279144
13.06673094
3.00598238
4.87365692
1.74938996
8.68778037
2.80591256
3.22439772
1.36739915
1.17818207
13.57377106
3.84003547
0.05494348
2.33984375
6.61189135
6.49215314
1.89790863
0.60990387
2.46333832
11.17008422
15.88448028
10.44710328
0.68285821
13.32593085
1.84110566
10.07377106
12.48604278
2.35404200
1.02266761
7.50756649
6.94462253
9.13216156
5.50781250
6.11059508
14.90100067
6.19889406
3.05122894
5.00796986
4.53711436
5.93493683
14.45735594
2.23254488
0.07128906
0.56449371
0.04278564
2.85591644
7.56986481
4.78702571
18.88936060
8.49113475
9.49015320
7.85843902
3.52193207
1.44433594
6.34080785
4.81348902
3.15881317
1.38671875
5.66495789
0.52193207
0.97774199
0.54862519
0.18847656
1.86722559
11.35900599
2.32271830
3.15519226
10.71492243
10.12882757
7.63219748
13.87471963
1.86560090
0.77018188
27.30212433
1.85982269
14.30098294
2.78300144
9.07377106
0.67036770
4.13261081
8.98002106
12.17252438
11.12870456
0.13533539
0.03961182
1.71732574
1.36470551
5.66707336
1.79542593
4.08309397
14.88613808
4.20370567
0.53173766
2.87333222
5.05847075
18.56608156
7.39497894
6.43404144
6.15958555
0.83760652
1.42472351
11.41406250
7.40669769
1.58593750
13.20056152
5.45373535
7.25467864
8.15010528
14.46679688
9.56608156
0.45813019
6.42016041
5.88993130
1.32369736
9.70010417
3.07589649
18.82714096
7.47306959
5.92244570
6.15445922
3.36641511
1.35156250
6.83984375
0.64990110
3.47802859
8.78674036
9.64880651
3.13627106
6.75826019
3.89107269
5.25687279
48.14892952
7.34375000
2.79536957
5.65100067
16.44255248
6.83186392
8.46936502
6.35123781
3.18404144
11.98002106
2.15775543
4.36865110
18.14481162
2.62862983
19.72790060
13.30830342
7.71513658
3.77950354
6.90791778
11.78763419
2.91903147
4.39453125
3.08353668
3.84932403
2.38850953
1.73820008
12.58878103
12.45772495
6.31665288
7.72701019
7.48771055
7.98925532
11.49267952
5.29296875
12.45619596
15.64351286
2.61096409
6.25634641
18.63189822
4.61372894
7.89607602
13.48901248
3.61763519
16.69320350
8.76574551
4.61910128
6.55879544
0.95231327
1.29980469
10.84977172
22.59944703
8.93660461
4.21138519
16.04445030
-0.34688957
10.68558622
7.45414339
0.25577820
16.68505735
4.94526247
3.76411957
11.76997894
1.49601258
0.97998047
3.78347352
1.95781859
7.32172420
4.39746343
1.98339844
12.78344664
3.38342316
3.85485871
8.66918883
3.51440492
12.42187500
5.58593750
7.32031250
36.20914672
3.32303375
6.00826019
9.65356383
4.73872894
17.36400931
2.36377327
14.46939938
11.41062107
2.26289949
6.77823914
2.38911957
4.32377106
11.18843473
6.69531250
0.51611453
5.19140625
15.08430408
5.97729056
1.51067098
0.59521484
12.47656250
20.60837176
12.32886303
2.20625886
11.48823693
3.70182624
4.66832780
3.44975509
0.44384766
23.07035309
9.14298399
3.96630984
8.45121122
12.24320589
2.86027039
5.30769836
20.12500000
4.55122894
10.56404477
3.13460328
7.45670656
1.44274933
9.53153037
19.54813940
3.59509308
13.80916445
2.51411957
13.59452239
13.26635804
2.93945312
15.69778702
8.78658798
7.29252106
18.54043371
4.98686945
1.26900238
9.93834110
9.37508865
11.12573803
4.31506317
16.72969636
4.35892731
2.88566101
16.14290282
7.69640958
1.82279698
0.95458984
4.84765625
6.50455563
7.33284298
7.50635139
13.38085938
3.33593750
9.52933746
7.07502798
3.81177194
3.22631649
8.83362034
13.25533150
0.98222019
5.92834442
5.17187500
0.62683137
7.68819121
0.58617915
8.76591284
5.46439606
3.45092587
7.83260195
4.78177638
9.52689606
9.38728945
4.18111425
8.62410461
2.67667664
8.99873560
2.04124668
3.63701905
9.72399933
9.59375000
6.15368683
10.26983600
3.28094525
6.69797760
21.25044769
8.05468750
2.59570312
3.93119293
5.34765625
16.73677582
1.50309203
14.39587433
16.65039062
3.49414062
8.07812500
18.39831450
1.65835799
3.48727282
14.91227172
9.16434785
2.66992188
7.86672945
10.71106050
13.63521332
9.73783356
0.67329926
5.33357602
15.16141069
6.77845079
0.33959961
15.56595856
10.36151486
4.04518284
2.16992188
11.93164062
11.24935136
10.15466340
2.60201019
9.27315184
5.30826906
0.67919922
7.15791778
3.26908356
0.92651429
3.50691711
18.61930742
12.15898375
16.18021637
0.21891297
0.53906250
17.51391602
2.06835938
3.82031250
8.45404478
2.50253878
9.57543883
2.61836824
12.40909353
5.75431910
3.57076019
3.00000000
8.06160461
8.22924026
1.62822251
6.24609375
4.97220856
12.34552084
-1.27077322
7.33292664
10.36629211
7.23374451
2.80859375
12.90665337
2.35481937
0.27466007
7.59240692
7.20312500
12.64497894
18.54227505
2.96155003
4.35111481
11.84720856
13.41393950
5.29589844
4.83109652
3.02929688
8.49564606
9.44262633
3.95190492
7.65457216
1.92209164
1.64017731
7.39249446
3.05131261
1.71289062
10.85233489
3.26635804
16.48969305
2.13599817
2.70971742
14.48591977
4.03707003
5.65669769
10.95568817
12.92321808
8.89318817
0.84313996
21.85725455
8.02743685
5.09638740
12.98693817
0.77970398
5.78023161
12.31921542
27.49482935
12.35571045
7.93441046
0.48950195
5.52575466
9.98026706
18.76639739
12.68045989
9.92073360
2.10294991
8.92338043
3.91451019
1.51615387
15.03631592
1.82466644
1.89648438
12.18457031
0.80716949
4.48437500
10.31294769
1.35209137
2.61958832
6.56787109
3.63777649
2.87154144
3.18164062
9.14171211
21.07463645
4.90157136
0.64644379
4.05419548
13.22510139
12.70658356
6.17622894
14.21004211
16.08268250
10.40970856
0.55908203
1.22701019
14.31588439
5.50923427
0.79378546
11.66752106
14.56506317
12.28725178
5.08909130
3.26607269
12.55545989
12.10835661
0.55786320
5.71609819
11.47921431
9.60489805
4.31909242
12.51306183
2.66060394
9.56506317
7.38191711
0.06111695
11.11763519
4.72688719
11.22310394
12.24397828
0.25915558
21.02952793
19.92302637
8.15012966
6.35825354
0.50541168
6.50955896
6.11146628
0.29830673
14.23937833
5.13622673
1.99068705
2.78365082
5.44116024
3.49092808
4.02607935
11.25810034
8.95222961
17.28795546
14.72844193
20.02897218
4.15747008
3.46948304
14.80200133
0.19624910
9.03222656
2.45328735
6.04040558
18.51908356
9.35758422
0.82694551
16.42862727
7.77547429
7.50646942
2.97488974
5.16121897
3.20463043
8.37064606
6.84899933
7.11079407
2.20877895
2.43534519
3.81009918
14.06188996
4.40445922
14.07877438
4.79801640
20.56250000
18.70255430
3.41223238
3.11328125
5.31338044
2.46636413
0.66943359
11.64233398
14.23437500
0.48124176
13.75166840
7.22753906
10.50000000
3.62304688
5.85546875
0.54117454
6.28174202
6.70434508
16.57332336
14.30387453
17.94820036
9.67724734
12.86795989
7.06518617
6.59375000
7.30488919
16.05660128
20.67396628
8.50842752
1.15287262
15.41918883
8.58581450
1.25663425
4.04252106
11.44980387
1.89305074
17.77449555
5.57466644
14.25003436
13.32853834
8.64062500
4.95703125
14.91536126
1.74479499
1.34863281
13.70905807
0.36418412
7.56250000
2.99519836
5.27779144
16.30960934
14.00716312
3.27343750
29.35904034
5.90043993
6.13065395
9.41845579
3.58057014
13.02164672
3.56730164
1.43396027
6.67700133
7.21813498
2.88761912
1.22558594
9.08833832
8.46695922
9.94958527
3.00097656
13.91227172
4.48136414
3.08923371
5.03571698
17.11776069
12.92566323
7.33349734
3.31461547
5.21529144
4.29381982
1.97945534
7.12845856
8.72420258
1.09183746
3.40402642
12.13985261
7.30859375
2.57315810
2.93097184
1.49894226
9.55761719
5.31372008
1.98466035
6.57076019
0.08856201
16.42631012
2.96333832
9.95198360
5.58003878
4.42771361
10.79264406
3.78800476
14.07114421
16.04128104
5.56221963
1.73828125
0.04022217
15.39243281
11.57812500
0.72558594
14.05725067
24.21051419
2.36459995
4.40669769
17.63504101
4.79126911
4.20703125
8.59375000
1.37544769
12.83699025
2.63371287
6.36938165
10.47925116
3.01517731
9.87691129
2.72216921
11.26367188
13.65881317
18.49743683
17.01029449
11.90970856
4.39542664
4.79252106
3.11372894
11.48388298
7.24393894
12.75805851
0.88570160
5.33606994
11.64789671
6.54719969
2.49092808
2.83142121
5.21406140
2.80742298
13.83939606
8.06250000
1.13618988
15.76940326
11.96948803
24.08532746
21.40100067
11.16214872
2.41642398
10.59029144
1.03560394
15.73783356
0.48343591
4.09590979
20.01577759
9.55110594
0.86661805
14.92374695
6.22835328
2.30122894
8.04227505
4.52413120
10.56852172
8.97131317
9.88268950
5.16341312
18.08414672
0.29964234
18.94518950
4.73863531
3.28988918
12.16153868
9.95031583
0.37540960
16.23107381
8.24311725
8.41981133
5.53080231
5.92789672
3.53348847
10.81148161
0.55277621
0.46142578
24.35713653
0.40922090
1.65527344
1.34277344
5.43314606
1.58247894
17.64774006
12.75997479
7.47656250
0.74446532
19.24353058
6.19755097
9.67879211
6.77779144
2.92064495
1.19503712
5.21484375
5.23046875
1.25219664
0.01993867
3.12154144
2.89648438
13.39062500
0.33520508
10.94775266
3.89074302
2.99548869
0.69433594
5.25321130
5.77514960
8.88627106
9.57525147
15.22477172
14.11116578
4.95422208
5.30749667
14.35795074
10.87410461
12.82946808
5.43045989
1.01403840
2.53499390
8.07442044
0.82011081
3.57851840
0.42148160
2.33203125
5.47977505
5.92745027
11.60937625
6.85937500
9.48632812
13.54764739
6.81237700
7.45202792
20.89370390
0.21415005
3.70487644
17.73697252
0.39380568
1.27832031
17.75683594
3.47806793
8.52779144
15.06160461
3.11221853
3.73787539
7.67582557
6.52433289
3.57173676
6.98828125
20.79906915
15.29557499
2.98645113
12.56905090
4.90970856
3.57360871
14.08837766
8.69367908
7.11247451
8.19877106
2.79972351
5.84398103
0.04736328
0.94384766
7.97298094
4.07043301
18.99288120
12.16227172
21.03041658
1.26216644
9.97252577
18.54239253
9.64698690
17.11641511
18.10908965
9.91255209
10.20403575
0.54545074
3.30999807
10.69956338
12.21797761
0.71728516
7.98968308
8.19857934
18.92156028
9.89306516
4.82523714
1.06009918
4.31879710
0.93946309
11.84631317
5.26741578
9.21260528
4.63505097
1.15039062
4.57197778
4.33195257
3.22399933
7.53100399
6.59476839
7.32193595
6.08125886
7.11361092
11.00549161
1.34220523
9.65461658
1.65247174
10.46984334
2.68884807
3.94681793
5.36275238
7.23559508
2.12182679
7.33601618
2.76900487
1.36132812
14.56449278
9.94071255
0.30346991
9.39318817
9.75105275
14.71992576
11.81758948
14.15986592
17.17106826
14.72026041
0.55074066
23.87906860
5.93183733
14.49817486
2.49275820
2.79191101
8.15189606
1.33105469
17.32458278
13.07401706
1.22640015
14.59977172
0.10465547
1.30521637
13.11037014
52.39253878
4.20491578
11.64927860
7.20663785
2.70027649
15.22594748
7.59676584
1.68359375
9.60937500
1.55664062
7.17822141
2.13667941
13.93021388
6.61531804
0.86153106
16.97969636
6.20641623
15.36588874
5.04829926
2.74906527
11.25781250
1.20808899
9.93151264
4.89547096
7.12402593
2.57572418
11.30379211
12.87064606
11.40881317
15.40203764
5.87015404
2.08431405
10.08560284
18.82759862
12.64315381
2.09269226
15.02518396
3.99418246
2.78674534
14.60534575
3.71346132
25.05948665
7.29276706
4.91451019
3.81819703
1.02884918
3.26069039
3.48975731
16.30916196
10.11478668
2.08243960
8.55200133
6.68232935
2.22554909
2.25000000
11.92564828
1.50705008
8.65075466
5.08507647
18.21818927
12.96069149
2.34940769
7.51729278
0.40185609
6.56640625
15.67882647
4.87931959
12.89408356
2.48331726
8.45739030
2.32385970
0.16308594
21.42712371
6.21777157
3.68518284
8.44698028
10.23091644
9.56070922
3.18131593
17.68784820
5.44587323
5.07878435
33.11116578
10.00642758
1.91972019
9.28560394
0.25439453
1.27554362
0.65048177
13.20812833
0.68249667
3.22407802
7.89176640
19.64351410
0.22745789
5.10546875
0.25292969
4.27555297
7.42207887
3.02432791
2.40446420
3.53689772
4.99406693
5.56127992
4.76953125
0.29683441
0.78417969
1.77982574
11.41446089
2.23442431
20.96484375
0.91503906
16.36482104
0.47705701
6.64843750
5.41336880
1.25354222
4.30468750
9.25508450
6.46419437
7.05423981
7.51652039
0.10626221
8.87845856
3.28560394
4.05289672
0.03859498
4.37890625
15.29561060
15.38655142
6.78465426
2.67681958
12.43404144
7.66019061
7.09025709
2.34142667
3.31681460
4.44698028
1.86844941
6.92760639
0.68372174
13.65147275
0.67620456
5.06685394
1.77103668
12.39217833
2.00370207
6.31563386
2.32841035
0.90718598
7.97090481
12.35258089
3.05737367
4.39062500
2.18481383
5.56909242
0.05618286
8.68277455
3.41736369
14.01036072
0.83247894
2.92240138
1.17818456
3.61328125
5.89619903
12.57470579
2.07747562
5.08638519
1.20507812
4.83146055
13.03047761
8.18391844
3.49711214
6.65333761
0.92386996
15.47827743
2.32405640
5.74602721
2.30694093
7.62589539
0.21976715
0.93208832
3.56640625
8.29597961
6.88242355
16.62974290
5.25044769
17.60252660
10.19784505
1.77877050
3.22701019
1.44501967
17.07591157
5.58158356
8.80635528
0.77225801
18.37310936
2.48817818
3.18359375
4.62500000
2.13748864
2.21415503
5.86209553
3.29700299
12.64318817
3.19832336
1.55550172
17.80635528
8.56908453
2.21221187
8.11283356
6.19966644
11.08005469
4.06177194
1.71582031
0.68261719
4.07360497
2.06075354
8.24308289
1.58203125
1.90206486
2.16451019
0.33178711
5.48046875
0.02597046
0.38500977
6.68750000
9.82031250
1.97762024
5.80558289
4.28555962
0.27449897
15.37756317
9.75744349
7.14093972
5.55608488
0.81445312
6.42923981
6.01215648
11.32835500
7.95255928
10.33105718
3.78768007
6.87202973
1.62162262
3.48197418
3.39070493
5.52970523
3.11896831
21.35695934
5.30697030
3.15669769
8.09810394
14.40189606
5.30904144
4.18103877
7.10395389
8.91178468
9.38138824
13.12585356
5.72668550
9.76525599
2.23673648
2.15079898
6.68359375
2.96093750
6.77343750
1.49902344
0.03155518
6.87959746
3.77372285
13.59362700
16.28202239
1.48079593
6.50742355
3.56288895
3.98242188
10.98002106
12.50059509
3.10003019
4.61039339
7.33728058
2.02734375
3.46386719
1.79239805
4.84432070
2.85111481
9.47041778
0.34277406
14.71248227
2.18595523
5.23657227
2.91166168
5.54474458
3.81198359
3.69405308
5.46211326
5.81567819
5.78906250
17.32526153
3.72356659
3.83744293
4.94531250
12.96182791
6.35608377
15.65266844
5.48840425
1.35982269
2.21875000
10.87410461
0.44917816
0.68648285
13.19726562
4.97656250
1.15917969
4.45703125
10.47610484
13.46831227
3.57661957
8.54967670
8.17818207
6.17741467
0.19604492
2.44531250
13.03153037
6.26489694
7.23559010
2.24923260
10.30122894
0.45678711
21.17504821
2.25846188
3.62117741
0.77636719
11.10477505
7.45726729
1.00827016
3.53125000
5.18640043
7.01558192
3.12259918
3.42883643
3.18358877
4.46200022
1.06311004
12.15458222
0.36694336
2.78737728
12.09763124
5.19694093
13.27779144
17.46239362
0.96668384
5.36673981
10.62263852
4.14298648
9.82277393
9.26847258
5.43672761
0.35933441
2.71679688
1.66263824
4.92142731
5.24263519
3.34374502
1.19503213
8.08760528
15.23929964
2.76114805
7.47956838
2.14652870
9.39701573
3.78995789
0.65234375
2.48978668
7.98482269
8.76127106
14.40409470
10.01973480
12.80487922
6.76107934
10.89769947
3.66670435
9.87549700
0.08557129
12.71683622
2.93023390
13.73582493
6.19213867
14.76371122
1.01656222
10.99339717
3.50692708
0.72408051
6.71164562
7.90021137
7.87740082
7.73213653
4.24808622
2.59790226
6.32377106
7.38326019
7.66864252
4.84653479
2.84224457
17.18725399
5.93339206
1.30651762
4.84041445
5.18750000
7.02103668
4.46504544
5.72091766
4.37500000
0.89274047
1.74947113
6.07812500
5.43945312
27.51647980
1.04492188
1.72915628
6.63461325
3.21289062
0.02381897
0.28417969
1.37097168
4.31494141
7.09375000
6.30769836
6.20206726
13.84375000
5.55859375
6.66015625
1.92923981
11.30094360
14.07209374
2.87890625
9.22363281
7.55130825
4.96118351
8.95250998
1.32528147
5.07857269
3.90189606
11.78725178
7.38026927
13.30033356
4.91149933
7.07002715
7.99051972
13.00911126
5.37715979
13.25195312
8.61193817
2.65999390
4.96923828
1.85835661
6.12287938
1.68750000
0.56388336
3.05806239
2.86381261
10.69966644
5.04687500
4.44486481
19.71113919
10.11938663
12.72220856
0.03624969
2.20206726
10.68391844
4.78580812
5.21439606
3.97505707
3.65490692
0.08799256
10.57633422
9.90262910
7.38236481
6.39107269
4.03470856
7.51870457
5.27471187
1.81205231
7.72966003
4.08593750
2.35396332
1.31009918
1.64400238
4.80131012
2.14603668
12.77343750
4.69576019
1.01021332
0.20536285
4.17622894
3.49320465
5.17232269
4.99173981
1.93404144
0.67446038
4.78039893
4.11854744
3.55122894
17.52811614
6.26094636
13.61149047
6.36071808
9.32633422
0.72684785
0.46362305
8.39281915
0.67065741
2.00585938
7.20703125
3.96838348
4.21394836
2.59163453
10.62500000
2.80708832
6.97656250
3.65750444
8.10091312
2.13208444
6.83353668
10.76647607
2.60852393
13.98693817
3.41984070
2.73482269
9.99910461
8.55981383
17.26908356
10.32466644
13.88378408
8.65788342
1.02929688
5.98152150
10.27315713
19.60151818
23.42993351
18.75024601
15.88647274
3.79980718
7.21830231
10.22477172
11.07991578
10.23783356
9.15319482
5.46098182
12.40946255
5.08956089
2.79838043
2.50044769
8.11706450
10.21797761
1.56925476
12.38744681
0.56763131
5.40625000
5.38809619
21.62752881
2.31054688
1.75585938
7.06839872
3.41784325
2.81523049
9.73484346
6.63764850
2.15487256
8.00792554
2.45496509
1.70943207
14.72912567
2.54927582
5.12935394
2.05708832
2.88369294
8.53346854
8.18610316
9.41724069
4.45951573
13.15437057
17.73047373
3.26554632
11.36002438
6.84700687
8.93774383
0.29134156
1.40869016
11.60860261
3.75614472
3.50781250
15.68660461
11.28995789
20.17578057
7.76766179
9.76424226
8.15100067
2.70536347
10.55814606
0.00731415
11.71479943
9.89066932
3.72025543
12.87154144
8.78983489
7.55346742
3.37500000
15.59037137
17.10221468
0.66003449
10.49564606
2.59810394
19.74521881
14.39111204
6.77490359
8.22122825
2.67716866
19.81819610
3.98270722
4.49218750
10.62064606
23.51516734
8.53170766
2.06274352
12.40100067
11.72233156
8.32031250
5.40189606
0.24572785
0.56713556
16.79459718
22.77547429
8.04374114
10.92789672
4.63627106
2.11234652
22.19954344
6.94409242
5.50870789
1.09615082
7.29971853
13.51701241
5.16120900
1.40291943
8.85502106
3.75657747
4.50318816
10.76739584
10.31239693
3.06909242
10.21516844
13.48795656
0.39636199
1.90075715
2.21679688
7.34960938
2.12046626
0.73207280
3.31054688
10.33939606
7.02888852
2.25626773
7.92968750
4.84029144
19.85062723
3.85595632
12.51908356
2.54777039
12.01127106
0.61543544
18.61311766
13.22477172
7.81299202
14.13748117
17.22709884
11.27880984
2.98311558
6.40567930
7.48929964
5.79117797
7.45056183
1.39940659
3.83647384
5.41451019
1.98828125
6.59330231
12.32204899
3.69792996
3.28365082
7.54597961
0.57902039
7.97949219
3.71875000
5.87748199
9.97310394
5.73815825
13.29174867
4.86462433
0.23278809
4.58992243
0.27050968
10.38444093
11.89408356
3.31115692
3.22029477
6.34611148
0.92138672
4.92366578
14.96439606
1.70149657
5.45324800
14.89782248
3.77405252
0.87504059
8.31685394
2.14843750
2.64638576
10.98097199
16.94667728
2.72684785
6.41263762
15.26686646
13.21126219
2.12597407
2.40674202
2.90039062
3.77766346
6.07540447
10.34375000
1.73046875
5.09810394
0.51269531
4.73823693
13.06209663
2.45463043
13.66125333
2.29577792
2.53605164
5.50736481
1.92427582
3.39525931
2.64335549
12.68599457
5.46215758
3.06343473
13.99935062
11.54292443
1.42334358
7.89709442
8.11461437
0.38086934
9.28125000
23.63367347
4.57210328
5.49263519
13.96093750
11.85758422
4.57076019
0.08221467
2.77197141
0.50683718
5.33430408
4.23421764
9.66149933
23.01216644
4.72949219
20.14634642
5.50510194
16.18802638
4.88664007
1.86914062
10.80610927
2.30667997
1.55074440
17.08593750
2.36332184
14.37231383
5.98315492
7.09419769
5.45377438
2.76408023
4.04777039
3.07332336
9.55468750
10.06436821
8.75830452
9.57421875
16.53816711
0.85652649
5.87243683
1.21431488
8.94443481
3.75870789
3.71724457
0.37965397
2.08073249
2.77734375
10.14127438
4.37435062
11.02103170
13.19088237
12.43722011
2.37365496
4.46362367
5.89933289
9.03995789
4.03157469
3.83471742
10.83593750
2.95092587
2.89612034
10.17533356
29.01562500
10.30021055
1.08304964
12.39741911
5.14945589
6.22887966
0.89913120
7.95357269
13.86523438
10.46841694
4.05576517
7.41105164
7.98181183
14.39432404
1.74170100
10.19209995
10.93225067
1.59737090
14.25000000
5.97399933
11.35925200
0.58972324
3.80619293
3.03169769
0.89741911
7.08527815
2.77316212
2.45665725
0.54822556
1.89648438
6.97998047
3.52014129
7.83247894
3.57316101
11.46004211
12.05904144
3.16841644
15.71093750
15.35156250
9.90769615
3.17734596
9.10400266
8.20158023
17.98800110
11.22083859
3.86792054
7.30981383
1.24084442
24.36234154
5.43888741
12.59269226
8.40625000
0.74296113
1.57910156
5.68404144
1.78503075
0.16662940
3.97265625
3.85774158
3.14811779
8.02009946
10.74527704
14.38887854
18.07198028
7.38130863
10.89232713
11.46090314
3.36161347
15.11271055
4.75756649
13.60193151
0.03676361
7.95658356
14.34810394
1.60683971
1.81498199
7.81461547
4.21752992
7.48437500
27.36666113
7.01216644
1.09818512
7.35278258
1.64864168
9.37845856
7.97310394
17.93286071
19.32739320
8.53470856
24.41104666
12.25670785
2.89721742
8.66946920
3.17232768
1.08443207
6.89709442
11.64896388
1.25276983
1.35449219
13.33325133
4.91243407
2.89103335
7.83203125
11.36283356
6.64607602
6.98327792
2.61914062
2.58398438
1.77091368
11.02356050
22.64811272
6.13937340
0.54679632
6.74397828
1.77539062
20.33979943
8.92370014
10.55335438
14.89843750
5.10579344
1.57271394
3.50240082
8.13655142
8.57495429
5.84867464
18.68457031
1.02966340
0.03882724
4.71138519
0.30204254
6.21529144
1.81920795
7.95129986
8.14843750
9.29418883
5.10460772
1.51050303
9.44250333
7.89892952
11.96492824
2.20322362
11.48783356
1.84277344
3.21724457
13.51537899
0.84008976
12.86962766
10.48344027
3.49759918
17.89139739
2.18131593
17.44465938
1.35705784
13.99580217
15.01591658
16.99540005
0.76436558
17.39424092
1.26546764
17.54487257
6.30713763
7.34521484
18.01114805
3.98152649
11.96016511
10.70145722
4.85111481
11.66829344
9.73620014
5.97787123
10.64933289
2.89062500
4.98828125
0.00780487
18.00545102
2.85738253
4.84810394
25.58837766
6.64990359
21.31716867
9.57166555
4.47249390
11.09375000
2.82812500
14.29953849
3.21171487
18.81278037
12.73018838
11.11002438
3.54187167
22.90433622
2.32682126
2.98608710
23.31770501
12.87422761
5.00976812
1.32910156
7.08805297
6.51395722
5.29899047
5.56384308
0.38574219
4.47419604
13.27340314
15.74820922
8.93752439
1.34055241
13.20955009
10.59424202
2.37784851
14.46004211
10.05033356
2.07902039
8.37154144
2.15429688
16.11555408
6.14917553
4.18949247
16.79866578
9.52791445
4.58369903
0.04587861
5.38326019
8.78035461
4.94185394
-0.00411087
13.88793883
15.57739196
2.99471132
2.75044769
15.91629101
4.89620899
8.34029144
12.89318817
9.55431849
14.42313940
0.29243988
17.82531583
12.54345080
3.76750443
12.71529144
1.82621246
5.03515625
6.21484375
0.52660790
0.34383491
15.47220856
5.51021332
2.47025543
3.33984375
17.00000000
7.53592864
1.56115692
8.43070589
13.66829344
26.79507870
2.29789892
3.06490082
11.71801197
16.24715647
5.56298205
1.58272994
3.49414062
9.94966644
0.04657470
1.40250610
5.26822626
3.05188331
7.54988586
4.70446808
1.28125000
4.85892731
5.77274380
9.59489140
18.75105275
4.03410350
7.16267509
6.35294991
24.61893326
1.65864833
12.29980718
1.56640625
11.42972186
4.94784131
6.08504211
0.18302461
7.73738586
2.26021332
1.72017426
7.55155364
0.17159090
12.88325023
0.13778645
1.12690506
4.77832779
3.84110442
2.99292054
3.42578125
3.73351895
9.70747894
4.38517398
3.20312500
14.05814606
1.90767426
16.06099457
1.93750000
12.88114223
11.25793550
2.63098238
12.60005707
5.03906250
0.60673004
7.05468750
1.53853363
12.50691524
5.58317265
1.29980469
10.60758422
1.04516290
1.02401069
0.01931763
0.03442383
7.54306487
8.86897828
6.48775238
16.16361481
1.74316406
7.00345856
4.53214539
2.95208740
4.78906250
2.31835938
3.18359375
8.58504211
0.04850281
1.35599762
5.54341644
4.19335938
17.97314453
2.84330231
7.56250000
1.92036957
0.69873047
6.52734375
9.81917110
0.17081913
0.46537262
3.41214872
6.89347351
0.43957115
4.31237870
5.36763519
6.19441711
1.44087738
15.34497008
4.66495789
1.81872341
12.35489805
1.98291389
3.71068152
9.59791223
1.15039062
8.28470856
0.70817016
6.54866578
1.23632812
2.44771332
2.36706200
8.35974401
2.68066157
0.80346991
2.65234375
0.04700714
2.12650543
2.37154144
5.40279144
5.36592310
15.60020945
0.13941738
3.54841479
4.59001108
3.63981327
14.67968750
7.18534021
19.72036847
4.43795766
7.13505097
4.64432956
2.87845856
11.16752106
0.79874695
0.13810149
0.12605867
2.37064606
2.04687500
1.52583832
8.23624446
12.57877438
0.12056862
3.19461880
0.71919894
10.47835328
3.38671875
8.93484819
11.91146498
6.95971742
9.12845856
5.18013519
4.02734375
4.31205231
7.62890625
8.82621122
2.43879876
17.58504709
0.70756012
5.64888519
13.98835993
9.30725067
4.97392065
2.28459167
6.58325133
7.49096742
0.20780426
1.90372368
5.73100011
5.06127992
4.54911347
7.85054411
0.32446414
4.36328125
3.91752106
10.01818817
2.22640015
6.01611955
15.10514406
0.37276215
10.08563720
0.77809175
0.64406004
1.85847961
0.43172242
2.63448028
8.02087433
1.43245484
1.74182098
6.61071808
1.88220246
0.78340606
4.99283688
8.37524601
2.49157746
12.43599945
0.81679291
1.06347532
8.00447695
3.27335633
8.50000000
6.69051086
11.37740082
22.81737274
12.15667569
12.09138852
5.48384862
4.31429078
0.22062164
0.85891724
0.14833588
0.32808379
12.85823360
9.73014406
2.52270446
8.29767992
4.13497229
11.63686614
9.12875886
4.22432403
2.19995179
3.45507812
1.01977004
10.85580216
2.72293662
7.85206176
10.39062500
4.45947141
5.95849734
3.21139650
5.34499999
2.24609375
17.87577239
2.31376191
2.41670435
2.94507147
3.65279144
3.66796875
1.73144531
1.88671875
0.73046875
1.27406581
7.02893284
7.97977505
1.68347324
9.27612367
1.09330231
8.41060394
8.97912567
4.11462433
0.98555449
0.22127320
11.03860484
11.56381359
8.54687500
0.20019531
2.75786156
0.91766046
7.18473515
1.83251829
5.40896771
7.05078125
10.40625000
1.30769836
1.58390320
27.80073693
0.53520057
5.31103516
1.91699219
0.30912262
8.96875000
3.32857269
4.14062500
7.25256317
1.80220551
2.38566101
0.09211181
1.09899933
2.11226410
4.07812500
0.87996399
14.90356383
7.60656583
5.54956117
8.65461658
6.45846298
18.05793440
5.92428080
7.25459995
15.00537234
5.68314606
5.30680297
2.14481660
5.72656250
3.10497151
5.15618129
7.81250000
20.47106716
7.66955784
5.00972504
8.29166002
3.20007978
7.36038343
3.77242907
4.44205563
2.28886081
13.79645782
14.95674652
11.97220856
1.95614624
1.81001801
3.47656250
0.65832488
2.87184869
3.10569037
7.18578790
9.96093750
5.11800421
4.94755097
18.70389739
1.81713929
4.12536603
0.27624667
6.07606888
1.26426008
4.52128020
3.03715370
3.89567265
9.69099291
2.59806959
10.11283356
0.01750702
2.27050781
8.44531250
1.91254212
0.40146331
1.79947751
9.75191378
3.25134308
1.75533051
2.19877106
8.90941218
4.11551972
6.06205231
2.19120083
13.75114140
0.65661091
6.43734264
1.36816406
3.10257591
9.96142952
1.65865082
2.49955231
3.42968750
0.41743988
4.66759974
4.30460882
4.89082669
3.90786644
3.61478668
3.47656250
4.45599790
2.18658022
2.48091644
5.09960938
7.43314606
8.75691711
3.90759308
4.49564606
0.08516449
3.30847075
13.43672761
3.31628325
1.70548399
2.59655917
2.57047485
15.18506144
9.24820922
2.99247285
16.00077239
2.04817625
6.31787234
2.25329621
14.58414672
2.92317750
3.80078125
8.18879876
7.14087101
5.55269503
4.65234375
1.72017426
10.49414062
5.19486481
4.23091644
3.19531250
1.00634641
5.54398714
8.89888519
8.31595856
5.78625333
6.07702792
7.48286957
1.92516373
3.92643935
5.66406250
6.62845856
8.20552582
6.24820922
28.99295989
1.05692597
6.36987367
1.07857269
1.55859375
12.55935617
6.13595633
3.04223633
21.09582265
7.24805186
7.52193207
28.79642731
11.92252438
6.65470523
21.21618683
0.62719664
4.91284242
0.83105469
9.32315603
3.46944620
8.28214539
8.08504211
10.11234154
8.05364823
2.09765625
7.64302582
1.98490387
2.86205619
8.54659463
3.74804688
1.92976867
5.01652039
7.44486481
3.42630763
1.41691351
3.02351867
4.48189052
6.75293218
1.12597656
0.95316559
4.34870900
6.20553080
10.15714539
1.73836242
3.84948762
14.58158356
7.55904144
2.69726562
0.01039886
0.20073944
0.63765473
3.49129211
1.76509613
4.48017842
8.77763408
7.76431627
2.36503767
8.39716313
2.89971187
0.50004059
0.68558746
5.81534851
0.55261075
9.22668613
2.97346798
4.01542331
3.42655364
2.81298704
4.84318517
6.69486481
6.58984375
7.17968750
0.51802582
1.74775405
0.60185533
3.25646942
4.55558289
2.36454067
3.36157413
3.85245789
7.29374114
0.86991426
14.94352172
14.99987700
23.94226230
2.11718750
8.11283356
7.20658356
12.82275266
3.82853335
16.34867340
5.89062500
4.08984375
0.11012787
0.00976562
0.01597595
1.94299316
1.70084345
9.46370733
2.45703125
6.86975067
2.20251496
7.39518063
3.64388187
1.01562500
1.53176641
0.87045434
7.15592531
14.59248560
13.73820257
3.64587433
8.00781250
6.82063719
15.16329011
4.45011414
2.99530890
2.35918328
2.14709317
4.15157136
9.05826906
1.87821255
3.17212101
5.02428857
5.68026069
14.34427638
4.43697362
1.46386719
6.79736328
4.25390625
11.04601013
6.68314481
7.35392398
3.73375998
7.02840647
0.90580231
1.79882812
5.00390625
5.29341644
6.05468750
6.58593750
2.35351562
0.46289062
5.12064606
4.88716644
8.28470856
1.60481376
9.69669991
0.06115723
2.48091644
5.08104721
3.39551529
2.29050834
1.34755318
11.61649380
6.49678745
2.69291168
3.39888519
2.00195312
1.55131012
0.03015137
2.00299528
3.73255983
9.16999557
4.24016068
2.06998532
0.82259281
30.72333002
4.44463873
0.83593750
0.42917597
16.37369750
21.82991578
7.02298981
30.78054633
9.65605828
4.02868683
9.51037567
0.02537049
19.01269282
11.24511968
12.46394836
6.90234375
2.03140736
4.81498448
9.05928745
6.41162234
21.35900599
14.38037234
5.02234042
17.90572113
4.33939606
7.56872341
2.79597961
3.88965093
10.42793108
4.69271498
11.90970856
7.91406250
1.16451019
9.38700161
8.65889683
19.62988032
6.16463320
5.93249667
9.12064606
16.06250000
4.56997784
2.65703235
3.63210883
1.77609430
6.90922027
3.65429688
11.10579344
7.34183622
13.23551640
7.72656250
7.56372008
3.65157136
1.31835938
13.39875222
6.08729055
1.51200410
12.79797208
4.96028812
12.94051086
7.78214539
7.34765625
1.73197418
0.91845703
0.58247894
9.73688854
5.09062610
21.15498560
2.01644171
10.83186392
4.86991799
2.81791168
4.02814271
5.45840036
1.73828250
3.87711547
6.65938386
2.90039062
6.47114584
2.83158854
4.82812500
13.53461492
5.83452570
5.96919769
13.66227172
0.17419465
2.24857076
9.37480994
3.94165226
6.68359375
9.49518839
3.39498891
19.67537414
2.20251496
13.44531250
10.95658356
5.53771942
7.11572141
15.51580935
3.55301972
1.51269531
7.46227062
0.72095661
5.25368100
9.49225621
5.20631316
0.73140473
14.01472336
2.87292387
8.00614472
16.22054078
6.54719969
16.87935239
10.05147495
22.06701629
3.49751832
3.80692099
8.94938608
12.31051311
5.65847851
3.82357934
1.39941406
16.29658965
36.72208555
10.45625886
6.25911500
1.65291383
23.22513824
21.31392177
11.85359929
1.46777095
7.26749944
6.00043773
4.17143727
3.58353668
5.94887412
7.37729775
20.30350178
6.67686836
8.28525487
12.01216644
5.01562500
5.55033356
9.18379544
14.58156124
9.22257757
5.89510195
6.71919769
16.16434287
2.07047983
7.25947716
1.69686225
13.50585938
13.45825133
5.71407136
3.50227782
9.21451906
2.56205231
4.00250046
8.49034594
3.16133699
20.87723661
2.45353335
11.35420435
2.35478003
8.73572623
3.77616799
3.44140625
2.57259032
20.24522981
13.84370817
8.10693484
4.75813719
1.36100343
10.77155807
2.76164505
8.02677305
10.08658688
11.97298094
16.59834995
2.04166251
1.80392010
10.02254211
5.34906805
1.92526484
12.71596770
6.19158355
8.96272828
8.67264739
2.30570589
0.11419678
2.46061032
40.66536624
14.92080231
0.79404144
1.20772246
6.80254151
2.35396332
0.36108398
5.42723737
1.23397661
3.19087157
2.20865968
0.41479492
3.98250180
11.28409976
1.72460938
7.45995346
8.37793716
1.99218750
8.53766060
8.49564606
11.96875000
4.98482269
5.24218750
19.34760196
1.57427304
11.43983916
1.81909117
8.50475732
13.33284796
3.90950687
3.69051086
0.29215516
7.54762745
6.29176861
6.01216644
1.00253171
6.21004211
3.74454898
20.88472379
7.25883089
0.17236328
12.71943014
5.53235704
0.70947266
4.89822585
1.55489915
17.44954344
4.49186281
19.00193268
0.48384613
8.56852172
2.96468140
9.46439606
2.92578125
7.57031250
11.08325133
1.56624390
0.10412629
23.07864868
2.17972684
17.69519199
2.39843750
3.69681793
0.99654144
6.93001219
0.38541750
4.44250333
3.48327792
11.91406250
3.49937501
10.09738585
3.54972351
3.83228683
9.64408356
4.89757647
5.65365248
6.19486481
10.59802153
11.69864805
5.75895390
20.82678192
6.71154754
0.65747133
6.50948028
0.30301972
11.70133422
6.67757203
0.02305603
1.58963957
29.07885804
3.98128048
20.02799313
13.61588874
2.19803801
10.17431765
6.65637350
6.22139434
7.07210328
11.41060394
2.99609375
0.77490234
0.98799216
8.34745706
3.08850067
0.73820008
9.91406250
9.97566711
4.14542664
18.14167775
0.20447307
5.37801086
7.30362976
4.83158356
1.07954926
19.80760971
5.76557814
10.13460328
3.68257536
27.29622562
3.35387966
1.51916722
11.08851105
5.56986481
16.88321587
22.69409242
1.54328721
2.49895223
1.37207031
10.64033965
5.50752217
0.83118268
13.87208557
10.43979243
6.08081117
4.12890625
12.81792113
0.66422609
5.15563498
2.68811502
0.79300934
12.45552582
3.98933899
7.17578125
16.68555907
15.63089872
3.62374058
4.72310394
1.51562500
7.35420435
7.44783632
5.81185062
2.86372894
13.78125000
12.44173094
5.32824800
12.06367576
2.54407081
7.43717531
4.35201019
13.92533356
6.49039672
15.05814606
2.74487367
9.81920546
20.08044216
3.97535239
8.41019559
7.11904665
3.44690159
11.95658356
3.77189024
3.91463320
8.77600067
3.97855497
5.75370456
0.43994141
13.62471465
6.94160794
12.72588655
10.96708222
7.44633089
4.96952239
5.42846742
3.36222351
0.65136719
0.94584137
1.35005707
4.47151485
3.39567265
26.11416667
8.78036458
5.10624114
3.84252992
12.12935394
6.67142731
4.29687500
2.28560394
6.65498560
2.74931128
3.74218750
15.40958555
24.00174646
11.23404034
1.87611203
2.15234375
0.49308227
0.04762818
4.05468688
3.55692597
7.56160461
5.29166002
1.58830396
5.04341644
7.39241578
6.35111481
1.67521055
0.94535433
2.56445312
5.07336270
11.91218806
15.73551640
3.56924480
4.82447473
8.19966644
8.73758755
2.31469913
10.73744460
2.33722184
36.26713043
8.15429688
3.16646332
5.08203125
6.23437500
0.72318138
8.21338264
8.56640625
5.61718750
8.64408356
15.21829981
11.28649933
7.15783909
12.66442653
2.78434452
3.77913453
7.55821477
1.46912898
1.91992188
6.34375000
7.34753325
2.00402925
4.60847961
2.00284851
9.93354943
0.94145057
19.25438830
10.62407025
9.77550865
12.84521111
12.20500443
1.26359070
3.95649491
2.66850509
3.24414062
10.26127106
1.97285295
1.60331892
10.21875000
5.22326629
3.98168883
2.16178468
2.53800476
8.06506317
1.35778840
8.15535461
19.53363538
11.78947085
4.63716644
2.55273438
7.17923981
2.65669769
5.07377106
8.24218750
14.34947142
15.93592087
9.62521165
0.02213531
1.75435394
15.61975067
7.44620789
11.18180266
2.61055574
4.70703125
1.51330566
4.26953125
7.36405364
2.27897218
9.78242576
1.09355081
9.19095856
4.13236481
10.69783508
8.63857824
1.60946863
2.66540558
23.21069470
2.52482989
1.63431793
12.47715240
2.65728468
1.99090868
14.57636858
2.77812112
17.46632188
2.67115192
4.08728058
1.26216644
6.80334442
22.18835480
5.66560852
1.87311309
4.07618683
2.02237976
16.63052658
4.38981826
12.81038453
3.05061340
2.02929688
18.40791778
8.56160461
0.78682527
3.41796875
14.72656250
13.92203236
27.40251108
8.64009613
7.81250000
3.47188386
1.61328125
10.81250000
8.88871246
11.52689606
9.22550476
3.03666168
4.32564052
10.33362034
3.73722351
6.66752106
0.53214539
0.10107422
0.01173401
6.17571699
10.76186169
7.93774601
6.12032136
0.41800934
19.09375000
14.95379171
9.88855385
8.35514406
4.54647578
7.83053080
13.59285461
3.43626723
8.33514518
20.50227633
7.75691462
6.62141844
6.08252327
2.30423981
37.23632812
8.58593750
1.55977387
6.37442930
10.27791445
1.37402344
3.78657303
13.93413009
2.54117797
13.78304078
2.73986400
3.12128102
0.02149963
0.94482173
6.38435727
7.37142280
8.80647828
6.53698139
7.96602947
1.68720967
6.74727947
46.66752106
9.46907562
3.21219194
2.35115632
6.45882203
7.66540558
3.53816711
2.64001496
6.03548094
12.93126663
10.22075243
3.32812500
6.18705231
17.63716644
11.72041778
4.39676972
12.14843750
2.65718473
5.27356050
0.49507660
1.12935394
9.83739362
17.08502217
20.86920987
1.71682874
2.80111591
24.55468750
3.17142731
2.00166778
3.03800476
7.93884308
1.27591326
3.81637189
17.65428244
12.27559729
15.17199800
3.66609680
5.62634308
3.28914398
5.91361481
13.10937500
5.27343750
0.19148773
4.56640625
9.76908356
10.29239805
0.57283632
2.35937500
9.16406250
0.08186859
11.38104611
6.07305296
5.19856937
2.30956782
3.05399878
1.39746094
1.06351466
3.20296515
30.78515625
3.06009918
1.28564453
3.76997427
4.20886635
6.12500000
1.40307679
43.83789062
10.94042969
8.22566711
3.47769892
7.61889960
2.53470856
3.07661957
11.45658356
7.68766235
6.89888519
5.37154144
4.41496277
9.66495789
6.06250000
1.90620941
6.10937500
1.98535156
0.61376953
14.46260528
17.92606660
3.39843750
15.38732381
0.44230662
9.13191711
4.46228058
0.39648438
1.91927063
0.02254211
5.99173981
19.70389739
1.34822695
1.69335938
7.80098294
9.73807956
7.89062500
16.65632868
5.79289007
0.05569458
4.86376953
17.49987700
12.29520722
4.09138354
2.41236037
14.20043883
6.69051086
3.92545656
6.29540891
0.66015750
15.90616634
19.85526706
9.76306183
0.30521637
11.07120789
7.06265736
4.76156139
6.96439606
1.49808622
5.85945368
12.86342864
9.37855967
1.77929688
8.24218750
6.25390625
0.24720058
2.02413120
5.89062500
18.07145141
17.37475555
4.31518617
10.18586731
1.44095606
7.36030475
9.04452349
4.32946808
1.75004059
8.49539506
3.42452681
5.00000000
4.74617243
4.51599401
5.05891844
0.64668855
0.13061523
1.27888852
6.42472351
5.75858489
1.41911015
6.26562500
12.30969083
15.55073693
0.96769725
14.74776153
0.43534394
10.37796654
5.46830231
0.82658272
12.42443817
3.49206574
2.41556793
2.84871399
1.86950715
12.10038176
0.40645418
17.18771619
7.89978058
3.75358156
8.87410461
5.27209442
6.19897274
8.15828679
1.59322113
5.12154144
4.32332336
4.98156583
1.01790531
17.16914887
4.18359375
11.15189606
0.78621149
0.08655066
3.10644531
1.70072418
3.55318207
9.42443817
2.05362976
13.43404144
1.26855469
14.87210965
10.94518950
3.30867741
3.23828125
12.14892516
3.99340758
9.43851839
0.32051605
1.22049895
8.45581117
4.36328125
8.52254211
12.20568817
6.17085661
3.02685671
1.74442597
3.89744349
10.53810338
3.57287567
2.89978058
8.09720856
8.31250000
9.98265293
0.87867519
12.54414700
13.64152039
4.18294437
5.91048094
8.77510528
11.74755984
0.29292816
0.69042720
2.10449468
14.21439606
2.05513519
9.87654477
6.38859017
10.63639406
9.39139739
9.94197695
15.97220856
6.85803192
4.73616578
0.85253906
5.93888243
4.18807070
5.39229278
3.51395722
0.96630859
6.16137633
4.71875000
9.93237367
3.23253990
5.17179632
3.92683899
11.78601230
0.48876953
2.12939453
8.82751122
2.42163397
4.65368683
1.70072418
0.64253754
2.79864833
2.71795323
12.28470856
5.15625000
1.60518340
1.40653535
4.81290586
3.19437777
10.85668883
15.83882536
13.86295656
1.96842531
5.48872894
6.74955231
1.55415863
13.91702904
9.27649268
5.50480164
7.50691711
2.72640015
1.90917969
11.06575438
9.07454344
4.33919437
24.77734375
19.42578125
0.06181053
7.36942597
5.77319149
9.15649601
1.11470364
4.99454898
1.31970246
1.08015930
4.73872894
16.19803303
7.87382424
9.88644484
12.08024296
9.20006982
12.77551612
7.18359375
0.83247770
4.35701601
4.01289451
2.75317819
0.73046875
10.32338210
4.16054520
2.53372950
8.73820257
16.43359126
3.97123448
13.09375000
6.06551086
13.22176086
5.05167664
5.07165558
0.34667969
4.36328125
11.63553303
0.59981854
0.51123047
3.83947723
5.35245789
13.82979278
7.35770691
14.68253103
8.89648936
7.12320922
6.70581117
12.28702571
2.78434452
7.54777039
6.38692044
1.46659519
2.33789062
19.93314606
1.93847656
2.05122894
18.42264739
0.68383851
6.58845634
7.50529366
6.94140625
8.39306516
9.36714816
16.85119349
4.43396276
16.55366911
3.31893007
10.72208555
1.76131289
16.30708832
9.08984375
2.76818817
8.39587433
3.44938110
1.98421265
3.18106993
5.72908632
2.10156250
12.63537567
1.97102782
3.68025820
6.03515625
0.49702973
11.37707115
7.76485261
2.29539894
5.19939605
8.40535461
9.27689606
10.04536459
3.37345025
7.57897607
12.62033133
8.66418550
12.62657913
1.96896165
2.58593750
4.62445369
8.57521276
1.03222656
3.25777067
5.47322695
13.40396720
17.96488807
2.61987367
10.73323360
4.64176640
18.82840537
18.84424202
12.14676972
7.39757647
1.30794935
8.30073693
4.59424202
3.73825882
1.77248337
8.72920185
7.59090647
10.84375000
10.39754211
4.53169769
3.31563386
13.16316711
13.41551862
8.56704566
2.44757091
8.71785461
5.23945701
8.72851687
3.75952460
7.79503990
5.72192819
1.27697723
25.59313996
3.33593750
6.88793883
9.26102505
0.26709234
20.05513519
4.13627106
6.00301086
2.54972351
5.06250000
0.01869721
15.60968972
6.84816208
7.45125554
5.96842531
11.21170989
1.42439882
12.09520612
4.25245013
1.38183594
5.49864695
4.18750997
7.33337433
17.57226064
6.41992686
1.54882812
8.37276153
11.66752106
0.83667054
6.46439606
6.08081956
15.47717752
1.36348543
5.44909575
4.19498781
4.33235594
1.60013575
15.04876745
5.02132203
9.81250000
0.15848816
1.75585938
11.17406915
8.34964872
4.59302194
2.90039062
7.04899047
15.45507314
9.06234264
0.18013519
13.14859985
16.58560783
2.02511026
12.76908356
2.00089539
15.43200466
13.75028037
2.31922041
6.43404144
4.16406250
0.01841736
4.07031250
14.71952239
4.13447031
6.37993461
1.28356840
8.11641511
2.39001496
2.08353668
1.93013519
10.71838379
9.85094748
2.97087045
1.39168274
14.56632259
9.03613032
1.42623393
8.07678192
7.20947141
7.55135195
13.54662899
2.26375554
0.89656555
10.74157248
2.71049479
1.62154144
14.61604610
0.90348515
7.13715363
15.45222961
17.92777372
3.41837710
5.19877106
3.22416168
18.10326463
6.59729720
12.90881317
13.18839539
5.44352172
1.38798066
11.22643950
8.10989141
3.28085660
12.32275266
4.83840703
23.71241356
14.12988530
9.54772607
3.45768561
6.06490082
3.64257812
15.38671875
6.88281250
20.69238032
13.81790670
5.08391068
10.36014739
0.15376863
6.49283688
3.92122562
10.88006073
0.20096814
9.91060394
8.18160128
8.83658688
8.89778812
2.13675061
3.81149157
15.11629211
7.92366578
3.19531250
8.49832226
4.48747451
9.88830784
16.51114805
12.40637300
0.97302277
7.74726951
7.13944924
16.71260559
12.03983489
7.84395169
7.37129544
6.60864694
15.27078569
0.68722213
6.37577239
0.11271055
6.36385195
5.54443359
15.86010742
2.87304688
16.61962766
7.63037234
19.61710602
13.60937500
23.19140625
10.44441711
6.09288897
14.29243241
12.98955687
10.96740692
13.39737976
10.30761719
1.31612090
9.80379211
3.81884641
1.32047734
8.14733046
4.96595079
1.34330231
7.27217185
6.10294991
11.13024933
5.57750998
1.41272440
7.60738129
2.34720856
4.40010528
0.06762758
8.34272662
6.28333111
11.95121122
1.14493960
2.18164062
3.48543274
0.16691101
16.46869571
3.33253324
1.11185699
9.83019615
7.98174757
5.05569148
4.78035461
1.15597129
13.27978889
9.46004211
4.15352449
3.03515625
4.83158356
5.01590973
9.85066742
8.40625000
6.45373006
8.73551640
2.70177693
10.17012346
1.11169465
13.18846410
15.48282037
8.86148735
14.21667885
14.32652967
2.99036236
6.95862034
2.95792664
4.20312500
9.01656098
1.80716949
3.90820312
7.44441711
0.98278840
2.20267731
9.26472961
0.73168883
4.16418550
5.69352172
2.91638215
4.20312500
14.13321587
5.75130374
2.17452183
4.99963099
1.99015569
7.47993988
1.10209137
1.36568207
8.36246454
2.29378546
8.58792997
1.43160128
7.27542997
1.02588015
9.19531250
3.93705231
5.47952904
3.57275764
11.05904144
3.61222351
2.56209165
5.38517398
3.89062500
3.73347961
6.45506743
8.70491578
13.39050200
10.84912234
2.67773438
7.00597740
8.41199135
7.17578125
3.80078125
16.37427743
7.92310505
6.03613032
1.60453651
2.10351562
9.64575133
8.87845856
1.82930325
9.11051640
14.20043883
6.58215425
9.46785461
10.89062500
0.48913605
0.33276367
3.66361481
13.18623560
1.04618130
1.25435893
4.27644836
1.05305782
5.57837101
7.99308289
0.10941590
1.69915771
2.07226562
8.97477172
10.72220856
7.83337433
0.67427582
11.61098236
3.44877106
8.66849762
12.18808990
3.88321961
10.25677490
3.16060394
10.85143950
9.44124390
3.23738586
2.12963929
4.28560394
0.53027344
0.50048828
5.35502106
5.43938202
5.04252106
7.96997008
4.18237367
1.37447113
2.81054688
7.92488586
1.15226258
11.57319039
5.75448692
4.95410156
1.71748809
0.44762727
7.71093750
11.93695068
6.55895778
5.29065159
6.83113617
3.95585051
6.97534242
3.54687500
7.66015625
8.81070922
3.91519767
3.18693428
8.40804078
14.82657898
15.43135528
15.45581117
2.34375000
10.55033356
14.13627106
1.45071483
1.52015126
9.02689606
7.71060284
3.49207446
2.68013519
4.65970856
0.11220307
4.14453125
21.12756317
6.10892731
0.29862519
5.10416251
6.88676307
6.53031029
0.56327737
7.94140625
6.90279144
0.04905182
5.15279144
4.05322266
0.79398590
7.01037567
0.22229035
4.78560394
5.39843750
6.66015625
2.86478668
1.63191462
0.07047796
1.44824219
4.69295102
2.23673648
0.92232269
3.72342365
16.77572030
2.88863253
6.89933289
8.83939606
5.82633422
0.95829316
13.40018022
8.27405252
2.11482104
1.67432513
2.83353668
7.67541473
13.10140015
2.30155364
7.49096742
1.00976562
13.76383422
5.06083222
21.18821197
10.31034021
14.14561743
4.38115479
0.54439301
10.09195922
1.82177610
8.60550311
1.40511857
8.40010528
2.53002992
6.74475067
0.02688630
1.01953125
8.79515293
9.03207668
4.50089539
2.26684508
3.96317597
3.56673094
2.79459718
10.94966644
6.93705231
0.85640473
4.05078125
11.42187500
6.21093750
10.30379211
13.44587323
0.51010028
9.74121094
1.46386719
5.98046875
5.92142731
5.40625000
10.06490082
2.51623504
1.59313996
10.53470856
1.92134613
2.53515625
4.89062500
0.12231414
0.05352814
14.53727172
7.49474693
3.41768838
16.19441711
6.11930297
6.53929916
6.61125443
1.85245789
1.52140320
2.00219664
0.18823304
2.48437500
4.05395446
12.40022828
2.49112976
4.83984375
14.56595856
0.47725434
1.75443512
4.53560394
0.34228516
12.41752106
3.84090149
13.93493683
7.63867188
1.04199219
0.11004608
0.21978666
0.48584109
0.01771545
14.22464872
3.87255984
10.17443817
7.60245789
2.05753601
5.36494903
0.10929414
11.22008810
6.30005319
12.25590728
8.67329677
5.25952460
6.65144836
1.55566406
8.00435394
1.93415947
14.85640846
14.05228170
5.36613475
0.36995422
3.09118683
4.23246122
6.23238253
4.55468750
7.76684508
11.52359486
4.13053967
1.82999695
12.07031250
1.76782164
0.21289125
1.05664062
5.01472961
1.04101562
4.56730164
5.96992077
8.34408466
22.27876801
3.74414062
6.45393174
20.66333693
0.59057368
2.27291112
7.76953125
3.97843196
10.56990415
2.33642952
8.51216644
0.43290191
1.82173676
2.38570036
7.24629544
0.25032843
3.96154754
4.75665615
5.70745456
4.57434175
0.27026367
9.62410461
0.02949036
6.86625028
10.82377106
2.68461214
0.35144074
6.02494293
1.93705231
3.55558289
7.89975982
0.40990993
13.80928745
3.34269226
1.56640625
2.10591644
9.98347961
1.08630153
3.27876925
3.82088320
4.77591949
3.41796875
4.56103391
3.00582003
0.02610779
0.20294065
8.88037234
8.03710938
11.51562500
0.04067474
4.98046875
17.84375000
10.64790863
13.08939606
0.86385070
1.30838272
1.57699357
2.07031250
4.18240304
6.66720633
0.53910309
9.74027372
0.34354800
0.26566559
11.23091644
0.14640289
0.07531738
11.68290005
7.22481355
5.78226839
4.71117354
0.88640154
8.89062500
10.50292969
4.76953125
2.23632812
10.27689606
11.00078680
5.35552304
0.29843472
1.38085938
1.68525872
5.60026374
9.72220856
10.21427305
0.46691988
15.67959885
9.92196365
1.87980164
8.53906250
7.88268950
18.09387300
0.99267578
8.38236481
3.80637468
1.70339095
3.53861481
2.38130707
9.01997894
1.56640625
16.39473294
2.31746399
6.82011081
2.82120789
4.17097961
0.06083129
8.37768617
1.25927610
0.91650515
12.96728516
9.14147949
4.69140625
3.96093750
3.31913176
0.00862703
4.17556763
16.41752106
3.09419769
4.21024566
9.80814606
13.39029034
8.04375110
1.13777649
15.97468307
11.66594193
0.78356965
6.75256317
15.70983793
2.94677859
11.12833555
17.59881685
8.08088985
4.99768284
6.13590204
0.82308233
14.70591424
5.84486701
2.10546875
6.83837766
3.08260195
12.92435699
4.70446808
2.43945312
9.90554633
1.09896996
7.92321808
2.76757812
2.76912290
13.32031250
2.01753878
6.25687279
1.17814522
9.58117520
7.93160128
21.44185394
1.05859375
3.52148438
11.39053635
3.74618240
3.02583832
6.61238586
6.64317820
19.03142750
9.68267397
1.09277344
5.18314606
0.01125092
11.92923981
2.73242188
0.01970429
1.90893368
2.44901706
4.53470856
8.45568817
9.03649933
14.56400543
2.69230164
16.74385528
5.12275156
4.51575797
0.53267426
11.53993795
2.61977060
3.98136414
12.51908356
4.60591644
5.00642509
1.61271553
12.87109375
6.46484375
4.94396942
2.92712433
0.39249571
0.91853945
5.15734708
3.31681460
11.35847961
0.39807160
3.60457336
12.20312500
2.25968196
1.06115941
19.18045989
7.10514406
11.10412567
3.08231660
9.80533688
3.38757480
9.83414672
7.30904144
6.66149933
5.00736481
9.57686060
10.45723792
14.46406140
1.18242298
5.29598904
3.97622775
7.90836547
3.47399933
5.91707336
0.02447541
2.24804688
3.96097684
8.95760195
6.32946808
1.58633423
2.20117188
17.94006317
2.89392121
1.00683594
8.82698360
7.74332890
10.99129211
4.73136414
2.07853086
3.73543274
3.30029421
3.78515625
14.01183179
0.57072833
16.82511289
5.94152925
5.32222504
16.49165863
16.51309619
9.79850842
0.17704285
8.26908356
9.48669216
3.48771055
1.61588874
10.24564606
0.23445648
7.18033688
2.35091312
0.71728516
4.31160461
15.96479943
4.50171210
4.51049867
3.97823028
3.95315936
16.79517287
5.97772074
11.25427526
9.83670989
3.31172761
0.06945801
5.60599513
12.79199468
7.23291016
1.30769836
25.58292664
11.01729278
7.72054078
9.20495014
1.40336713
10.83984375
8.62845856
2.40865082
3.03967254
8.40279144
1.12394226
4.87878325
1.71305422
4.81685394
4.61328125
5.00345856
9.04492188
5.69966644
5.19441711
19.11539672
3.26831117
8.51171875
3.67382812
3.44921875
2.73753574
3.79469082
13.02587766
0.47070437
16.96101618
3.46236425
7.62544769
4.92443817
10.96228058
9.98783356
12.41276901
1.08976258
0.02869690
5.38940430
1.22558594
17.55468750
28.35969720
20.25801917
3.89888519
0.76416016
3.98197418
0.45043945
2.16874114
10.20914672
6.52718016
4.00459995
12.65523285
13.38191711
21.30948914
3.09765625
3.85742188
7.95312500
11.77689606
13.89452128
6.34420766
10.14831450
10.03918550
6.97778320
2.71484375
4.58146055
12.78137300
0.35436856
7.00390625
2.72395999
6.28926045
6.57796764
4.81250000
15.38281250
5.40701242
15.48023271
4.82023382
3.36816157
5.92448000
5.81001552
5.92191932
10.75000000
0.74690797
3.57226562
7.34330231
0.24654144
0.11614959
5.54195036
5.40816378
13.00435394
0.88769531
12.36799424
6.84089650
3.90048426
2.22416168
11.83708191
13.64798731
9.28072362
10.16060394
14.89139739
1.31172761
9.29252106
7.61321699
1.50051196
11.70825133
5.15112367
1.37552887
1.64864105
8.33158356
0.16512055
4.58939606
10.11015979
5.63578900
6.41406250
13.43314606
3.02148438
0.45304383
15.42524989
14.45825133
5.24691046
18.91060394
8.56241820
5.18782469
5.85123781
14.20491578
3.28492737
6.62890625
5.46484375
0.52050781
9.26472961
16.03995789
4.41015625
6.83504211
6.12955563
0.72485538
3.43420379
0.27746613
7.82661459
7.52494791
0.91019684
9.13703347
5.26966422
21.06917110
