0.11271055
17.28963320
17.73591977
25.25191378
11.03727172
2.43973847
6.85111481
0.93636078
3.61494903
1.19807984
0.50585938
12.01639739
2.07930574
9.08556849
7.52425421
0.16735840
0.56009918
0.01828003
18.90702057
2.29793274
8.65625000
12.70959442
0.52319398
16.91324579
17.06802970
11.61202681
0.38667816
1.35599762
8.44095856
15.45222961
2.94710328
7.65970856
5.59810394
8.62296321
1.05485234
0.88688110
0.73461976
5.95222961
9.06685394
3.44531250
6.21439606
5.75870789
13.29943817
1.36169465
11.72900266
2.66898714
2.41841644
2.00390625
4.68001219
1.49869875
5.57812500
1.91019247
3.62862588
13.65087766
34.18143832
27.97656250
1.30611176
0.60253906
4.61238586
0.05832947
2.84960938
14.68660461
11.66614806
8.12900487
1.28341976
2.13521332
9.00256317
3.37198914
2.84497008
1.77221742
3.52974457
3.74624114
5.15610261
15.37500000
3.94177028
0.05237034
20.84427887
7.22646388
0.11382756
9.70955276
12.13000333
12.89989237
11.31487145
7.66887421
0.71782684
8.02555297
6.41931183
1.73970551
7.99129211
0.89204926
1.48881012
5.29296875
5.46183289
9.57377106
2.84570312
10.60249225
0.55127576
5.61856619
32.41333101
3.89502327
3.25435394
14.99067709
2.41394448
0.39933351
0.97656250
12.21016418
5.73195404
2.43170040
2.75411541
10.21138519
7.17533356
8.89481162
10.67499890
12.71086879
7.79475953
7.07320036
11.70682956
6.46529144
5.75992797
8.91242577
7.11193817
4.93103058
2.02148438
8.71350067
10.84411652
13.16804992
0.50382508
0.09857603
3.51289949
2.66255707
7.73335661
1.09476839
7.42655364
10.14733046
0.29623310
12.53515376
5.60616245
8.20418473
5.55468750
0.77636719
0.01927185
5.23002106
7.91695036
3.96630984
0.99609375
15.26908356
18.77193207
6.64453125
4.58593750
3.11283356
16.69058206
10.07243794
9.62886193
2.73473654
9.02031360
4.10546875
0.40161133
11.42443817
0.34021027
4.55110594
1.81075105
2.92818207
4.12365692
1.18591340
0.88138824
12.97867735
12.51033632
9.21695922
5.51741578
1.00402801
13.71875000
7.13850953
15.52078569
9.43734264
3.11999667
15.63358489
2.56429078
18.28669105
9.95220024
13.39326685
23.41881982
0.66325576
28.93627930
2.57226562
13.28863919
4.67229831
0.87607071
6.94674423
4.08203125
13.93265404
20.54736702
0.23250336
15.90775543
9.49540005
2.76782413
3.25089539
7.39175659
0.02595520
2.19185394
12.47448388
11.42276914
4.73755319
10.72733489
9.85514406
3.76491547
8.36283356
9.91406250
15.96063720
10.13363918
6.13273382
10.05814606
1.80806488
1.21972656
12.87361259
5.32951241
10.39408356
21.24609375
1.63724762
1.56835938
4.52433289
0.64709442
0.63659699
1.03125000
20.55137197
4.74382092
3.97271054
3.90519226
2.31054688
6.32421875
0.60306793
1.48596160
2.25765015
6.02298981
0.16548676
0.53662109
7.76781790
16.27022495
3.95170323
2.93119293
12.04687500
4.12544769
1.35253906
12.88281250
5.14363586
0.71215509
4.47302526
3.53304078
7.63236481
1.42862976
1.90625000
13.97220856
2.94701214
3.93527149
0.53275543
12.38448028
1.34753325
9.36218417
12.14492465
6.14234707
1.60432984
7.98738586
4.28861481
6.08728058
1.29154449
2.41015625
0.77437348
0.02218628
5.27343750
3.75585938
10.53172208
3.95655917
1.71215820
0.71065090
2.88456394
0.38330078
2.13085938
3.16992188
1.47949219
9.54910351
9.20516179
0.28382064
2.26448360
11.44030917
1.23099762
5.99051972
6.73828125
2.09391235
1.99442597
7.01517731
6.07889739
8.51831117
23.16190271
0.91321143
3.00931793
1.18444731
16.45389739
5.51249363
2.90730774
8.16406250
0.10587586
3.64648438
15.50948028
0.60428926
1.76074219
11.36706450
10.37418329
4.31299202
6.25435394
3.98978668
1.22310394
2.53204366
11.69687721
3.10001773
14.77689606
3.65173371
1.89094471
4.71257092
15.36629211
1.25377514
1.09257923
12.38846832
5.87349457
8.86966949
3.60751290
3.11088043
1.84810394
9.84720856
0.12792969
18.75028037
7.43497119
2.20927969
9.97753657
13.73987034
0.91292359
5.21341949
2.17203735
11.52015092
4.48482269
10.16752106
2.42232269
2.41015625
7.44832336
4.01329912
11.93672761
1.72323193
0.11758423
7.74955231
11.28381317
17.75179078
0.64355469
6.18359375
2.21875000
9.68660461
17.13010639
14.78831005
1.65689938
3.72440769
1.67480469
6.89843750
6.76953125
2.25345856
9.31880707
8.49564606
12.20117188
18.37605275
11.42200237
5.52689606
6.08483046
1.48157579
6.91015625
0.59908051
8.50691711
2.73693817
0.58866426
6.58203125
2.24218750
7.34285461
0.24833129
0.12500062
0.19982910
7.49023438
2.71386719
7.16796875
28.00528369
5.83757092
10.92765320
16.07812500
2.09570312
15.83569149
5.44120456
3.13326019
13.26639739
0.32466707
0.32722868
7.19242464
5.23046875
4.99955231
4.57466644
2.36543232
5.07572916
5.45145722
24.73872894
8.23437500
2.65039062
11.87206782
5.33857935
11.50410794
5.38814052
5.55681294
0.16097016
0.53137207
4.63769531
10.05509087
17.87166445
11.93237367
4.18623061
2.02316212
10.63460328
3.07421875
8.38785267
3.97852061
6.22790558
7.03816711
6.21228058
3.61043274
3.68253601
22.90926086
6.26550200
2.87406527
11.86091977
0.21871066
7.37349457
14.12410461
0.90962738
14.50691711
7.15791778
8.42277039
16.53356716
18.49231050
3.90995456
9.71875000
3.69185394
7.24149380
7.52278812
7.86620346
3.70154587
0.87207031
15.32494681
6.20768561
10.64316823
10.61912122
0.31465512
3.39058566
14.28755707
13.72817598
0.35243101
8.10868005
2.00081671
3.38220246
11.32812500
1.15279144
0.32328277
2.12381926
8.50704011
0.77046723
0.01065826
0.25122070
0.86788406
1.90723404
2.49157746
9.16060394
6.40234375
2.05859375
4.18314606
5.37500000
5.38281250
4.11832392
7.13517398
1.26806765
1.82999695
13.40869016
24.49898161
6.04154698
5.71529144
8.28389185
6.72895834
0.88363419
5.05330075
24.97966481
4.43383976
3.33890902
12.52254211
3.38053468
10.35823360
5.38350620
4.46004211
4.49218750
6.02823914
16.25667110
10.56123809
14.32955175
1.36140930
2.52042664
7.50781250
7.63671875
1.09330231
0.01407379
1.26757812
13.79829926
14.85233489
9.46622618
2.31156527
12.09643617
0.04025269
1.41642149
25.71248476
1.20365387
27.30122894
15.76488697
8.55107158
17.06123560
8.43441046
5.55208001
5.39310948
6.43025820
4.07812500
5.06250000
15.76464781
14.28247133
17.87450798
19.26973294
3.34269725
7.89158910
9.17631759
1.06474346
1.05566406
24.45056167
7.58064758
2.55944980
2.46708222
11.50435394
0.12365723
2.76757812
5.04988586
0.17431672
1.91992188
14.21004211
18.58828901
9.91300975
13.98653479
18.14385196
12.23122672
5.19612921
15.39448693
11.36332557
3.12154144
10.05635528
12.45300200
1.52132203
8.74666445
0.84179688
7.58939606
0.57234680
0.96540604
0.69133255
1.55664062
2.66947418
1.37056488
9.03470856
16.46569482
1.84920600
0.43998199
6.54296875
4.89611038
0.79183732
0.10961914
9.29687500
0.49714930
2.22851562
4.20638187
16.74308289
2.81083222
13.67125998
16.08911569
0.17570008
11.69624225
4.30811170
1.38671875
10.22810727
3.73433566
2.17036957
12.44583888
7.88920323
6.77262391
7.14619903
0.88850953
3.92818207
13.04060727
1.41447085
2.22656250
5.91084777
3.25045346
5.74288120
3.47070312
5.72656250
5.69531250
1.04730457
2.41574024
4.21529144
1.48632812
9.50781250
0.23472927
3.32011081
0.80468750
0.82568359
0.01175690
10.30033356
0.81245941
0.25390625
1.34374849
4.56709995
8.40663081
2.12259918
10.43314606
13.86193817
1.07405640
0.07855225
2.58593750
0.60160309
3.28849180
1.88037234
3.31400543
10.15279144
3.51953125
6.17097961
2.13166612
2.86878158
13.89359154
3.59078346
0.06343598
2.40269283
3.13246342
16.34085218
0.71871814
15.25992797
6.52583583
5.53629765
6.31685394
6.94755097
2.88911957
13.96439606
8.20991911
0.67679964
0.97212738
9.59285461
0.19405090
7.34944703
13.01953125
17.69810868
2.15398269
8.25321255
3.24092808
9.34708555
3.16117464
0.55627410
0.05871613
3.57812002
6.09159021
8.39864915
12.67533356
8.39062500
3.12740082
6.10892731
0.04570526
1.19974762
12.84462545
1.26865580
1.40669769
9.96626427
18.77725199
4.85682180
3.44966644
12.64908688
3.08919437
10.02510528
6.71663453
5.57466644
12.66906583
3.70743960
0.11583403
6.04174867
5.24218750
2.38867188
6.29988586
0.04050721
10.13012633
15.95540282
2.56681460
19.45897939
3.85608377
3.74804688
1.88122590
12.02343750
10.50040337
12.19645390
1.90421695
20.20841368
4.96061281
2.89737976
15.79893178
7.56618463
2.55983377
12.29687500
19.16406250
5.09330231
0.32930387
2.43941378
2.17142731
1.82918274
2.39196808
12.58068817
6.14709442
0.39526429
7.53320312
5.71951740
3.18075022
9.13639406
7.99173981
2.69506151
6.44059951
3.08744293
2.47115082
3.42968750
4.48258422
8.79507430
0.95235199
8.09195922
17.76235816
3.75505762
5.89453125
5.91532707
6.30680297
2.16780640
2.17187500
4.29028258
13.70747894
9.02779144
1.76164245
7.04448913
2.69799867
5.43404144
11.22310394
14.40782913
3.40422318
5.45186060
2.52937556
4.51803080
7.61853058
18.97737672
16.13378906
0.65189606
12.57794641
3.95919104
6.48514739
14.07735261
0.39387938
0.24332765
14.35241668
11.49250222
6.38941489
4.93493683
2.04972351
2.03666168
4.26607269
0.04324341
1.93911722
5.13416555
7.03702571
3.55131261
3.37711298
10.04712101
3.85949800
11.84659353
2.17684397
0.01975006
19.24715527
8.85446032
12.97656250
14.88362423
1.83362034
2.90234375
6.30122894
7.25903258
17.48854646
19.54838043
18.93250282
1.53857796
2.26216644
9.37500000
0.06311035
6.96662469
0.71753989
10.42359125
1.85734319
2.72505707
5.65669769
9.24654144
14.60758422
0.22033723
17.51607269
2.16589262
16.03304078
14.86681849
2.83223792
19.72085550
14.56035391
0.38065582
18.29053251
13.95870455
1.42533356
4.43013519
7.75345856
7.31461547
4.48181183
4.25826019
8.71529144
8.62935394
0.01399994
6.24884863
3.55058953
12.46446498
12.10762356
2.85144448
3.71032746
10.47220856
3.81746399
6.53649933
3.46333832
4.00781250
10.68225067
0.30045594
0.89742035
16.21158688
20.51566434
4.67960882
9.45747894
5.32120789
1.74511719
6.16125333
17.48082780
6.34184618
1.74947113
7.77441406
5.73783356
11.29585661
11.13895722
2.04760804
13.95479278
2.38895722
1.25589872
0.22920871
0.68843598
5.40136719
3.46048981
2.92427582
18.11364030
7.55388076
0.62349457
8.91316711
2.97745789
16.13163176
13.83508482
7.25567264
5.22220856
12.56587364
33.41418550
6.96944370
10.75870789
16.50870789
1.54085328
14.60758422
6.68944814
0.17415905
46.59240692
7.06205231
2.88175476
10.34659851
2.07181793
0.84606934
10.94095856
4.07466644
18.28563830
1.87451795
11.89648438
2.23392731
25.44448261
13.68453346
2.53869847
16.42622894
8.70658356
13.94531250
4.58931488
8.26134974
23.00231716
20.07438110
3.47628213
2.93538453
4.10546875
8.22745789
8.23181183
5.27734375
9.08504211
2.81144226
7.02734375
20.13680825
2.51778479
12.39806849
4.57827738
6.69357601
4.69531250
27.60619681
6.67940713
28.97211991
6.09819259
21.38236481
3.67232269
8.28470856
4.59061614
4.08951906
3.54838043
5.78637633
11.52847518
4.28959884
0.48730593
1.47949219
9.58068817
2.67321808
7.98437500
18.68843473
21.07531583
11.79474956
15.27637653
7.66271942
5.23661347
18.09631317
16.57556183
8.80753103
3.47176584
4.80105165
15.82136525
4.02992685
12.36335993
7.42570257
16.67521055
8.40022828
7.83426972
4.09029144
0.13952637
12.79073028
1.68208334
2.54431682
4.58638519
5.54296875
0.78320312
11.15689564
9.92082225
15.79369681
16.13362921
2.70052249
4.92187500
4.97867797
6.37410461
6.01831117
0.03933716
1.50100178
3.98051307
1.91753578
3.31380374
13.91752106
8.47310394
0.91796875
3.42338043
18.45568817
0.57210328
8.68164062
9.35156250
17.53125000
6.55859375
9.41137633
5.99027372
2.77880984
14.02823914
0.81425019
2.52343750
8.65099070
3.16541555
4.55468750
13.18750000
1.01562500
0.21484375
13.54145834
13.71065713
2.01916473
1.90307679
5.54296875
6.30078125
20.85412567
6.71862700
4.06441378
0.91166168
17.24915338
11.23816821
1.67328235
5.48828125
6.31738281
16.92845745
3.61015735
3.57628740
13.16785322
2.21138519
0.62410336
6.43708666
4.32109658
6.35624114
18.01049867
3.48872894
10.28217975
10.51290447
8.56944150
2.95969303
11.42614528
3.23445866
15.04499557
6.81423649
3.98061169
3.93119293
14.95991911
8.76652039
5.02746675
3.24731134
10.42749335
4.46529144
4.17075300
6.24872118
0.69836395
2.13051392
10.55957031
0.53906250
8.77530447
4.34312999
2.06358435
16.04252106
1.28169769
6.45747894
17.39139739
13.44531250
2.68672761
0.59033203
1.26185037
18.06218528
1.71679688
32.42771942
4.72808288
11.63435727
9.90905917
4.64123255
2.87101507
5.55134826
7.61303524
8.28584995
0.87088957
1.37369875
5.97265625
5.19095856
0.95743711
0.05814730
15.01439495
16.83966770
2.27248337
10.20402039
2.63041168
0.57852868
2.69942542
11.20365138
11.25773382
8.83325133
1.62748199
1.35371980
5.83203125
1.18164062
14.07006649
0.80786320
3.78125000
7.49047540
12.71415503
13.67508755
21.40676579
3.49955231
2.27193207
7.99121094
1.83496094
4.37255859
2.96093750
5.07812500
14.94469748
25.69983377
7.83343931
9.80543550
4.51192044
6.98250554
0.72265625
0.33011871
5.42622894
1.43750000
0.01873779
2.01562500
11.25781250
12.53035461
0.69457946
8.50797485
3.06742464
15.48046875
11.55122894
1.39941406
1.22265625
2.64399241
1.84163951
4.90507424
4.89888519
0.10701477
3.37475399
3.50576449
13.97637078
18.42517121
11.33681230
0.75513381
5.88236481
14.62161016
12.76201832
6.09554327
9.23017842
3.84794658
4.90669769
9.88867188
9.88964844
12.83939606
0.90755125
8.06262300
0.79080833
14.17524491
7.45805961
11.31917110
2.31018284
9.96609819
4.61286791
3.38498226
1.51021332
6.24759420
2.04191600
1.98803711
2.31986481
3.38911957
7.41137633
5.79174867
1.92480469
4.76953125
1.85517374
29.34503164
15.82722961
1.49910461
10.65368683
5.23994903
8.66329011
0.68847656
11.84631317
12.78397053
5.42854610
4.44072251
10.75781250
1.40083832
9.88012633
18.46092753
4.34644614
0.41381836
4.97997673
0.12207405
1.38769531
7.29471521
5.35762854
3.16512024
8.64216977
11.14318817
1.55786320
5.89017731
9.70837247
5.05989749
8.95312500
1.60493988
0.71044922
6.94298538
6.50232712
3.54492188
10.94441711
0.66373656
14.90229943
29.94026921
7.62044437
5.16874114
4.16418550
5.89888519
11.06250000
0.35526520
10.24311725
0.49426861
8.35156250
0.44628906
5.20011414
3.87935394
0.01995331
6.48091644
0.33984375
8.88260895
5.81685394
0.65966797
9.09032705
5.61825022
9.97656250
12.68146790
4.04687500
2.73046875
8.09247563
6.92090093
12.79476950
0.32393340
2.29370179
23.00662565
9.85243795
3.46396830
15.43802638
21.04394780
11.31808441
8.36283356
9.44632217
3.14240820
12.93607823
1.20560699
10.02193207
9.76908356
6.94966644
5.02734375
0.95733808
0.43229997
6.58292664
2.62259918
5.32421875
6.44140127
3.12740580
13.63512966
8.08255763
9.19852505
1.38802748
6.51997894
4.71516844
11.81217531
15.80534477
5.22314827
4.74609375
0.68615692
16.33036347
1.33105469
11.71345634
11.38216312
7.11922429
0.47363281
4.49564606
0.26977477
0.06673250
0.17801910
3.69367410
3.74622672
5.30334442
6.82954926
5.70116751
7.46065713
3.80468750
11.64972504
6.69593749
11.47460938
5.23636747
2.22741107
6.90797378
3.57031250
16.56070922
6.18192597
14.94698028
10.13016069
6.17737533
4.81941711
2.27335384
13.71476507
0.26383422
3.95056183
8.82481384
3.83054077
11.25435394
6.99938996
1.84578430
13.89485594
1.23006289
0.31860352
9.29394282
2.88183843
6.04471521
13.35456838
8.54708665
13.36808289
7.57527150
2.41691600
6.04800643
3.50504765
0.16577709
7.59855164
5.54296875
8.39139739
2.77071199
0.11254883
2.99332267
13.64534921
28.56934601
5.41015625
14.23456672
8.06096520
10.53108765
2.44726562
8.99632979
16.33886968
17.75678164
15.98089424
14.77779144
7.17801972
3.13041168
12.00105774
23.36698226
4.45670656
3.15820312
8.96093750
8.51281583
13.82946933
12.78177887
1.25142426
6.77465758
1.39721742
1.11425781
9.67297208
9.36474734
9.90563996
4.12500000
23.48998145
3.05601617
9.94095856
3.44624848
6.35904938
11.25679411
2.40726839
0.64062251
5.56152593
7.03560394
5.54642731
4.28169769
19.38826797
28.88516953
13.32305741
6.34836989
9.84720856
8.34625887
4.31825132
8.03548094
2.15637300
27.72443008
6.92533356
12.02148438
5.83158356
1.23189301
1.04732269
4.40100067
1.93884308
16.06917110
15.20820451
2.23727282
3.17773438
11.61975067
7.52786016
5.95785793
1.10351562
3.28710938
3.79252106
9.67622894
4.34375000
0.78320312
10.92968750
11.86014739
2.72688470
5.99792885
3.73588043
9.93200466
0.15438054
19.10965537
6.63635347
16.05098294
20.16150432
13.76037567
5.00524933
5.37841797
6.90460661
0.86883089
2.77315215
16.28304078
9.66841644
0.01515632
12.82812500
1.87441010
11.56595856
3.48197418
2.07316101
3.72586880
3.26631870
2.84525543
10.96121787
0.88493295
1.07519531
10.50536736
11.58735927
18.67787814
5.51624002
2.73046875
5.73989473
6.64824828
12.78125000
10.92824580
13.50632452
7.42187500
3.94921875
6.22220856
14.06750333
3.97200687
1.24218750
9.94791002
3.52230108
3.00635139
3.13140350
15.64424092
16.74125277
5.97427804
7.35591644
0.47294098
4.07999446
3.79838292
8.02465758
6.68538453
0.97648133
12.84182625
0.24796321
3.24031804
6.03470856
7.39843750
20.80927749
7.06617021
1.58398438
13.75150543
3.71875000
2.67309508
7.71362367
7.00435394
12.10502106
0.46386719
6.60546875
6.26545767
2.67895944
1.72558594
4.26696808
15.70198360
14.43864140
7.30859375
0.07788086
3.96679688
17.43469083
20.46728329
1.45919104
5.19966644
6.20312500
4.02779144
16.63252217
3.57841533
7.08984375
17.33744293
16.12642426
0.94242340
8.09117687
1.29208333
1.67480469
9.56477626
24.07991578
4.03015292
2.96077515
7.25345856
16.74129211
0.72253449
4.44238281
5.06595856
2.33485983
11.29599955
11.98872894
6.45267731
0.30684418
22.29304743
0.22404241
0.46240234
11.77554300
3.20101950
11.31899380
3.68100620
8.28906250
7.60323028
7.95222961
3.21016511
5.31579123
2.76428690
14.73246122
12.55391511
14.32210328
1.61027039
12.03920746
7.02734375
1.62259918
1.81880707
0.33349609
3.08388519
2.34375000
5.31250000
9.75834137
10.10156250
6.18750000
12.38138700
12.87467593
9.17578125
3.38085938
2.83007812
2.04101562
3.74218750
3.93359375
3.24804688
7.89453125
10.01367188
9.07377106
8.11372894
5.06506317
13.71740318
15.00273049
4.47611481
16.04239805
11.45068484
9.38448028
2.38895722
6.50736481
14.04239805
25.71786849
7.97772936
15.39639074
9.34745456
5.60604942
0.86031098
16.10151818
7.85461768
6.65926086
6.61462433
4.71875000
5.18013519
14.41279810
15.80159796
4.27075133
1.47827211
5.79296875
9.93827239
1.04288758
7.89978058
1.58390320
20.63736813
2.09505374
2.34419769
5.01908356
-0.00216919
15.52387523
14.31206227
0.43918751
0.06233890
10.75951463
5.43660461
2.29606826
12.57031250
3.53336547
2.51546265
6.69489916
3.29382978
16.35107048
13.49499667
6.43127659
6.84765625
3.67382812
3.49173981
2.49404948
3.65581227
11.40677638
6.93652593
12.33937612
3.07122783
11.77689606
3.70568817
5.72399933
1.75402676
2.73913730
2.25211547
8.54430685
9.10205452
2.39030031
18.63072142
6.38497977
4.32406139
3.58186890
12.92968750
3.60697418
9.78560394
0.07263184
6.19486481
4.70703125
2.52877278
0.97081181
7.71053413
3.25525432
17.03616468
13.79606826
10.37870456
2.70161957
9.47635085
1.67013353
11.81265736
3.00000498
0.03841187
10.59069482
2.54963237
1.46176418
8.85579344
0.85510347
1.74804688
9.87064606
18.58751912
7.19080119
10.61629211
4.46228058
6.89798981
7.95747894
9.43660461
10.87452591
0.02619934
1.25390625
9.33939606
0.29003906
3.10786957
14.91023493
3.59562444
12.58939606
0.39318754
9.46451906
4.69576019
7.16796875
0.50537109
2.82857269
2.64213043
5.50390625
11.36555408
4.41272191
10.16455452
0.61914062
5.96048981
3.05920379
0.05074098
2.70898438
0.00336075
0.86816406
11.12845856
8.43660461
1.54581726
1.49361176
12.08068817
1.32686309
2.33365968
7.05033356
7.15779477
15.01664339
13.75401929
7.38058399
15.33007812
4.66528258
7.46708222
10.40551197
10.54492437
4.34489140
2.60018007
6.95312500
16.58585384
21.37451296
2.74084442
3.24650210
6.18847407
1.02787511
17.20210661
3.76513796
12.48990470
3.00618905
3.35502106
7.04345080
8.90186170
17.47805298
18.18335771
2.39493213
3.24390957
1.41210938
12.09804965
5.58900265
10.78916557
9.45842863
10.23934397
14.48693817
7.45971742
2.41841644
0.01899200
0.05940766
0.08732086
8.78906250
11.90279144
13.52343750
9.34529477
12.81253934
7.05070257
12.23002106
11.65519226
4.14843750
10.17879211
2.83247894
19.98872894
13.50000000
0.98714110
5.81217531
8.08158356
5.36262190
8.66081560
0.84273285
9.07355940
1.69987810
17.95238697
8.99683178
5.74609375
0.74169922
0.55474790
14.73514739
1.34786541
8.27945922
2.91238974
2.85643784
3.79110926
1.99698914
0.16601531
7.25691711
2.88806183
7.47957336
1.68245484
1.14701324
2.49849457
0.80224609
10.30289672
1.89066434
3.97981937
7.42622894
3.39213043
9.73437500
0.00708527
12.54687500
1.04394282
5.70996343
12.10146576
1.69388326
5.21724955
2.63085938
9.83818023
5.72781694
5.16850509
7.15555131
7.28076795
3.86942597
4.32466644
14.61181641
0.02718109
6.56070922
0.77482117
4.33247894
8.58052582
4.21439606
6.15279144
10.11950466
4.20471409
2.14603668
8.05904144
0.30375152
3.74849457
4.05423981
0.07735199
15.39754211
5.44576019
9.84952571
4.34623448
6.85847961
3.49894226
11.17728668
6.40982658
16.82157815
13.78470856
4.73828125
2.26216644
11.05379211
0.79516539
7.21842531
6.68359375
5.46439606
6.92142731
17.45747894
0.03090424
6.99218750
2.81250000
4.84497008
0.99149629
10.02779144
3.34436004
6.52042664
2.80708832
2.68235747
8.09840425
4.64843750
3.32421875
0.00519562
2.76391041
20.34232823
1.34546210
5.00390625
4.19315271
5.65840979
1.75923676
7.02620235
1.82536015
0.98291016
11.01127106
8.62141844
0.09594820
6.04296875
7.56506317
5.07902039
7.89664672
1.79378297
4.00345856
2.84073914
7.10697418
1.99369293
4.12622008
4.60034242
3.67142731
3.43493683
2.11914062
4.48112756
5.27249334
4.62980164
0.30287471
1.19193761
1.69325152
3.15369182
14.11116578
7.52779867
0.25398867
3.50480164
5.49218750
13.52779144
0.03099060
0.15382842
9.55558289
0.27408875
2.38326019
3.48783356
0.06713867
5.83203125
4.47843196
8.80582890
3.39782746
0.79056793
2.75781250
4.53548094
3.98014406
8.98091644
10.07851840
3.28085660
7.02343750
5.93080896
11.69675420
12.05814606
0.73128297
10.14615470
5.60551307
17.15653535
4.00931793
16.37475399
6.89087101
13.10502106
0.05631531
2.95898438
10.37466534
10.92131427
16.10367797
0.35258027
2.19380707
16.75401794
0.16841644
5.96394836
0.71996510
1.69544049
11.15625000
7.73449053
20.77079565
2.33313331
7.60278258
2.23555574
3.39017731
20.20747894
4.86718750
2.44531250
2.53906250
3.40625000
15.51908356
6.24751801
3.26953125
5.49910461
1.50773133
0.59301696
2.21423371
0.02456696
13.75121759
13.63728945
15.93088994
12.39920989
1.28710938
2.10966035
1.58638519
21.84895501
4.25626773
1.11503269
1.54146332
8.69185394
3.31009918
7.93314606
7.75462434
7.26926085
4.26562500
6.84541778
14.95902372
12.40560062
3.70178192
3.31127992
13.23879051
6.81205231
7.85489805
0.09334414
10.80725067
6.97009308
17.34783800
12.04714095
8.55033356
8.35489805
-0.02351774
12.34529477
26.88620784
8.83463874
4.02042664
3.17879211
5.77530696
9.32377106
6.47937167
3.95459109
15.05802305
13.72656250
8.70581117
4.16585328
0.68212891
9.67101397
5.28211103
0.67822266
17.05638963
18.67806405
6.09623448
11.50089539
0.27657074
7.98168883
3.64111204
4.37915226
0.87548828
15.98791410
8.67110261
12.17277039
1.00756524
6.86889960
8.67968750
4.28924561
7.82377106
5.29553223
19.66258644
10.38428856
15.05122894
8.24218750
0.40893555
4.45968109
7.24654144
4.52189117
11.38671875
4.12544769
18.18570922
8.85681183
2.16963528
16.00748781
0.74031679
28.73388298
9.10551307
3.48046875
3.96093750
7.71529144
2.06701629
11.87935394
8.47823028
5.60636414
0.27075102
0.19913882
1.80179715
3.52295046
1.28755707
37.26835051
17.41910018
13.91976763
9.50602172
15.54500056
7.34924534
0.34330293
2.69022551
8.38204011
18.63525266
13.53788425
4.39017731
1.91646332
16.73654907
7.28844748
13.15251108
3.15218140
1.50195312
9.34195922
3.30017121
2.97851562
11.61771388
3.11295656
6.49935062
3.66092864
7.16719636
2.19034851
16.06188498
5.75407358
7.39798981
1.34712738
5.05513519
7.20312500
1.87402344
12.00333555
8.53995789
6.71016511
15.16298981
5.86480163
23.98465537
4.26541833
4.05202552
20.62682514
13.80977947
4.88761414
7.20389739
0.85567293
15.21516844
2.41303663
2.53642564
14.08677310
11.36283356
20.87544769
11.60156250
0.03454590
3.74218750
2.45361328
5.00345856
6.94217864
1.75996980
14.58190674
1.97806793
11.55122894
3.80664062
21.44571587
8.38932624
3.04536957
14.50691711
9.95723294
20.42602726
12.48579677
6.82837101
2.95808899
2.44543550
6.90445922
1.61332059
0.39921238
1.62402344
2.79194537
1.47713818
7.50044769
0.43383789
5.43521969
8.09700687
9.89843750
7.64664672
1.72302277
9.18521720
10.74011635
1.38663758
4.88537567
9.19083555
4.32946808
14.91149933
16.96318598
0.64581061
3.86808289
1.39310699
10.68225067
13.19028924
7.01808510
10.30468750
10.36811974
4.69010749
4.47009308
10.55725067
3.80875610
13.79610261
1.09891567
1.48213902
17.46695922
6.66239472
6.79553192
2.40368683
2.76082336
5.35636414
6.46439606
16.50589872
12.79935450
11.81197362
8.15189606
1.43168246
2.32909907
6.05070257
11.15970856
6.19185394
5.01204344
4.12512300
19.19441711
6.63492797
9.51813387
6.87774046
9.23962433
1.84810394
1.74023438
10.74475067
2.05334442
1.08915254
9.87923094
0.21472261
19.41653702
3.68669326
6.96964539
8.75524933
2.74023438
3.88821920
2.42623393
4.47947973
6.62749445
1.66548676
10.68660461
6.47355164
3.87455231
22.22448637
10.91934619
19.10628546
4.10144448
8.14660240
6.47058510
3.62064606
10.37154144
1.27193207
16.04706257
17.80196697
1.59863281
0.43359375
2.70694260
12.59729720
3.05139129
5.49397828
0.08795166
10.34285461
14.00756649
3.60632480
12.07364805
1.69498532
14.36402686
0.84513367
1.08398438
8.28381317
5.48746454
0.35962226
5.57466644
3.74804688
14.65535461
14.41852858
10.66239472
0.03179994
14.96879059
26.40474457
11.83593750
14.35143950
12.87512300
11.34211658
3.35319592
2.78186004
1.83142121
0.02265411
16.93334930
11.23740959
12.05216648
3.48046875
19.48079344
14.86641511
10.60937500
9.90445922
4.43103058
10.46964539
12.21875000
4.89746094
6.36706450
5.68147828
4.79679134
10.78853612
2.23872894
9.66406250
2.16752106
1.50504578
7.97611481
2.88085938
13.17879211
2.26501496
0.82617188
13.86014739
1.99096742
13.70294770
0.72914062
16.51562500
10.33881975
4.28646498
11.10042110
7.02844083
15.66622229
4.78169769
7.89363586
4.28544160
7.28515625
3.08506650
0.95008975
8.78125000
14.14538232
11.08797429
0.63183718
13.17780807
4.96940436
5.72192819
5.78901818
0.97469429
5.39664672
13.52522828
10.58052582
2.92968750
17.37040005
7.84834995
2.78861481
11.95479278
14.32758866
16.14445257
26.29632869
5.06199356
4.23046875
1.82845062
0.87158203
10.35261525
2.70207225
13.52254211
9.08857935
4.46733786
4.09765625
4.10103363
6.26517731
12.10668883
1.65405336
8.46093750
3.09375000
21.20267731
5.46935007
21.11780751
10.30104646
18.95121122
9.85001773
3.86896473
4.82209892
5.89123075
3.36218417
1.24409755
5.57780031
2.58093417
15.17885584
6.72307956
5.51517731
6.88216312
7.16406250
1.92260742
3.36238586
8.93839539
2.26757812
0.00605392
1.29992271
4.57658023
7.68652593
17.32510417
7.46395833
6.94966644
13.44887412
4.62159574
4.55453014
3.09765625
0.06024170
0.86584442
1.52360680
13.35294991
2.92813775
9.06209663
6.17578125
5.06595856
0.72338805
1.20625886
6.03125000
2.21439606
9.30943485
6.14413785
17.57229500
6.43584219
0.29069093
6.13003768
1.84652482
1.75638824
13.31720302
3.34250553
13.84362700
1.39152039
0.21325777
7.49910461
4.22586381
-0.24156998
1.49466949
10.92320812
8.35804188
5.66796875
9.45983046
6.72811724
0.50488281
4.52510528
3.82963043
1.54732269
2.38822884
0.81526734
2.33007812
1.86673981
2.31685394
3.25931295
1.63477061
2.54463653
2.63114472
4.39453125
5.00423094
4.39465425
7.65775045
5.12740580
3.51171875
11.62083777
19.03072362
8.46127216
1.31107574
1.93546570
3.22411736
0.39164589
10.79329344
6.87621385
3.35510970
4.51005097
6.36372894
1.95800781
22.21748560
3.21220190
16.48437500
1.18452848
9.84041445
8.34433502
7.27734375
14.75207115
0.07019448
16.66242908
19.26982158
3.76501496
4.94095856
6.03515625
2.70312500
0.82861328
8.81813277
12.62958055
3.56355774
8.87410461
10.33337433
3.32466644
12.54150266
10.86604610
1.71159186
10.14062500
4.53125000
7.39953458
2.54109306
14.98795656
16.22282358
1.72167969
12.23131982
1.02160987
10.17553711
22.60097186
2.94199689
10.27689606
5.41105164
15.48391734
7.94922872
3.39843750
8.35131649
1.25821587
5.31279033
1.03027344
1.49967095
6.30729499
9.88716644
13.79780475
3.13818982
2.27343750
3.73095703
1.95267731
4.58638519
0.69315520
1.26147523
14.15754876
9.93274268
3.16768340
1.27372285
12.97594748
5.15177305
0.41329510
12.01739584
0.63450021
10.02381340
5.33301529
4.79732269
11.98002106
1.94291168
8.02433289
12.10888298
3.37654975
2.44234098
13.70414339
3.16646332
9.24654144
0.53173828
0.00561523
1.03027344
12.18247674
1.72092475
12.70330903
8.83957335
1.30183899
2.01696808
10.52689606
2.39693207
4.79459220
2.41003823
15.93404144
10.20312500
15.33039534
5.38302415
1.44726562
12.60937500
5.59810394
3.58984375
11.04299314
5.71481936
2.44921875
14.31640625
12.37194824
18.14294216
5.96989140
10.51908356
4.42146665
13.75280917
15.39257812
3.61812348
5.06805282
0.63594218
9.18481383
6.23929964
0.27449586
3.40625000
11.73660351
6.39327931
3.10864196
7.84643617
0.94523008
1.42297457
16.97643950
9.77424923
8.31030585
4.70703125
2.24613434
1.22851562
2.03755707
10.54027261
6.65503989
2.06250000
0.39149714
0.09196234
18.31762695
7.02225427
9.59096595
20.99332392
7.61800421
5.91796875
6.12500000
0.01012421
9.13191711
0.97403992
16.62373560
2.08524878
0.13415527
3.46048981
0.91080688
8.23270722
15.12385860
8.94645390
8.90635131
2.28649933
2.47896332
22.07429743
13.80883478
7.42350842
15.56127930
21.22189828
10.55109152
1.65799895
3.49186281
2.92578125
6.96484375
1.66992188
7.85111481
0.09950775
0.03065216
0.01637268
12.54341644
2.22701019
6.34375000
8.67240138
5.30806737
1.24804688
2.00199247
5.16988253
8.37845856
12.57970413
5.45545212
3.94726562
5.53560394
9.93867576
11.82259530
15.83325133
2.48360261
0.79931641
9.42443817
17.39216977
1.60579593
0.19600434
0.15494781
10.19877106
8.68033190
5.55811170
3.74458832
7.34899933
16.23872894
4.39631705
0.39709940
0.61966949
17.08449580
3.89540225
1.92094027
12.29508422
3.26501496
15.30664062
20.55758479
21.41747228
11.06595856
1.09224457
2.34179688
15.57596521
1.62043939
9.06681959
6.55468750
11.45654297
13.16796875
6.72701019
11.87169881
5.65129100
7.26793219
4.96298426
12.26333587
12.03616468
8.22732441
20.92866661
2.78324745
17.32230497
20.51920656
0.08134004
1.08939606
13.03125000
10.69352172
8.23270722
1.58653446
10.50607601
16.03727172
11.70739030
7.74406693
4.03951019
7.09646056
3.30409241
10.69274933
23.04854278
8.58295850
3.17656360
19.09016844
18.91246344
11.76299312
8.56278037
2.03292276
2.68314606
11.83504211
3.53718556
0.74388963
15.13355053
7.16117464
1.33646637
14.72131317
1.82706726
3.98136414
14.94762966
13.11820589
14.01228945
9.83158356
10.08226729
10.56617021
4.14888519
16.45747894
2.60949177
4.08142619
7.25345856
11.44095856
3.37003601
2.38643340
5.38850953
12.03906250
1.09570312
1.52290863
15.12845856
0.25679535
1.18359375
13.16536126
0.72038093
5.25263643
0.65519476
7.31817627
3.91922817
14.21028812
2.70446808
0.34936523
3.23563442
5.74288120
8.61271055
0.80582765
0.91300476
2.18837070
14.26562500
1.61035156
7.96830231
0.08559174
10.19994681
0.15161569
2.75266760
2.37151706
8.21557181
10.79032690
5.43160128
6.78080231
0.12725799
1.45829316
0.69006317
13.50524933
3.29101562
6.39717310
6.69523382
4.83337433
4.87064606
0.78609223
10.54764739
1.76395349
3.85685616
9.76908356
7.03157469
10.95670656
7.38716644
13.63627106
14.39318411
7.31567819
11.18314606
6.17484154
12.54826241
3.26607269
0.02036529
21.33398438
8.51908356
2.63370789
1.31250000
8.56595856
3.94006317
1.97444703
0.15938262
1.24442597
2.06298828
13.29597961
11.86465869
0.30921002
2.44079621
7.30790005
4.27368351
1.42329926
4.85937500
5.60945368
0.19303655
7.28515625
7.69832336
14.85465204
3.36694647
7.09330231
9.34814079
8.48238503
5.54642731
17.62500000
9.68314606
9.23771055
5.03662234
9.83504211
2.82511414
0.73046875
7.78080231
0.54866453
2.28723238
8.98669216
4.09008976
7.71964539
14.24820922
2.63505097
7.28861481
2.12890625
7.53673849
2.10653147
4.05789008
1.52414117
0.97265625
11.01908356
3.45262800
0.23629626
1.87695312
5.03889517
7.77315713
1.36958832
0.38427734
1.96093750
10.85066711
19.57454344
10.51574800
0.40828212
10.42045323
2.10156250
8.37845856
17.19262633
5.78291778
0.94287234
7.37711547
8.17533418
14.02836090
7.60982269
6.42309508
14.07466644
3.38700410
3.85156250
4.27811115
5.30843639
4.52388519
9.50435394
3.15865082
0.03167725
2.25736481
0.05385346
2.59916168
7.94999114
6.27604001
24.72375333
10.09167885
8.59472656
5.64017731
6.10156250
1.73677582
7.02839650
7.07511912
3.77945922
1.48767121
6.26607269
0.40722656
0.57234680
0.49650086
0.23840332
3.98729970
13.48872894
1.93856272
4.55859375
10.54675200
11.85949800
12.42931849
13.28161901
1.76216644
1.39603668
33.27779144
2.02539062
15.93151513
2.98112311
10.79687500
1.13887356
4.24198581
11.63972961
11.70121122
12.93147828
5.03662234
0.08042389
3.23828125
0.68847656
6.38448028
2.11970696
4.46879432
15.24083445
5.11162344
1.82145141
3.01786347
6.37532469
18.53560394
9.24308289
7.22489472
6.38134641
0.71834414
1.59659851
13.12845856
6.41451019
1.49902344
17.08203125
9.48819977
9.98937833
11.78035461
18.76094636
10.50179078
0.98270722
5.59476715
4.07416944
0.59221271
8.11046211
3.59734153
23.17471853
3.61067874
5.95227393
9.86706450
6.14209109
1.95943207
9.64408356
0.73412899
1.39522495
12.28084165
6.80660128
2.17968750
8.03906250
1.50781250
4.96816933
46.68657524
4.53515625
2.17187500
5.58894836
13.80962278
7.55610927
10.02905585
5.23962433
3.54732269
10.91316711
2.66300476
4.81652427
18.14481162
2.62862983
19.72790060
13.30830342
7.71513658
3.77950354
6.90791778
11.78763419
2.91903147
4.39453125
3.08548981
3.95283965
1.99593140
1.75382508
12.81355275
12.61336491
18.43917027
4.20715425
8.28714872
6.79597961
11.53405917
4.95267731
13.60679045
18.10778591
2.91878546
9.36450133
18.44787660
4.63326019
9.06660794
12.11651279
4.00736481
16.72724205
11.85343196
6.12959995
6.99930630
0.98783605
1.37695312
10.83402372
20.04878878
8.46093750
3.87935394
15.74482203
-0.26103449
11.26794216
7.38696476
0.21911652
13.30358544
19.62374058
4.39945589
12.50870789
2.07857269
0.74169922
5.06875776
1.81466478
8.02419982
5.40246675
0.89257812
13.87365567
6.46108064
3.76530031
9.13012633
3.01005097
13.07031250
5.72310394
6.83203125
41.43033688
6.55544099
7.54784907
10.57145390
5.69909575
19.67992853
5.63078069
12.38704344
12.35556280
3.84012910
6.84598847
1.94238281
3.67968750
10.26896055
6.14729610
0.97729804
4.64843750
15.46007647
10.36938165
2.76624501
0.67191559
11.32812500
20.18187916
14.22717752
3.19197695
11.24080009
3.91097296
4.28246510
3.75130873
0.60009766
23.28043578
8.29003657
3.84066046
11.55444149
10.06620456
2.92232269
4.54252106
18.51562500
4.44576019
11.11527372
6.46667387
5.97815159
1.57076019
12.41934619
18.61165780
3.56966312
14.24654144
2.60591644
16.84289395
12.14148105
2.51127106
17.02896720
8.95886635
6.13716644
21.59211160
4.50359153
1.01704926
7.94204566
8.93579787
11.97192819
4.29777039
19.46138519
4.18314606
3.24654144
17.17639129
12.73502438
2.26286015
1.06933594
4.63281250
12.92845745
7.53268173
7.47245456
13.08398438
3.60351562
8.59916168
7.73290517
4.00151041
2.84814329
8.18595523
19.69946102
1.29321476
5.20312500
6.79117797
0.84016969
8.88049285
0.94721881
14.94723127
5.66060394
10.94238032
9.40214206
8.26293883
9.65893617
11.89933289
5.11551972
8.03035461
3.47159851
12.50837323
1.91068263
4.27971520
3.38671875
7.99564606
6.45402039
8.66893285
2.72950465
8.42814117
18.37740082
7.75390625
2.88822418
11.79218640
5.78939716
17.65323914
1.11271055
14.51920656
18.13748864
3.48307624
7.93404144
17.98547208
2.46585218
3.28305075
12.75512633
10.62097075
3.14689273
16.17956450
11.68762300
9.61914062
8.42622894
0.67041016
6.12955563
13.60607381
7.86983931
0.34521484
14.03230774
10.47805298
4.04627991
2.11132812
12.14798981
12.14494441
12.84960688
1.86454565
8.81388243
5.61385195
0.55957031
7.24564606
4.13358489
2.50748781
7.62601341
17.37627882
12.90782831
17.01509613
0.16186523
0.41528320
19.02801514
2.58744293
3.26216644
8.01183179
2.80998614
10.78238642
2.72001440
14.07954677
8.83431187
4.56038453
4.26953125
8.24129211
12.67496293
2.15633865
6.59375000
2.82572418
10.10187722
-0.51443429
7.39933289
6.49910461
6.79650879
2.62935394
10.03291778
1.55729001
1.05822972
5.83203125
6.60937500
13.26729278
18.98591977
5.67452183
4.22656250
11.97220856
13.70312500
3.02701781
4.78686586
4.92578125
7.85502106
7.49609375
7.29943817
6.44078080
1.76584164
2.27388519
7.95633755
2.75850620
2.80668121
7.17923981
2.78951019
17.36945036
4.26059230
2.62626440
13.65869016
3.14209109
4.92968750
8.13537567
15.60290558
8.24218750
0.71142578
24.62092642
8.00921433
4.04820367
17.75926862
-0.04491315
7.75992797
14.63940492
26.49963099
15.34452425
7.81620456
1.03763824
3.69925809
10.62601839
17.84708555
14.50577571
13.71492243
3.75733045
10.66451019
4.44486481
1.90181488
17.87561035
2.12500000
2.33789062
15.65820312
0.95654297
5.96048981
8.25777191
1.84179688
3.50585938
7.87451172
2.59134918
2.17622894
4.03125000
10.01097075
22.11817777
6.49967531
1.54256289
4.08043966
15.06702127
12.61869293
6.60892731
11.09375000
17.61027039
10.49910461
1.03658051
1.10591644
16.42891143
5.84183622
0.64188816
10.42533356
15.94698028
14.37865027
7.12659906
3.13610871
12.20914672
15.19685727
0.47684910
5.26147025
10.16964151
12.27420989
4.58626219
13.00769199
3.77298981
8.72220856
8.26818817
0.06638642
10.68945312
4.73649047
11.15022828
15.15189606
0.29195160
23.15607270
18.20993406
8.01780918
7.18063718
2.71289062
7.50219415
7.01143610
0.84958000
14.62475399
6.67142731
2.45186558
3.27388519
5.86559841
7.40348515
20.80129766
7.79094691
8.95222961
16.58779699
14.88005762
18.74593140
4.96997008
3.52567597
16.06506317
0.15783723
11.76953125
1.77201324
8.21093750
19.95747894
10.81506317
0.42443879
16.40649103
7.43139960
8.50256317
4.54337212
9.71232491
1.07527649
8.95312500
4.95792664
23.49414062
2.39347102
2.79846409
7.21875000
14.76021332
4.44006317
14.25443263
4.81722296
18.40970856
18.95914672
3.16434785
3.05078125
6.20404478
2.80767397
0.95166016
16.85697418
13.69185394
0.55615234
12.23095703
9.65722656
13.47656250
4.62064606
4.65669769
0.71528553
6.52026928
16.38268950
20.68725399
14.88314093
21.55419548
8.20361702
12.98693817
7.90804078
9.19441711
5.96402704
15.69299534
19.55464473
9.89880651
1.79785156
16.34631317
11.46492243
1.74434729
3.95853668
19.67527926
2.74915890
18.12500000
6.09163453
14.57547319
16.37915724
9.49654144
4.20312500
15.02498227
1.19279117
1.40917969
13.62592975
0.42928662
7.34615082
2.06986481
6.53169769
18.04434993
14.11141179
2.64648438
25.58483046
4.85222185
8.43444482
11.51017398
2.84399601
12.43225067
5.76997894
1.46956422
5.97823028
6.54096632
3.12053302
1.68546570
12.89843750
19.70133422
12.86507203
2.21537262
13.69441711
5.05078125
3.13806183
6.11155918
18.34563379
13.07136525
6.64404920
7.97041778
6.56038453
4.24601009
1.24662511
5.73002106
10.40889496
1.36381012
17.30603972
12.37858156
4.06595856
2.56202956
3.44224290
1.40767426
9.54882812
4.13191711
1.85734070
9.75781250
0.12658691
16.70703125
4.31595856
9.96695922
6.86975067
4.59996959
8.52636968
3.82165558
15.09746827
17.39143361
6.61222850
3.65234375
0.05041504
16.05786800
11.48437500
0.86136871
16.64037899
23.15213210
3.38762411
4.17968750
21.28795546
9.08606798
2.12410461
8.88716644
0.91650391
14.48644615
3.00183510
6.31367576
11.46757424
0.81933594
9.57836603
1.81661292
12.28763824
12.18481383
12.18237367
17.23828125
11.09631317
4.47790558
2.79508422
1.54813691
11.64090537
8.80033231
16.49382092
1.27050781
4.20110263
12.28648243
10.44543550
6.80224734
6.40002659
10.63182846
2.39551529
12.71439606
6.50390625
0.87931336
17.29922651
10.04798204
24.39257812
26.10021942
11.98323360
2.57670323
9.74218750
0.93697113
14.85847961
0.91397447
3.00025099
28.83894836
8.68648161
2.10709718
18.42508755
5.90482823
1.58638519
11.79829677
4.71492741
8.82633422
9.80289672
8.23323360
3.31331671
16.83760528
0.24682679
18.45601286
6.86212988
3.36064937
14.50825770
12.75114140
0.33280488
15.12784353
7.82897607
7.87667650
6.27298981
8.00948028
1.09448304
10.52510528
0.48221894
0.49584961
23.62878325
0.43274019
3.51713043
8.91503906
3.41796875
2.73242188
22.00894892
18.36019171
8.98091644
2.88342254
16.31258148
11.96183289
15.07800200
11.12422761
3.16641401
2.76958056
7.21679688
4.57466644
0.37512176
0.03177918
3.75240082
2.80908203
11.67968750
0.30985504
11.17789672
4.15588099
3.13346686
3.93164062
7.12210467
7.51123670
8.12410461
11.44018586
14.53727172
16.60681183
3.58699524
5.50524933
16.51322418
10.48783356
13.33292664
4.57979278
1.55700715
4.46138519
5.01249114
0.54752687
5.52887357
0.43987643
1.75000000
4.74251219
5.44872922
8.15047398
6.63671875
15.50826019
15.15010528
11.28010860
8.49511968
25.55086055
0.21415005
3.70487644
17.73697252
0.39380568
1.27832031
17.75683594
3.47806793
8.52779144
15.06160461
3.11221853
3.73787539
7.67582557
6.52433289
3.57173676
6.98828125
20.70308068
15.73173253
3.68505984
14.02974426
5.21439606
3.41735871
14.58491911
9.40819814
6.98344525
8.75691711
3.12394226
6.03143775
0.03713989
0.95263672
8.35489805
5.11893645
17.28357089
13.70825133
20.72328767
6.01171875
8.52823229
20.34455122
10.81422759
13.56473847
17.77058899
10.92650931
11.49329081
0.98628754
4.33876608
9.64487588
11.70926972
0.51839172
8.66013631
5.05958776
21.70650487
12.51448360
6.66776706
2.16271942
5.10167554
0.51864583
12.56852172
5.11942597
9.51025266
7.00927859
1.75292969
6.47110650
3.70137854
3.39001496
12.40087766
9.38895722
9.97183954
5.39196808
9.74825354
13.98677457
1.44677859
9.87528037
2.03638131
11.27327266
2.34924534
4.55814606
6.27779144
9.37577239
2.24247285
10.60530142
2.25301584
1.07519531
13.59948575
10.94111592
0.67204482
11.61975067
9.36799424
16.09313498
12.28544534
13.21118351
17.03662234
13.51188608
0.70849609
31.66813110
4.74938498
15.77917885
2.38488863
3.36914062
9.46183289
1.79199219
20.27018063
14.33874667
0.98681641
15.37756317
0.14790894
1.39701324
15.30833674
49.78930602
4.13106604
12.34406472
7.65683067
2.50195312
19.52928192
10.26909851
2.22460938
8.73437500
1.56835938
6.82543883
2.59883699
14.05623227
5.59175753
0.71484375
17.77388519
7.02737811
16.32784463
5.82889614
1.99959663
10.90714539
0.89107269
9.98876330
14.67864917
9.98883753
2.22460938
13.22912567
9.82120789
14.31595856
15.87763291
8.81815271
2.02108100
10.59675089
17.36193817
13.50481161
2.45837433
17.68904477
4.05883478
2.41768838
18.34728724
3.65271276
24.51790157
7.64778812
4.80603058
4.62589539
1.49609375
3.05865997
4.29973847
17.19998366
8.93656776
2.46020944
8.27075133
6.93232935
2.40133034
1.48925781
12.04064163
1.37687943
9.15869016
3.93070091
19.22115580
13.61181516
2.00732546
6.08670989
0.56266359
3.67382812
16.73184619
5.37752881
14.03470856
1.76216644
7.02143507
1.78325243
1.57519531
21.53080231
5.66515708
3.37532967
10.70568817
7.76562500
10.96439606
2.45296265
13.70879745
3.30809675
5.64563829
29.61372894
8.05423731
4.00773382
10.96529144
0.42382812
1.45254277
0.65483820
14.36783688
0.37866398
2.89477228
8.31632757
17.04768922
0.10845947
3.81811523
0.36747223
3.02547180
5.70316590
2.43049673
3.31913674
3.77953292
3.78044326
5.68550753
4.89107269
0.91459137
1.02734375
1.45507812
14.88821172
3.55628656
25.39676972
1.28710938
17.66364916
0.63570783
7.68013519
5.17207669
0.90116550
3.64843750
10.19929743
8.31197362
7.11372894
7.37109375
0.06115723
6.54252106
2.77193207
5.38972961
0.03666199
4.75000000
15.39961326
16.17341977
7.95169327
2.81076351
12.78906250
9.11515071
8.04545323
6.88757376
2.91032358
5.07889739
2.99292054
8.63565603
1.86674479
15.79413454
1.82801695
4.98917664
1.73144531
12.93189856
2.72411985
5.78751773
2.71769226
1.15413453
9.07669825
10.51330784
4.61462433
5.57661957
6.24987700
7.37512300
1.03666168
6.44201006
7.40007092
14.67464265
4.51997894
8.31937279
1.34664284
3.96679688
8.40445922
19.03356716
2.81543218
5.09029144
1.23535156
6.18904477
11.81351839
10.45991911
4.33785128
11.32088434
0.63558233
16.05434143
3.45402039
15.41148937
2.37517231
6.15323914
0.38452148
0.79882812
3.98242188
7.22611481
7.01239252
14.87387854
6.44230164
18.06769504
8.90841478
2.76127604
3.57511414
1.19396692
17.33628607
6.95357269
8.10233489
0.97631898
18.94309841
1.77023991
3.72460938
4.70703125
4.69754599
4.09904366
12.69441711
6.55782136
12.25923427
2.83215425
1.61857242
20.46350067
9.29958348
1.99150875
12.36629211
5.73527039
11.21441438
2.71830729
3.58203125
0.80464691
3.60424369
2.49597573
8.45837433
2.16992188
15.64619903
1.93290254
0.37573242
5.40580231
0.02003998
0.37548828
14.00488281
10.06250000
2.34570312
6.26127106
4.87788786
0.10144168
12.77241911
9.71516844
7.01541335
6.49309286
4.80423981
6.73828125
3.36750222
13.57932646
6.89278479
8.84334663
2.63187777
7.69482422
1.58256012
3.11132812
7.82697612
3.73650044
3.66856384
23.35201355
4.46582779
3.12528535
8.52779144
15.12402344
6.88627106
3.55335883
7.80210992
8.95943207
9.03763824
15.52538689
5.73531471
10.75732048
2.54651097
1.51017398
5.47310394
1.85013824
6.93013519
0.80566406
0.04505401
7.79007840
1.91251773
14.29931516
13.40100067
2.63757480
8.93358378
2.62260915
4.63716644
9.98437500
13.16681738
2.79781970
5.92224401
7.91931183
2.35937500
4.97408051
2.33292166
5.98934397
4.73437500
10.09016844
5.92936281
10.84541778
3.17020722
5.79856354
4.80859375
14.93444482
5.33720190
4.46663453
4.72741357
5.61243018
6.38326019
16.34675089
3.01803579
4.65970856
5.60591644
13.29605829
6.10974401
16.01729278
11.13985261
2.78125000
0.49316406
11.58837766
0.73339968
1.78808594
15.17578125
4.36673981
1.66699219
5.22265625
11.34569814
13.33053080
3.31400543
8.77941365
7.76936890
6.42293772
0.24218750
2.39843750
12.92919548
6.35115913
8.69130763
1.94134252
10.98437500
0.26440430
20.59000610
2.75919493
2.82658023
0.62255859
10.65946255
6.80691601
1.55119957
2.12695312
3.95072169
6.72578513
3.68245733
4.24748116
4.05757536
8.02791445
2.38749114
14.94498781
0.83593750
4.04839111
11.92247000
6.14762827
15.02343750
20.32791335
1.56751329
6.89062500
14.20359708
5.85109042
10.23281037
8.38488863
4.57299867
0.38110352
3.23242188
1.34720856
4.73482269
5.08593750
2.48107381
1.15393534
9.25000000
24.36596742
5.73118622
11.01013962
3.04826241
12.66532690
6.28409851
4.17187500
1.74381469
10.57377106
10.16149933
15.28893036
8.77807617
13.63906029
4.97031471
11.07470080
3.61755153
13.37850786
0.23657227
12.59273161
2.80763472
13.89745705
6.04724651
15.13960661
1.17928164
12.68691238
4.69373337
0.84175629
7.54779478
7.16216616
8.97656250
8.50077239
3.83133755
2.93937444
7.06640625
7.39094471
7.50202682
2.47030972
2.38627106
18.48054743
6.08240026
3.14668606
5.58048648
6.68448914
8.66499723
3.73591977
5.30046224
2.88476562
2.45479278
2.75976562
10.29475953
10.11660185
32.17583804
2.98588043
2.67108517
4.51783909
7.31986481
0.02415985
0.42431641
1.37976074
8.27099609
6.73437500
11.51562500
9.62259918
14.13326019
5.01171875
6.21439606
2.18794769
12.78323250
19.80584951
5.76139406
8.19726562
7.28084165
3.45682956
9.05219305
2.05762965
5.43794769
3.26562500
15.46665892
5.04416444
11.72220856
7.89587433
6.38092310
8.54396276
12.61592310
6.22782690
16.01525599
8.48205784
2.91959718
5.82958984
1.90738891
7.10006936
4.29732269
2.91454829
3.21980774
2.35494237
11.12154144
5.24218750
5.54687500
25.38000333
11.56681460
11.71170989
0.02889070
2.30468750
9.11795989
4.21061281
4.75781250
4.91406250
5.36405364
0.17867097
12.91483489
11.29956117
5.34375000
6.92232269
5.06852172
12.79576796
6.63180407
3.23828125
7.12246330
5.00256317
6.76265846
1.51021332
2.18990082
9.17382812
2.47806793
13.20658356
4.76908356
1.38317902
0.13525391
5.05468750
5.34765625
4.54642731
3.91992188
3.06490082
1.64787761
4.53007424
4.72834446
3.64693207
18.04239805
6.25012300
14.45035766
6.29911347
9.47989805
1.51281832
1.13326019
9.07046986
0.78695201
5.36673981
9.68750000
5.09895501
2.21325964
2.69559785
9.49654144
1.98046875
7.39843750
3.37914728
5.55211437
5.73751883
7.86747285
10.76647607
2.60852393
13.98693817
3.41984070
2.73482269
9.99910461
8.55981383
17.26908356
10.32466644
13.88378408
8.65788342
1.02929688
5.98152150
9.96578346
20.51090204
21.52864749
19.09053745
17.29752438
3.60359929
6.90234375
10.28727172
10.90368683
10.33939606
9.12898493
5.28206671
11.94685727
7.33634585
2.97806793
2.58052582
9.53023161
9.15201906
1.27823914
11.46186725
0.68897107
6.99218750
9.89411791
21.23869459
2.52644836
1.24015320
7.75565271
5.28901818
3.52686170
10.45871034
7.89961326
2.16003823
9.56306073
2.52963153
2.01517731
15.01472961
3.64693207
5.05167664
2.40039062
3.46396402
9.14138742
9.71808870
8.90771609
4.97449135
13.27436725
17.39803413
4.14099401
12.15750942
7.29667331
11.73929840
0.26379426
1.59545712
12.34041445
3.67740968
4.05078125
16.47131317
11.94620789
17.36034691
6.22026041
11.02002015
7.84932403
2.99336824
10.86718750
0.01431274
12.90421321
9.18563054
2.99759918
12.37500000
12.19262633
6.89721742
3.92232269
14.73319177
14.44216192
2.47009308
7.86283356
2.78169769
16.62012726
15.62776485
5.41129765
5.08646263
2.82560616
15.03722926
2.52697972
6.74955231
13.48002106
23.05572031
7.04148824
1.63838653
11.26997894
14.60876008
8.07812500
7.84932403
0.51241121
1.23644739
22.32328402
19.23763187
8.06506317
8.19685727
2.90702239
0.71102116
25.89371454
5.92179632
5.03649933
1.29341644
6.35875998
9.98307624
5.04056295
1.33049146
8.27343750
6.98220524
1.13302914
6.68743574
9.71747118
3.55603058
9.63268950
11.99576906
0.45784484
1.16788758
2.02974457
3.87994385
1.70774965
0.27430601
3.86914062
12.04573360
11.21285128
2.69454011
11.78125000
4.73002106
12.83718197
2.01678135
14.16406250
3.93164062
10.16406250
0.50776880
19.90982907
17.75800422
6.50823581
15.50772385
16.00602670
9.09912234
3.70503878
11.10937500
10.44531250
7.35502106
9.37500000
3.96101618
4.90918218
5.12243683
1.53568512
6.84810394
9.58804300
4.41631094
1.98046875
6.03381317
0.21411164
7.54589844
4.78861481
6.54492188
12.82661957
5.54854278
17.73616578
5.61763519
0.32006836
11.74104610
0.66170351
13.08846132
12.19531250
2.59480774
2.81359708
8.91341312
0.50638824
4.11808289
11.57812500
2.00174895
5.47969636
15.98131982
5.07291999
1.71431488
9.82031250
2.86914062
1.70165642
13.66414616
17.48474183
3.16764406
9.81778868
16.18524751
11.15071532
2.26387107
2.11117076
3.69921875
3.19644393
8.89685837
9.55468750
1.76953125
5.65625000
1.81001801
5.27615803
13.61357158
3.15580231
14.97119016
2.68896609
3.12243683
6.85892731
3.60156250
12.93444232
4.15487256
11.98046875
12.75858489
4.01550200
12.55749667
10.53230275
2.73376994
10.73950133
7.96821366
0.72099595
8.32812500
23.37506595
5.55786569
4.91975953
13.75000000
12.28381317
6.88537567
0.08129945
5.31278037
0.79028756
9.77965592
4.48177748
7.97924867
23.28125000
9.78027344
19.34715426
7.32292996
18.08813165
6.47481604
2.61718750
10.35477505
1.90860400
2.68575853
21.93269836
5.62243683
18.76460661
6.05135195
8.48002106
14.22069814
3.44141123
5.65714539
9.36360594
11.44710328
13.05305408
8.14404920
18.34863281
18.04073028
0.74263519
7.06774933
1.56835938
12.06793213
3.95853668
3.40128601
0.37406503
1.42749335
3.02148438
10.86938165
3.93530585
8.73900931
14.17895944
11.15759667
1.91625719
4.22981937
6.11853058
9.38460328
5.01594969
2.38789949
17.36450133
4.42077419
3.00862921
11.31250000
28.51517731
11.64025599
1.50028784
11.23681516
6.84130984
9.67866911
1.19783632
7.33593750
20.26021332
7.41509106
4.64113696
7.37634308
10.62935394
11.75637080
1.63669436
11.84566378
11.37756317
1.51420074
13.44441711
4.78995789
12.92777372
0.70044132
4.95267731
3.04536957
8.70006982
5.55501219
2.69999612
0.97806419
0.34029518
1.42773438
9.97851562
7.10567044
7.74755984
4.10380097
8.57377106
12.50000000
4.79927582
13.57031250
15.82519531
13.95584553
5.26245678
10.80098294
8.25805851
23.23923789
14.61182014
3.39213541
7.12967864
2.07902039
23.63667443
5.10160682
15.99584774
7.91597628
1.07141207
1.80318207
6.69486481
1.87402095
0.22436773
4.80513519
7.52501663
3.18547318
8.83207059
13.69179965
19.70887632
18.48950133
9.57649875
11.08686725
12.46513408
3.47428468
15.78100399
9.01306183
15.98718417
0.05108643
7.39408356
12.39497894
2.07954841
1.28177887
9.11885528
4.66719636
7.22611481
28.99917978
8.50089539
0.99324524
10.94262633
3.32584718
9.39843750
5.76127106
16.21665311
19.96163058
6.27779144
24.75441788
15.86323693
5.17892508
14.36095413
4.04114361
1.64229527
12.33939606
14.99111481
1.94487976
1.33886719
13.97786126
4.69449579
2.97803357
7.06250000
8.51127106
9.69698028
7.18493683
3.40759308
1.80468750
0.98205535
12.74743683
28.10486698
16.74049346
1.95634253
5.03906250
1.26021332
19.49450466
12.63760417
9.32882867
15.28470856
3.97957336
2.15014680
4.31205231
8.92227837
8.74088874
5.02779144
21.38582336
1.36702515
0.10104852
6.39497894
1.20560699
7.50000000
3.39118573
7.91004321
7.76562500
8.52164672
3.84094083
1.61763083
9.57951241
10.34578679
22.04006096
2.10011635
11.64408356
1.77140320
3.77103668
13.69571587
1.50492714
14.55891844
9.58561281
2.08894836
18.69441711
1.74983765
18.09142911
1.98132480
12.59630818
17.33634959
17.91218307
1.03553025
13.81651929
1.98186114
17.41116468
7.35881427
8.30566406
17.94323637
4.44474180
8.82747562
9.73181183
4.58158356
15.80655696
15.55509087
5.69649822
9.20747894
3.35396332
5.37500000
0.01565552
21.26676142
2.43786901
5.20747894
23.97314329
3.88871371
22.49006206
10.41964649
5.88521332
14.65625000
4.24955231
14.71604120
2.57788397
17.48005541
13.40471021
12.81802970
3.29134530
22.29899047
2.42349970
3.33854499
31.21754434
19.96787455
8.60221936
2.89994293
8.10156250
4.81339539
7.14062500
4.02343750
0.55277496
2.98713985
13.42301640
16.55021055
8.56673094
0.37276402
15.09004294
10.66109596
1.98030640
14.46439606
10.36629211
2.15128601
11.65669769
1.65136719
16.46316601
8.04375110
8.50077239
22.59554078
8.39241578
3.36177582
0.01803589
5.14062500
8.57031250
7.24218750
0.00385284
15.11539672
17.64416224
5.49300421
3.08532746
15.76683511
5.29867575
6.95792664
12.51472961
9.82889739
14.47233156
0.30346680
18.01204344
14.13423427
4.16276374
11.15970856
2.70406098
7.61885528
5.99442597
1.03926294
0.56864722
15.45568817
13.73376496
4.54642731
3.16210938
16.41752106
10.77408688
2.67301142
13.72717752
13.62935394
27.93443929
6.34681071
2.23197418
12.99388963
13.87586103
6.67300643
1.31315935
6.79687500
7.86283356
0.04222626
3.15567930
8.06225274
4.51029698
6.60481937
2.71679688
1.19380707
1.48242188
4.76550200
14.37858156
17.00642509
6.32996010
8.37577239
4.22579011
22.26102554
2.32470579
12.19376773
1.99955231
13.18790337
3.16907081
7.56160461
0.08038361
10.26997894
4.26171875
2.77148438
7.29809508
0.21268769
12.42315382
-1.02666945
1.16185776
4.04785904
6.44534935
7.90328346
4.27689606
3.65519226
9.31941711
3.69132508
4.29597961
7.74218750
1.77335633
15.43509918
1.48775238
10.57177361
12.09220523
3.15588597
15.73824066
5.55468750
0.23236084
9.81595856
1.10884613
17.39440825
5.44498781
1.34667969
12.02989695
2.87411458
0.21411195
0.01099396
0.04394531
5.06695113
13.36718750
6.48612519
20.31685394
3.03515625
9.31595856
3.97851562
7.08871979
3.69335938
2.44531250
2.58593750
9.66316711
0.04221619
0.95511871
7.96138519
7.16992188
16.86874390
3.25105774
7.33593750
0.45304383
0.77685547
5.95658356
12.06929411
0.09265261
0.38187652
11.01195479
10.08016428
0.43957115
4.31237870
5.36763519
6.19441711
1.44087738
15.34497008
4.66495789
1.81872341
12.35489805
1.98291389
3.71068152
9.59791223
1.15039062
8.28470856
0.70817016
5.96708222
1.40580231
2.55269379
2.36706200
8.39880651
2.34004544
0.93607823
3.01757812
0.05231720
1.22220856
2.32511414
4.78470856
2.93546134
15.23017842
0.28577626
3.56477283
4.11153479
3.49601507
14.11718750
7.02742243
17.64770072
3.98869459
5.26216644
3.96708222
2.81986481
10.46875000
0.69576019
0.05536896
0.15620941
2.15039062
1.91015625
1.48925781
7.60424369
11.64009862
0.13236667
4.21952239
1.17065492
11.27779144
4.38671875
8.11478170
10.99369791
7.05070008
8.12064606
5.98872894
3.28320312
4.26562500
8.91752106
8.55879544
2.18973598
17.94820534
0.63378906
5.78125000
11.23848294
7.98559508
4.67435948
2.88215637
6.45914672
9.63806183
0.30932617
4.14094969
5.99279505
4.78296210
4.13549867
6.67354278
0.32718965
6.11283356
3.53365082
8.77689606
4.45845551
6.50329612
12.27522828
0.21801758
9.52261082
0.94613918
0.92091790
2.84265292
0.47200687
2.68900543
7.53951019
0.52775086
0.38602691
5.71048981
1.38566101
1.16707336
8.61441517
8.09794658
2.20747894
13.50672394
0.93904633
1.61067625
11.21797761
5.08833832
8.11718750
6.98783356
11.37740082
27.55456543
13.26984347
14.57295684
5.00248448
6.00268617
2.72460938
13.40726715
0.69628906
2.22070063
12.42431516
14.15657469
2.72542608
8.64547876
9.43672761
15.53897385
11.17977615
3.30183899
1.66292359
1.30859375
0.90401173
12.01742076
2.28417720
8.18369256
11.66015625
3.90815880
8.16020057
3.36756595
5.06798093
2.74609375
18.01818817
5.53059813
2.51265348
5.04846409
2.59810394
3.52539062
3.10156250
2.89648438
1.53027344
2.05042262
6.85661015
16.21134087
2.15975288
8.80301972
0.88675934
8.18404144
8.57722961
4.59855164
1.33894836
0.13590516
9.09927970
13.64748215
8.29341644
0.63374723
9.79228060
1.45129021
9.02995124
2.43005153
5.34734308
6.65669769
8.72656250
1.08512328
1.30009004
26.18753436
1.28467420
5.92285156
2.95552582
0.39168274
10.22656250
3.54146332
7.67187500
5.51537899
2.58288730
2.58577515
0.19783477
1.11800172
3.16158051
3.28906250
1.47513824
14.51383422
7.45999779
5.58081117
9.68598959
6.40255540
17.57226064
5.99011635
13.31429078
14.20324800
5.35546875
5.67789672
1.92268922
6.56640625
5.01615188
7.10047539
7.76562500
28.16743739
8.14701573
5.26802582
6.82564052
4.09533909
8.99909464
2.79822805
3.01969360
2.63265015
16.64939361
16.22440613
12.84720856
2.11693329
4.32767731
4.59029144
0.70995969
2.78180325
8.35031803
8.50064938
9.04662899
6.24402260
5.31685394
18.15165005
0.35465702
28.92691268
1.08924119
11.97778320
14.30479057
6.97629210
5.42045323
3.93518284
9.87552638
3.94869237
11.85937500
0.03294892
2.47729492
9.18660461
2.18048801
-0.02285434
1.47619473
10.92289339
2.69710328
1.77343750
4.06595856
31.02754544
6.35136081
8.15535461
4.85774158
12.35063275
0.60550435
7.06881205
1.47363281
3.91633533
9.45475842
2.17578125
2.26322418
0.46142578
0.21468109
4.55586326
11.53353280
7.43399712
4.10656742
3.10005707
4.40580231
5.08905641
1.46998503
4.05859375
6.86328125
7.47220856
8.89843750
3.67622894
6.88671875
0.03296905
9.80814606
14.12154144
3.32682126
2.07217947
3.40877881
5.37967864
14.98191313
9.75691711
5.60380097
16.54634364
3.08789062
3.08166722
2.64933289
11.29073028
4.35034242
4.08984375
9.77384087
8.46553745
7.82658023
4.42622894
1.03417969
15.44921875
3.99564606
5.26562500
4.49654144
1.72910241
6.45874335
12.40279144
7.51171875
4.97900266
7.15336214
8.78951019
1.29182361
4.99479748
4.44921875
8.35066711
9.11177582
2.97806793
28.69738365
0.78186253
5.15258976
0.69673676
1.43457031
12.69964651
5.98439494
3.08178711
23.17085037
7.71794326
6.79602082
24.32812500
14.11169216
5.34399601
20.01306183
1.35021942
4.68884308
0.66162109
11.77689606
3.51493161
10.65816378
8.22399933
11.53267177
6.68119871
1.11531555
7.32023133
0.99466949
2.12967864
8.37076906
4.82767731
2.84525543
4.26652039
8.07812500
2.79683068
1.42484901
3.76322169
4.53271609
5.79488253
0.97705078
1.07279449
3.32405142
3.98844858
9.93404144
1.07039367
9.29386414
16.58158356
8.79341644
5.02734375
0.01654053
0.13328552
0.71728516
4.14798981
3.14453125
5.04572363
10.11789117
5.67096964
1.92367575
9.11175090
11.37998891
2.91992188
1.73881012
6.91841644
8.30358419
9.96444163
3.33829400
6.71354499
3.99230552
3.56917608
5.18588435
6.59855164
5.56205231
7.71439606
1.52042664
3.20803968
0.61182513
6.44563719
8.20959442
2.13024933
3.38639406
4.03169769
5.48457669
2.01993960
13.27600067
15.23783356
25.72579011
2.69335938
7.86718750
6.01127106
14.53971188
3.16972019
18.24658203
6.88627106
4.42488586
1.13024933
0.16662598
0.03925567
3.78515625
7.59952446
7.81254432
2.25195312
6.54117797
3.01741578
13.46659021
4.15059729
0.78568512
1.84967528
1.04688995
7.35034242
14.51602837
14.98218085
4.54431183
6.51607269
6.96997008
15.33919312
4.14542664
2.25153355
3.04680629
2.69701837
4.87837987
6.85335328
2.04614196
3.05782136
4.34484209
4.39832197
15.47542110
3.81319370
1.73872894
5.46142578
4.00000000
12.16399108
6.90453915
8.03239140
6.21728391
8.59130984
10.93660461
1.91202820
7.14017731
6.55904144
8.56787109
9.29492188
2.54492188
0.91992188
6.83158356
3.22851562
9.51383422
2.67113822
9.44246897
0.21695953
5.39497894
3.24393396
3.46940436
1.88499606
2.17237699
13.88618739
8.76420323
2.56791168
4.44576019
1.62597656
4.60892731
0.03288788
3.18577793
2.66969082
7.85013077
10.91699966
3.03975122
0.88940741
32.35960107
5.28102393
1.13867188
4.35473166
16.37369750
21.82991578
7.02298981
30.78054633
9.65605828
4.02868683
9.51037567
0.02537049
19.01269282
11.24511968
14.85021942
8.29341644
1.88325396
4.73608710
9.05928745
6.41162234
21.35900599
14.35860261
4.96598515
18.94726562
3.70552582
5.31103391
2.75480164
3.72322695
10.90742576
5.49447030
12.60937500
7.08203125
1.62837738
10.03661736
9.02002327
19.24719083
5.69844636
6.09342531
8.92879211
15.44185394
3.84032082
1.44483543
3.70803469
1.13030363
5.98608398
3.36132812
10.89485594
7.16752106
11.20670656
7.67968750
6.82287567
3.24548371
1.22408051
12.21149823
5.79753435
1.54716035
8.57576445
7.19799867
11.29650848
8.16735871
6.76171875
2.37064606
1.17329926
0.76708984
9.77908522
5.18335771
16.73771055
1.51717226
10.35786459
10.47778756
3.86897828
3.94757355
7.82825716
1.54931641
3.79777039
7.06172761
2.57271332
8.31379876
2.47526374
5.25345856
18.76989030
6.22274490
4.04642731
15.18570922
0.25150605
4.93517288
12.08675670
3.49467198
4.51953125
10.32405142
6.87081338
20.53690582
2.06099457
8.18404144
9.41316711
5.67532857
5.90474955
13.99144745
2.78214539
0.84863281
12.73595413
0.56979111
8.22081450
13.79620568
3.53505318
0.11737061
13.31487322
2.82124225
7.72473736
13.66060394
6.61193817
17.43938171
12.36718750
23.98978668
7.09226502
4.22590814
8.11153479
12.50547103
4.93619127
4.01013962
1.07910156
19.85615872
35.67443817
15.50467864
5.91967836
2.17981175
22.11035156
24.55394947
10.90263408
3.61494903
6.09794160
6.54755874
4.89775376
2.32466644
8.26305187
8.25277233
17.75983932
5.65922650
6.94214428
16.70011414
5.99564606
11.56880707
7.74348626
18.26353734
7.28053191
7.33650820
7.51350953
14.78486592
1.20003795
7.71732138
1.45284463
11.60005707
12.96516844
4.83125886
3.15100067
8.69274933
2.27343750
3.32992418
10.35551262
3.47119514
24.45263547
2.68355441
16.43351009
3.16174534
10.64382911
4.47493905
3.20853668
2.08243711
20.28711794
12.50520501
7.37805518
10.62821255
1.47627964
11.13040670
3.47115580
7.66573028
9.39575133
16.78613032
15.16174534
5.17956450
3.01810948
9.75345856
6.53653369
3.99125775
19.53522496
5.58586879
10.54597961
11.81046321
2.49361425
0.14807129
2.92781306
40.32564550
15.35867133
1.63201074
5.19352172
8.77107789
1.66796875
0.16052246
6.43452350
1.30135693
2.90265127
2.25402925
1.51757812
7.55732935
12.12972296
2.84810394
7.72216423
10.42627327
3.20117188
37.24804688
8.03470856
14.14408356
4.89542664
2.50000000
15.98432071
2.31841367
10.87501858
2.82495055
8.00609791
15.44771830
5.21041112
6.52042664
0.31953949
9.68167000
7.50928856
6.47701019
4.10637659
7.04192597
3.34953069
24.22603239
10.48885195
0.41060394
12.03000777
5.25302083
0.60253906
5.53815714
0.54537954
15.61848626
6.73698249
17.95068359
0.58833832
8.74295989
2.43868074
9.44140625
2.96394836
7.25870789
13.51550200
3.91329011
0.03504456
22.26368926
2.15380423
20.63192209
6.62064606
3.55965149
1.22106965
7.93526153
0.22831269
4.67508755
3.45967808
16.41752106
5.21034686
8.58608044
4.03605164
1.93993950
11.69877106
4.49157248
4.77450022
6.24564606
13.57503048
13.51102505
4.78353280
19.23746703
12.19620789
1.17765320
6.68391844
0.54752687
10.61795989
6.70581117
0.03157562
2.15010403
29.58724124
3.56741966
21.39424092
12.40658466
3.15372618
11.40621066
33.45222961
8.63772967
7.64059064
10.97745789
1.97851562
2.35937500
1.06457364
6.11242832
5.18436614
0.73604402
9.41316711
10.51383422
2.10575410
16.80688165
0.20089026
7.11360594
7.47774324
5.40234375
1.20312500
20.02424923
6.64127944
10.28674534
3.55078125
25.01741578
9.25768950
4.57780031
16.30761719
4.86238586
16.68981716
25.80944482
2.84981106
2.15812943
2.13671875
10.08723377
5.13871122
1.25680158
15.36499086
9.96178295
5.99666445
5.05904144
11.64674803
0.62516359
5.35485373
2.90491190
0.61816406
13.75000000
3.47912567
7.10201019
17.15529357
21.84134420
4.97249889
3.52974457
3.50195312
7.88996565
7.20243628
5.75496897
2.71138519
14.61808289
10.84932403
4.90112367
14.16406250
0.59948512
8.57145390
7.86808289
10.36283356
6.36104278
13.33748227
1.81559452
10.56497452
19.08658688
4.85189716
6.24072141
35.80904144
4.68461214
13.62500000
6.08654505
4.27816046
9.67700133
3.09903868
7.22981937
0.35355621
14.40250610
7.34842864
12.43358044
11.11198000
8.41174534
3.96785461
4.70837433
4.08203125
0.48217773
0.73010223
1.01110871
5.22607048
3.46533577
23.33129322
9.11206615
4.13448028
5.73527039
12.73181183
5.62109375
3.04252106
2.39107269
8.55997119
3.36581006
4.56250000
17.18827239
20.69518950
11.23777926
2.26352448
1.94433594
0.28690582
0.00845856
6.05468501
5.32446476
6.22143617
7.18619127
4.78211103
5.60847961
5.27087433
3.93900543
0.92166958
3.39176640
3.79492188
7.96512412
12.28194370
16.93672761
3.80667997
6.99389960
6.53959137
10.35668883
3.06368074
11.86342864
3.17127991
36.56400543
8.88326019
2.34375000
5.49263519
5.92187500
1.12800276
8.61352975
6.37008034
7.73872894
7.98392731
16.02514462
13.44722628
6.37935394
21.47280364
5.19760527
4.59700687
11.50287789
1.42921043
2.45312500
8.08984375
7.80891844
3.29069093
5.13191711
2.48331726
11.32698360
1.75700077
18.44367908
11.18477947
11.91678303
13.87556572
11.30245899
1.30310090
2.12633312
2.75843251
2.94140625
9.32377106
2.33320451
2.91972517
12.83593750
5.20653923
2.77738807
4.80904144
3.10005707
7.64754211
2.64152039
9.21350067
23.79273982
10.08337683
4.86283356
1.86710633
6.42879211
1.80655945
5.08593750
8.41752106
12.65147275
16.33065381
10.18628989
0.00876617
2.18725586
14.54162567
8.89587433
42.36450133
3.06909242
6.08113586
2.48742271
3.48230385
7.62365692
2.58577515
7.57844969
0.31530855
7.47220856
5.28861481
11.49715149
8.01862589
1.33444204
2.58622285
22.18830954
3.16093362
1.72753906
12.40771453
2.02411220
6.99094303
16.65810949
2.43466145
19.27640092
4.34107380
5.11897828
0.86714691
6.50345856
20.05757660
5.39966827
1.62132449
6.08464871
2.47310394
20.79672158
6.64486591
16.53930851
3.69211334
1.97656250
18.21305297
9.32287567
0.88256898
3.20357269
11.90039062
14.33634087
28.26753878
8.51273714
5.82857269
3.81803468
4.76562500
17.39888519
8.45544434
13.74918578
7.57015015
3.21289062
4.08630153
13.37959995
3.67232269
6.69095856
0.79044617
0.87890625
0.01524353
5.26971300
21.07679188
8.33806294
7.15873448
0.60742188
19.15189606
14.61337882
10.05082557
6.12422761
4.67795468
7.29281139
16.58325133
13.13895224
5.78962323
21.56540334
5.06229333
6.71838099
4.63668439
2.38818359
37.49910461
8.81685394
2.14668793
18.32275266
9.99487367
2.21708222
4.05260639
12.63729443
2.65942321
14.02176972
2.96201214
2.04527149
0.01866150
0.96134336
5.94482048
5.76747652
8.86372894
4.89745346
7.46192154
2.24339013
5.74631537
47.63093556
10.90763866
3.96740193
3.43860807
10.04687500
8.89135804
5.08504211
3.04386414
16.37320922
11.17227837
10.26701241
2.92187500
6.36673981
17.46875000
12.54573360
4.40783909
10.21875000
8.73925532
4.47123448
0.32466644
1.23339844
9.69815603
17.88856827
18.15892175
1.39387315
1.61292220
26.81595856
3.95503754
4.84586547
6.12980164
8.53125000
2.65860650
2.98486702
14.87543326
12.00484596
17.43058289
3.76712794
4.08496343
5.52945984
6.60892731
9.95312500
4.84029144
0.12536621
5.07421875
9.90189606
11.61694149
1.79223820
2.42773438
12.34285461
0.05712922
16.81908245
9.20378435
5.08247894
4.83325133
3.71061281
1.88745179
1.77331450
3.66756289
35.44042969
4.02689606
1.51175934
3.34244376
4.13810616
8.79906915
1.69055518
44.43599457
8.63378906
7.25736481
3.41157802
7.52201573
3.85742188
2.70161957
11.19441711
7.38983268
7.97902260
7.02754544
5.49664164
10.48588541
6.19486481
1.36653687
8.19877106
2.49519836
0.37829621
14.24295989
16.87618074
3.27929688
16.61249890
1.41093860
9.81506317
4.29821808
0.50390625
1.75654965
0.02254211
5.99173981
19.70389739
1.34822695
1.69335938
7.80098294
9.73807956
7.89062500
16.65632868
5.79289007
0.05569458
4.86376953
17.49987700
12.29520722
4.09138354
2.41236037
13.94262633
4.93705231
4.22579011
5.29630430
0.34700625
17.51297817
18.93685062
10.63716644
0.25512695
9.63716644
7.49832724
4.76925088
6.71875000
1.69588071
6.29662899
13.05552860
10.33424534
1.43652344
8.14062500
7.25781250
0.27053096
2.02352116
5.49609375
18.29915344
17.82661739
4.00984929
12.71951782
1.07730954
7.11075244
9.71281693
2.30167664
2.09445678
6.47293973
3.30554355
3.49173981
3.53580563
5.72001316
3.36779754
0.57849152
0.06220489
1.04516539
6.67964318
6.53552526
1.92785738
5.08426972
12.57340204
17.29508422
1.69641456
15.09737090
0.36625215
10.64562833
5.27298981
2.14388187
7.93660461
3.17472351
3.57198028
5.34073914
2.65519226
12.58911071
0.57246980
17.94904449
8.17468417
4.60424867
8.50781250
5.86193817
9.68351009
7.35840093
1.89204926
5.79732269
4.72912567
4.14204677
1.51314550
17.94042206
3.86372894
10.17968750
0.47485165
0.20898624
2.14794922
1.14896637
4.01997894
8.98783356
2.69531250
12.69877106
0.72111023
19.12507868
11.62040005
3.75061502
5.66796875
13.78885708
4.38773714
8.39420656
1.48099762
1.64839442
8.97859929
4.52042664
6.73762938
11.55122894
6.92700133
4.66674867
2.06758699
7.40550200
9.59645112
4.17142731
2.91060394
8.16406250
13.85502106
8.32400710
1.91427415
15.16889850
15.15955119
5.83996675
3.89168274
9.77420989
11.69108156
0.33272309
0.64310575
2.50972628
15.02689606
2.06880707
9.27587766
8.11421899
15.12203346
10.74654144
11.13460328
17.80122894
7.41227172
5.54431183
0.68697113
13.71207392
4.25862921
3.95524047
4.45491578
0.79398590
6.89664672
6.50826019
10.27868683
3.80041224
5.18607823
5.33739861
12.84062112
0.39477539
2.55273438
11.61013742
2.73511801
6.09029144
1.95410156
0.44482422
2.01956187
0.72116079
12.59720856
4.62064606
1.69893340
2.00960328
13.01875388
4.45675088
12.61104278
16.55110594
14.12243683
2.31156527
6.44140625
6.67968750
1.95410156
14.75654810
10.31685394
5.03328679
7.06730164
3.19319703
2.41992188
11.58670739
8.47770390
4.07133089
20.27689606
15.78417969
0.08594641
7.93237367
5.92187500
11.78035461
2.02782705
3.49805186
1.58044465
1.14851867
6.75870789
15.56225399
7.69856937
12.98333211
16.21904033
8.34439938
13.58333499
3.10892731
2.22651818
4.39471809
3.24633478
2.05054022
1.27246094
10.97369903
4.56536347
7.85464332
8.96766289
16.72667927
4.74203014
12.53035461
7.41015625
15.62552638
5.91264073
5.29866578
0.33256012
4.93794769
8.85440603
0.67879709
0.46362305
6.19701962
4.72636081
15.63012633
19.82108489
12.53177638
7.77828346
7.09541778
6.64331117
10.24283688
1.92077792
8.03560394
6.52677305
1.43949496
3.41015625
17.57519531
2.43359375
1.93847656
18.37756317
1.56481965
9.13077571
6.24031804
8.01472961
7.90625000
9.39542664
17.87398161
3.73539339
17.61962517
3.61723182
12.93969415
2.39429022
14.85493988
10.47558594
4.69486481
9.23872894
4.85111481
1.84375000
11.30790005
7.88493046
1.81347656
12.96350067
13.05472559
3.83675421
7.39843750
0.49877930
11.38602505
8.15416889
1.86933982
6.26872949
10.41752106
8.20312500
11.29418883
3.80028923
10.67480718
10.66491357
9.40865580
15.95896942
2.24008698
2.74218750
4.97658689
8.34763186
2.92968750
3.63345690
5.79338209
12.20890071
18.86141179
2.16841644
10.05725067
3.84554078
20.05175532
17.95337101
11.90458222
7.59826131
1.80408244
7.26594969
8.49576906
4.75299092
2.17669658
10.53200992
7.67526484
10.28125000
6.56730164
5.79252106
4.12333222
13.93314606
12.75886525
10.33918440
2.67103390
6.59330231
6.78132868
8.25280544
3.92249002
8.01928524
8.84037511
0.98836242
27.94030793
2.54492188
7.07242797
9.61104278
0.52897218
21.73291016
7.44531250
4.08158356
2.12003601
5.07377106
0.00868744
17.88837656
6.43122630
5.90674202
6.94722628
11.66918883
1.17696199
12.78335550
4.11117575
2.45703125
8.09943706
3.89966755
7.92277039
15.02526264
6.48600842
1.64986176
9.17431516
12.35245789
1.27498476
9.32287567
8.65311080
16.44824468
1.99874058
7.24796321
5.48987034
4.48347961
1.76391539
21.10431822
4.66430851
9.28470856
0.14839691
1.33105469
9.60990138
7.53088099
2.34509807
2.66060394
7.68090758
12.78885085
11.45166888
0.11771668
13.94852505
21.98522607
1.86658244
14.97912567
1.48225953
13.82673759
13.28051197
2.57740192
6.31339539
2.15820312
0.01725769
2.50150543
13.84375000
6.79731273
5.92924977
1.26025017
7.82682624
3.91630097
2.54447418
1.80806488
10.51220703
10.45991911
3.74666445
1.75000000
16.40474208
9.20365138
2.59180186
7.82181793
6.59920102
7.22501773
16.17956450
3.38338320
1.32670074
10.24246787
2.78337045
2.32076019
12.62348959
1.17045573
19.09033203
15.20389739
16.89627771
1.06779366
4.47265625
2.57332336
14.64977062
6.28862477
13.36975067
13.45837433
7.88537567
3.00720246
10.95633755
8.87673649
3.76413452
10.75333555
7.69138631
18.33839760
13.53523991
10.52420739
3.82548315
6.66105164
4.37154144
11.20853668
6.92578125
19.75410794
11.13911459
2.30013685
9.42765071
0.03910558
6.68867576
2.89921487
10.57544327
0.19847725
8.80122894
8.23718417
8.37744016
7.23584109
1.54076338
3.85869126
15.13370789
8.22656250
3.40429688
6.17800976
5.39474290
9.75883089
17.56257868
10.42916112
1.03019226
11.43126663
7.76750443
16.64245086
12.05200133
6.32198028
5.86425532
4.95015846
16.42101397
0.51213209
8.13362423
0.11271055
6.36385195
5.54443359
15.86010742
2.87304688
16.61962766
7.63037234
19.61710602
13.60937500
23.19140625
11.79252106
4.93790337
14.84748892
10.74606126
11.34851043
13.23323609
9.35302734
0.95239196
10.18058289
4.36572141
1.16048343
6.77257647
5.80554853
1.63041168
7.73819634
3.81946143
14.89933289
6.12654477
1.93355441
8.19576019
2.09960938
5.31896942
0.08258088
8.48384115
6.43030252
10.97989805
0.87015902
2.45943207
3.99865692
0.26623566
15.10277261
4.03003989
0.87894684
6.65409021
7.03982492
4.08778257
4.24519836
2.46658865
13.67106577
8.67533356
1.36356660
3.41992188
4.01953125
4.98624664
12.78477997
7.68750000
11.12361259
6.24357491
1.20100704
14.20916904
2.38114472
15.02310284
17.60250720
9.69054895
12.09501440
14.71614251
2.21065464
6.44722628
8.68750000
4.71093750
10.08101410
0.99466949
3.74849457
9.24820922
2.63806183
1.41699219
11.00256317
7.23738586
6.28784242
8.16316711
9.89497894
3.88476562
13.02766844
12.60152067
2.77022495
5.82519282
3.02006261
9.86515320
1.07474762
1.76411957
6.17675532
1.91264073
6.67610594
2.13098238
6.72945036
2.10408632
9.69185394
5.38492797
8.33133755
3.93563054
10.27254211
3.81188996
8.62040005
5.35616245
3.98242188
4.86539672
8.50211578
9.02433289
15.14664672
11.42110261
4.72656250
17.36425532
9.01074468
9.42968750
11.19441711
16.37487201
7.30888408
6.10343196
1.35530890
1.61283356
10.98233821
9.34834995
4.96203458
11.92378878
11.13358489
4.76318484
6.85892731
10.59375000
0.06571473
0.36673981
2.76562500
17.74132647
0.56274726
0.89608100
4.65926086
1.36168779
5.42094525
5.96272828
0.06333435
0.87446075
1.70161957
9.34285461
11.44531250
10.39933289
0.66605621
11.47813553
5.90234375
16.33256012
16.48649047
7.54768922
12.66357941
1.87402344
10.36104278
12.89168274
3.80452515
3.25134308
4.62890625
0.58793121
1.04634613
9.90287262
2.92255921
3.60892731
6.84106383
4.60469636
1.13671875
2.90820312
8.97912567
2.85687287
10.13016069
5.88155806
11.87890625
1.98347961
1.07559723
15.79341644
14.45043883
13.39041833
7.05082557
6.82975281
5.69999114
10.29956117
2.59375000
9.62410461
10.64485594
5.69904893
4.07174423
7.61551972
16.59883637
19.39139739
17.65112367
1.11079926
8.15189606
12.12500000
1.20722920
2.32105053
7.67187500
8.29829677
3.57234929
3.04927582
5.86718750
0.03332001
6.40189606
21.42879211
8.69006317
0.51928773
4.36457752
7.56323803
9.20507314
2.57902537
7.48437500
6.05859375
0.02326965
5.08203125
10.82368988
0.58837891
7.90100067
0.24328644
5.57812500
3.25781250
8.71093750
2.49759918
2.20019282
0.07540136
1.68652344
9.90165005
1.90889683
0.80322266
11.01944509
16.75093971
2.84928468
7.48482269
8.51127106
4.98649047
1.14925172
13.76638869
8.21362367
0.88675809
0.79976535
4.15234375
12.22912567
12.39196808
3.80094360
8.71618683
0.45430512
11.30033356
5.25044769
19.81738281
10.00410794
16.36684599
2.39876043
0.26708984
10.06506317
2.04101562
9.84887633
0.74963472
10.17533356
2.75240082
8.26908356
0.04518646
1.20898438
12.51260417
9.49431294
3.54732269
2.64994293
3.83292664
5.02376219
3.40592531
10.52343750
7.75390625
0.56152344
5.01171875
12.68359375
6.37890625
10.04252106
12.15372119
0.59086713
9.35306793
1.92480469
7.02734375
7.11283356
6.37980164
9.63183594
2.61975067
1.18688996
11.42354278
1.14579316
1.79740387
4.58593750
0.25675414
0.07706758
13.70914672
8.57429743
2.78642065
19.99564606
13.27473626
6.67564952
5.89971187
2.14497894
1.80806488
4.59452239
0.15954652
3.28755707
7.32678192
13.82902039
2.99462891
5.61718750
14.59810394
1.39843750
1.90332031
5.22265625
0.48714172
16.62320922
5.23962433
14.90323914
8.37207031
2.84179688
0.15897613
0.36014583
0.55371343
0.14229278
17.96606383
6.30135195
20.45568817
7.29777039
1.71866883
9.67996787
1.93091256
11.19567155
3.20577681
20.55928496
6.90791778
5.25537234
5.77734375
1.67024657
9.70324800
2.56005236
15.08065381
11.74462766
8.36564273
0.58504211
4.58683289
3.44616357
6.65149268
4.56250000
11.61885528
14.27909021
9.27559729
1.81083222
10.81250000
2.57979278
0.48856660
1.21777344
5.55859375
1.69858177
4.14848182
14.32872009
8.26938386
32.10502106
2.66060394
7.47676419
21.66666750
1.53450438
4.61999667
7.73046875
7.91829344
13.77774712
1.66182901
8.26216644
1.39798981
2.15669769
5.33369903
7.13057403
0.30212496
7.32767731
4.87062612
6.15191599
5.07991578
0.37817383
9.37410461
0.02253235
9.86103779
13.09436502
1.47090730
0.92867035
8.84375000
1.93119293
3.12154144
22.60864164
3.95585051
16.45158023
3.58097351
0.93847656
1.74511719
9.91752106
1.84443374
4.58748850
3.83073249
12.90039062
2.81250000
4.62487700
2.12707613
0.01672363
0.24049741
5.59611148
16.39453125
14.91406250
0.06188965
5.96785461
17.66060394
13.91796875
12.63716644
1.06648742
1.42853987
1.53866411
1.92187500
4.90025765
5.44499778
0.47753906
11.13333888
0.79195409
0.69970703
9.62154144
0.21268707
0.03609223
16.22159353
7.12732214
5.27323581
7.44347740
1.74251717
8.85591644
12.38378906
5.03125000
1.75781250
10.15881317
12.67157470
3.73588043
1.02943483
2.63627106
1.35446956
5.64701573
10.54597961
10.41214872
0.58732242
14.29036126
11.41622229
2.21183289
8.71093750
9.23860594
20.91764406
1.69042969
8.48242188
2.75967698
5.36336990
4.08894836
2.31266235
11.60770722
4.14497894
16.94339872
5.43216700
6.82515846
1.61132812
17.70112257
0.41516954
11.62935394
2.91617797
4.65893617
14.21093750
12.69702148
7.67187500
2.22460938
7.91381649
0.08056828
10.16788727
16.49796321
3.49422429
17.28609223
12.15881317
12.92663232
6.08642952
1.32429992
18.24027372
14.21285128
0.79048676
7.46740692
19.26073970
4.28597296
8.91560727
21.08636599
19.42756206
1.24716145
7.11930297
0.25545289
14.69522385
7.14461990
2.50585938
8.57397274
4.01497562
11.30480957
4.51562500
0.95255555
7.12254987
1.21505540
6.52567597
2.50781250
2.32348571
13.55558289
2.62288453
7.05667997
0.63033175
13.42028591
8.11832890
26.07031250
2.77388519
3.49910461
10.73246122
1.03458804
2.82857269
9.75333555
6.74112478
16.21373193
8.36227282
0.72412109
4.33203125
0.01777649
16.12500000
2.69681793
0.02074188
1.98807520
2.89941655
3.33353668
8.39062500
9.37154144
17.05285613
1.57112672
15.37756317
6.80223737
3.24508532
0.41520203
10.81936282
4.41757535
2.59073914
11.69877106
2.04191101
5.48555076
1.26835549
11.89160156
4.85937500
3.99218750
8.42765071
0.07580784
0.35054535
6.71183102
2.85091312
10.03727172
0.19807984
2.46093750
12.27510528
8.00244016
0.56335605
18.79195036
6.55916445
9.61193817
2.12963929
11.36348294
3.72200687
16.13191711
6.01908356
6.14978058
5.69787567
10.23079344
9.63818484
13.25833888
3.71627050
1.42682808
0.83257133
6.99910461
3.37935394
5.55244903
0.04449525
3.67968750
6.66267758
8.40380984
6.49654144
1.38604736
1.75923676
15.65535461
2.90714539
0.51025391
11.52127771
8.64278479
10.58593750
3.57226562
9.04597961
4.95357269
6.44140625
2.10982269
13.77322585
0.82300615
15.25463680
4.84399601
5.04317230
15.75976562
13.73709553
9.17761635
0.59603031
9.15625000
9.13793883
3.71622618
2.70788730
18.67622894
0.07914215
6.31070922
1.16630097
1.17675781
6.90926086
17.21467642
4.64726174
4.95011414
5.69877106
3.27770778
17.81197362
9.56616117
13.41613863
10.67789672
4.11116578
0.09722900
4.72598682
11.88098736
10.27144379
1.05228668
25.04732269
12.68827239
7.12980164
9.45006982
2.32365303
12.48392731
6.69576019
1.29642731
3.67728668
8.07031250
1.15226258
8.40689938
2.02433414
4.56730164
4.39843750
5.37890625
14.55859375
5.39453125
5.03426086
17.98514739
3.65246675
7.57670074
4.07076019
2.84134918
2.96609320
3.34099512
13.05944482
0.34534034
20.24018507
4.95769060
10.64933289
3.79252106
14.96529144
10.09029144
18.57087095
1.03641816
0.09269258
5.60062652
1.92329926
18.91528258
27.98368130
18.59322362
4.44006317
1.17614777
5.16406250
0.59672027
2.34391235
18.70214096
11.35893229
4.04032690
17.73824066
8.77600067
20.43103058
6.65580231
2.86568207
7.03906250
11.99475067
19.17162899
7.97770390
13.34619016
8.77099734
10.98571777
4.42533356
7.66361481
13.41495789
0.40079649
4.66707336
1.32710910
11.95421709
7.49727947
5.82735261
17.45312500
4.54215204
17.30021055
4.16980385
3.00862423
7.22582946
17.19954344
6.63196143
10.20658356
1.32609070
5.99564606
7.85546875
0.88423676
0.17447906
6.65926086
7.57511414
12.81685394
0.80961090
11.33353170
8.05936614
5.94739361
2.49218750
12.84807249
16.22212240
7.75509197
21.13476562
15.14664672
2.03890015
12.13627106
8.72243463
1.09246619
12.27600067
6.74743683
2.96679688
2.25646973
8.32722961
0.18717469
4.87109375
10.72779078
6.03072362
6.22220856
14.47220856
2.83805297
0.67846742
16.96264212
15.24153812
5.43697362
20.57076019
13.53841125
5.62666528
6.67871343
13.29956117
6.17133278
6.69006317
5.46618683
0.76562500
10.44173094
15.51139406
4.87845856
7.76037567
4.76732713
1.32190658
3.98905364
0.30045656
9.83776264
6.77942486
1.14355469
5.55092366
6.38462322
24.58699025
