0.38321587
4.63664007
7.26562500
15.97117952
0.90332031
7.82063719
2.98600343
6.08203125
12.80110594
2.65006593
14.43456782
8.04264406
8.55989749
8.60480940
3.75456560
3.35384032
3.58170656
17.95312500
2.80859375
12.43391844
11.84504378
3.08236591
14.67577128
6.62188955
5.51562500
3.95703125
12.13605940
3.09636247
8.75000000
3.35546875
4.70377438
1.26985843
4.35156250
3.10156250
1.57324219
6.57063719
2.72428468
9.52473626
4.95573249
1.78808594
5.36522939
3.90885749
0.87044437
13.53548094
0.85172609
1.72167969
10.73925532
7.94596188
5.25228280
9.80110594
2.03678468
13.80565160
3.34669215
11.88769282
1.34668218
5.04687500
8.06965814
0.38321587
9.23039007
1.64347414
3.25976562
8.88281250
15.94954344
6.16373781
10.25927236
1.76953623
11.16829344
1.39713625
14.71875000
17.98469969
11.29459220
6.13867686
3.37500000
7.22068817
7.31446808
1.32421875
3.82617188
5.51953125
1.72851562
4.65266844
0.24837281
10.47672485
15.14550532
0.50993171
15.05468750
5.73860594
5.17936281
7.05143063
14.22428468
9.44889406
1.14160156
21.43501502
5.08854499
15.98600343
7.07421875
4.80891844
3.91764406
0.92285156
21.89192376
12.99511470
7.13965093
9.84813830
7.76416888
0.94010500
11.52343750
1.20507812
13.07454344
2.19140625
0.50162843
7.94530253
5.03158466
3.60905031
5.20312500
13.11913564
1.19043467
20.18782220
0.58609486
12.00244016
2.36654310
16.23046875
15.95995346
5.42088099
2.29494680
5.52148438
11.09244626
15.25976064
6.48177748
2.73046875
5.21093750
10.97656250
4.71256095
0.60677499
8.33332004
4.11980496
9.16048094
0.37906984
9.76593972
0.80437278
7.41015625
7.31640625
5.71874252
5.27474623
5.81412843
7.35937500
0.72509766
2.04329344
1.79166750
2.77148438
8.13704344
5.01985594
7.73014406
1.36100343
11.92610594
2.14615968
5.20312500
9.50602172
0.30989625
8.64680408
3.00944592
10.00357408
7.14974623
5.59667969
4.00211547
0.40511109
13.00781250
10.06250000
2.29296875
7.28580563
8.49935062
1.72607422
17.07812500
9.15625000
5.04817376
9.35546626
14.93521720
4.75228280
5.52343750
2.77148438
6.64453125
12.31054688
7.85969969
5.35123781
2.57226562
14.73079344
4.43326906
14.22298094
13.40413328
3.76920656
1.94694093
8.15429688
3.14257812
8.06250000
4.25390625
10.80468750
4.98437500
10.74023438
6.70703125
3.90820312
18.50650876
10.84310062
3.12304688
4.42968750
10.34375000
10.75781250
19.56445312
16.18163564
14.86490968
3.16634530
8.25781250
3.92187500
7.51171875
1.46559647
5.45920822
3.98242188
4.35937500
7.14453125
13.18586658
7.66992686
4.53483156
5.51171875
19.95149158
2.52702404
1.55273438
11.70572252
3.71224623
2.49023438
8.34863281
3.79296875
6.87500000
17.11913564
3.47461436
15.69140127
2.46093750
18.68992022
15.22869292
3.54850842
7.05045656
1.83886719
2.80859375
9.11262689
4.90918218
1.05631593
16.42187500
13.03401360
6.88151374
6.26562500
10.89062500
2.72070312
3.64843750
8.16829344
1.84147218
15.07203674
0.04071045
15.10904533
5.81120124
2.58561281
16.01660156
9.35579344
1.52408937
7.28710938
5.82812500
2.98046875
15.19726064
2.86523936
1.14843750
2.33626219
5.08170656
8.98437500
8.83235594
1.65786847
8.06641622
2.76367188
6.91015625
5.38281250
0.79052734
7.46191157
9.24316655
5.64453125
6.40625000
8.02376219
6.33951906
2.42415282
2.69108156
1.89257812
10.95735594
6.56542221
20.69824717
1.22558843
4.80142814
0.15779477
14.14754211
11.39192376
12.45670656
7.85384530
4.91208944
6.93751994
0.57031250
5.31964318
3.59441932
17.18293440
14.82878435
5.91829344
10.81608156
7.13281250
1.58496094
18.11318240
6.85416999
10.30891844
10.27343750
2.46647218
0.90332031
8.05533439
3.11979499
6.66796875
0.61100343
3.66601562
2.51757812
2.69335938
14.60652586
2.37467531
9.47656250
0.78352782
9.98437500
5.81217531
7.35579344
17.48795656
10.30468750
2.76562500
8.48925532
8.44824468
7.20312500
14.71875000
5.30859375
2.22656250
17.63605940
13.54037123
5.67903812
7.13313719
14.73144282
2.69596686
8.48697252
4.39193373
6.80890847
5.00359153
2.21679688
7.97818595
13.01432126
8.85292537
8.92643063
3.12435062
5.57812500
4.57551751
4.58593750
13.14101041
2.43783964
4.75813719
12.12858156
21.28548094
4.99218750
11.72233156
3.83203125
13.25813470
11.57682624
1.87402344
13.78254876
0.75553718
1.19628906
12.87923094
8.96581782
6.49870124
13.86327128
12.02962655
1.61296154
5.73828125
4.43001219
9.55500471
3.39486591
6.70898438
4.40234375
7.32063719
6.45368723
3.96484375
3.00390625
29.87988032
7.69433843
4.51774047
4.17399047
3.37662843
7.40625000
9.16015625
7.96126219
10.23144282
7.70247562
5.25358156
3.59016844
4.16275377
3.90690935
9.25000000
4.46875000
17.19034665
8.07974845
4.73991467
24.41145501
0.11271055
10.85424867
2.43798704
7.11751219
12.96386968
7.43359375
2.80859375
3.34375000
7.58414672
0.26057984
12.89843750
10.17187500
3.10156250
3.48828125
8.75423094
3.13834718
9.47477172
0.20125367
9.91048094
8.62011470
13.90560062
13.23014406
8.69889406
2.07291501
2.62044437
8.27766844
1.82877687
0.02914429
4.31282469
11.81689934
7.28645501
7.30371343
10.37271720
3.71289561
8.14062500
7.92251441
10.97982934
6.72555351
2.69384267
6.58789561
3.45735594
5.11328125
7.52311281
17.23063815
2.02589261
9.09375000
14.24641844
7.17578125
10.30468750
7.82584718
9.02766844
9.85057846
1.26237810
5.33235594
6.15949690
1.96908466
10.20604970
0.45084220
4.81868905
2.71679688
17.70761959
13.90560062
3.91992188
1.97525876
8.44889406
8.52343750
6.84733156
23.38696289
14.23437500
6.82031250
7.81250000
1.97265625
0.17630981
3.84358765
16.97802734
6.62923094
4.75748781
19.00032469
10.94710328
0.73323609
8.10156250
11.32551253
8.53581560
21.47721188
5.76497562
1.08398438
1.33593750
3.02440659
16.22819592
5.53841312
11.40070036
4.68133089
5.76953125
8.28548094
10.64257314
19.46028812
3.01986092
22.77604001
2.42936281
6.60034242
5.78605164
0.60791016
10.98632812
1.59082031
15.43750000
2.12109375
6.80110594
2.26334718
2.83789062
11.73079344
9.67512190
11.11654061
0.72134752
18.12793467
13.39257314
3.00326185
5.70703125
5.70068359
6.72298094
3.15625000
8.19108156
5.73828125
5.23436752
6.39583998
5.70280031
3.05468750
7.60156250
0.47045898
5.79784907
1.88411624
8.58951906
17.10221188
6.75130374
17.10579344
9.69694093
3.31445312
4.93391844
2.03287843
3.36718750
5.41048094
2.64420656
9.03125000
4.71126219
1.13053468
5.92789672
0.03035523
1.78613281
13.46646720
6.20931405
4.53124502
2.17969248
7.15234375
12.16406250
8.77766844
3.85123781
11.09863032
2.68066655
2.00650876
9.92122562
8.60156250
4.69205563
3.19270999
2.24804688
7.48860594
1.19791750
15.01361084
6.66208944
0.49592642
6.27962655
18.35758422
1.42463663
13.05468750
4.15772606
15.70703125
14.18196532
41.14973626
2.31120124
4.36295656
14.85156250
5.69563719
10.19108156
0.09204102
19.29198970
4.99121343
4.71875000
1.97265625
5.74820922
17.36116578
1.22167969
6.58984375
18.43033688
6.60481937
9.16828347
2.02312278
6.03515625
4.89647939
3.22266123
1.04687500
13.99609375
9.15461658
2.90202404
9.62206782
2.30566655
5.67610594
3.84928468
3.82031250
8.84016844
3.76139406
6.08203125
15.25781250
12.02310284
4.42220966
5.38281250
21.22656250
11.98437500
2.23274657
2.67350343
7.86149047
0.95491578
11.41096922
18.04980220
0.24796321
11.94441711
2.08935796
10.73860594
15.69009752
7.32910904
5.71484375
9.96711658
0.61686779
13.94531250
2.49023438
8.43879876
4.20573249
4.50781250
2.05442841
3.94337433
3.35937500
13.86718750
0.18261719
12.53580314
4.22916999
9.34733156
3.96093750
4.33984375
11.05175532
7.85449468
1.63899407
0.83952155
5.44563719
3.68326906
8.09016844
3.34537843
10.09375000
7.71060284
12.76628435
3.21842531
8.60156250
4.85937500
8.87500000
15.65814972
6.97688719
7.87467531
10.49218750
1.36425781
2.90820312
1.95312500
9.25781250
0.58837891
2.44025114
3.28679964
5.98469969
15.54002660
10.94792497
0.94676862
15.74366107
4.34375000
12.50000000
17.95312500
0.79964110
16.67675532
12.52473626
5.32162123
7.91796875
9.71875000
8.81445312
9.66471188
21.67183512
11.18396745
1.09375000
3.53678468
9.80272939
9.55208499
3.14788880
1.48046875
6.49446532
2.49381593
0.04330444
4.62500000
2.71093750
14.43456782
3.24804189
14.27832779
2.32226562
3.89062500
0.07531738
3.58398438
2.58203125
0.01255035
14.79687500
2.29101562
1.89209954
9.57974124
12.54622562
3.47460938
6.32714844
8.58593750
5.75064938
20.07356937
6.87109375
18.46453857
2.29882812
5.15364251
8.78703132
2.64062500
11.96875000
21.84700189
0.15779477
14.04597961
8.67122562
10.61328125
12.17187500
3.91992188
13.63769282
4.65918218
9.03125000
4.73437500
5.37662345
1.51888436
2.69726562
14.71093750
14.80110594
13.06022218
8.69531250
5.80859375
5.79296875
3.34765625
0.43457031
9.18750000
0.60058594
2.84960938
9.56021720
1.51888436
7.83984375
7.20702627
6.19727061
12.55810547
5.24218750
23.45424646
9.27964026
13.93944814
4.90430186
9.42187500
7.33203125
0.16261717
0.61490968
7.00390625
14.55110594
3.27701906
2.56282469
0.18571047
5.67578125
8.39062500
10.81639628
2.94922872
5.55078125
15.36360594
2.91373781
1.52539062
24.02115470
0.96931073
14.97046708
12.64420656
1.96093750
7.71907469
8.14941157
6.52604499
1.61621094
7.99023438
17.35937500
5.61328125
5.18456316
9.73567376
7.45182624
12.82877438
4.53841312
2.23501690
8.54720966
5.73599097
6.13217309
3.92024657
2.79850343
2.23469969
2.12076906
9.10156250
5.31250000
2.70117188
9.20735594
10.99576906
9.69855940
5.09831560
8.12500000
3.72460938
12.68260971
14.40430186
3.44238530
11.29752438
13.35872562
6.31053192
3.02931183
3.14648438
8.08068848
5.90722407
7.13965093
15.14485594
14.50358156
8.01562500
9.21223626
1.97721686
3.08007812
12.65625000
5.08593750
2.74263441
0.87914229
18.87410959
3.77995124
12.18391844
2.98405031
2.86914062
13.53727172
0.23348023
10.25000000
10.85579344
7.35905031
4.62923094
12.23795656
3.87500000
7.17968750
12.66048094
0.99169922
13.92187500
10.31997784
2.65235372
15.06738032
9.56543218
0.39306641
9.39062500
7.22427721
2.90560560
11.75423094
3.12467531
11.11718750
0.05966187
9.93456782
5.64746343
3.03710938
13.50000000
10.50231934
6.17903314
2.43034186
7.47265625
8.16406250
10.12500000
6.40266844
2.39030031
13.78613032
4.58561281
4.99935062
2.60546875
10.04524158
6.04850842
10.46875000
6.55859375
12.02668689
19.22491911
3.06023714
7.13281250
9.34927970
1.53841561
11.55142066
15.34701684
7.59765625
15.85742188
3.96484375
1.83691406
6.85937500
11.71875000
2.87500000
4.48469969
8.26593972
22.96615248
14.58398936
4.24218750
13.83203125
6.51985594
14.76562500
2.34537843
1.56498199
0.02351898
20.09375000
30.75781250
7.29881816
19.94434341
3.73730718
5.05078125
9.57031250
18.66868591
6.18359375
10.35579344
5.87890625
4.43359375
5.46451906
0.17504883
0.98925781
8.24966534
1.54525653
8.68164062
10.27343750
4.94140625
6.96484375
3.32812500
7.93391844
0.90641359
0.01477051
14.32551751
0.22542110
5.46598515
2.20312500
6.89062500
15.14062500
8.73437500
7.71516844
12.51985594
1.34114749
5.06250000
1.33255856
6.54264406
7.48014406
4.77734375
4.58593750
0.47656250
10.72656250
3.58398438
11.33235594
6.13248781
4.66796875
10.24218750
10.25000000
0.48388672
3.25976562
2.49804688
5.41080563
2.97591312
16.32844969
10.69889406
12.48828125
10.14062500
11.08788564
8.85742686
0.28784180
1.19726562
3.88492797
0.34529664
9.90266844
5.18750000
3.00390127
21.39778812
3.88509530
14.62141844
4.87858156
13.84016844
7.45133422
0.63916140
13.09341534
0.39681903
7.31672596
3.19531250
2.83398438
13.30891844
12.01464844
18.28483156
2.03157469
10.03906250
0.15739015
9.17089595
7.38997562
6.58365470
10.70546458
13.74218750
7.90234375
2.34765625
22.46875000
5.11002438
14.11295656
8.25682846
13.70378435
6.85969969
18.10937500
21.79264406
9.43831297
2.76530031
5.01171875
0.66552734
1.71582031
11.07161126
1.08170905
8.35578846
19.07096936
10.59016844
6.23405031
6.21516844
8.44889406
2.37500000
1.39518063
3.85091312
6.83593750
10.66406250
2.23437500
11.87759752
4.64193373
19.59375000
6.74609375
1.68945312
8.61978751
7.42025155
5.20312500
1.88611442
13.41209442
6.63119902
1.29655031
7.43359375
5.79296875
2.48828125
3.69205563
16.50716312
9.91471188
8.61164783
3.45443373
2.05436281
14.12500000
9.83593750
8.57812500
0.19177246
5.23599845
4.59114251
3.24707779
2.74023438
16.22525450
9.67936281
17.20312500
4.56640625
19.75195312
16.81640127
7.65072030
6.11587877
10.48958998
7.85514406
10.34798094
10.48339595
6.92448249
5.51953125
3.28906250
6.33853502
8.64583998
9.72199690
3.66472185
13.82031250
10.07031250
10.75423094
16.31250000
1.45670656
12.43359375
2.12890625
16.43750000
1.53027344
10.19888908
0.13525266
10.76123171
16.15625000
2.20703125
9.39062500
0.01330566
6.08203125
0.52276237
1.69385139
15.98274158
2.64844248
10.60514406
23.80598626
8.42838874
3.43164062
10.47656250
2.30664062
3.05664062
7.55078125
9.94628906
6.68750000
8.76562500
2.58203125
3.71875000
3.64843750
0.17211914
13.28548094
12.29524158
3.98958998
1.30761719
15.53189938
8.23306627
5.14128435
4.89062500
8.32031250
1.70996094
0.86132812
10.34375000
13.46093750
10.45735594
3.57780031
15.34081782
3.21972905
10.61718750
11.04295878
4.03516622
11.02766844
8.59863032
6.46093750
0.42830009
7.77482491
18.61555408
11.29069592
1.82616938
0.80078374
5.66926751
5.89957890
9.95849734
8.81673094
16.81217531
10.68164062
6.98828125
9.80468750
15.42252438
6.24544437
3.42578125
10.84798094
7.88443595
7.14648936
2.67968750
24.92837379
5.56186059
2.84407469
3.90625000
20.31217531
19.87694814
3.72070811
14.17610594
11.27766844
16.60057743
3.06640625
4.63671875
12.28906250
3.94140625
18.59146720
6.19368905
8.08626219
6.09081782
6.67708001
1.35287123
8.79329344
2.51334718
10.46223626
1.05827155
0.78613281
15.28384752
11.24316655
0.11271055
5.05916445
15.75781250
7.43359375
6.78515625
4.10156250
2.55859375
14.80989002
9.85384530
19.53038344
20.66492906
13.34439938
13.68620124
6.42968750
8.97298094
4.93326906
3.65820312
15.89062500
4.04329344
15.03483156
9.61718750
4.55891844
2.11490968
7.89062500
12.59798094
3.51171875
16.89550532
20.55761968
3.35123781
4.42187500
16.33658688
15.68294437
12.87500000
1.25195312
7.19140625
8.78971188
10.36425532
4.49056405
7.54687500
6.55891844
4.49967531
0.79394531
13.52766844
11.98437500
11.79264406
9.83300532
0.44092046
6.23729721
13.24348626
11.48795656
4.72949468
3.41601562
15.53775876
4.92936281
4.63248781
16.35937500
4.10156250
13.42707004
0.90691433
8.20312500
9.74641844
1.54166750
5.98827128
0.97071309
3.60742188
3.50195312
7.48437500
1.98241938
4.52636968
7.25423094
2.15787843
8.96679189
5.68229499
4.63216312
10.91048094
4.31282469
5.01497562
8.58593750
6.23828125
9.57812500
3.18945312
1.20312500
14.39062500
14.00846188
15.31966312
1.22200438
1.86944155
0.78543443
7.08366467
16.28483156
7.88472939
8.28125000
7.79296875
4.78515625
6.34130859
2.32528951
0.11271055
15.70564882
9.95312500
5.99218750
8.84798094
19.51781977
12.47526374
8.54198471
3.10449966
6.41796875
8.00000000
5.89062500
20.57812500
0.11004639
8.67382314
7.27700909
3.43588652
2.59179688
13.10579344
8.71451906
15.53189938
2.49739749
4.64843750
6.46875000
13.36588126
13.68342642
24.45557513
8.40625000
4.98046875
23.16406250
1.98535156
9.13281250
13.95377438
4.44466312
13.79686254
8.45216090
1.82421875
4.39453125
6.32421875
1.06542969
3.44677734
2.39257812
8.72656250
6.66796875
8.46289062
13.83918440
2.43229997
9.79068346
0.58609486
10.44938608
12.05110594
6.54231937
1.24121094
0.88476562
6.03515625
1.12109375
3.14257812
18.14062500
14.84375000
4.39843750
3.66634032
9.48795656
9.30468750
12.28742908
7.10710217
1.25195312
10.00812722
8.08562278
0.90820312
7.91015625
4.54687500
13.49218750
2.96679688
20.06250000
9.15625000
6.19238032
8.04199468
0.33154297
11.17968750
0.76171875
7.53906250
0.49829102
4.79296875
10.99836658
4.27116467
2.15039062
4.74609375
0.55371094
6.62890625
27.61951109
13.38704344
8.50325687
24.11360594
3.60594831
0.29304743
14.93742132
2.22070312
7.78125000
1.57552000
9.00553468
1.80371094
2.10937500
9.36360594
5.90201906
16.81250000
8.14387689
6.37370124
5.75390625
21.84960439
3.94336436
7.98176751
4.90495124
2.18359375
12.47265625
13.81673094
4.76920656
9.32454344
12.43326906
6.40526596
3.77832779
3.45703125
6.86327128
11.60644282
2.85092309
11.33170656
3.70898438
5.48860594
7.07389406
11.12500000
6.99251219
1.27701906
11.93750000
13.26985594
8.20312500
3.31640376
4.77213874
4.24283190
32.54313733
5.94498781
5.69400626
0.72134752
12.05632092
4.94108156
7.03157469
4.30045656
3.98242188
4.55078125
9.99413564
10.66992686
5.88866689
8.61947030
12.30045656
1.08300781
9.68391844
10.28873781
8.28125000
1.48632812
13.14843252
12.70361827
6.31250000
7.95654297
5.89453125
0.85156250
5.08414672
0.85384156
14.45800532
7.00325687
3.86295656
6.07486813
4.01920656
2.84342531
5.25390625
5.64094969
1.27897218
9.84798094
9.67187500
1.19401125
4.80239972
4.39877216
11.58593750
8.96875000
2.77539062
4.82812500
9.22721188
2.60481937
6.43846909
0.11271055
11.27791445
14.87923094
6.77311281
12.98209220
4.27083749
8.02343750
14.03125000
11.69954344
10.45019282
5.49870124
11.21939938
1.00325687
3.32421875
3.30273438
0.03378296
12.98079344
8.02701906
6.19921875
11.67382812
1.41894531
14.31965564
9.33137190
2.74057402
8.48437500
3.84243130
1.83139682
13.95117188
6.96093750
4.58984375
9.80891844
7.75878657
5.35416999
3.41242908
8.40430186
12.79264406
8.00097407
2.12207280
11.26269282
14.27733378
1.15723902
17.59178192
4.12306183
10.84504876
4.76236813
15.53498892
7.19287234
7.92838874
2.99218750
8.03125000
10.58593750
5.72656250
4.51171875
7.15266844
15.82812500
10.53483156
5.69921875
13.46093750
7.70507812
8.23437500
7.98046875
10.74283688
7.26888187
6.81688082
5.90707668
4.39647939
6.45996343
13.50651374
9.50846188
14.09863032
2.31673592
1.17773438
2.73013409
3.37142841
9.14485594
9.75179078
0.05769898
3.70312500
9.40754876
3.53613530
10.53909883
0.03074158
6.43750000
7.11098848
14.20932402
0.86767578
10.43651596
1.22949966
6.30045158
0.11271055
14.44018617
2.49983765
10.92610594
1.89811281
10.06250000
7.41015625
6.58723626
3.75846686
9.29687500
15.29166002
5.03255873
14.04687500
2.28352782
3.50553468
15.49641844
15.89989362
2.30322639
3.04655529
1.62304688
11.80110594
3.56510500
5.85156250
5.36718750
4.39062500
4.60156250
5.27164672
3.22444703
18.06721798
0.59684452
11.34992908
9.22819592
10.64843750
19.84375000
9.55891844
10.50748781
6.40234375
8.70312500
0.39965820
3.76171875
1.79882812
14.31086658
4.38541002
14.41862810
0.36067376
8.98307624
19.19954344
12.80631593
12.00552970
5.20150155
7.68750000
6.47656250
1.73437500
2.36132812
11.99543440
2.40104997
0.89306641
3.06151596
6.30176529
9.07031250
3.54752438
15.94531250
0.57894046
1.56609712
1.29721464
23.60676751
6.28808843
22.65071532
4.30501468
2.98437500
10.48860594
21.71875000
10.58235594
12.11913564
5.95052748
4.69921875
3.71093750
16.26334220
2.33040780
3.86914062
0.42260742
0.18356984
7.31966312
3.23828125
9.78026596
2.84278091
16.12434564
0.11271055
14.69588320
4.61718750
20.63085938
11.48437500
5.52831782
3.70215093
0.86523438
7.82031250
9.43750000
16.24283688
7.58919437
7.16828347
0.94304465
11.46875000
5.10937500
12.29083252
12.20051751
7.68782469
13.33528812
6.76855718
6.44531250
16.42610594
14.65983156
1.86425781
8.07063719
8.76170878
3.83171653
1.94433594
6.31640625
3.46679688
5.56738281
3.11914062
4.14453125
11.64127438
5.33528812
10.70312500
10.70918274
8.63085938
1.43945312
5.43359375
15.85546875
9.68521720
0.60863697
18.90698803
10.64843750
5.21679189
4.25586436
5.46158688
10.67707004
2.34962433
9.23079344
9.02073139
0.73480329
2.09570312
11.24218750
1.75292969
7.97265625
0.23120117
13.84407469
8.89420656
8.21939938
11.28742908
0.21875748
17.05029297
5.92284907
11.74607880
2.82911901
13.43814938
17.88509281
8.03548094
10.88549867
0.31730164
3.93560998
8.15496619
20.48240692
11.23341090
12.44108156
9.13997562
16.21581782
8.16699468
7.03906250
18.41829344
16.63541002
0.11271055
17.25870789
8.91764406
3.94531250
13.87500000
15.50781250
1.19107907
0.83724124
6.69563719
3.51139406
28.19531250
21.21289062
12.68750000
0.77539062
9.89062500
6.21126219
4.40804078
-0.00821899
14.13281250
7.31932846
2.79004654
6.53125000
10.55240470
13.58463874
17.03319814
5.34700687
3.43001717
4.39062500
5.06250000
10.57454344
14.17545656
0.97900391
3.04101562
16.28319814
4.19727061
9.46223626
8.31706061
14.39062500
10.04459220
13.16601064
23.03743905
0.76643174
15.07796764
6.86263187
6.29296875
6.90234375
0.03079224
18.06054688
6.53125000
12.79295878
8.00456560
4.61653812
10.34667969
10.28906250
12.41048094
5.12679078
0.55647828
13.40722656
9.30175532
1.98730718
4.53906250
12.15331782
1.34668218
7.52506095
25.44107159
16.22559840
4.32389406
7.64257812
3.46093750
8.33235594
4.34992410
3.76889184
15.94954344
6.27311281
6.31250000
4.62109375
2.40039062
2.04947252
9.75521498
1.47070312
4.18196033
0.63117908
17.10351064
8.93360372
14.36718750
2.37272218
15.80077128
5.03125997
10.46614251
4.66308843
3.56640625
13.72678428
2.45910738
3.42382812
12.94823720
7.94336436
3.75976562
9.03125000
0.06124878
12.63476064
1.79492686
4.54687500
18.92805408
10.32617686
5.81217531
16.81250000
1.02701657
1.54231937
10.54589096
2.99903091
16.60937500
16.50000000
4.03515625
8.17445258
3.91539117
6.83984375
2.31835938
0.11641356
1.67838625
14.39094471
0.42830009
6.65079898
5.63965093
11.28125000
3.50585938
1.78906250
5.14094969
4.10937500
12.42187500
14.63899158
18.54427748
14.45312500
6.71060284
18.97689716
3.99609375
9.49218750
0.99169922
8.34374502
5.09472407
2.49903091
11.00423094
4.89030031
6.63191711
0.04136170
19.43570922
1.92464234
15.47656250
11.95735594
5.67936281
7.72167221
2.54199966
8.58007314
0.00195811
3.84375000
7.23046875
3.33593750
13.50000000
6.22298094
1.45670656
14.58430408
4.75390625
5.06282469
6.22623781
13.97656250
4.91015625
6.34375000
2.81445312
9.46516844
1.26953125
8.86360594
4.16731937
2.42773438
2.10351562
10.16406250
5.00846188
8.92903812
15.74218750
3.22916501
14.24153812
2.74804688
6.12500000
12.52343750
5.88281250
8.84082031
9.04687500
12.02766844
15.11100343
13.65266844
2.82584718
11.89062500
18.10156250
13.43456782
5.23534907
5.19727061
3.25195312
7.10579344
17.85514406
11.62141844
6.30116991
4.32421875
8.48762689
0.45084220
5.64290780
9.89973626
4.63932624
13.15689938
0.91666750
4.41373781
15.56835938
15.03254876
10.80045656
2.32324468
8.35156250
8.85351064
9.91992686
0.05920410
5.89453125
9.45312500
2.69726562
2.66601562
5.93001219
0.44694093
4.80859375
12.79394282
3.75195562
10.42675532
3.90787843
5.55902679
3.54687500
2.73828125
9.34016844
5.86978502
3.42285904
6.57031250
6.67968750
9.95669908
25.38477061
5.58138187
7.78125000
5.85156250
8.64141273
3.51594969
3.01725343
5.35937500
16.78320312
2.40657469
8.39355220
0.51846853
12.95809397
0.91943359
5.50781250
10.12500000
13.63704344
10.33235594
15.33951906
6.29475953
2.65022828
10.17398050
22.78140736
10.25554964
2.56640625
5.08203125
12.68844355
9.51497562
4.71061281
4.94854943
5.64520057
5.54687500
7.91047097
15.30598626
8.09213652
6.44531250
16.66275626
3.27376717
17.99413564
3.08203623
7.35937500
8.54687500
13.32437985
13.29752438
3.08268561
9.78548094
11.69108156
4.58984375
12.62500000
12.77245346
2.75489029
5.85546875
2.53320312
13.48079344
3.00358156
16.07941878
14.50405370
0.38321587
10.54647163
5.03727172
0.20491578
0.47998047
6.25000000
18.63704344
3.98665282
17.11425532
2.26627936
4.51920656
4.57031250
13.95735594
2.68196033
20.05632092
21.88248781
5.46126219
4.48014406
9.39062500
14.51953125
4.66796875
5.78906250
0.12939453
17.73437500
17.12124114
7.84196420
1.19141622
10.75000000
15.50428875
6.80079122
10.66666002
19.68684798
5.74218750
0.03027344
9.07031250
12.41259267
2.45508311
5.25000000
4.83007812
15.03548094
10.15331782
5.67448249
10.30468750
3.55859375
13.06402152
5.81576684
14.88443595
10.85107048
12.70133422
7.09993905
6.08203125
4.72656250
18.49283688
6.06966312
5.12694814
14.32617686
5.71093750
9.37923094
5.02311281
5.57877438
6.42903812
2.27734375
9.17187500
3.43489251
12.89713874
16.12500000
6.93782469
5.03515625
6.94921875
0.44156984
4.79687500
4.30012689
14.25032469
6.08638925
14.37336658
12.54850842
6.07421875
5.64127438
4.72591312
5.00000000
0.81005859
2.42577128
4.00000997
2.85156250
9.61132812
6.43750000
3.32844471
9.32975842
17.05891844
0.44791750
10.88281250
5.13281250
6.95312500
5.35546875
5.55858877
0.11271055
7.56307070
5.43391844
3.26530031
8.28125000
1.72688719
2.86490968
10.42187500
2.13476562
5.99430297
0.19161012
6.93750000
5.24184786
16.78514628
5.50230274
9.89843750
8.32812500
10.22721188
3.32747562
10.38281250
9.94352172
0.10103394
1.84277344
11.85758422
4.28694703
10.06250000
0.23921629
1.41471437
14.57226064
6.47070811
2.69140625
5.38313719
4.28906250
0.04581789
1.92187500
8.10579344
8.26139406
5.59765625
5.18359375
9.51562500
5.64453125
8.89062500
5.75259752
3.92318373
9.44432846
0.82715591
14.56379876
0.40575798
10.19401374
11.46304300
10.51531028
5.89453125
12.75129876
0.15006843
4.70703125
5.88281250
0.91584705
10.50163342
0.46923828
3.09375000
4.32096188
0.35384281
6.84765625
2.39549535
1.72169215
5.51268285
2.58887965
3.84243878
9.93425310
11.94531250
7.52734375
3.46858765
9.62243683
0.11494965
34.22981688
6.54361315
9.32910904
10.07812500
9.32454344
13.35514406
0.28491211
2.73046875
14.60709220
2.34212655
10.48305630
4.96616245
12.56852172
0.12044312
3.79328846
14.22038342
2.56640625
8.05712766
2.91552859
4.54296875
0.18505859
5.44302721
0.22542110
14.65998892
13.10881115
15.31608156
0.03039551
1.38671875
18.60502625
9.25602172
0.12251832
11.15206909
6.23990470
5.34993905
0.64794922
3.53222656
14.63281250
11.33593750
11.33007314
5.79883311
18.51953125
16.93688880
0.81579675
7.35579344
8.54264406
6.97721188
4.19400626
3.72819592
12.44531250
11.87141844
0.17785645
16.92587280
8.65378908
5.98828125
4.18359375
9.38281250
5.98569819
1.43326906
15.35709594
1.88069703
9.68750000
12.32714096
3.11621841
3.15625000
9.80289672
0.06911256
10.71875000
0.66894531
11.89127438
4.25845939
2.75781250
6.91015625
6.58235594
8.42968750
12.61002438
3.68294437
5.67545656
7.66601562
8.94531250
4.52343750
9.70312500
2.52571532
1.54850343
1.02929688
12.57812500
5.54914783
3.31999279
9.09977172
4.16585328
9.29687500
1.27050781
15.18561144
13.32943373
5.71907469
1.03361086
6.29426751
10.42057624
0.02047729
6.37500000
11.83267066
4.94076684
1.31835938
10.07973848
2.44955839
5.25000000
13.40234375
5.97216797
1.59472656
5.84375000
5.96842033
14.29199468
7.20344969
9.44043218
7.39453125
8.08939606
0.07307953
2.29899047
0.21907594
16.59882957
0.22542110
5.88818484
2.21451906
5.44921875
0.30584717
17.82812500
12.55891844
5.83170656
11.00000000
7.94531250
0.68798828
1.92773438
0.41040039
9.72656250
14.83300532
4.37044437
7.60937500
-0.03459593
8.97298094
1.11979250
2.74560048
20.06250498
7.99218750
0.94189453
8.46158688
6.90169437
6.41406250
14.44954344
3.37500000
5.45670656
7.33203125
0.96842406
-0.00431274
1.48339844
9.51723848
5.39291777
3.49023438
10.64288786
4.31023714
0.25366211
2.16210938
0.00053120
2.33203125
0.16323728
0.43945437
1.41665753
5.35970966
3.27734375
4.05859375
2.61274646
0.22542110
14.15299687
11.92610594
5.08170656
6.26171875
1.75390625
1.69726562
9.85937500
0.25561523
0.61816406
8.65038564
14.81005984
2.71370733
8.80045656
0.01901245
21.84504876
17.84016844
4.72493905
13.69173094
7.72444703
2.45100953
10.42187500
0.87060547
7.05468750
8.22721188
6.53841312
1.25292969
7.31250000
2.88509032
14.57031250
6.30436281
9.49218750
3.76204344
15.75781250
6.63248781
7.44921875
13.74218750
12.30891844
9.10514406
8.56250000
1.84570312
6.61718750
10.87141844
5.71061281
9.53906250
4.05501219
7.11295656
4.00000000
11.65625000
2.50585938
13.29914783
0.11271055
3.57088320
7.90234375
7.96484375
4.00781250
6.04687500
5.48664783
5.92741467
1.38769531
6.79687500
5.38492797
9.04182984
7.32161126
2.84245124
14.29687500
11.28026596
11.77766844
1.65886247
12.47980940
0.72038591
4.50488281
2.62109375
15.09375000
3.57812500
3.90039062
5.42187500
1.62727782
6.95246565
2.15853778
5.38735816
2.53842309
11.15657469
1.87565187
7.09049313
3.76106937
13.50423094
4.87076906
6.93359375
6.27734375
4.80891844
4.83951906
9.45019531
5.11328125
6.55859375
11.51562500
8.09179189
2.34961436
4.87890625
10.05110594
2.63053468
1.85449219
8.74283688
5.71354001
0.31558954
12.50308954
7.58757092
3.30859375
5.30110594
5.04069093
1.51171875
18.75000000
5.94921875
4.73502438
6.04231937
12.93750000
1.46679688
6.26562500
5.53613281
7.49609375
8.54230940
20.35512412
12.98537898
8.56673094
12.78605226
3.75000000
0.01954651
9.47297596
5.20866467
11.87352394
4.31788231
8.03906250
11.71875000
3.50585938
0.03881836
9.13704344
1.64518312
6.68424313
1.32845218
3.69726562
8.07812500
10.52961658
1.17741467
0.95654297
4.54687500
5.89062500
0.01873779
14.78548094
12.21875000
4.98599845
1.35645030
3.30468750
14.45996094
2.05078125
10.88948360
2.01404518
0.09970608
19.02538564
12.98274158
3.50944592
4.16015625
9.91113032
6.78060062
0.56412843
7.07812500
5.27945922
0.12772582
5.70475343
6.56640625
4.70800034
5.38802499
4.46809878
2.74609375
9.49283688
1.89974124
3.09375000
7.87890625
8.18814938
0.38704593
9.22199690
1.82097185
3.23045878
2.62891622
6.86328125
8.57031250
3.33007812
3.66666501
4.29622562
5.73828125
2.93847407
17.20930408
2.47722185
3.18945312
17.93750000
4.48860594
11.56608156
5.87109375
2.10546875
0.01782227
6.96614251
3.20573249
7.12500000
5.29718474
3.73211214
5.82812500
15.01562500
8.32031250
2.50781250
0.09854552
6.05240470
5.13867686
15.24804189
0.11271055
5.77823914
0.94205812
0.13452148
10.10156250
1.87695312
12.02343750
5.61328125
7.55110594
7.63541750
13.79329344
8.79264406
4.19447834
0.96860759
11.29687500
12.18570922
0.17403199
4.03906250
10.65266844
2.20930408
6.21615248
13.20735345
5.86588874
6.51985594
6.62076906
2.57649657
3.99576906
0.54736328
9.06250000
2.92773438
10.99218750
10.64843750
2.19205563
7.08430408
4.68490248
13.03221410
6.66863308
5.95117188
11.15625000
3.46353502
3.98568373
9.14062500
8.06250000
1.97363281
1.70605469
4.33805297
0.40389039
6.35742188
7.78157469
1.39518312
7.63085938
7.47656250
3.56445312
13.75259752
6.11458998
1.87886224
0.33813165
3.33374335
3.52408190
4.29818373
10.25000000
12.84798094
16.70670656
10.38704344
0.85042359
1.94124390
8.18847407
2.99511968
8.21875000
8.99706782
3.00552970
4.22005873
18.89404297
6.07421875
6.07421875
0.08526611
6.46875000
6.36132812
5.38281250
7.25455563
13.73014406
3.21842531
37.94269006
6.22365026
7.04589345
2.87468029
8.28548094
4.61686281
0.37451172
5.37890625
7.26985594
14.36100343
2.47265625
2.89453125
9.19954344
7.26530031
10.45621454
0.61800421
13.45735594
15.21288564
3.48600842
4.16015625
8.07486813
3.09310062
10.87500000
6.80078125
4.47656250
7.77766844
1.98600343
4.02734375
9.09375000
6.57486315
17.22980940
10.65300310
11.03125000
10.03511637
11.70316488
6.45914672
1.73323609
1.22721188
20.54069093
5.66764406
7.77734375
12.94140625
5.35546875
3.91992188
6.58984375
5.65266844
9.25358156
7.02147939
7.70344969
6.97038342
7.64664672
0.28816773
19.90266844
15.72786126
12.53548094
23.14551030
2.94238530
5.12890625
7.74218750
6.54687500
2.73388672
7.43424313
3.81893007
0.34016906
7.21451906
1.90722656
17.32969945
5.15528590
2.47070312
13.11002438
4.49544437
12.28710938
12.77831782
10.10270390
4.56819703
3.90885251
9.25716312
0.04486084
4.52343750
1.52832031
15.52343750
1.99218750
9.29687500
8.47260373
5.02278812
6.49609375
10.53548094
17.12500000
4.42545656
11.56155821
13.97233156
20.39192376
