0.36067376
18.54980718
12.75781250
10.20936826
10.27164672
1.83968140
7.32812500
3.35327148
3.69759032
1.89908937
1.36425781
10.25846188
7.25716312
9.60579344
9.55045656
0.36523438
7.84547928
0.08757491
35.48616578
4.34407469
4.55045656
17.54768423
0.62516733
18.75780752
17.32828361
10.22254321
0.25020355
1.80371094
9.42968750
9.39843750
2.57812500
9.57812500
6.27343750
13.41471188
0.65250734
1.93294188
0.54231937
5.84375000
7.08203125
6.12304688
7.58593750
3.13671875
12.53125000
0.66210938
14.41226798
2.86556405
4.28125000
1.53613281
3.50748283
2.48861092
7.89453125
2.69514642
3.49479499
12.94775266
66.57698360
23.59635749
3.82421875
1.35156250
10.41113032
0.32666265
4.01171875
14.96875000
9.67642066
9.07161126
4.30665558
2.91406250
6.32812500
9.01985594
6.68521720
4.43945811
3.96093750
10.71514850
4.63250775
15.00000000
2.27441157
0.00366460
24.19531250
14.93309176
0.81104886
14.62683105
12.67675532
30.47378768
10.27735372
17.14754273
2.14603637
9.54085328
8.29329344
2.64225343
9.16601064
3.07422373
1.74316406
6.83626219
5.66764406
8.32031250
1.07796141
12.02896720
2.41797373
7.98860096
45.82324468
1.86002936
4.86328125
11.94954344
5.61686281
0.31469727
1.30761719
14.64160156
8.90048218
4.00589063
5.38086436
11.12695312
10.01204344
17.98404533
12.41128768
5.74301418
8.93033688
5.05045656
7.46061281
5.69531250
6.46484375
13.42649412
7.01562500
5.51171875
2.39648438
7.24218750
17.72265625
19.16406250
0.14172363
0.99839505
8.20769060
2.11914062
9.84863032
2.61784186
16.69954344
17.78026596
1.50261247
14.96614251
5.41308843
9.30119184
6.79687500
4.23046875
0.36523438
4.19140625
10.94238032
2.54394780
1.84179688
12.26204344
29.51920656
5.37923094
4.35514406
1.94824219
17.87759752
7.11068373
7.65396720
2.90820063
9.30208998
4.09375000
0.34838867
10.61629211
0.28751648
6.61783688
2.15169437
2.24218750
5.71907469
1.15983156
0.98974609
13.38191649
19.64811281
7.07421875
6.96093750
2.40429688
4.73437500
8.96093750
10.68163564
3.30778202
0.00472296
13.02766844
3.62890625
18.52717642
9.50797983
12.83105220
23.11490470
1.86035904
34.41894531
3.40429688
12.62694814
6.83398936
2.04556378
0.83529560
1.96679688
12.66925754
17.37371121
0.20275879
16.93164062
17.78971188
5.67513187
4.00390625
6.60940343
0.00185150
3.11718750
14.25488032
14.14420407
3.96712655
8.63704344
1.51847414
6.81402588
0.63704344
5.91015625
16.81442820
12.20965868
5.43652593
9.48437500
3.43750000
1.80664062
13.72916002
5.22005873
10.10579344
19.40201906
1.28645750
0.97493407
2.38606937
4.90135971
8.88379654
4.70703125
18.82083732
5.40461658
7.17579122
3.83430907
4.54264406
8.09375000
0.96289062
0.94319578
3.03287843
3.82454344
1.33268312
3.60156250
19.29003657
16.42545656
2.56575687
3.70507812
12.98258422
5.25960328
2.35937500
14.84375000
6.55956782
6.11034907
2.53939217
2.45084718
6.89062500
1.79101562
1.16699219
11.26204344
1.96646969
3.07324468
1.24218750
10.65266844
1.31347656
9.99576906
12.05728502
5.47819592
1.27408937
7.83203125
4.46907469
7.68717531
0.97281735
3.71419437
1.43847656
0.05679321
5.32812500
2.81835938
13.51269282
6.31933843
5.46484375
0.81119626
4.62255984
0.32820680
2.37890625
4.36328125
1.39453125
11.92187500
8.21646720
0.21419686
4.01692376
10.68261968
1.75358156
5.61328125
8.15625000
4.93814938
1.31282718
9.49218750
7.87271720
4.45150155
9.15461658
0.61784436
3.77343750
1.45996094
16.85351064
11.74414561
4.97330563
10.06876773
0.09415711
3.95117188
14.32812500
0.90332031
1.62304688
12.18391844
10.79980220
3.87760749
5.58593750
6.30468750
2.95117188
2.59434758
1.51242242
0.39518312
12.78906250
3.68750000
1.52668939
3.90104499
11.68750000
0.97476923
1.62711796
12.96500734
8.91601562
8.00708008
5.75219917
4.97656250
2.07812500
7.69352172
0.30883789
16.74592642
13.03677970
3.43392841
13.47558345
16.29329344
2.02409186
11.35937500
5.79719969
7.06400255
6.57812500
12.55468750
3.02343750
3.77343750
10.65625000
3.19660877
11.29931516
2.48747451
0.12743759
7.69954344
12.30468750
9.26139406
1.43164062
4.29296875
2.34960938
7.51594969
13.96743130
10.68458776
2.06282220
4.65104499
2.75781250
6.58203125
4.95312500
2.55664062
4.96191406
7.49609375
13.34212157
14.92447501
12.29346202
5.22265625
6.66795878
1.51172872
7.13281250
0.70068359
8.38281250
6.18180297
0.84749390
7.62109375
2.84570312
7.39843750
0.18457031
0.06164551
0.06549072
10.04687500
5.65429688
10.50129876
22.88867188
6.56543218
11.86686281
18.21875000
6.54296875
16.40884752
8.66927748
3.86914062
9.64229278
0.42435762
2.04296626
7.58105718
5.08984375
5.24609375
6.64843750
4.72948720
3.84961436
5.47265625
25.04492188
8.80468750
2.77734375
12.35221188
8.07551751
9.06673094
5.45409907
6.30144060
1.93750000
3.30029297
8.77050781
14.54036126
14.20247562
12.13639406
7.31379876
2.97493905
12.35156250
3.41601562
9.88378408
3.41602061
5.25781250
6.66015625
7.62500000
2.18359375
5.55468750
20.54296875
8.09114251
0.85612311
6.62711547
0.02919557
8.08007812
10.30468750
0.27107664
13.32389406
9.59375000
6.42578125
18.08854001
16.82096188
3.71745124
8.39485594
2.99186281
10.43391844
12.29687500
15.23502438
4.15918218
1.25000000
16.41177970
17.02766844
6.67123283
10.07893450
15.14729610
2.84277593
8.87109375
11.60904034
0.55795185
8.22362783
1.98437998
3.57031250
14.84375000
2.72656250
0.73193359
3.47363032
11.15560062
2.88834718
0.00897980
0.84863281
1.54684053
1.07260527
2.78125000
10.57454344
6.26139406
3.41243407
5.42968750
7.11295656
4.73046875
7.62369127
7.62305186
1.24153812
1.75097656
15.57519282
23.14420656
9.17903812
4.21875000
6.99901596
8.78417221
2.28321808
9.05643483
31.18461682
5.76465093
6.86328125
11.51920656
2.88476562
9.75064938
4.69856937
5.43750000
5.72298094
5.14811281
13.71939938
10.86197751
14.42838874
1.50585938
2.86914062
7.16796875
9.91406250
0.34863281
0.01501465
1.23535156
15.21923828
14.39550532
15.78483156
2.42317874
10.89062500
0.03189087
5.01171875
23.65234375
0.64550781
16.12109375
6.79486260
0.31060615
7.13377660
2.15919215
3.49543939
6.47949468
5.94498781
3.94531250
3.66601562
15.29319088
14.44270999
15.11360594
16.03548094
2.58138187
8.86978502
10.62663342
1.17350343
1.45410156
44.43391844
11.45181876
2.90853280
2.29655031
12.03470856
0.43037934
4.35156250
6.81461547
0.15779664
2.41796875
16.44954344
23.82747064
7.13965093
14.83528812
17.34762634
18.88153368
15.69873670
15.79215204
8.87370124
3.08593750
10.67610594
15.82291002
3.65365248
8.55045656
1.10644531
6.18359375
0.32291625
0.97321885
1.14258560
1.80175781
3.70312500
1.80078125
7.76562500
16.95800532
6.94824468
0.95458984
10.14062500
22.23209220
4.18587655
0.61816406
8.54687500
1.26056863
5.27800310
3.10319093
14.30403812
3.51367188
12.20442376
11.87972296
0.27205445
12.03384752
6.42318373
1.69921875
10.61490470
2.05306405
5.52734375
16.01855220
7.69433843
2.83349609
5.54459220
1.99251717
3.79882812
16.43391844
1.72428468
3.44921875
7.90584227
4.84989203
6.37370124
3.71289062
5.84375000
11.36815160
12.79622562
7.83562278
5.29296875
1.59082031
10.28906250
0.26023190
5.22591312
1.51269531
1.51464844
0.00669098
9.54752438
9.40560062
7.20735594
2.36067376
5.00325687
6.67946254
2.27539062
15.94531250
14.73437500
0.28779965
0.15909976
2.55501219
1.08658937
2.61751219
2.48437500
4.23014406
9.29687500
3.46679688
5.41796875
2.41047596
3.11882092
15.28677970
4.91438719
1.19629405
2.54914035
3.89714871
13.21776596
1.17676529
15.42480469
6.97395003
5.13379654
6.14453125
6.45703125
3.72037843
15.94954344
15.16048094
1.82763796
1.82698609
12.49910461
0.13468445
9.01562500
17.20312500
28.20877921
5.51802743
11.53742908
3.38444592
10.34016844
3.45475343
0.85375914
0.21337953
3.37759752
4.73925532
7.43783466
12.41406250
8.73860594
3.25748781
7.02164672
0.11751344
1.24902344
16.43618130
0.91928745
1.96289062
18.18098626
31.84373006
3.02736369
3.58789062
13.59439938
3.92122562
9.13704344
5.61295656
6.96093750
11.48925532
4.40918218
0.54728024
7.34700687
6.33593750
3.35351562
6.42008422
0.34016969
11.85579344
15.32714595
2.99284186
19.72525377
4.32975842
4.47233156
3.77539062
15.58203125
13.14550532
11.57747562
4.47526125
14.90340086
7.98795656
2.74804688
13.63669440
6.57501552
3.62387854
11.00000000
21.25618407
4.73437500
1.72916501
4.10840093
3.34179688
2.05012938
2.84928468
12.93750000
10.03613032
1.55664312
12.90917969
6.67203111
3.28483654
9.01139406
7.11718750
4.83495346
11.88021498
6.06998781
3.93945312
1.84863281
8.35937500
12.31780507
2.34961436
1.29296875
7.14485594
3.59342531
4.34439938
8.22280033
2.98632812
3.85742188
2.26757812
3.48828125
13.62923094
16.85579344
1.28368518
11.40544326
3.21484375
6.22623781
11.36718750
9.26334220
4.65462655
7.14518063
5.86962392
3.88835217
7.30826906
21.74414062
15.69335938
1.29719969
13.31648387
4.17448249
10.07454344
15.15201906
4.23693817
0.45300324
17.47705078
6.16666002
7.51725842
3.11100343
2.39843750
3.49609375
7.06640625
0.80224609
3.97231661
2.08237089
9.14843750
0.95996094
1.83983877
9.88086436
5.16406250
10.66666002
3.07162123
0.05102539
17.81413798
8.03939716
12.47656250
13.37337157
2.51302249
2.89648438
5.94531250
6.88281250
16.00952911
18.56021720
19.49856795
4.56365137
2.51757812
13.42675532
0.16015874
16.98724461
1.09538840
12.48075566
5.11588874
4.78515625
5.50000000
9.51562500
12.87320922
0.11385133
16.46484375
1.69628906
14.66048094
9.12076906
0.40039062
16.92104832
12.50790676
0.59547928
1.29559279
2.54447480
2.34765625
4.32031250
11.12923094
4.78677472
9.59408466
4.57780031
7.03906250
6.68750000
0.02426147
7.93911348
4.69369902
13.27587641
18.46939938
2.86784186
3.72428468
10.43750000
3.28515625
5.49391678
3.54123947
5.68750000
8.57633422
0.22395875
1.82421875
15.71890861
19.54459220
3.25065935
11.39843750
5.28515625
1.67675781
7.50032469
12.21760860
5.73519171
2.18554688
10.36914062
5.38281250
11.33658688
13.60514406
3.07682126
13.63997562
6.45703125
6.67822141
0.21159062
1.02832031
10.19140625
5.71875000
3.63476562
17.37174313
5.33138187
0.97867672
10.10872562
5.76953125
17.70735594
16.34935527
7.17156028
4.33984375
17.06607658
32.69856937
8.18685062
9.12858156
11.75781250
2.00390625
13.70800532
10.68750000
-0.03100337
45.69140625
4.50390625
3.66048094
11.61686281
2.73242188
1.00051880
9.67187500
5.06250000
19.07714096
1.67481216
12.48046875
2.22265625
26.97183316
13.37808954
0.54997202
15.76562500
8.21875000
13.48860594
9.30631593
7.21484375
24.59439938
21.42447751
4.83561281
3.24511968
5.78548094
7.96451906
7.22656250
6.92024657
8.69889406
3.89094969
6.40201906
20.77803979
3.65511358
13.58544548
13.04036126
3.10840591
5.28906250
17.77205321
10.33170656
27.29459220
4.04915780
14.86328125
3.58984375
7.41796875
4.20312500
4.05468750
4.80468750
4.46484375
11.79360816
6.84343528
0.73209718
0.91601562
14.45735594
7.12858156
4.04296875
20.00846188
15.40331782
13.84992908
18.13395764
7.84407469
1.50065187
24.18750000
13.85156250
12.44531250
2.43945312
9.14452128
4.92579122
2.23046875
11.93521720
5.82259530
16.05110594
8.10156250
8.58170656
5.76562500
0.70703125
16.50324690
8.01757314
1.59441433
5.30859375
5.17968750
0.89794922
9.13020501
9.47949468
14.40689938
14.97037843
4.38997562
4.77734375
7.82063719
20.81250000
9.30826906
1.34993407
3.53678219
5.94075687
3.63582274
2.98763187
13.71516844
7.24576906
2.51562500
3.80078125
1.62207031
0.60107422
8.49609375
9.85937500
11.76562500
1.00976562
12.25423094
5.14615719
3.01139406
19.09342531
1.45280031
1.71582031
11.00259752
2.56771498
4.08984375
11.06673094
1.40511109
1.15706422
8.74120595
13.18555186
5.64094969
1.38248781
5.25390625
8.06250000
22.73925532
7.53873781
5.16341312
2.12890625
16.94757287
11.24023936
3.51824246
6.27343750
6.78710938
26.23339096
3.57129654
2.61702017
12.02409311
3.10156250
0.86490719
6.85286126
4.27634499
6.90299313
17.47591312
4.93001219
12.36132314
7.01725842
11.42901818
3.48113807
14.37241452
3.51009281
16.89467864
11.20231826
4.74675310
3.15234375
15.65266844
9.39062500
7.90983156
7.74608877
10.50130624
6.60514406
3.83917194
7.12860150
1.12223141
2.90120609
9.75390625
1.81738281
11.47102283
3.86393312
3.51053879
15.96875000
1.30957031
5.67578125
15.59863032
17.18750000
4.30371343
0.22595215
1.66706277
4.43718528
2.63085938
37.31280974
4.52117464
11.93814938
11.58528812
8.21874751
3.32747562
4.03957847
7.43489251
8.98307624
0.98046875
2.64485594
9.12076906
5.89453125
2.13468196
0.19856999
14.10107048
15.15819066
1.87322417
8.00716312
2.04492188
0.41463133
3.25358156
10.53548094
10.83170656
9.04687500
0.91389891
1.78190187
4.22656250
1.53417969
10.38769282
0.23681890
1.92187500
9.59472158
9.44922373
15.09569814
20.01184580
4.41015625
3.11718750
10.17089844
4.36425781
5.87011719
7.23079344
7.60905031
16.08267066
21.20639184
13.14679910
9.71062278
4.40754876
7.04557624
0.66406250
1.16536375
4.70670656
2.48242188
0.10186768
3.74414062
9.60546875
12.87500000
17.17039894
12.66195700
3.82291750
14.96875000
10.99218750
1.58203125
1.41210938
2.43732395
2.73828623
3.72331560
6.31282469
0.68847656
5.65396720
6.21060035
14.08497340
18.73600343
11.90410702
0.80664561
4.98437500
14.00812722
14.02295670
6.99267827
9.74283688
5.07715093
3.97265625
11.13671875
14.53710938
13.92187500
1.08707516
8.81185062
0.80468501
15.12678081
8.05193262
14.18033688
11.30045656
10.70442376
10.74511968
10.01920656
0.82926515
4.83495346
3.21192154
3.88964844
2.57617188
4.01953125
7.18391844
7.07389406
6.78938719
9.64420656
15.70360830
28.52728770
14.42968750
1.20214844
11.88281250
3.42968750
11.89843750
1.94140625
12.90689938
9.32877438
9.75617908
4.21127216
9.67968750
1.98535156
10.29329344
27.32584220
4.23633311
0.48876953
7.75423094
0.15372804
7.28515625
12.90787096
6.02865248
3.58203125
7.89094969
9.61848626
1.92025155
2.29101562
12.19531001
4.56543218
11.01562500
1.78906250
1.08398438
8.34764628
4.98861591
4.10514406
9.97656250
1.50813719
20.58430657
22.55501468
9.33951906
5.26920656
2.95670656
9.12792969
10.52343750
0.23937988
11.10480940
1.14909685
7.98437500
0.38997313
10.14615968
2.42773438
0.01174164
9.51562500
0.42016602
15.10833740
9.57031250
0.80810547
11.37076408
6.11588874
8.62500000
13.68412355
3.44335938
2.00781250
12.29425754
11.37468528
12.67122562
2.09147218
3.26953125
26.44636961
8.44692598
4.63087433
15.06738032
18.30273687
16.61352539
7.50781250
8.09634752
22.28505868
11.74511968
1.84179688
11.55468750
9.56250000
6.96093750
5.54296875
1.69269753
0.61394309
7.25781250
2.36914062
6.09765625
11.68033190
3.28646498
14.21158688
12.44173094
9.83788564
1.98731216
8.72656250
5.82812500
15.43359375
17.29198970
4.35840093
3.45703125
5.74641844
15.87076906
1.56933594
14.21028314
12.02278812
6.85091312
0.89550781
4.57031250
0.55049403
0.22147863
0.28857422
3.08853502
3.87630873
6.78125000
9.66601562
5.19498283
7.26041999
6.64323000
15.42154034
7.64486591
15.38867188
6.19954344
2.27115470
10.14400599
4.05859375
15.51985594
6.30078125
15.98469969
9.49836658
5.30176529
5.72656250
2.38997064
16.01074468
0.98209718
5.43359375
12.66437224
3.94337433
11.33951906
9.15820312
2.29296875
16.32812500
1.72558594
0.69677734
12.42317376
6.94401374
5.83235594
11.84700189
7.67838874
7.13639406
3.06868407
1.00455812
8.77961658
8.98014406
0.41650889
8.46093750
3.74218750
9.78189938
4.90950687
0.60253906
5.52375721
14.72135998
27.73339844
6.29687500
16.70474347
9.44174091
15.23828125
2.88476562
10.62108378
15.14583998
19.40998892
17.60482186
14.31722296
8.69889406
2.26562500
15.48176751
22.04356810
7.42025155
2.19140625
9.41601562
9.50667110
14.97770390
20.66406250
3.00976562
6.41829344
2.57975343
1.54687500
10.19075189
9.68815436
10.69531250
3.13085938
21.48686212
3.48686225
14.21093750
7.49365234
6.30322266
11.32877438
3.61458499
1.09472656
4.56567383
7.00781250
7.18359375
7.29687500
16.19497784
22.19564716
16.24053913
5.92547650
9.53125000
6.54654034
4.80111591
10.35156250
2.41796875
24.98376465
8.14843750
9.93750000
4.65625000
1.86523438
1.75781250
6.48176751
1.62467780
15.70019282
18.52603502
8.60189716
3.86523438
16.41829344
5.88899158
8.27083998
1.75000000
4.17382812
8.06250000
9.80468750
4.12109375
1.78125000
13.69335938
12.07877438
7.28938470
5.19727061
1.89453125
9.92675532
0.54150640
19.41829344
3.18342767
14.92187500
23.07064217
17.12500000
5.64843750
9.48030516
9.77903591
0.66790502
2.25032469
14.08593750
12.56608156
0.00382805
14.25423094
3.28776125
14.45312500
4.26171875
3.17187500
5.77473626
3.17252936
3.13281250
13.22069814
2.23242686
0.95166016
10.25650626
12.02831782
17.97852061
6.82356937
1.28906250
8.73925532
8.72949468
14.74218750
10.18521720
15.91374030
3.50260500
6.03710938
7.20735594
14.34016844
5.39778812
2.37695312
7.84992908
5.18294437
4.11165780
3.63437741
14.23144282
16.99576906
5.02573981
7.77734375
1.05761719
5.75520501
4.62858405
10.64485594
7.30924313
2.67090093
15.94366911
0.51846853
4.68465647
6.15234375
8.17187500
21.10676751
6.79557624
1.50781250
14.64257812
4.71875000
2.61002438
7.78450687
7.60156250
17.53125000
0.47436523
5.17968750
6.54817376
2.26627936
1.97493407
4.12858156
16.12564938
15.37825687
8.93570922
1.08870484
2.63085938
17.58658688
20.94465814
1.91634530
5.24186281
8.00781250
3.44921875
18.01464096
3.18653091
7.92187500
17.31445312
17.63867188
1.40429688
9.24413564
0.94531748
2.01953125
8.13841673
30.49039672
3.86799923
3.49577155
7.85546875
14.96516844
3.30826906
17.53906250
8.89485594
4.46938941
11.44922872
17.05761968
5.37500000
2.21484375
19.29459220
1.90853280
1.44531250
13.87401596
2.82145888
17.52780586
2.38804742
8.81250000
6.96126219
9.82161126
4.58822030
8.95833001
2.54362311
14.48079344
10.89062500
8.69108156
1.66210938
19.06250000
5.34375000
6.89876219
3.92545656
0.38891602
11.79736352
6.08203125
5.92968750
10.62792969
12.22656250
6.59375000
16.30890847
17.74577903
10.41796875
3.90039062
3.37890625
2.65429688
22.78405762
3.80078125
3.90625000
11.35579344
12.07389406
8.76562500
7.52766844
8.23437500
19.15429438
15.49088874
3.71744626
16.62858156
14.98795656
7.27376219
2.03678468
7.12890625
12.10774158
26.25092921
13.81401594
25.42850622
16.80081116
5.09604277
1.53808594
23.31379876
8.10026374
7.77734375
9.03125000
5.46484375
4.32421875
13.99641844
17.77311281
3.58691157
1.20312749
8.32031250
13.83235594
1.49023438
7.95670656
1.77962157
21.43359375
0.64664797
1.79492188
6.82031250
0.00430298
15.76464096
14.93067154
2.75153457
0.06016053
12.06704566
6.09896498
2.57259530
9.58951906
2.50000000
3.11328125
7.39908688
4.44856937
17.52050532
11.15560062
0.69791750
7.27734375
2.41015625
7.88281250
2.38345440
5.19174091
4.34375000
2.06054688
13.22036348
2.84994902
11.89485594
2.41015625
4.77343750
4.01171377
3.11882092
2.02343750
10.61734611
8.36588874
5.98405031
17.33560284
5.37663342
4.06185062
4.94075687
14.13281250
4.87890625
8.16406250
0.05825806
8.50781250
6.08593750
2.77546310
0.99205764
5.94955341
3.76367188
15.77766844
11.28483156
1.40429688
1.07812500
11.26692376
4.56901374
10.92984486
5.40641733
0.13773683
10.90754876
1.64436018
3.62045434
10.23502438
0.65022953
2.17187500
9.98437500
18.72167470
7.53711436
10.10937500
5.23046875
5.78906250
9.36718750
9.32812500
12.00111327
0.16626039
2.60351562
8.94352172
0.36800172
2.30273438
16.30175532
5.52832280
17.54459220
6.50259752
1.73796653
7.58593750
11.93750000
0.32250977
3.02343750
6.39453125
7.02343750
15.29101064
13.62467531
11.46322030
0.99462891
6.33593750
2.97686503
0.35418966
6.37500000
0.04914687
0.87434937
13.06250000
13.31314938
10.34733156
2.71842531
13.66048094
2.08593750
2.96061281
8.54687500
11.13346188
12.08528812
16.65038564
9.24447030
12.42740968
11.40891623
8.19264627
4.53676973
15.86329122
5.53060062
4.70605718
7.16829344
16.77050532
18.77995124
4.77766844
2.91959718
7.13346188
16.83170656
14.23437500
4.26530031
11.76985594
3.61490968
6.18750000
4.58626219
7.74967531
19.15884752
16.71646720
8.03516622
8.27701906
3.92187500
11.53937722
13.22166224
10.81187056
7.73177000
8.13379654
13.44954344
9.37076906
4.77734375
0.02070618
0.04446411
0.04727173
8.99641844
8.08951906
16.44441711
7.21997008
14.90331782
7.50651374
14.89062500
17.53710938
2.97265625
8.90625000
6.38671875
20.01757812
16.31250000
5.69563719
10.40983156
6.89094969
7.48793662
6.29689494
2.43750000
15.96255098
2.91244902
12.18504987
8.29932513
5.65234375
0.02221680
0.63137518
12.10319592
1.35644531
10.21516844
4.25422596
4.84130984
6.06445811
1.43538453
0.06915283
4.18750000
2.67968750
7.10156250
3.17773438
0.78564453
1.71289062
0.50097656
14.03125000
1.47623532
2.63411624
9.57031250
14.35156250
12.39485594
0.12894777
12.97656250
6.05370346
2.88184341
11.32104492
1.73599596
5.46224623
3.46289062
12.35384032
8.16601064
6.36100842
10.60090564
6.94727061
3.39615968
3.42578125
14.83756469
0.02779176
7.71484375
1.54394531
4.51562500
9.63085938
6.49218750
12.03906250
8.11360594
9.66373781
3.15039062
10.38281250
2.32259032
3.68554688
6.01831117
0.19514829
16.02766844
11.07747562
13.69497784
6.27344747
9.98437500
4.25781250
9.97753906
10.29231439
16.65039312
13.83951906
4.77343750
2.94140625
15.41048094
3.25390625
2.90201906
6.89062500
7.48437500
9.70735594
19.70670656
0.51025391
7.79296875
3.06250000
8.43259974
8.51694370
4.71842531
9.19367908
6.58366467
8.03906250
1.99363988
4.89356715
4.20312500
6.53906250
0.00659180
2.10872064
20.43505984
0.84586796
7.51953125
8.37141844
4.93326906
1.84375000
15.14550532
2.62011968
1.09570312
9.82031250
11.04394282
0.34619390
10.60937500
7.03385251
5.12435062
7.80566157
2.95801030
5.29329344
12.12858156
10.34179688
2.53938719
4.69498781
5.19140625
2.44921875
4.82812500
6.55859375
4.68389850
2.69891400
9.64062500
0.13562012
6.23437500
6.59960439
3.53581061
14.25781250
7.63724995
0.21085695
4.82421875
6.27311281
13.12923094
0.12430910
0.17683836
9.19454011
0.04445404
2.84570312
2.55965149
0.03959168
5.00032469
7.18944814
6.46289561
6.55436281
2.07617188
9.00000000
11.84798094
3.53287843
8.62500000
12.49998505
3.36134308
7.89453125
8.12547208
2.82374667
15.17187500
1.14453125
8.12564938
1.50716312
9.60742188
1.49446532
13.99641844
6.81185062
13.77164672
0.05696656
3.39876219
12.25747784
3.48438497
14.79715942
0.19124390
2.36132812
18.92890255
0.20882328
8.73697252
2.81152095
3.20345966
12.07031250
7.74608627
22.49870124
2.55501717
12.74641844
2.93131593
1.60937500
15.69921875
5.78125000
4.41015625
6.25390625
0.78564453
12.81250000
10.75488281
0.11572266
3.95540282
2.22623781
1.24511719
7.68001219
0.11942629
20.74804189
10.21680186
14.05599976
11.46093750
2.09016844
5.44498781
2.00976562
20.52115470
2.29134530
0.47680664
0.93994141
9.77343750
5.12109375
6.85156250
9.81281472
7.01531028
3.67968750
1.99251219
4.56608156
11.92187500
2.52929688
3.28320312
20.86420059
0.79101562
1.36442016
0.62434937
7.92187500
3.03515625
9.84634752
12.04427748
2.59765625
1.06542969
1.04980469
13.35579344
18.47790527
10.46875000
5.14420656
8.39843750
10.92675532
12.15852782
6.44108156
3.73567874
16.17187500
12.95312500
8.25488032
5.61198249
2.29882812
9.71646720
5.27181405
0.97753906
16.12564938
19.19205563
7.22949468
11.35156250
0.33073000
7.56282469
3.25390625
3.65983156
0.94189453
20.55110594
10.83170656
9.07031250
5.67675532
8.67301640
11.51383422
6.82999758
9.29687500
6.31884766
21.71841534
10.30502216
14.58984375
7.90625000
0.14672852
2.71896362
8.70735594
5.42692140
10.18164062
5.10156250
16.55533688
11.16341312
5.60969720
18.12435062
2.11458499
10.40494626
8.60872562
3.15625000
2.86328125
8.57812500
4.73437500
14.46093750
9.66829344
5.62304189
3.12467033
4.95736591
6.39062500
7.04264406
2.08007812
41.28092282
16.37336658
13.86328873
9.57519282
14.96549313
8.24870124
2.92740968
5.71875000
9.41829344
8.05272939
12.25749279
5.28515625
2.50195312
20.12714430
12.27538564
10.11523936
4.08951906
1.83398438
4.73649047
2.15999390
3.28906250
10.16113032
5.89647939
6.75879654
11.48437500
7.26953125
5.24218750
1.81786985
3.28857546
4.39485594
2.07188197
7.86427526
8.35514406
4.52343750
12.81314938
6.00358156
1.25065187
14.24445036
4.42351839
20.11913564
12.65396720
8.42838874
8.20637190
12.67644060
6.27701906
7.24641844
1.46549562
15.66959220
5.02473626
8.14160904
18.21289062
12.86783688
21.01302249
8.44531250
0.06518555
2.83984375
6.57910156
7.22656250
6.41503657
2.09277593
16.41783571
2.47070312
13.21875000
3.90039062
6.28488033
6.59793217
2.49023438
11.81250000
13.83202627
24.72103280
12.30956782
6.75683843
4.52343750
1.70475343
8.59798094
1.90624751
1.62760749
3.81835938
2.64810783
1.31575936
9.08593750
0.65722656
5.70084220
8.16829842
7.47265625
9.09798094
1.43424562
7.06021720
12.01790780
1.30322266
4.66796875
7.93359375
2.34570312
16.01985594
17.90797081
0.19354166
3.28320312
1.70898438
8.28125000
12.57387412
7.66050088
7.26594969
17.88248283
8.61947030
4.77311281
14.29329344
7.82096188
13.40918218
0.59749266
1.61979250
14.19173094
9.05240968
20.14322252
9.26888685
3.46289062
5.42187500
7.62109375
14.26627438
16.05761470
13.98014406
9.42903812
1.28287843
3.09147218
6.11328125
12.04687500
6.82421875
9.29687500
6.71875000
19.27766844
7.89453125
9.29459220
8.88086436
9.80468750
2.59960938
1.30078125
10.60937500
1.07128906
5.78906250
8.95084220
0.83431405
13.73957503
6.22754654
7.37500000
9.05826906
5.03125000
5.81054189
6.21712655
9.09503879
10.12338652
6.23437500
13.91829344
7.84342531
3.99609375
21.22184079
11.51544770
23.35042110
8.02703651
12.58723377
6.32975842
3.13118407
11.69108156
1.69335938
14.01334220
17.26790780
4.42578125
0.97509766
8.39973626
14.49511968
3.46647218
7.26985165
0.12272648
10.02343750
15.41894282
5.06152593
14.39127438
5.27441157
14.94951791
0.85253906
2.09375000
8.25423094
8.21841534
11.08204122
7.38281250
4.67578125
18.21516844
11.37060547
11.74218750
0.06986574
15.33551025
27.80664062
11.71093750
14.77831782
10.85221188
7.56901374
2.83561281
5.60969969
1.90240525
0.10044389
17.66438719
14.94221049
9.65125010
3.55859375
14.04687500
11.86718750
7.62500000
11.44954344
6.32421875
14.93750000
13.30045656
5.15820312
9.96875000
7.55891844
4.93814689
11.50407358
1.99397828
9.41601562
2.25390625
2.24169922
5.76204344
4.79264406
13.88704344
2.69889406
1.86523438
13.59504876
1.21582280
12.38312722
0.88803246
12.35546875
8.89843252
4.89258311
10.14062500
1.06559079
10.36653812
12.52473626
7.66520390
4.02832156
4.33593750
2.35981273
-0.20991038
11.27343750
13.33300532
8.96028812
0.73063234
13.97851064
6.86263187
7.45182624
6.08268063
1.84627445
3.45117188
12.17187500
8.18554688
3.99023438
10.59439938
7.78841312
3.50781250
8.88346188
7.45247064
15.90674202
23.58771831
3.89421653
2.20898438
7.72021484
2.68750000
8.56379876
2.85807624
13.78125000
9.80533688
6.30882938
2.68359375
5.88281250
5.63281250
13.22298094
3.97623781
8.75423094
3.06803468
21.90266844
7.03725677
25.63657136
9.34379152
19.74641844
11.19889406
7.42650648
4.88394767
6.42075179
5.34765625
1.26855220
4.47623781
3.00130374
11.33421045
5.39104831
6.80045656
5.59635500
9.49218750
4.76898193
4.85546875
7.31640625
4.10937500
0.01360321
1.48111813
4.85611813
6.54199468
16.41959220
7.01758311
6.45703125
12.68781472
6.15820811
4.14616467
6.21191157
0.43261968
1.73535156
1.70677450
14.73633311
3.12760251
10.96028812
6.16406250
5.75390625
9.38346188
1.06478031
9.13281250
2.64648438
7.90722407
3.42871343
17.45214096
8.01920656
0.43392592
6.98696255
3.03647495
3.17773438
13.26007536
5.06023714
9.91406250
2.87996399
0.22208680
8.03906250
7.15299313
0.89485843
2.53710938
10.64322252
8.46257092
7.46061281
10.21320535
6.21062278
6.96484375
6.64485594
3.38638908
2.38541999
4.39460952
3.60156250
3.50195312
2.62109375
3.65234375
3.14550034
3.73568373
1.61295656
5.16796875
7.91796875
3.73665282
4.72623781
7.15852283
5.75944592
6.27343750
10.70995346
15.60156250
9.86817154
1.81640625
2.80273438
3.90005597
0.52963153
10.05110594
8.22167470
3.40397717
5.63281250
5.71907469
2.45117188
20.00488032
2.46159186
16.21875000
1.77701657
12.84081782
10.21606606
6.07421875
15.61994238
0.80388574
14.81379876
19.01855718
4.91373781
5.01953125
6.63704344
2.86523438
1.04752687
8.55987257
7.67450243
3.26367188
8.96093750
10.74218750
6.63281250
14.18814938
13.36783688
3.92448249
9.80468750
2.41015625
20.65266844
5.49999502
14.07682624
16.08886968
1.74121094
9.65754876
1.89518561
11.06054688
19.96938941
2.37826684
9.76562500
5.08984375
13.19497784
6.44564716
1.48046875
8.90266844
1.94042969
6.79264406
2.03320312
1.74812244
5.56413342
9.42610594
13.84211658
3.82943373
3.31835938
11.49609375
1.42871094
6.14843750
3.49088376
2.16731937
13.82454344
8.59733156
2.46321532
2.98209718
11.44238032
7.11230718
4.49609375
22.43781472
7.92937278
28.14875721
4.38835217
4.94531250
12.98437500
4.59375000
6.18359375
15.64615470
4.75228280
2.43359375
17.09375000
3.96093750
7.75390625
6.45703125
0.01409149
2.59960938
12.37824690
3.23112810
14.70954822
6.97038342
4.75781250
2.81250000
9.34375000
2.67187500
7.69758533
2.14616467
13.18750000
7.69921875
10.71060783
4.83822030
2.03320312
12.09375000
4.33203125
3.42382812
7.58625222
6.26140403
4.29296875
16.86669922
10.30249023
18.67610594
5.76530031
11.83235594
5.16275876
14.47168218
18.58593750
7.25585938
9.54028320
12.80891844
7.76530031
4.10009641
0.35547000
4.86328125
11.22817598
9.89389433
1.54036375
6.66764406
1.11100094
1.96810062
16.99283688
7.36718252
9.29069592
5.73014406
3.73339844
1.49609375
2.14062500
10.23762190
6.52409685
1.24804688
0.52884513
-0.13223868
15.65332031
6.42968252
11.13086436
25.52245346
7.40723404
6.23828125
5.77689606
0.05293793
10.14485594
1.58658937
17.05533688
4.38216312
0.15148926
3.83203125
1.02376219
8.43326906
18.00976064
6.78711436
9.36315669
2.70019780
2.59570312
21.37988032
11.14322501
7.88021498
12.87890625
20.98305630
10.21225620
2.32649657
4.47623781
2.91992188
6.38671875
2.19140625
9.69954344
0.49821047
0.08532715
0.18349354
1.49153812
7.26562500
5.73437500
5.76333223
11.28207668
1.09033328
2.84894753
4.68327903
8.72363032
13.72492908
10.27800310
3.15820312
5.76985594
8.13052970
2.66797373
15.16048094
3.72037843
1.31835938
11.34798094
19.38167110
9.18864140
5.30826906
2.09570312
12.96093750
9.08137439
6.43555186
7.07812500
10.34733156
16.78417969
2.79491689
1.73437998
1.03808594
16.72687722
5.58594747
3.13639406
11.26562500
2.82812500
14.96044922
19.92053636
16.92321364
14.59798094
2.46256593
2.01562500
15.53384752
3.00292720
8.68604388
8.29866578
11.46289062
10.09960938
12.60156250
14.16536126
5.25260749
10.30988254
3.63933621
10.62087250
12.95149158
8.21519543
15.62043939
3.44987311
17.95914672
10.85335328
0.04040527
2.14257812
7.02343750
19.35579344
7.77701906
1.73713113
4.57781028
8.97656250
1.92447751
3.79231937
1.67773438
1.91812237
2.93392841
8.95312500
12.79719969
4.99087877
3.68099623
21.91829344
11.51139406
5.61686281
8.60155253
2.53516622
3.51171875
6.59375000
2.59766829
0.72134752
16.79069592
8.00358156
2.68164062
11.77766844
2.74186281
3.52148438
9.09504876
9.73079344
12.30697030
6.57812500
5.01789783
0.74284436
1.85546875
4.40625000
2.10310291
2.97233654
6.26562500
11.34798094
2.35319093
4.91861813
4.13606937
10.42187500
2.51757812
1.95996094
13.52343750
0.36669922
2.27148438
10.10839096
0.64844498
13.67154004
2.00000498
18.43391844
4.08593750
16.65625000
5.60905031
0.83593750
5.09016844
3.41764406
10.77896720
1.81087655
1.12500000
2.01397324
18.70312500
2.60156250
13.20865470
1.09310311
12.98721853
0.05770334
3.27324967
3.45297761
6.16471188
10.90266844
3.31347905
5.96305297
1.73160766
4.69108156
2.91992188
14.31250000
2.30859375
8.45507314
4.54883311
4.64453125
4.83984375
0.10424805
7.28515625
3.24478751
2.93392342
12.06250000
6.26594969
10.08951906
8.53906250
14.43750000
12.16862664
7.16276374
9.51562500
6.25064938
10.99935062
3.48828125
0.00194263
19.09179688
10.01204344
2.84342531
1.75000000
8.78125000
9.18391844
2.62467531
4.80891844
2.39030031
4.34765625
13.54687500
11.55565160
0.17514184
1.90299562
7.47330563
4.14388187
2.71875000
5.78125000
10.44238032
0.41797124
4.70312500
9.38281250
16.20995346
2.23145279
10.85937500
10.52668939
9.14616218
5.75000000
14.76562500
5.78906250
2.05305907
3.83756593
12.86360594
1.67252687
1.84179688
9.55468750
2.43164062
2.93945312
11.89582004
8.46355496
10.83593750
8.56250000
2.10351562
8.51204344
2.46647218
11.95247064
2.57877936
5.72427970
1.03255624
1.41308594
11.34375000
4.64827017
0.20866342
1.60156250
5.70865470
6.89681405
0.95458984
0.69433594
2.99023438
10.38281250
16.98079344
8.23795656
0.44010251
9.08593750
1.81770999
10.68750000
15.89485594
2.00585688
2.99870124
9.45312500
8.38378906
23.23828125
6.76171875
6.12500000
12.36783688
0.63265140
3.92187500
4.77994127
2.20085217
4.53092531
7.75032469
4.67936281
3.07226562
1.67122313
0.08170656
3.55859375
10.25423094
7.49918204
20.09993905
5.03873781
12.41406250
5.34399414
3.11328125
1.92578125
8.28417221
8.33106216
3.15852782
1.35221437
8.47656250
0.95800781
1.91503657
1.81543218
2.33984375
13.60872064
14.95735594
4.30729499
7.94531250
14.24836658
14.70052748
11.58300532
23.37629876
2.75944592
3.26902428
20.12387854
2.12109375
19.37597407
3.21549811
16.43750000
3.46386470
2.54590093
14.60579344
11.01985594
15.23632314
6.21224623
0.45288086
9.04687500
0.95654297
6.84049313
3.08886470
3.93587655
19.88979832
7.00863918
8.30468750
4.71875000
6.08593750
11.17968750
9.42968750
7.39453125
5.60758422
0.56119750
1.89323000
13.22298094
4.38248781
1.15527344
19.40657469
8.39860109
7.36751219
10.61718750
12.79264406
10.47298094
0.21525148
6.67036864
5.59960439
1.96647717
10.51529034
1.81869403
17.64452128
9.44856937
5.29753435
9.47656250
4.80078125
3.51171875
14.03125000
0.57470703
5.98046875
15.03222407
8.15918218
0.22314453
7.52343750
2.17382812
4.05175034
63.65137466
6.88281250
13.76562500
6.14876219
22.20267149
7.24087877
9.43685062
7.66927748
2.34765625
12.84016844
3.28873781
7.54947252
21.78319814
7.57682624
21.21385971
7.96028812
12.58886968
5.00195811
7.90266844
15.25479977
5.72168218
3.52734375
4.14453125
6.89843750
6.08626219
1.52994875
11.73437500
4.17968252
24.86263187
4.93652593
12.19173094
8.37141844
5.39355718
1.88964844
12.40689938
11.81868407
2.69629155
8.34375000
13.36840820
2.53515625
4.94954344
8.78889421
2.28515625
17.76084137
9.55956782
5.42513187
6.40234375
1.04362062
1.23925781
10.01204344
23.77701906
9.32031250
3.23242188
15.50172850
0.85319093
1.70149407
6.77995124
0.44653320
8.74315908
27.00358156
6.05436281
12.67057624
3.27929688
0.95166016
7.65494127
1.19499279
9.78971437
5.62890625
0.90039062
16.37141595
25.94531250
3.48307624
11.44238032
3.30761968
12.45507812
5.00390625
7.20703125
48.44759032
29.15331782
5.71875000
10.14355718
7.84375000
15.18815187
5.57161126
12.81185062
15.07209778
3.53841312
7.81250000
1.40234375
3.54719969
10.42219969
6.48014406
0.78564453
5.50358156
15.73209220
10.30956782
3.45052748
1.14453125
13.08203125
19.37141346
12.53288342
5.20312500
10.18456782
4.54231937
4.33462877
5.55176529
1.37890625
26.68164062
8.45735345
2.77213874
11.43098626
10.56901374
5.48828125
7.86718750
14.10156250
3.75390625
11.61425532
8.64485594
6.47558843
2.33756593
13.34829566
19.90593528
3.77506593
9.86718750
2.56054688
14.32714595
10.94824468
2.31445312
12.43033688
6.65592531
2.00553468
15.37369127
13.81771498
1.52539062
13.60351064
8.36523936
8.89485594
4.89453125
4.70735594
4.08919437
3.95117188
16.89680907
14.45735594
2.01123171
0.59016969
5.84375000
12.47069316
8.81380873
7.17838874
15.35742188
4.55859375
8.25390625
9.90282705
5.31055186
3.69596188
8.52278812
20.38704344
3.00748781
6.63671875
7.23437500
2.72656250
8.75227782
9.38704344
4.30924313
1.90885749
12.35221188
12.90560062
7.63704344
15.48437500
17.73437500
5.15885500
6.57063719
4.86295656
14.33788564
12.37336658
1.10124778
6.05859375
11.56673094
7.90592531
8.56216534
3.21127216
12.14733887
20.22851562
7.62500000
3.50032469
15.93683068
4.97690713
21.56250000
3.06640625
13.18391844
19.92187251
2.78581061
8.46093750
21.42479721
2.80273438
1.97754654
16.73209220
12.93164062
3.70931405
17.26594969
11.59733156
12.05273438
9.00781250
2.50585938
13.18456782
11.98990470
5.72005873
0.56103516
13.86914062
9.24705785
3.67872340
2.09570312
11.99804688
14.76281401
11.53320063
3.08268561
15.89518063
9.60091312
1.57226562
7.79296875
3.74414062
7.57421875
13.69140127
17.42250444
18.23175927
15.87166320
0.03364075
0.35351562
19.42509460
8.72656250
5.66796875
12.49964540
1.23863585
11.92154533
3.62370124
14.32877438
15.86230718
3.66455078
5.94140625
9.01562500
20.27678696
2.77865248
8.37076906
3.73828125
12.36620346
9.63379654
7.43359375
11.78125000
7.88854980
3.52539062
14.80110594
1.23502438
2.24935062
7.59863032
9.85449468
6.46125222
20.32422872
7.08528812
1.89355469
6.60937500
13.32519282
5.69629155
3.87207031
6.36328125
6.29296875
8.92187500
9.11360594
15.96679189
2.43132092
2.24218750
9.13476064
3.54102061
6.69368407
13.95670656
3.93359375
21.21937944
7.08920932
3.01562998
16.82096188
4.04231937
6.43750000
5.80501219
13.27897218
15.36539672
1.08186890
29.95897939
7.39337988
5.79998448
14.92675532
0.91829593
8.18847407
16.83105718
19.44466063
14.06463623
7.14778812
1.20703125
6.83658688
12.34310062
15.84439938
15.45963376
12.26627438
2.75586436
14.52929688
5.16796875
2.05078125
19.90856934
1.72460938
0.42163086
16.25830078
0.87841797
0.28906250
13.24348875
2.28092531
0.46557617
8.02929688
2.45735594
1.58951906
0.55957031
8.13702350
20.22279826
5.36718750
1.38346437
8.67056876
15.29915780
12.42968750
7.35937500
10.02343750
12.62695312
11.40266844
2.66764406
2.12500000
13.87467282
6.87923094
0.58545171
9.55468750
16.75846188
14.61620346
4.66439716
4.01953125
10.99218750
17.66471188
1.30013187
5.35090814
10.88151374
12.21875000
4.15234375
12.56640625
4.16015625
8.54687500
7.12519310
0.05272438
13.03906250
4.44140625
13.00781250
14.22656250
0.35449219
22.59178192
19.87045434
5.81509752
7.62891622
3.47460938
9.61002438
17.60937002
1.05501967
19.50943595
6.05973515
2.37614140
2.43359375
7.61425532
9.01855718
18.76365692
9.11329620
4.17968750
11.04817376
0.80827155
21.04101562
7.76562500
3.49414062
15.52164672
0.26619508
11.74804688
3.62304688
6.09375000
18.88704344
11.01139406
0.56054688
13.67708001
7.26432624
8.06250000
7.11229721
5.84864029
1.67382812
7.45735594
6.20280031
19.98388672
3.76757314
3.14648936
4.44921875
15.09375000
4.44531250
15.46451408
4.40853280
18.45312500
21.77734375
3.27734375
2.93945312
7.87466534
2.24252216
1.61621094
16.56250000
15.50000000
1.39160156
14.53515625
13.82617188
12.49218750
5.06250000
6.22265625
3.27473128
5.93034685
15.08235594
15.49251219
16.36897953
19.16242908
6.53711436
13.88639406
7.92187500
10.71516844
9.31021720
11.72461436
20.76846915
5.36588874
2.70084718
13.78548094
7.90819814
2.94694592
3.17773438
21.28156472
4.04265403
20.63264891
7.51139406
16.03742908
17.73991467
10.58593750
2.89453125
10.28189938
1.76009281
1.01464844
9.61978502
0.47103529
9.23339844
2.12695312
4.14843750
12.15460631
4.80826906
2.82421875
23.84797097
4.54656028
7.31770501
11.66731937
3.38411624
11.82454344
5.33561281
2.99218750
5.74641844
6.87694814
3.31608654
2.82812500
16.02929688
17.30891844
11.05826906
4.27832031
9.33593750
7.07063719
2.26920656
5.21548316
23.33138685
19.33658688
7.35677748
15.38704344
5.67936281
4.98860594
1.30631593
6.97265625
12.28991699
6.16503906
19.73762938
6.31217531
9.00781250
4.08658688
4.40560062
2.15625000
15.00976562
4.40657469
2.58170656
10.64062500
2.40429688
21.19140625
6.56640625
10.08235594
9.98079344
17.11393063
9.71745124
5.54296875
13.96282959
15.39473813
6.83528812
2.06941711
0.36735047
18.51764679
10.75602172
1.20100953
12.56673094
25.05500222
2.32553246
2.47851562
15.27538564
4.08789561
3.33040282
8.81608156
0.70898438
11.92610594
7.25748781
16.71158688
7.79817874
3.98632812
13.78971188
1.82942874
10.59960938
12.35644282
12.28841312
13.70475343
9.72298094
6.60937500
3.81803468
1.79785156
10.43944814
14.37825687
12.26432624
0.59423828
7.02894726
10.41473431
9.87435062
5.41406250
6.99544437
10.90819814
2.43359873
11.21093750
6.86783688
2.63802249
20.74901596
10.72754654
27.91210938
24.44531250
15.90722407
2.71386968
13.37500000
1.75390625
17.43750000
1.81981425
2.58204122
33.22688719
6.79264406
3.55305907
19.22948970
5.42057624
2.41992188
18.09863032
5.95801030
10.32812500
10.14550532
10.67968750
2.35058843
12.64680907
0.38737062
16.50846188
4.27082503
0.72852559
14.95409907
11.87076906
1.46712406
14.04638298
7.79849845
9.09359513
7.92187500
7.72086547
1.35042359
8.38883422
0.99983765
3.43977782
29.62890625
1.47819093
3.00585938
16.64062500
8.67187500
5.52343750
22.85025876
17.06575687
9.07031250
3.27929688
13.27661133
8.32031250
17.07942376
11.81120124
4.55858378
1.58594747
6.84960938
4.75781250
2.30997618
0.02449648
4.45312500
1.75732422
13.76562500
10.65625000
14.05110594
5.54752438
3.79199468
6.40625000
8.58365470
7.34993905
9.29687500
12.97875977
15.23860594
13.50358156
7.08805297
4.68147828
15.99023438
22.65638742
13.17857352
5.27376219
2.38281250
6.88671875
7.07811503
1.15202903
11.46255098
3.12371121
4.71842531
5.06738032
11.78255125
7.86063972
6.88671875
14.16406250
17.01562500
8.75423094
6.51920656
32.29426751
0.18033688
5.81185062
17.63167110
0.34782109
1.37988281
19.38671875
4.70703125
7.32812500
16.53091534
5.06674091
9.52278314
8.06901374
6.18359375
3.21386719
9.91406250
17.93456782
15.85457523
4.03873781
18.62927246
5.38671875
4.92187500
13.69173094
10.92317376
6.16634530
14.36181516
2.90185671
13.79048964
0.18253664
2.10156250
9.62923094
7.77457516
17.54101812
15.07877438
20.45052249
5.71875000
9.35269518
11.55632092
7.21875000
14.52734375
19.13118407
9.57389406
12.31144289
1.41699219
4.10187722
0.96843528
10.64843750
0.99560547
7.72751663
3.29201462
28.92610594
14.05110594
11.80826906
2.54850343
6.98729721
2.78614029
10.25781250
8.10937500
12.89550532
2.66894780
1.29101562
6.61539298
5.29134530
3.92187500
15.09016844
13.58170656
10.03384752
5.20117686
11.40169437
19.28548094
3.54850343
11.54036126
4.61979499
12.42252438
2.18685062
4.61718750
9.47005125
7.71451906
1.43750000
12.42382314
1.36621592
1.22591063
17.40429688
12.28433954
0.25635139
12.93750000
8.52473626
13.40983156
9.05322016
13.16764406
14.45312500
10.38509530
0.70605469
24.83821532
11.29394282
6.68229499
1.26367188
3.60937500
11.17968750
2.82031250
18.97363032
9.11653812
1.14811281
16.48437500
0.06164551
1.93554688
17.97769767
51.74935062
5.26855718
11.57649158
7.82975842
3.24804688
17.95084220
10.66341561
2.03515625
10.38281250
2.86328125
7.07909907
1.86816655
14.14192376
3.65706671
0.89827515
22.34375000
7.12206782
16.24153812
8.00422845
3.36361092
9.99218750
1.32812500
7.09537345
4.67025155
8.01562500
2.34375000
14.07812500
10.52343750
12.88281250
21.20487301
6.72867797
1.37321171
11.06639628
16.51562500
10.31641622
6.76953125
15.30501219
2.89778314
2.50814217
16.65331782
4.02636968
26.68261470
12.82747562
6.70670656
4.51774047
1.54508422
2.75031223
5.15463652
20.19302970
11.24967531
5.10026374
9.06673094
6.85156250
2.11100343
2.25781250
12.15949690
1.16862810
8.73860594
4.05403314
21.61556405
13.91829344
2.27311281
7.40657469
0.54752687
4.10156250
16.13247784
4.72722185
13.94238032
4.43229499
10.44596188
3.13606937
1.98632812
30.18196532
8.09277095
4.14746343
11.60937500
8.38281250
15.93391844
3.89388187
19.25400543
7.08397939
3.96289561
28.32454344
14.35676751
2.98698249
12.30826906
0.82861328
0.84626697
3.47819592
12.79036126
1.43327155
7.26204095
6.80761968
18.76302125
0.09224488
4.33789062
3.68001219
8.10807375
6.90014648
2.57356439
3.52441655
4.21841534
3.78516622
6.07421875
4.50000000
2.54492188
1.60937500
1.36230469
16.92023161
3.97039339
30.03125000
1.76660156
16.68228502
1.24935560
8.45312500
9.26627438
3.95247562
4.90234375
10.46028314
7.81901374
7.08203125
6.71875000
0.11517334
5.46439606
3.06880707
6.12699247
0.16280246
4.97265625
11.31574690
17.07812500
9.40689938
3.41797872
15.73437500
7.37239251
8.17480718
14.73789391
2.75228280
7.82063719
2.12272218
7.91210439
1.47656748
15.04718972
1.90202903
4.94921875
2.08007812
18.52834746
5.67057126
5.50716312
3.16634032
0.95638187
16.71581782
10.98551640
6.62679078
6.38281250
8.84439938
7.85872562
3.54134032
19.12662345
4.07259530
17.30078125
2.81803468
4.75162345
3.10189217
3.97102782
6.22233156
13.89159907
2.68880374
5.42545656
2.40429688
5.81314938
10.57747562
6.12500000
6.45703125
18.03619136
2.76074468
15.66238403
1.81933594
18.54394282
5.38606937
9.47233156
0.61376953
1.40039062
4.23828125
7.99218750
5.71613254
16.21355496
3.77929688
18.27310284
8.67301765
2.44303967
4.92578125
1.12125485
23.25878389
7.27734375
9.73079344
2.05045656
22.34244127
5.18880873
1.96679688
8.37206782
12.36393063
5.19401374
11.33593750
4.59733156
10.26562500
5.79784907
2.20801030
19.91113032
12.96727768
4.10547872
12.19173094
7.51953125
15.96972158
3.62272717
6.38671875
2.65234375
5.60416251
2.86784186
10.15983156
2.86328125
16.49641844
1.69905640
1.10432984
6.71695922
0.09507264
0.53068055
10.68554688
8.64843750
2.80664062
8.05468750
7.18033688
0.16829593
10.62141844
10.92740470
6.01007536
6.60939494
6.12076906
7.98046875
4.02049535
14.59579115
7.33691655
9.15918218
1.68815187
7.99218750
2.10351562
5.91829344
11.51724845
5.72103280
4.86392066
26.17767282
4.58871232
3.90625000
9.33007314
19.07422373
7.99641844
5.57631428
10.19289228
11.53743407
12.75260500
15.91633782
10.21386968
10.70377438
2.84310062
2.24381593
6.66796875
4.24955231
7.12154144
1.79935699
0.12154144
11.05566157
2.59472905
15.13751552
10.91359042
10.05045656
10.32649158
4.52116467
5.01171875
5.14843750
14.97004876
2.32177734
5.95215093
7.83951906
2.47851562
7.45703125
7.89159907
5.86230718
4.99218750
10.74348626
1.87956061
11.50488032
2.88769780
5.33563232
7.57421875
17.15396720
5.79915780
6.39094969
4.44596188
3.14160405
6.82031250
19.65849292
8.58369458
5.27343750
4.12890625
14.65754876
5.92871343
13.12076906
6.50390625
1.09277344
1.01464844
12.82519282
1.49609624
1.86132812
14.52441406
5.62890625
2.03906250
4.98046875
12.58723626
14.10807624
2.37304688
9.13052970
9.82519282
5.58333998
0.23400879
2.50032469
11.68814938
5.42090093
7.98794161
2.83041777
9.19531250
0.13488770
26.62109375
1.84830314
4.57861702
0.73421265
11.51269282
10.31525488
3.98455230
1.57812500
11.75260001
8.96354001
4.90722407
4.67253435
5.84375000
6.83203125
0.83268063
16.22981937
1.55078125
4.57552819
13.10895285
5.25765763
13.67968750
20.90656472
2.23991965
5.24218750
17.24517842
4.32122783
11.43553771
8.63655765
4.39811281
0.72053953
3.63399324
0.73189301
4.99251219
5.41406250
1.95019282
2.30403812
8.87858156
26.34342531
12.09634254
10.08789561
4.06379876
11.35970966
6.64811281
3.54101562
1.88932250
11.17789672
9.71451906
15.97823847
8.51025640
13.13930630
4.55991245
14.42577128
7.33073249
12.43685560
2.94531250
16.46337766
5.23582614
16.82133806
6.53353529
14.88704344
1.72916750
11.32177412
4.20410904
0.75455812
9.16339318
7.31512244
9.31054688
7.32031250
2.98665282
5.24186281
8.94531250
8.04621814
7.37662345
4.60547872
2.98046875
18.42317376
7.49088874
2.99185284
4.56674091
9.20312500
4.66340814
3.46614749
6.15658577
4.10937500
3.57812500
1.80761719
7.68261719
12.94757536
31.32879183
4.37109375
2.98712490
5.04217198
10.48079344
0.08024172
0.65917969
0.81951904
12.10351562
5.99218750
11.93391844
10.47233156
14.11523438
5.87695312
6.73046875
2.82421875
16.95327239
21.88503448
6.24576906
11.61751219
8.25471922
4.27278812
10.10675754
2.56511746
5.19173094
3.02897218
13.16502660
5.09278590
11.12141844
6.90983156
8.32355442
7.62761746
15.13834220
5.84245124
18.33268063
7.72558843
3.07226562
5.12939453
2.44368407
5.90297464
7.65234375
3.87239251
2.76497562
3.37272218
9.75358156
4.80859375
6.63671875
22.36783688
10.07161624
9.83146055
0.21614687
4.23046875
9.62141844
8.92545656
6.48079344
4.21061281
12.25488032
0.72949468
13.54687500
15.67415282
5.91764406
6.18391844
5.35514406
13.44497784
5.47299091
2.78906250
9.46458611
5.26269282
7.06803967
1.62304688
2.47851562
10.84179688
2.95507812
12.45312500
4.77376219
0.81412843
1.10091063
4.43326906
5.83203125
5.70703125
3.65462157
5.71842531
1.29566120
4.67057624
4.01534330
4.42578125
18.89338985
3.67106327
11.87467282
5.91341312
11.28548094
1.66959718
2.20898438
13.02017066
5.22592309
6.05859375
11.46875000
4.84862783
2.17611092
3.11686281
11.04687500
2.78320312
6.44140625
4.58927305
11.08063387
5.45574246
6.60090814
16.53384752
5.35921764
16.87679078
13.16569093
2.80273438
10.73079344
6.45312500
18.41406250
13.01562500
13.32031001
8.39713874
2.50781250
6.66568595
10.55224734
17.70735594
21.42789672
19.40072030
20.13346188
3.58138187
4.75390625
9.69238032
11.21028812
11.25781250
6.29655031
1.01660156
14.33430408
20.21061779
4.41406250
2.51953125
9.22298094
9.36295656
2.60742188
14.26788786
3.11101839
2.41015625
9.05759974
21.59083776
2.49316157
4.42480718
10.98079344
3.30240470
2.30273936
11.09753418
8.35709220
2.01986092
8.51919659
2.94955341
2.95507812
16.35579344
5.28515625
5.36686281
3.85937500
2.30637655
11.00259752
11.01564494
11.19759530
8.06364140
12.01513298
17.78385749
5.24576906
10.17284907
6.79622562
13.67952515
0.27058961
2.23079344
3.44368407
0.93392093
4.94921875
15.24641844
14.22656250
23.86548204
6.41927748
15.35457274
6.16471188
2.83463874
11.29931516
0.37353640
11.85644282
8.67871343
3.93554688
12.57812500
13.88281250
8.38281250
4.04687500
23.11750222
17.48829122
3.93717531
10.10579344
3.43522218
20.25634766
21.37336658
4.64225842
16.48665032
3.31901374
16.22542235
3.33951906
4.88313719
12.91406250
19.31411348
6.84213652
9.14485594
8.46451906
5.18383026
9.21093750
7.93326906
1.20019531
0.80468501
8.97883782
17.00749279
6.75000000
12.01204344
2.63509032
2.74935062
28.10644282
7.04980718
5.00000000
1.92285156
8.74836658
6.56087655
4.55794437
1.20996094
7.85546875
6.83152926
4.02003324
12.58233600
11.22658244
3.81803468
8.24218750
10.35937500
0.68212891
1.05957031
2.61718750
8.08715820
2.07326502
5.54575354
3.94726562
10.28125000
11.10579344
2.07389406
11.53906250
9.45735594
14.29166002
2.49707779
15.66406250
3.23828125
8.39843750
0.27542965
22.07226064
17.77180408
5.74903590
15.49429300
16.22901263
13.85156250
7.58138187
6.37532469
6.12076906
5.22265625
7.64843750
1.75291972
3.00000997
6.48079344
1.26334718
4.47265625
4.47199690
4.28972185
1.67968750
6.62239251
0.25602546
7.64843750
4.68750000
6.33105469
12.77636719
5.80859375
14.85156250
6.78515625
0.74267578
12.66536126
1.71484624
14.39030031
12.82812500
9.60579344
2.14257812
5.20280031
1.58203125
4.61718750
10.27343750
4.23469969
6.01920656
16.48567376
12.71745124
1.82324219
9.81250000
7.02734375
4.38247784
11.95117686
18.99804937
3.29427249
17.37109375
15.69470215
16.46939938
4.02099734
0.38606812
3.98242188
8.81086658
16.20540780
8.74153812
2.37695312
7.68750000
4.56640625
14.89257314
3.37305186
3.25976562
14.68814938
3.09114749
4.33203125
6.92578125
4.24218750
12.79784409
3.86817154
13.90820312
13.90625000
5.73534907
14.48437500
13.38834220
3.68099623
8.73860594
8.59309065
0.97592060
9.61718750
26.76495538
6.92643063
4.70117686
11.42968750
10.52343750
8.00813719
0.12076906
9.28319814
2.05469248
11.14289783
4.40039561
7.86295656
24.99609375
20.36718750
7.56385029
0.25548564
6.21516844
7.10514406
0.76074219
5.13410129
3.18327404
1.68653091
20.27343750
7.85742188
17.37500000
3.91601562
5.53906250
12.60351064
7.92773936
5.71875000
10.03906250
10.04687500
17.11718002
8.48535904
19.68164062
17.53125000
8.88704344
5.55045656
1.64746094
14.46799557
4.59700687
13.84375000
6.70208095
2.55827404
2.28515625
9.95084220
8.24447030
7.12923094
14.00553468
7.88287296
1.95183372
7.31966312
6.94140625
9.38639406
6.05078125
3.36751219
18.98437500
3.96516595
3.03548592
12.91406250
26.53906250
12.09081782
2.32129155
11.77766844
7.74218750
12.39550532
2.34635749
5.42187500
17.89453125
12.19937256
4.05376826
7.17513187
15.39420656
10.53807846
5.13021498
9.39241578
11.28125000
2.01611204
10.32747562
2.20898438
13.76204344
1.03971437
5.56640625
3.90625000
14.18098626
4.47200687
3.33333499
0.27372192
0.05653932
1.47656250
10.02343750
6.72330563
7.65983156
5.29264406
9.17187500
15.02343750
5.52148438
19.73437500
17.48535156
12.86978502
3.44662123
9.16048094
8.96451906
21.91035491
12.34374502
3.23861591
8.27766844
5.77896720
12.98275155
5.64062500
12.16601313
7.27636968
1.79459718
1.58496094
5.96093750
2.21247905
0.09208638
4.14062500
8.87628879
3.62761746
12.96956048
18.28483156
37.75976064
7.87598404
9.54866453
9.49706782
10.54199468
3.21842531
15.18033688
10.07031250
13.79264406
0.03690676
5.74609375
21.37988032
15.43457280
3.47460938
10.17968750
5.89453125
7.47656250
33.06747862
12.51920656
1.63020750
10.24641844
1.31282718
10.62500000
4.14453125
29.16088867
29.98079344
5.54655031
36.40852283
25.42643063
6.11426529
11.77115470
3.23698249
1.62760500
10.33235594
14.49836658
4.27083998
1.53613281
13.85579344
3.61978751
3.00586436
6.97656250
10.95312500
10.90266844
6.46842531
4.72656250
1.60742188
2.08235594
13.57389406
28.28774261
21.69852214
0.26465841
6.97265625
1.27050781
23.52050532
11.58137190
10.87468528
17.85758422
7.35823360
2.68164312
6.75781250
10.33235594
10.84765625
6.64811281
20.49316157
1.04785405
0.10520172
7.33593750
0.95166016
9.72656250
6.72752660
9.29591090
6.35546875
10.58235594
9.53319814
3.39062500
9.56250000
9.04850842
19.21140958
3.22999667
11.60579344
6.76139406
2.29687500
15.49478502
2.39779310
14.09016844
8.19303468
2.17578125
15.76562500
1.68945312
14.07031001
3.32715093
11.71337392
16.69385264
15.36490470
0.56478280
13.02961658
6.15007092
20.01334220
7.76790780
13.19140625
21.82096188
4.49251219
15.15983156
10.97591312
3.77539062
17.11751219
14.65266844
3.32161624
9.95312500
1.67675781
5.15625000
0.01574707
22.98632314
2.01953623
5.08203125
21.09765625
5.81640625
18.30175532
7.03418218
2.15136719
16.21875000
3.86946532
21.31119626
4.15527593
16.55988254
18.18621121
11.95800532
4.47558843
19.33788564
8.31152344
3.11328623
30.40427195
15.81316932
9.38412123
6.21484375
8.51562500
2.50390625
8.41406250
4.71875000
2.14648438
6.23958001
8.06901374
8.67610594
5.32063719
1.25618656
15.24282940
9.03158466
2.10156250
16.92187500
10.74641844
2.37272218
13.56250000
2.46289062
18.62401596
9.03646498
7.76171875
20.00358156
9.53125000
6.05680297
-0.03106139
4.60156250
8.76562500
7.06250000
0.00886536
10.99283688
14.32030752
5.19662123
4.05078125
18.33072252
6.56380873
5.30859375
15.43750000
9.38704344
6.49967531
0.88623047
14.92187500
14.24836658
4.54069592
10.77766844
3.66276125
7.53548094
7.59554078
0.78450562
0.09191895
15.46093750
13.52050781
1.53808594
6.78906250
12.42187500
10.39127438
2.68164062
12.85091312
10.43750000
28.11582892
6.96229608
2.43164062
9.88605940
12.63802748
13.68293440
2.55665059
6.33593750
13.01985594
0.98893312
2.93196532
8.57356439
4.86230718
6.96028812
3.13671875
1.72460938
3.08203125
3.24267454
2.77490359
13.38704344
0.25406984
7.86328125
3.57812500
25.46426392
2.09830563
12.90560062
3.34375000
15.01251552
0.34750886
13.77701906
0.13419679
9.04687500
5.62890625
2.99804688
9.88704344
0.27416992
12.26025266
2.18082890
1.91665753
4.97689716
6.63866689
5.98665780
5.01920656
3.60156250
10.22298094
5.79459718
6.67187500
12.91406250
2.53710938
13.98437500
1.66992188
13.12825189
13.57877438
4.30664561
14.80419922
5.38281250
0.97583008
9.82031250
1.89746094
18.23893063
6.89778812
2.02929688
7.92252438
5.83299535
1.39487089
0.34155273
1.56640625
6.98656303
11.08886968
10.56380374
22.41796875
4.15625000
9.67968750
5.28906250
5.65893555
12.70312500
2.77539062
3.83984375
12.26383422
0.96370484
2.58203125
11.63281250
5.54101562
23.62597656
2.08007812
8.04182735
0.43766484
0.76562500
8.12141844
13.04394282
1.25358405
1.08496094
14.47004876
21.12141844
0.58609486
7.95532512
5.54687500
5.72656250
1.88769531
15.11393063
4.30078125
1.53613281
13.66829344
1.54004155
5.75910129
6.48699246
1.97851562
4.30501219
0.93489500
5.62825687
0.68359375
4.24153563
0.97819093
3.06640625
3.56477782
0.47428468
3.85546875
0.06976318
0.34375000
2.01171875
5.72265625
3.00552970
11.62972296
0.19751101
3.26790282
0.66406250
4.10123781
12.45019531
5.43359375
16.87467033
3.28548592
4.99641844
4.87858156
4.23828125
9.82031250
1.16699219
0.21046873
0.23746828
2.10546875
2.30468750
1.43261719
8.69954095
11.98014406
0.23193609
3.14094969
2.03287843
7.87109375
6.96093750
8.07551751
11.35807624
7.45507812
8.58593750
10.28906250
5.11328125
4.03515625
8.44531250
9.81444814
2.87630374
11.57487311
0.37963867
5.55859375
10.23079344
7.60969969
9.53841312
6.23632812
7.06673094
10.90983156
2.19531250
3.60188719
6.01659907
4.75683843
4.36295656
6.41271942
0.38806183
9.44140625
4.44531250
8.89843750
6.11523438
11.49749228
10.91764406
0.34277344
10.43130098
3.55307402
1.02759259
2.98600343
0.75846437
4.59765625
8.69531250
0.99462891
1.45930907
5.08170656
2.22265625
0.25097656
7.79296377
7.77930186
2.98046875
14.36254883
1.17355347
2.58463376
12.58170656
5.08463625
9.00000000
6.43750000
12.93359375
27.81616211
19.97782516
18.77408439
5.54948249
6.20280031
3.13671875
14.81347656
1.21582031
4.42708001
13.37011968
11.25520501
2.39486092
9.11004210
10.28125000
14.54166002
11.48177748
3.63541501
4.20638187
7.14094969
2.50488032
11.80192390
1.45279782
9.53928382
12.00000000
3.54557126
8.46810062
2.78091534
5.42220966
2.21679688
20.38704344
10.35839595
2.38867188
4.03385749
4.12890625
4.41361481
3.95357269
4.83593750
1.98925781
2.65823966
6.20931405
16.49641844
1.57324219
9.20670656
3.93164062
8.89843750
8.20133422
3.41585328
7.33626219
0.21329836
8.08039783
4.56073262
6.16015625
2.66048094
14.58772703
3.56933345
8.54557624
2.51269282
4.91703358
6.00781250
8.72656250
0.45955321
1.02604250
29.53319814
1.79687998
5.25878906
5.48632812
1.85253906
9.13281250
2.47656250
9.01985594
4.54687500
1.33658937
3.25390625
0.34716797
0.69563719
6.20280031
3.88085938
2.72460938
14.71875000
9.07096188
5.19596188
10.45442376
7.18913342
13.79394282
5.77636968
13.71451906
14.96516844
7.89420656
6.19954344
2.46061281
5.60546875
6.47506054
2.11947528
3.27148438
28.03222158
7.06055186
7.43945312
7.00520501
5.04980718
14.92447252
4.86035904
2.44921875
3.41015625
18.50903320
17.95166016
14.21093750
1.20471191
4.18359375
5.43782469
1.44368407
5.48013409
10.91016622
7.19173094
11.79817376
4.69336436
4.26171875
18.69563719
0.65446047
33.06151596
8.33692154
8.65026855
15.42421592
3.55698027
4.50977061
4.01204344
8.87206782
3.89323249
13.42097961
0.02717102
2.85046387
9.79329344
5.16459581
6.15246231
4.57722649
9.06543218
3.55045656
1.80859375
7.58984375
29.66471188
6.32356937
7.14453125
5.81965814
12.90495124
0.90506334
6.86458998
2.16210938
5.49934065
9.02019060
2.70703125
3.77783079
1.90576296
0.83203125
6.24575909
17.14877216
3.19205563
4.66027029
4.35156250
4.81640625
4.98339096
6.67676529
4.62109375
12.07421875
8.57454344
11.63281250
3.82389406
9.20198360
0.37077031
7.57844969
14.61718750
6.44693595
4.03059813
4.71289561
4.53092531
18.57199287
9.84375000
6.87109375
18.57356439
3.36686281
3.00683843
3.36360594
15.20735594
5.58724124
5.95703125
11.47363032
5.90983156
7.92122562
4.15234375
0.64013672
21.48828125
4.70312500
5.58593750
7.46875000
4.16975579
5.95182624
13.28125000
8.16406250
7.25423094
6.27701906
10.78157469
3.19628657
7.46159186
3.97851562
8.10579344
9.31217531
3.88281250
31.46516844
3.98795656
6.18750000
2.03710938
1.51204344
6.65428192
5.66179964
2.73486328
24.12043440
7.99317154
7.12272218
32.39062500
11.26204344
3.64420656
11.04687500
3.03742908
5.57975842
1.96582031
11.32454344
1.60139642
5.64290780
8.20735594
9.09375000
8.20730261
6.67187500
10.08626219
2.50162843
1.56607907
6.90950687
5.26562500
5.00032469
3.93326906
8.63281250
5.52147939
2.30859873
3.96418939
4.17155031
6.43652593
0.69824219
1.30273438
3.99803691
2.84961934
11.52343750
1.44759032
11.41764406
16.16796875
8.42187500
6.30468750
0.31176758
0.50808716
0.63330078
4.14062500
2.30078125
6.53612035
8.30795434
6.00911126
0.40560311
9.25193817
12.02540558
1.15234375
2.39257812
8.13867188
7.26415517
10.43652842
3.53840814
5.18294437
3.18619626
2.72428468
5.23459200
6.56966312
5.40625000
6.16015625
1.52734375
3.26789783
1.74186779
8.26724845
9.02994875
2.44140625
4.26432624
3.30468750
6.01953125
1.65429688
13.56673094
16.24641844
21.85123781
4.87076906
7.78157469
8.40625000
14.57226064
2.46647717
19.11816406
5.12890625
9.88281250
1.20117188
2.35156250
0.02590942
6.18782469
4.11661119
8.71973404
2.45703125
6.82421875
3.62695312
13.69661126
5.00260749
3.42578125
1.80239473
1.14487089
7.08203125
14.85579344
16.15625000
4.35123781
6.92187500
7.50064938
16.66113281
7.37044437
3.28514379
1.79786402
3.36360345
4.84245124
7.33203125
1.48046875
3.60156250
9.45930408
5.62516858
14.47298094
3.84342531
1.99316406
6.18115234
4.59375000
13.28564453
11.59211907
8.02213874
4.98828125
9.10937500
13.40266844
1.85123781
7.85546875
8.90625000
9.50878906
6.98242188
3.83007812
1.54394531
5.08203125
3.24609375
8.34016844
7.96777095
9.39176640
0.66015750
7.06640625
3.36783688
4.87435062
2.68618629
1.91928246
14.59700189
7.49088874
1.72558594
4.87890625
2.32031250
7.35847961
0.07035340
4.04036126
3.48893561
6.04003657
13.16504155
7.08333001
2.07715093
31.29295878
6.37468528
2.65625000
5.95281484
18.08538818
20.44531250
2.27734375
22.46369238
11.83741356
4.62858156
11.08939606
0.06337494
16.85351064
8.77148936
16.92187500
11.16048094
1.96508291
4.40527593
7.22916999
6.14453125
24.57942376
13.37011968
6.69108156
14.84558105
4.28906250
8.13281250
3.62955563
2.71028812
13.86132314
3.26204842
10.58170656
9.33593750
2.01953125
6.84585924
11.90560560
19.28971188
5.95670656
5.34342531
9.30891844
20.15983156
5.44237035
2.63770777
2.58592255
1.31837433
5.13134766
4.55859375
10.79687500
4.79329344
9.36295656
8.18750000
7.08203125
2.20703125
1.65722656
13.54817376
6.86800421
1.79378297
10.76391352
8.33105718
14.50471922
11.26367188
7.76530031
3.51985594
1.84537843
0.80859375
10.40632307
5.51628435
19.69173094
3.55826906
8.50846188
16.29524657
6.45280031
4.91393097
13.68216072
6.82423121
4.07031250
7.37825687
2.82812500
7.77050532
2.49316655
4.46093750
20.82649158
4.97038342
6.27343750
10.75781250
0.85742188
4.94954344
9.72147707
1.24316406
3.59212157
13.83884974
3.82130651
20.16959718
3.15820312
9.03906250
9.75781250
6.80793939
2.51237311
12.27026367
3.30468750
1.03222656
11.76952128
1.85938497
9.23919678
12.97101286
4.45867464
0.38183594
18.13664246
4.29491440
5.75879654
12.83593750
6.45703125
17.81127930
9.65625000
21.14876219
5.09334227
4.54426751
9.53711436
14.02118434
6.30989251
3.38444592
0.95898438
30.57844720
34.50748781
13.98958499
7.53824953
2.26074219
19.72753906
22.21288564
12.30697030
1.76985594
7.90950687
7.92544659
5.23080341
3.84602782
6.34439938
11.64094969
18.97233156
8.36783688
7.49088874
18.96451906
6.08593750
13.04101562
15.64127438
20.27603004
7.97624778
10.37793218
7.10546875
14.24771720
3.67806405
10.99979489
4.30794437
19.16406250
12.92968750
1.96972656
4.20735594
8.57389406
1.86718750
9.00804065
7.86654670
3.49056405
23.04801266
1.38606937
16.77668939
2.71549811
15.29341008
3.54883311
3.80468750
4.05859375
37.83203125
10.46907220
5.69010749
12.32942376
9.37793218
10.51593972
1.72396996
6.60546875
7.36751219
14.15869016
14.48193484
6.37858156
2.29296875
9.01562500
7.34960439
3.47852061
18.78710439
6.78711436
10.13281250
12.03548094
2.79264406
0.60139891
4.61620595
36.44727061
13.96727394
3.32146387
6.61751219
14.55790285
2.84179688
0.34863281
6.23436503
1.46680684
8.57307860
3.18912843
1.14062500
9.79980220
16.23828374
3.19335938
7.22932735
14.42106327
3.59765625
31.47851562
7.75000000
15.50846188
1.60579593
0.32641602
11.93813941
2.80795434
13.24763914
5.06445063
8.63150377
15.52865248
3.09440436
5.51863586
0.11661805
8.94237035
6.33497340
7.07812500
3.35484293
6.70557513
3.73567874
22.76643797
7.99609375
2.27311281
14.94362193
6.02572030
1.42480469
6.24869127
0.98763685
16.05175532
14.63965093
16.86230220
4.87402593
9.80305408
1.44694592
8.93945312
2.47460938
4.48437500
10.26985594
3.04296875
0.21354250
22.43737030
3.61620595
22.17480967
6.21093750
6.54687500
2.48437500
7.39453125
0.42187500
6.21581782
3.00097905
14.06250000
7.04848848
7.79949246
3.33821532
5.12120874
8.04329344
4.69367908
4.48568373
3.83528314
15.69824219
14.37076906
6.24511968
17.44368407
13.93945312
0.70231203
9.06160461
0.07572449
11.45735594
8.87768617
0.03483094
5.95930657
31.29313483
6.01399158
20.95084220
10.80860372
4.35676751
17.57682624
31.98860594
13.48860096
7.02083998
12.45222961
1.91300476
2.27343750
0.62475337
7.83447515
6.83626219
1.60905031
12.26204344
10.23437500
0.79264406
6.03727172
0.13753297
6.64453125
10.12695312
4.03906250
1.08691406
22.38769282
11.22906590
9.93261968
3.61718750
11.35644531
6.30501219
1.76530031
16.16308594
6.23828125
15.30891844
25.50878657
7.15754876
2.59310560
2.21289062
7.87564689
8.35514406
5.95735594
17.08854499
13.06642631
7.76953125
4.87109375
14.07629145
0.31885015
10.14973626
3.33659186
0.72119141
13.27929688
6.02343750
6.53125000
18.11708494
25.11783688
10.67122562
3.01139406
5.06250000
7.83983378
8.80192390
6.54915780
3.29590093
17.41829344
12.72851562
3.82975343
15.82519282
3.90234375
1.42578374
6.19531250
11.59960938
4.89843750
8.62141844
1.79069093
9.13834220
12.77343750
4.92415780
9.08137689
33.93294437
2.77278812
14.23437500
6.05403314
4.12760749
11.01985594
3.22298094
6.89778812
0.97998047
17.84375000
3.93977782
10.81438622
12.04801640
9.84489140
8.00064938
12.81185062
4.44954344
0.73746828
1.16829344
1.04264406
5.03515625
2.80859375
22.93342642
22.41618295
5.23079344
5.33561281
14.27343750
7.49609375
6.69531250
2.32421875
7.96711658
4.57585217
3.24023438
18.75617908
18.36523936
10.72786126
6.38118905
1.60156250
1.11816406
0.02212524
6.13671626
4.47981937
7.04264406
9.19302970
9.27572030
6.61751219
6.56998781
3.17773438
0.47241086
3.24560671
4.23437500
9.16145501
15.44270999
7.85091312
1.70978987
2.16895279
4.95182375
11.60579344
2.43131593
11.56053192
2.09962433
36.46516346
8.78093029
3.02929688
5.11328125
8.72656250
1.61864487
12.28743656
6.94108654
6.54296875
7.41796875
15.90657469
13.03906250
5.32421875
23.72670989
5.18051418
4.40885749
11.12401596
1.68848404
2.01757812
9.35351562
6.86816157
3.36230718
8.34798094
2.79850343
10.43521720
1.92025155
19.06867908
11.55273936
11.36067376
13.17707503
10.64747340
2.75211547
2.24429300
2.70281028
2.61718750
10.99218750
3.29881816
2.72266622
14.75000000
8.95963126
3.11393561
5.16764406
2.94531250
6.89843750
5.75781250
7.16406250
27.07962887
10.28060062
4.69140625
3.01171875
13.15625000
4.20703125
8.30891844
11.44889406
14.90851286
9.47494902
4.31185062
0.04571174
1.59773805
10.94531250
8.52343750
48.99348626
2.38151374
7.16796875
2.46183102
3.10872562
12.15266844
4.51953125
14.59554078
0.46614625
5.92187500
5.47265625
13.40625000
10.38605940
2.14746841
2.44108156
21.10255227
1.68229499
2.02929688
12.16800902
1.48664160
7.53809840
17.54101064
3.30338874
21.28742908
7.20833998
7.08951906
1.94661375
6.44108156
19.94140625
13.50525328
3.69562722
6.07357934
3.47688719
21.53113997
6.27800310
16.76139406
5.37469482
2.20117188
18.67219969
8.97656250
1.01627687
3.19335938
13.03320312
16.74494238
36.05290669
7.84407718
5.23437500
3.41764406
5.34375000
19.43750000
11.07495117
15.24023438
8.56835938
3.56640625
4.45800532
16.46028812
4.55045656
5.99218750
1.35449219
2.25602172
-0.00971435
4.31899380
20.68441046
8.87891622
7.38330452
0.33447266
19.10937500
16.78808345
10.62435062
10.30045656
8.21355409
2.00716810
9.00781250
12.41829344
9.34504876
17.82080203
3.59781860
7.33919437
5.75325687
9.67773438
32.47851562
9.00781250
2.50048828
16.85579344
10.96875000
3.47623781
4.24022939
7.80078623
2.98046875
13.39062500
3.15297319
1.25913618
0.06457520
0.25716063
6.22037345
7.98428176
11.01562500
7.50520501
9.95182624
1.55891346
6.62272717
44.00455314
11.79305428
4.74804189
5.43444178
11.58593750
8.28320312
6.80859375
3.34179688
14.52766844
11.34798094
11.42545656
4.60514406
12.30533688
12.07356937
12.01269282
2.72558843
13.11718750
8.20149158
6.11947030
1.31575687
2.16601562
10.63117908
7.56413342
14.84375000
3.10253657
1.36133062
29.69173094
4.82975343
5.94140625
5.47656250
11.22298094
2.66373283
3.85352061
14.64593184
9.57129654
14.55045656
4.11197751
4.65169437
5.44140625
5.78125000
9.37500000
3.73437500
0.22827148
5.10546875
10.38281250
14.28189938
0.68066531
2.44905640
12.10156250
0.04983521
15.58560284
10.13770279
4.31185062
5.80598626
3.74153812
2.12272218
2.38378657
3.58317390
33.83984375
4.27734375
2.72476674
3.19254765
4.73763187
9.08300532
2.19368905
46.21679688
8.74560547
7.74218750
3.82682126
7.56185062
2.66796875
2.02929688
11.47721188
8.30955287
6.62925088
7.00585439
9.80339909
10.68555186
5.60188719
1.42545656
7.51953125
3.21289062
0.34741211
14.31087157
15.19010500
3.21875000
16.58658688
1.57942874
11.28548094
5.23405031
3.76171875
5.38118157
0.11271055
7.56307070
20.56673094
1.68229250
0.69775391
9.66894282
13.12793218
8.52343750
11.84521235
4.94344304
0.02625550
4.97363281
17.58203125
10.05468750
10.41242908
4.73991467
16.78125000
6.27799313
3.58919437
9.19173094
0.46549562
17.71256095
17.84993905
10.95312500
0.34838867
10.89062500
6.90754128
4.18327903
6.65625000
1.39160156
7.98925532
11.17154034
14.00326684
3.01204344
8.65625000
5.58951906
0.67683587
1.78776374
6.54687500
16.21289062
13.83845696
3.79557624
12.01512572
1.26204344
8.02441157
10.89290780
0.48608398
1.96897411
6.27555172
3.88606937
3.28775876
5.05436281
5.23795656
4.96126219
0.78501589
0.34844848
2.31640625
8.86954088
7.02930186
1.70182375
6.60937500
13.20409907
16.61083112
1.43669824
13.97621565
0.25962420
11.39843750
5.26724845
1.17513436
7.62109375
3.42089844
5.10969969
4.97623781
2.31054688
10.94335938
0.57666016
16.75454844
5.31217531
2.91731937
9.57031250
2.04687500
2.87092767
6.54166999
1.87109375
6.12109375
4.85937500
4.76594969
2.77115968
20.27755737
5.96875000
14.16406250
4.63052970
0.28060311
7.44238281
3.95703125
11.23437500
10.81250000
3.48469969
13.75960328
3.63850953
15.92317376
10.57031250
3.15104499
3.49609375
15.06705563
1.79931765
8.11897828
0.19604492
3.18863766
8.35872562
4.41796875
6.73307126
11.26920656
5.40625000
2.65983156
2.29687500
6.98729721
10.37403091
4.92968750
3.58789062
9.77343750
12.65625000
9.02668440
1.61784685
13.95214595
17.95670656
5.63997562
4.18001219
8.03125000
9.81608156
0.28344727
5.42610594
2.74381593
16.31250000
5.58203125
8.60579344
11.16273426
14.75163342
14.25000000
7.68717531
15.17187500
7.67578125
4.55078125
1.41210938
12.10904533
5.20540780
5.82877438
4.72591312
1.45410156
5.89127438
6.72298094
8.33886968
4.95377438
5.53483156
4.22493157
12.87337655
2.07031250
2.35058594
10.98436503
2.80274434
6.16406250
2.52375790
0.75944523
1.61717753
1.60547872
5.42578125
4.12890625
1.53255125
3.03287843
12.10741689
4.03711436
11.09375000
20.16894282
12.92903812
2.56803468
6.17578125
7.14062500
1.86523438
15.08235594
11.71777095
5.02636968
7.50000000
4.21061281
3.28320312
10.82681627
9.54850842
2.38248781
25.42968750
20.26268784
2.61995858
10.95182624
4.28548094
13.27701906
1.99999502
5.83822030
4.33170656
1.42187500
8.15625000
15.62988032
9.31966312
22.90787433
15.51791029
8.52766844
15.42740968
4.36751219
2.77001704
5.38648811
3.49120845
2.61816655
1.73046875
12.34764628
1.40040059
10.70343972
10.21843528
15.84651485
5.67692265
13.09375000
1.22232907
12.32193844
6.07503546
3.97444703
0.28833008
4.34765625
9.38052970
3.68587655
1.72167969
6.25162594
5.74935062
13.66406250
15.55012689
15.45247562
3.15950687
0.42187500
1.66796875
6.55924313
1.80208499
10.26562500
8.30891844
0.80045656
2.50585938
17.48095703
1.92773438
3.79492188
13.51204344
1.02050781
2.08170656
4.85156250
7.10546875
8.37500000
9.45117188
14.52733378
3.26954122
17.73274407
3.44010749
18.86913564
1.52474374
14.02408937
8.55712891
5.35546875
10.11718750
9.50781250
1.87207031
12.78189938
10.18001468
2.98437500
15.96093750
18.38313719
3.72819093
7.81070922
0.59114625
11.61783688
9.23795656
1.21752182
5.81511247
6.10937500
6.07454344
13.12923094
3.55012689
10.14648936
2.67545158
10.02213874
12.36620346
3.50879654
6.73405031
3.40168440
8.37175310
2.85937500
2.44921377
5.74414561
11.94954344
12.58170656
1.42480469
10.47298094
2.97233156
5.00097407
16.40136968
13.37500000
11.19954344
3.56803468
7.90657469
5.61295656
3.81217033
3.36361092
14.06867160
5.45997340
11.08235594
8.07747562
4.12109375
4.12890625
12.17187500
8.62206782
11.79718972
2.30144558
6.26204344
2.38867188
2.06347407
6.27604499
8.16829344
10.49381593
6.46484375
25.01745605
2.52539062
10.41829344
13.34375000
1.83561281
19.97192383
7.93359375
6.32421875
2.63085938
7.03906250
0.18054199
19.12531472
16.09082779
6.28418218
5.81640625
15.67545656
0.76513672
15.49771720
6.30697030
2.81640625
5.16275377
1.57943373
4.97265625
7.84960439
3.02344248
2.16015625
6.44791002
11.27238475
1.43009585
8.16406250
7.80555458
16.46615248
3.54492188
8.62141844
6.65983156
9.20312500
0.44946289
21.89218609
4.94075687
10.22656250
0.05511475
1.57519531
10.89973626
9.72492908
4.69955341
1.00000000
7.09407469
8.91177970
8.99023936
0.05639648
12.41243157
15.81750738
3.58170656
11.49218750
1.63476562
15.26985594
7.33723626
2.84798592
8.57031250
2.92187500
0.01032257
1.47558594
11.34798094
3.80305408
12.16097296
5.14648064
9.80208998
6.98795656
2.38085938
3.30468750
16.99511719
13.54817376
1.91504155
1.86425781
15.00097407
10.47004876
3.63021498
10.51562500
7.04557126
6.99544437
13.10579344
2.53287843
1.80664062
1.43391844
3.73990968
2.06640625
9.64127438
1.32845218
20.23114014
11.50000000
12.63704344
1.11002687
3.92578125
2.65266844
6.27049535
4.57716090
8.90201906
12.89062500
6.01985594
3.92545656
6.16015625
15.26399158
3.17546154
9.18750000
8.45994349
13.36883089
12.49739749
11.72525626
6.56933843
8.54329593
4.18359375
10.98632812
11.19173094
20.43033688
12.66699468
1.22753906
10.73323360
0.30631718
10.62597407
2.81543218
22.11359597
6.14128435
8.16764406
7.05403812
6.21484375
11.63281250
4.69726064
2.75000498
15.70312500
8.42968750
4.21093750
9.70019282
2.98730718
9.36360594
8.74901845
10.18913342
0.79882812
9.11734486
9.43734264
17.57246062
17.40625000
10.20670656
4.88801751
4.49479499
16.25259752
1.49154310
9.12010971
0.42830009
10.65763741
5.22070312
18.60644531
2.40234375
16.54329344
9.81608156
22.60168457
18.06640625
25.82812500
19.07812500
14.84146720
3.22103280
10.79687500
11.75650876
12.72395999
9.30566406
5.96875000
17.43391844
4.29687500
2.50944093
8.84341534
7.46908466
0.81591797
5.80240470
6.19791999
17.86295656
13.77229610
2.65380984
13.29264406
1.31054688
13.81738032
0.05395757
12.32747313
5.37858156
16.86197252
1.97038342
4.21842531
10.47363032
2.05566655
10.56216534
1.90853778
1.13378906
7.42740470
8.84569814
3.55892841
3.55273438
2.04516103
14.13802499
5.56608156
19.98437500
5.30468750
4.68750000
5.46289062
15.37756348
11.80468750
6.30533688
11.73372562
2.01334469
14.11195095
3.43750000
13.06314938
16.84895999
10.04296626
12.09668218
10.38947737
8.27962157
6.35580341
4.44921875
5.12141844
13.38248781
1.07910156
2.18164062
7.11751219
3.51139406
1.14680907
10.83772828
6.91015625
8.04866578
6.84798094
9.83365968
8.52343750
11.36539672
13.80745235
3.09863530
9.83658688
3.35286624
14.38671875
2.38476562
2.96484375
15.78189938
1.74739749
5.45051751
3.92448249
6.55501219
2.18359375
9.59733156
8.60156250
7.43814938
3.21810062
9.35579344
4.17936281
12.78254876
5.88932624
3.28320312
7.42187500
19.17317376
7.78418218
15.77050532
7.39355718
3.38639406
16.32096188
8.71810062
5.45703125
11.58593750
6.21614251
4.54948249
5.16015625
0.55419922
1.91601562
14.14127438
11.18750000
7.20117188
7.97233156
1.98339844
5.22233156
9.16048094
8.15112367
0.25138367
0.65429688
5.39062500
13.66113032
4.30598626
1.26921154
5.05501219
1.14440669
7.40495124
8.32543883
0.08471742
1.55151367
2.95312500
10.58593750
11.33235594
13.02701906
0.48608398
13.79452515
3.13281250
15.56835938
15.02832031
11.82617188
1.34721947
2.95898438
10.66829344
12.57633547
6.52766844
5.46451906
4.59977172
1.58772828
0.72395750
14.81217531
16.13769531
3.61718750
8.92968750
9.03906250
1.52148438
2.62695312
8.36718750
4.10375977
11.24836658
6.06803967
17.89453125
3.94531250
16.87298584
10.54687500
13.46093750
10.07258533
6.72428967
8.28375244
6.03125000
9.87500000
3.57617188
10.49641844
16.66829344
14.46809065
5.68750997
8.68750000
17.05029297
9.69531250
15.65625000
1.77246094
7.39453125
13.69238032
1.97981937
3.78483156
8.78906250
7.55078125
3.98242188
5.61718750
2.30859375
0.01058197
5.32812500
14.56250000
7.17968750
0.30297852
6.08918939
8.54980718
9.14127438
2.14746343
7.09375000
8.65625000
0.01390076
4.89062500
14.85351562
1.92968750
7.46305297
0.43880250
4.92968750
4.00781250
10.85937500
3.20312500
1.90803829
0.16984257
1.46484375
7.94693595
2.06673592
1.19628906
12.69856439
12.93595710
4.59765625
6.49609375
7.28157469
10.68456782
0.67252936
14.44775992
6.61165780
2.87709553
0.78696697
2.49609375
13.63020501
1.92350593
3.83593750
8.17879211
0.56486023
10.29329344
5.60514406
21.13342285
10.82096188
17.60154900
13.48560069
6.88704344
10.13460328
4.63883422
8.21708222
0.37097199
9.01562500
2.43945312
8.78906250
0.03007507
1.50488281
13.56932846
15.30990248
4.37858156
8.93098626
6.58073249
3.96679688
3.64843750
10.91406250
9.15625000
0.59912109
7.14453125
12.77148438
8.13281250
9.73437500
11.23892066
0.59018090
8.31884766
1.90039062
6.68359375
8.07812500
8.24218750
7.49055907
2.25358156
4.03125000
12.30712766
0.58886843
2.73242188
6.68750000
0.74230459
0.98633311
11.16048094
8.22541736
2.94466810
20.67187500
18.60579344
10.55663564
6.09180186
1.37467531
2.51953125
6.07486813
0.30005007
6.39241578
8.53125000
13.21093750
12.89648438
7.91796875
11.74218750
1.99804688
3.90852782
7.32031250
3.17773438
13.23014406
5.55110594
14.87858156
10.17578125
1.55110594
0.73632812
0.26481141
2.37182679
0.17114258
18.81738032
6.37402593
18.69954344
8.12500000
1.84863281
9.21711658
3.20052748
12.68032691
3.56186059
20.67871094
9.73079344
5.88248781
5.66015625
1.92073235
10.69401374
3.74674313
6.22200687
16.57454344
5.41764406
2.46679688
7.21484375
3.83756095
8.97884530
3.96679688
11.74641844
12.72721188
11.25781250
2.30566655
12.12500000
3.03580563
0.72933109
2.22460938
6.80859375
1.81607658
6.22884530
15.55955785
6.00896387
2.85335328
2.42382812
4.65657469
26.23046875
8.14485594
4.83919437
9.76562500
9.31250000
13.19661126
2.40299811
10.00000000
0.36596680
2.80273438
8.02441157
8.60872562
0.87858156
6.40266844
5.35610318
4.07521276
7.15055297
0.45784547
11.74462766
0.12988406
10.07063221
14.40495124
5.72981937
4.58561281
13.36718750
2.58593750
4.42968750
21.06929442
12.97298094
13.83951906
8.81608156
2.55664062
2.86360594
10.97363032
3.00911624
8.70100330
4.78255873
19.76871828
3.31445312
10.95865470
12.74447030
1.66503906
0.20739071
9.24576906
16.98795656
8.38281250
0.13415527
6.96126219
18.75000000
14.96647218
13.98437500
0.78141235
5.53189938
1.31266484
1.34765625
9.58983378
6.05079122
1.20019531
13.61277926
4.73097074
0.70605469
10.76562500
0.43847656
0.05133057
17.07096188
13.72656250
5.67545656
6.36425532
10.78418218
7.94563719
14.16829593
4.66015625
1.94140625
9.32031250
12.06834442
5.31852172
0.63071198
4.10546875
2.09846673
6.51041999
8.74641844
11.31673094
1.35677249
13.05175532
12.76855718
5.14062500
7.52734375
7.30533688
22.51497562
1.83593750
12.71093750
7.40038564
13.08398936
7.90266844
1.71419188
12.21028812
4.62890625
18.65038564
11.57780031
6.57650155
1.96386719
16.63751552
1.21404698
12.11718750
4.71516844
7.67936281
15.45410156
10.97998047
3.94726562
4.04687500
5.36539672
0.02925660
11.98339844
15.43033688
2.58333499
17.07226562
11.06673094
8.44954344
4.60384281
1.97851562
14.97721188
12.89778812
0.76562500
4.51562500
11.77636220
3.93945811
8.75064938
14.67512806
15.56200798
0.54785530
7.05110594
0.57324219
14.58495346
6.17644060
1.28222656
14.14583001
2.77604499
19.00032469
4.23795656
1.39648438
6.89680408
1.47233654
7.76562500
1.67382812
6.79817376
11.92659796
1.53694703
7.99771720
2.99447030
11.69010251
8.13997562
14.95898438
3.43977782
2.38053468
14.77254211
0.41251648
2.91992188
8.69954344
9.57096188
10.59318293
9.58398936
1.35351562
4.01562500
0.01797485
14.86328125
11.36718750
7.55859375
5.70051751
3.48893561
3.71679688
8.55891844
7.15592531
15.69759032
3.22428468
17.08625222
9.19401374
7.61035904
1.32519531
11.40949690
3.74675310
5.93359375
12.84798094
3.10319093
3.45735594
0.36832765
16.68847656
4.05078125
10.12923094
12.84764628
2.02898215
0.56738281
10.94758782
3.19206061
10.15445922
0.60530640
1.90755125
12.96093750
10.57454344
0.53759890
11.74658079
6.54231937
9.88704344
3.45475343
5.33300532
2.68261968
8.48437500
3.98437500
4.92968750
5.87923094
9.66959220
5.26172373
9.62141844
4.90201906
1.35053445
2.48650169
14.65625000
6.12500000
9.35579344
0.00547365
0.94091797
15.06119626
7.85514406
8.55609209
1.37021896
2.55273438
17.82454344
3.81217531
0.94091797
10.01269282
9.24511968
14.88704344
3.95280031
10.34016844
2.76334718
6.19531250
1.19921875
11.26887190
2.65495622
13.18228751
4.52181405
3.29589844
17.19921875
17.59016844
6.66796875
2.06217531
6.94921875
8.96223626
5.68782469
12.93978280
17.66752106
0.09547943
7.24641844
1.12467531
1.24609375
8.62923094
16.11458001
5.71322030
5.72688719
7.38671875
4.19921875
17.17155031
10.80617611
14.53450687
8.23860594
6.90983156
0.03117371
6.24804189
11.73242686
11.44254516
2.87109375
8.02718140
10.91406250
5.75000000
10.50129876
2.09440436
16.33203125
6.89843750
3.37337157
12.04687500
8.01920656
2.05273438
8.63346188
2.73567874
8.35351562
6.12532469
5.67155031
10.49218750
6.70703125
10.09569814
16.55697030
4.65592531
10.57226562
5.29296875
3.33626219
6.61489473
3.71681183
14.11360594
0.48942140
23.77310284
5.63737810
11.65201906
5.55078125
17.51562500
10.54687500
17.67610469
1.94213929
0.12321109
14.05664062
3.99251219
22.63671875
33.22883533
16.11703139
5.23860594
1.10905031
8.98079344
1.03710938
6.47444703
17.11506206
17.15169437
4.39551529
16.42838625
7.39453125
30.91015625
4.54687500
3.62304688
5.34375000
11.21093750
18.31379876
8.29557624
15.79329344
8.94889406
15.46289062
6.16406250
8.71516844
13.05468750
1.06347656
6.06250000
0.67545656
13.32610336
5.31348404
4.47656250
15.92968750
6.93847407
7.12435062
4.35123781
2.17024657
5.48958001
16.94466312
9.44824468
13.20914672
1.21272828
12.80110594
7.85123781
0.86523438
0.13020750
5.41796875
5.47233156
11.71875000
1.61035156
10.04524158
9.04199468
4.36979499
3.44140625
21.10921141
21.89940659
8.19206560
20.98046875
15.11718750
1.90625000
13.33593750
11.39353724
2.06544713
14.00474014
9.27650986
3.89453125
2.70703125
14.84536348
0.97299589
4.45312500
14.57418911
6.06575687
4.43391844
12.05045656
3.60025876
1.20540531
18.61685783
14.84041445
7.31421210
24.19921875
17.98828125
8.43456782
7.67513187
14.82389406
9.91869545
5.68782469
2.40397218
1.57617188
7.62532469
16.83170656
5.12500000
11.84798094
6.42447252
2.09278091
4.63671875
1.47753906
10.90282580
7.26904920
1.70507812
8.11457004
2.18425808
13.02961907
