0.04508422
19.11507203
14.04687500
8.73417902
9.83414672
1.99397828
7.66015625
3.24003051
4.13704344
1.64599734
1.46289062
10.30533688
6.21419437
7.49641844
9.32389406
0.30322266
6.67187500
0.00421524
25.36523438
2.52945922
8.01562500
12.01822751
0.89860234
18.98111813
15.80256829
9.91211436
0.25683594
1.85156250
7.47656250
10.96695922
3.55647828
8.85758422
4.95491578
11.31314938
0.66845828
0.55330321
0.38769656
6.09765625
9.89843750
3.59960938
4.50390625
2.23242188
12.29687500
1.73339844
15.47216672
2.62646609
2.15039062
0.89453125
3.65104001
1.74153812
2.07421875
1.96483877
3.58008311
14.79508422
60.43212766
24.28450687
2.98046875
1.07617188
8.59439938
0.09480960
2.78515625
14.38281250
11.64810284
9.79459220
3.18621121
2.60156250
9.39062500
5.96875000
3.72298094
3.72819093
4.68359375
6.88295989
5.28533355
12.27701906
2.78342199
0.07399989
20.89843750
11.52684176
0.58253324
11.90997740
11.94775266
13.68748878
11.93230496
9.49632751
1.41947449
9.98860594
6.99397828
2.29280640
8.25682846
1.77930435
2.06835938
7.25390625
6.29296875
8.13844803
1.06858322
11.11197252
1.09017592
6.41324454
33.77994875
2.14909186
4.49218750
11.92252438
3.35046542
0.22261566
1.59765625
13.57405516
6.22224489
4.83417254
3.63118656
11.72265625
13.24218750
22.31477283
11.44432846
6.48699246
11.28548094
0.10705566
6.91373781
4.39453125
6.46875000
11.44238424
8.97656250
5.80859375
2.03125000
6.87923094
8.17545656
19.56852172
0.48714234
0.36864648
4.75260749
1.59667969
9.66113032
1.05566655
11.26985594
15.60122784
1.13672872
11.43196282
4.76074468
10.34877352
6.36328125
1.15917969
0.11914062
6.76953125
10.89485594
2.48990968
1.11718750
11.30468750
24.20898438
5.63671875
5.01171875
2.40625000
21.23583112
7.30323138
7.46191157
2.67593736
8.95345966
4.67578125
0.34667969
10.14062500
0.26757812
5.56673094
2.22656250
2.09342531
5.03157469
0.98014406
1.07128906
14.72167969
12.80761719
6.18750000
3.19335938
0.79589844
5.88281250
6.97265625
8.53906250
1.84407469
0.00767092
6.95344969
1.21061281
17.15754876
7.57796515
13.20588985
22.57470080
0.72998919
31.76464844
2.15429688
12.47508644
4.63819481
0.79670674
0.69364971
1.86230469
13.92306517
19.12771608
0.14367676
13.18945312
18.10579344
4.21061281
3.73632812
4.70772505
0.00286484
2.40039062
14.41373283
12.32014891
3.65039561
9.69954344
2.69596437
5.89575195
0.73486328
6.98828125
14.69757536
15.07651152
5.18294437
10.32454344
1.67545656
1.49511719
7.84065049
5.17888076
9.72656250
21.12890625
1.09911860
1.01497562
2.58365968
0.99544188
10.02343750
4.48795656
18.86156853
2.18668329
8.95052748
4.53515625
6.52734375
7.91796875
2.53906250
1.03613032
5.84277593
6.80305408
0.15967295
4.87858156
17.56152095
18.04687500
3.23177249
3.27506593
9.99641844
4.86295656
2.39062500
12.98437500
3.57323970
4.34081782
2.23242686
2.67578125
7.26562500
2.19352172
1.26643922
12.50000000
1.10041985
3.85026374
1.05957031
11.21875000
1.52148188
4.78027593
9.40298316
3.06186059
0.96435547
7.41015625
5.01953125
7.38671875
0.66552734
2.64257812
0.46240234
0.00318336
5.54687500
3.33007812
10.25194814
5.82617686
4.20410156
0.45605344
2.68505984
0.23425293
2.42187500
3.56445312
1.88378906
11.51562500
13.66423704
0.43439577
1.78653556
11.79980718
1.18294437
6.94921875
8.76204344
5.56819703
1.56917359
12.51204344
7.66617797
5.09521609
3.99495235
0.27555546
3.40625000
1.37500000
16.67675532
3.26758062
1.26660156
7.82031250
0.12390137
4.06640625
12.98437500
0.75244141
1.83691406
8.94173094
10.75683345
4.56510749
6.11328125
4.82421875
1.23242188
2.46108115
0.67824135
0.21809937
9.48437500
1.91503906
1.13915517
2.97461436
10.17187500
0.39928950
0.27197515
12.38793945
7.91406250
7.37768555
6.13311100
5.77734375
3.83593750
8.20312500
0.06995605
20.56200798
8.80361481
2.50335549
11.63085439
12.55403812
2.29166999
9.42219969
6.23828125
8.17280153
6.82421875
11.49283688
4.07356937
3.08789062
9.46093750
3.23111315
10.37141844
1.76856216
0.09169006
8.27164672
14.11116578
10.32812500
1.12890625
4.28906250
2.42578125
7.89094969
11.45507314
11.53288342
2.41894033
5.84570811
1.52050781
6.99023438
2.77734375
1.96093750
3.06835938
7.43391844
14.71061281
20.24771720
12.93782967
5.22656250
7.10496676
1.31690824
5.93359375
0.79199219
10.03906250
2.99539360
0.51486030
7.10188719
1.77897218
7.16406250
0.47542235
0.18937258
0.25508543
6.46744875
4.12597656
6.59407469
21.71712157
6.69498781
13.41715578
18.45312500
6.00000000
17.21646720
5.39290780
2.91406250
8.28125000
0.38964844
1.10676751
6.79166999
5.87109375
4.43750000
6.49609375
5.46841783
7.24772717
5.01530031
26.75390625
10.07812500
3.84000610
12.35400266
5.09439938
7.36002438
5.96126219
5.92197224
0.38386040
0.52880859
3.97167969
10.30208001
16.92903812
10.84733156
6.88150377
2.33496841
10.75781250
3.63867188
8.39224845
3.93620124
6.01920656
6.97265625
6.05078125
2.95930907
3.81608156
17.86751219
5.44140625
1.06608156
7.70312500
0.02923584
7.52766844
8.68237367
0.14314758
14.67187500
5.15413453
7.35457336
19.15941822
15.54915780
3.81770999
7.73258422
3.08186890
9.38704344
10.89062500
11.39550532
3.45980108
1.36702515
16.64013298
11.93864140
4.40454940
12.40730122
16.11783688
2.20442874
11.95214844
11.30142066
0.49350121
7.46744376
2.15104499
3.87076906
10.90625000
1.37890625
0.62060547
1.88118407
10.82389406
1.37532469
-0.02760740
1.83300781
1.26771400
0.96029809
2.96093750
10.24218750
6.85367797
2.21468140
3.86930297
4.95882203
5.66796875
3.63622798
7.65771609
1.60302859
2.40625000
14.53613032
24.92545656
7.28841312
1.88671875
7.32486813
6.62824690
1.17188497
5.06696127
26.32841814
2.39615968
4.03092531
13.18750000
3.48632812
8.30956782
3.81152593
5.90234375
4.75390625
5.48437500
15.27050532
8.39485594
14.17301765
1.16341063
2.41992188
7.90201906
9.67968750
0.51611328
0.01355743
1.38183594
13.86425781
14.40689938
12.05664062
2.28255374
10.18750000
0.01531982
3.69140625
24.32399490
0.72825119
11.31054688
6.49086880
0.12924839
7.87530475
2.14422650
0.93710929
5.58073249
6.84342531
2.49609375
0.76806641
14.77410933
14.12809328
17.82633422
15.59619016
2.92513187
9.49283688
10.64625623
0.22711782
2.36914062
39.01358883
10.59732907
2.31543218
2.26757812
11.49576906
0.05728149
3.51367188
5.67578125
0.24731445
2.71679688
14.05468750
22.05272939
6.93082890
12.91878546
16.75974070
20.13869181
17.06836436
15.99169548
8.84424202
3.34960938
9.41406250
16.89192376
4.15527593
7.61295656
0.78076172
7.82031250
0.17390930
0.99799850
0.63265763
1.40429688
4.03515625
1.69042969
8.23258422
16.34683954
5.63151374
0.13769531
14.53125000
20.27050532
2.80371343
0.33813477
6.01171875
0.51564078
2.43310422
2.36361092
13.64778812
4.10156250
11.75911126
11.62101507
0.67407289
9.68163564
4.42383311
2.10351562
12.02896720
2.48861092
4.33203125
15.56705563
7.92903812
2.67016602
6.23111813
1.14485843
4.73828125
12.12564938
1.61067874
3.99023438
7.45629883
5.03632737
6.76074468
3.22265625
5.59765625
9.01383422
0.96796983
2.85254654
6.50781250
3.99218750
10.85937500
0.31747187
4.85449468
1.82128906
1.00976562
0.00890350
8.20312500
1.65429688
3.23828125
2.02527883
4.36947030
8.38687423
1.81640625
11.58593750
15.79329344
0.07682375
0.12493896
1.77929688
0.99837157
2.37304688
2.30436281
3.60351562
9.76562500
4.33593750
6.05078125
1.91503408
2.81836436
12.79036126
3.33138187
0.27474124
3.70702128
4.23047872
16.38516401
1.13827349
15.14843750
5.29003408
5.91211436
5.61751219
6.42545656
3.97265625
12.61360594
16.19954344
1.68880374
2.38476562
7.20940132
0.19990044
8.42187500
17.56250000
23.79333576
4.92553631
10.35610816
3.72982934
10.67700133
3.97143617
0.87613766
-0.04642575
4.36522939
6.45768063
7.98779920
13.34554078
7.77734375
3.09960938
6.27644836
0.11539734
1.09863281
11.43015958
1.15187167
1.96386719
12.84602532
20.60920019
1.76482324
3.98242188
12.89127438
3.75520999
9.50781250
4.90820312
6.41406250
12.96516844
4.63639406
0.27583739
5.44498781
5.30078125
3.44140625
5.88793883
0.18151918
10.12500000
16.67317376
1.37077155
15.25194814
3.88900155
3.73405031
2.50390625
13.07226562
11.13899158
12.61100842
1.87548828
13.35278320
4.92187500
2.33789062
12.76227804
8.22882536
3.03647495
12.10156250
20.15234375
4.33805297
0.99787955
3.45898936
2.31250000
2.10384032
2.84342531
12.82812500
8.62564938
0.94661624
8.84765625
7.75422596
2.71647717
9.93750000
8.97298094
3.80142565
11.58692154
6.87532469
3.00162843
3.41796875
6.40266844
15.00783495
1.76391602
1.28808594
7.09503158
0.67059342
3.59016844
7.73673967
1.53255125
2.05436281
1.90917969
3.45540282
10.62076906
12.72656250
1.84189205
8.87286014
3.01562500
8.03906250
11.09375000
12.36783688
3.04231937
4.81673094
3.01838362
3.15658466
5.36328125
20.26757812
14.88964844
1.41210938
13.88066703
4.22884530
7.54687500
15.80468750
1.45930907
0.24454836
12.27246094
5.32192598
7.11980496
2.50748781
2.30891844
3.66373781
6.19531250
0.45361328
2.45636442
1.44304964
10.51334220
1.09212655
4.10326650
10.46680186
5.80468750
9.84927970
2.46322030
0.01756287
16.37353524
3.82845966
14.75000000
14.40299313
1.90169437
2.66634032
5.37467531
6.84586547
15.43393495
18.02408688
19.24863024
2.56511247
3.30859375
12.04662899
0.24170109
16.50059789
0.96583277
10.30369319
3.94075687
4.66406250
5.10905031
9.04687500
12.06250000
0.14465332
16.30859375
1.95996094
13.80468750
6.83984375
0.28247070
15.86155918
9.54444668
0.10479736
0.27925110
2.05535889
1.59765625
6.16015625
8.23771055
2.40519226
6.91373781
7.25390625
7.11718750
6.08203125
0.00340462
6.97557846
3.72396498
12.59144343
16.78352782
2.10579842
6.59765625
9.91048094
4.93359375
6.63248781
3.71679688
5.22265625
9.80289672
0.21183812
1.14041653
17.36881344
20.62825189
2.10937998
7.85546875
3.48632812
0.95117188
6.11360594
18.47499779
5.25335549
2.44319703
8.73339844
5.59765625
11.44173094
15.48860594
4.51236813
14.16699468
5.48437500
3.68766235
0.32397586
2.72656250
10.46875000
4.82031250
5.44140625
17.68619127
4.34115248
0.39233398
10.70133422
2.40999390
16.51171875
13.38374006
7.29183732
5.26741578
12.65396720
32.97233156
6.68261968
7.85514406
13.55078125
2.20898438
14.75064938
9.20006982
0.09908549
36.27636719
3.52766844
3.19889406
10.22460938
2.73828125
0.83416748
10.83414672
4.63460328
17.25846188
3.33138187
13.15234375
2.44759032
26.14635945
13.79427748
1.17480967
16.07812500
7.51171875
14.02343750
5.84765625
7.08203125
23.48258422
15.25569205
4.15072030
3.53092531
4.24218750
8.59977172
6.20882203
5.46875000
8.90625000
2.71093750
5.76953125
20.27879084
2.16504155
13.37500000
8.46605386
2.65113364
4.40234375
16.06640127
2.94141123
25.39810284
2.72103778
13.05664062
4.28125000
7.16796875
3.51367188
4.39453125
5.25781250
4.22265625
6.98435506
6.48081338
0.84586672
1.84960938
9.35579344
2.83658937
5.98046875
18.92626330
17.74691046
11.21239362
19.02499162
8.63281250
0.88395265
20.48437500
14.93750000
11.11604610
2.62028202
9.03547097
3.42758200
2.43929078
10.99706782
6.29980718
17.73437500
10.81673094
7.87858156
4.26953125
0.35546875
14.98079344
2.56998033
1.47364029
3.46679688
4.63671875
1.14843750
6.03213854
9.63444592
14.78971188
18.27897218
3.45442874
5.19140625
7.47298094
19.64420656
7.16406250
0.79541016
2.03924062
3.51986092
1.17875767
3.70898438
12.55826906
7.67187500
1.33398438
3.15234375
0.86035156
0.38183594
8.07226562
9.64062500
11.30609638
0.68609112
10.19173094
3.79068844
2.50911624
17.10937500
0.56168703
2.35546875
10.16372784
3.39486591
4.53515625
13.37500000
0.86767578
0.29052734
10.83495346
12.53418716
2.16634032
1.87760500
7.12500000
6.78125000
23.64062500
5.91227172
3.09163453
2.13671875
16.56629704
9.83578014
1.92482712
5.55859375
7.18847656
12.48273909
1.86589372
4.08739362
11.38892474
3.15820312
1.00048579
6.99771720
4.99840523
6.89876219
19.28483156
4.42757203
10.19123892
5.93587655
6.96596770
3.85955230
11.92858762
3.56819952
15.19176530
6.50288786
4.14551529
5.83170656
14.69954344
10.30110594
8.74935062
7.78108516
12.56103640
4.81217531
4.31215039
7.86167774
0.88022717
2.29457751
9.75390625
1.48535156
9.03677970
5.47362534
3.07796553
16.96875000
3.01757812
8.17968750
17.01204344
15.57812500
1.73405031
0.15087891
2.07397668
4.61004432
2.66699219
33.39166529
4.01751440
13.07096188
11.75716312
8.39176142
4.59456671
4.34399533
7.92284907
7.83886968
1.03010985
1.52897218
8.52343750
5.59765625
0.89697016
0.05981695
15.62531472
17.24095925
1.49993696
10.22656250
2.33789062
0.33325071
2.57763796
10.79459220
11.20150155
9.05468750
1.82324219
0.94384766
3.51367188
2.27734375
8.26358821
0.23600468
3.00089539
7.04263908
11.21159186
16.72851064
23.79292370
3.64062500
1.87109375
11.03613281
5.05175781
5.67773438
5.54687500
5.28125000
17.66111038
27.14357712
9.40721659
7.32845966
2.77604001
7.70215093
0.22644043
1.55403563
4.21256593
1.46679688
0.02934265
1.76953125
7.93587157
12.79085328
2.45312375
6.60709718
3.13053468
14.69531250
11.05468750
1.64941406
1.11816406
2.02717019
1.75489029
3.00456061
5.81160461
0.18023619
4.34252494
1.79256538
14.91048094
18.29069093
10.18140214
0.72022357
4.45312500
13.41258644
14.30451187
6.06055061
10.16959220
5.21712655
4.80078125
10.92773438
12.71777344
10.74564606
0.88814301
10.09375000
1.16780267
8.37319925
6.87159574
12.35644282
12.27201573
12.32059287
11.83284796
9.58528812
1.74414062
8.15071033
3.15593029
2.42203735
2.80452515
3.98242188
13.51204344
9.24576906
3.77945922
7.51741578
16.29524158
28.43800427
12.76204344
0.58414797
12.02343750
3.60742188
9.95312500
1.98242188
13.67187500
8.75129876
6.67333112
2.60857324
9.25000000
1.34667969
9.11360594
17.15852283
2.40169935
0.08557129
5.06673094
0.02836183
3.08007812
7.34797596
6.07975842
4.04296875
5.73893063
8.54687500
1.63020999
1.02246094
12.55891844
3.61588625
10.57031250
1.39843750
0.84228516
5.92512190
5.28581560
3.78710938
10.57633422
1.94319454
16.55175532
24.15535897
8.49576906
6.09765625
3.41992188
9.61132812
10.25000000
0.18627930
10.96906472
0.52800559
8.18314606
0.54569426
7.01725343
5.03125000
0.02511597
6.17578125
0.66992188
6.69726562
6.82421875
1.19824219
10.52408190
5.33724623
7.71484375
10.87944031
4.93359375
2.39648438
10.99673316
9.93799202
13.39160904
0.81770875
1.80859375
23.42312622
8.71372674
4.04799201
12.89371454
18.49332890
14.40642122
7.81250000
5.56021720
23.45025884
10.47591312
1.78222656
10.34179688
10.15625000
7.51171875
5.55468750
0.67497180
0.95671154
7.11718750
3.35351562
4.49218750
5.07812002
3.32227061
14.12141844
14.02050532
9.11978502
1.42579122
7.21484375
5.76953125
14.69531250
16.12178216
4.73307624
1.68489500
5.11718750
14.57299867
0.71427430
12.14680657
12.23730718
6.98968584
0.65207932
5.57812500
0.45947141
0.16626101
0.21313477
3.70913675
2.80062887
7.26594969
7.73999086
5.84378591
7.63086436
3.53906250
11.24950424
7.99610123
15.16015625
7.08300532
2.02603751
9.06460430
2.43326906
16.90266844
6.98616578
13.80257203
9.26822252
6.63412123
6.78548094
1.88183345
16.35962101
0.87508117
4.17155031
5.36360594
4.46028812
11.60579344
8.02799562
2.14648438
14.39062500
1.51171875
0.61376953
12.04101064
4.62305186
6.54361813
9.01692376
7.33040780
6.51920656
2.60579344
2.80436281
7.62336658
9.52254211
0.23739209
7.24218750
5.53125000
9.46158688
3.76106937
0.19848633
4.64957267
14.71370858
29.82354736
6.87337157
14.25210550
10.41195700
12.06217531
2.81250000
9.43293440
15.07259530
21.34527982
15.23594095
14.57389406
8.69531250
2.77539062
14.73046875
23.20235106
8.27701906
1.97656250
9.27539062
8.99438165
14.67651679
19.93391844
1.36783937
6.71907469
1.80577169
1.70757549
7.40136470
11.44075687
6.96842531
2.71093750
21.81245369
3.99083000
12.08593750
4.81555176
6.79150391
11.46516844
2.46061281
0.97948970
5.27734624
7.82617188
6.16406250
5.20312500
16.15916224
27.09506870
11.07746316
7.01889184
9.45312500
4.67186503
3.96094747
9.54817376
3.10612311
27.24536133
7.84375000
8.85937500
3.53157469
2.20475343
2.05468750
8.91242908
1.54069592
15.11620346
17.33015431
6.50774379
3.27343750
14.30110594
10.81525488
7.12582668
1.91796875
1.40478516
2.64648438
10.10156250
3.75390625
0.71484375
10.75195312
9.25064938
5.59472407
4.45931405
1.70019531
7.52197141
0.35424929
19.77766844
1.49177728
14.15445922
22.37907358
16.29508422
4.10725953
7.44189453
9.23554079
0.72539671
3.19726562
15.44954344
10.15201906
0.00553513
12.95377438
0.47585208
9.60937500
3.58984375
2.91015625
4.04394282
2.88769780
2.98437500
13.27473626
0.83960272
1.15714539
10.96842033
11.18570922
17.60351687
6.65104499
1.19726562
9.05663564
7.62793467
14.52945922
10.44726064
16.52718639
3.50325438
11.63444093
6.59407469
11.42610594
4.25325687
1.36621094
9.76464096
3.35254155
2.38086436
2.16992188
15.02180408
17.58333499
4.49186677
8.32812500
2.92578125
6.63281250
3.55859375
7.55891844
6.34375000
1.52408937
12.62335661
0.18033688
3.06575687
6.31250000
7.71093750
19.27180408
6.01335217
1.96582031
15.61132812
4.21126219
2.35937500
7.96451906
8.34375000
16.29508422
0.56429078
4.75781250
6.83105220
2.76692874
2.08007812
4.22233156
16.38346188
16.54231937
8.71695922
1.06819703
1.36816406
16.25000000
17.54670642
2.03483654
4.60937500
7.83203125
4.13671875
16.33918939
4.40885749
7.39453125
16.70117188
17.02246094
1.10058594
7.82291002
1.00716810
1.59472656
8.44075438
26.72835328
5.65702239
4.48856722
7.85546875
13.79329344
1.93717531
6.71484375
13.68570922
3.52911708
10.44728058
15.85449468
5.22086547
1.10725953
21.84504876
0.41577460
0.88321961
16.35675754
2.22332058
16.06003990
4.09230385
7.98437500
8.71516844
7.63085439
4.28288342
4.79133782
2.56706061
15.41536126
11.02457890
8.97412234
1.54101562
15.46887207
5.86718750
4.39062500
2.64257812
0.41040039
7.11567491
5.82031250
5.67968750
6.48632812
11.32031250
4.71875000
13.08235594
17.32584718
11.39453125
3.34960938
3.70312500
2.56640625
22.30895996
3.11718750
3.13867188
11.77766844
9.78287843
7.66406250
8.72656250
8.82031250
15.98713860
13.90812507
3.39843750
15.33658688
14.35872562
6.52766844
1.52701906
6.40625000
10.05956782
31.76650436
9.91416219
20.89874225
9.62891622
3.28093528
3.11718750
23.40950189
8.63151374
4.83203125
7.38281250
7.32031250
4.73828125
14.96939938
15.60481937
4.08235594
0.74967531
5.83984375
12.49039672
2.22672485
8.61718750
1.80240968
21.33658688
1.63020999
2.40234375
5.41406250
0.00313950
13.70343972
12.64812278
0.95180057
0.02864625
11.78579566
5.34766622
3.50716312
10.10156250
2.85351562
2.89648438
11.70442376
5.44401374
16.90933954
12.18774601
0.84383242
8.68750000
2.48046875
7.31640625
4.01593972
3.97624778
3.91992188
1.66796875
12.54490692
2.63478058
11.70312500
3.01204344
6.36328125
1.70995845
1.74479499
2.74641844
6.59016595
9.07682624
4.50748781
17.76464096
4.32877936
3.69010749
4.62076906
14.38281250
4.50390625
9.73437500
0.08123779
7.19140625
7.24039672
3.04816319
0.90215051
5.04037123
5.12044437
16.03857048
12.12882757
0.95760195
1.19921875
9.20930408
3.83366467
10.81802970
4.72168218
0.02706058
13.04996454
2.52602380
2.76922650
10.30728502
0.88314467
1.96289062
11.35937500
18.80061267
7.05632092
10.36718750
5.25781250
7.16796875
8.02343750
10.21875000
11.46950912
0.03643799
1.40136719
5.78125000
0.27441406
2.78320312
15.61360594
0.96647218
13.89908688
3.76399657
2.88769780
6.73828125
9.78035461
0.60294617
3.76953125
5.60937500
5.55468750
11.74120346
13.66195077
11.44222296
0.86995484
6.41796875
3.87654477
0.25358218
5.66406250
0.00189972
0.84594727
10.75000000
12.77831782
8.90918218
2.28710938
15.65625000
2.74837157
2.14225343
8.57812500
6.72330563
11.73372562
17.00129876
9.48730718
14.67057375
9.90672208
6.70265292
4.86948970
14.62530030
3.14778812
3.65820312
7.51171875
13.88997064
18.73747077
2.09798094
2.51920656
5.95409907
16.19824468
13.54687500
4.03515625
8.75064938
2.49739749
4.37109375
3.69734431
7.76945257
18.69497784
16.17644060
10.75976064
7.40788342
4.38671875
13.63800754
12.14452128
10.19141622
10.79460217
7.41927748
14.22298094
7.23763187
3.47070312
0.00176620
0.04577637
0.03900146
7.74251219
9.38639406
16.20312500
7.94140625
15.00911126
6.93229499
12.19173094
14.96451906
4.78906250
10.59375000
4.51171875
19.90625000
13.94531250
4.78548094
9.49576906
4.86751219
6.76072474
6.59441932
1.91308594
17.40363254
3.63152371
10.65217144
7.89763325
5.57031250
0.30493164
0.54166677
10.00586436
1.12402344
8.76562500
1.46158439
5.57519282
6.23177748
1.27689606
0.21223969
3.65429688
1.98339844
7.71093750
1.72167969
0.96240234
2.07226562
1.39062500
16.30891844
1.37337157
4.31966312
9.81250000
14.97656250
11.09977172
0.16585328
11.89062500
2.22135001
4.39681405
12.26599121
2.83365470
4.97493905
2.89062500
11.69238281
6.95539783
5.63444592
4.97590814
4.99218750
3.27409186
3.76757812
16.06835938
0.07525635
6.91617797
0.84016969
3.99218750
8.67773438
5.91015625
11.30468750
7.69954344
8.34342531
2.37500000
9.98437500
0.68652344
4.42578125
6.33626219
0.02323488
13.75000000
10.68750000
9.03254876
4.39323249
10.36718750
4.12532469
10.72819093
10.46451408
18.20345467
13.87141844
4.74967531
3.09960938
11.05468750
1.67805907
2.28873781
8.21093750
6.88281250
7.77164672
19.11116578
0.07165527
7.11328125
3.38671875
3.37337157
1.23698000
7.19531250
7.73632314
7.76367686
0.99267578
2.33876670
3.38315713
6.59765625
2.05664062
0.00065136
2.64778064
20.15136968
0.41862311
6.65625000
5.84798094
5.07780031
2.31835938
15.26269282
3.00293218
1.64160156
10.21875000
8.57275266
0.75879031
7.24218750
8.33007812
5.80859375
7.64127438
2.10677249
5.10156250
12.59798094
11.13248781
2.05859375
5.39062500
5.99641844
2.40006593
5.56673094
5.83951906
3.29913786
6.58432402
4.69921875
0.10461426
0.68099124
1.80081779
3.73340093
13.26920656
6.51622745
0.38541750
3.15592531
4.20312500
15.21695922
-0.01883910
0.19179198
7.89420656
0.00876617
3.14453125
1.80664062
0.02011108
3.91015625
2.71060533
4.06771498
5.50781250
0.83593750
9.07812500
7.02376219
4.08951906
4.76171875
8.06802472
3.56674091
7.48828125
8.47590315
2.44792497
13.64843750
1.14648438
7.00032469
2.17155031
8.77539062
1.25716063
14.13704344
6.31575687
12.26627438
-0.08628170
2.52539062
10.99836658
0.90593029
14.83129852
0.30456574
2.49023438
19.85685118
0.30843203
9.61913564
5.07877438
3.14779310
12.52343750
6.98762689
23.57877438
0.94368905
14.01985594
2.72981937
1.80468750
16.82421875
6.04687500
6.82421875
7.75390625
0.93261719
11.98860594
9.15201906
0.11462402
2.45222961
1.93058289
0.57031250
8.25781250
0.05032349
18.67154533
9.94401374
14.63120607
12.47656250
1.03743407
5.14420656
1.63671875
25.11913564
3.28922983
0.92366578
1.48535156
11.03125000
5.66406250
8.30891844
12.39467864
5.74171542
3.08007812
0.72330563
5.17122562
9.48437500
2.51757812
2.45507812
10.80135345
1.23535156
0.12784805
0.26308213
7.07421875
3.14453125
9.09992908
4.55143811
2.87500000
0.14516112
0.03690676
11.98437500
13.91283505
10.73795656
4.17936281
4.27343750
7.24641844
11.96549313
8.15560062
3.25358156
16.55891844
11.94531250
6.06802970
7.16992686
2.36328125
10.67870346
4.09864029
0.93603516
14.95442376
16.39030031
6.36832890
12.40022828
0.50830078
7.14062500
3.35253657
4.53808843
1.19042969
17.69075438
11.15804078
9.56250000
2.98616080
5.17773936
10.85156250
3.56578064
8.74641844
6.51212648
18.18131095
9.27572030
14.32031250
7.90234375
0.42163086
5.01000214
6.19921875
4.36299637
11.03830978
4.87500000
16.35937500
9.04687500
7.84277095
16.51530031
1.81966312
6.75064938
7.25716312
3.76953125
1.60351562
7.29719969
2.57780031
14.69531250
10.67187500
6.86816157
2.70703125
5.19466312
9.49218750
6.76920656
2.80468750
36.93391844
17.27180408
12.88265639
9.07096188
12.92578125
8.26920656
0.55794188
4.54687500
11.81518617
6.12523604
12.61263935
5.26953125
2.08984375
17.93620726
8.53742908
11.20052748
4.34375000
1.36621094
4.00781250
1.52148438
2.67773438
11.37744016
4.61149047
4.99544437
6.67879211
7.61808289
1.25292969
0.24955199
1.43245484
1.09684203
1.60352744
2.01410807
6.99218750
4.00000000
14.02408688
6.12467531
0.69938234
12.55271942
5.22462433
17.86978502
7.37206782
4.17175542
15.86799424
13.21794326
5.03125000
7.76627438
1.31868656
14.40461658
3.39485594
7.05420545
18.25472047
13.15689938
23.49739749
10.14062500
0.05059814
3.84570312
4.38354492
5.59375000
2.85188719
1.28678468
20.04623413
1.83886719
13.26562500
3.56640625
8.11999614
6.50695699
3.32812500
9.97298094
9.83951657
22.53027593
9.45019282
5.56152593
4.65266844
2.28483156
9.52766844
1.04491938
1.06901374
3.56445312
2.76236315
1.21712904
10.02343750
0.43945312
6.66992188
7.80859375
8.53125000
7.07421875
1.20703125
6.70572252
9.81336103
0.86494965
3.25781250
9.51562500
3.39469360
14.94710328
18.66730227
0.13758975
5.94498781
2.02539062
10.68750000
17.37139850
7.49578900
7.64062500
3.37360823
7.71192154
4.26139406
13.44531250
5.38704344
12.32171709
1.04270182
1.74902593
12.32812500
9.62500000
16.88346188
11.90364749
2.93945312
5.71907469
7.81217531
14.50781250
14.48111813
11.75325687
6.86002438
1.08528812
2.61393063
5.71028812
8.67968750
5.60156250
5.38736813
5.52669437
17.15625000
5.21516844
8.10448471
7.61035904
8.17545656
2.74609375
1.22949219
11.77945922
2.42236204
5.03450687
6.83397939
0.50977061
15.86701519
4.17432513
6.54655031
8.44531250
3.42968750
4.07974845
2.27572030
7.04783910
12.29591090
7.17968750
12.49218750
6.82421875
4.40625000
21.43619626
13.09634752
20.77847518
11.80519198
12.51692376
7.61979499
2.33789062
10.45914672
3.31624390
14.62841423
20.20361702
2.38281250
1.56640625
4.60985705
12.21436170
2.49218750
7.06250000
0.06234741
8.85579344
14.38281250
2.92187500
12.85937500
1.87418578
12.91955691
1.01367188
1.90039062
7.77734375
4.68700798
11.91455452
5.51171875
1.83007812
14.95312500
11.85594078
10.97054078
0.29793336
14.01189148
26.99503601
11.18750000
15.61002438
10.32812500
7.72688719
2.00683843
4.16796875
2.58626219
0.00828127
14.17114258
13.40719212
10.58581792
3.55078125
8.71875000
14.53906250
10.17187500
10.45735594
5.13248781
10.46093750
14.28906250
4.66406250
9.64062500
5.70735594
7.96907469
10.95247562
3.79882812
10.35156250
2.40039062
2.06250000
4.87890625
4.27343750
13.89485594
1.76432375
1.83691406
13.85579344
1.84537843
13.56679965
0.22519254
14.96875000
9.73916979
4.97787123
11.00000000
1.95572751
11.11653812
6.60937500
4.03125000
5.42089844
4.42578125
5.76769436
1.11462986
12.14843750
11.72363032
9.07145390
0.16451051
14.78986924
6.77392952
7.70182624
6.42521055
2.40242617
3.96712157
11.73706117
7.00040711
5.59765625
7.21907469
6.02311281
3.41992188
7.18001219
5.24316157
16.05175532
23.72964207
4.35792885
2.23632812
3.06958008
1.31347656
11.75488032
2.01269780
12.54687500
5.77571282
7.42830768
4.32421875
5.32812500
5.89453125
13.01985594
3.55826906
12.63704344
2.61295656
21.08203125
5.47069066
25.70216090
9.80586731
20.65747008
8.55045656
5.59255167
5.40233877
6.68956257
4.04860428
0.46067057
5.12076906
2.81966312
13.62174313
4.67773438
5.78873781
3.79557375
8.72656250
2.27319336
3.72493407
8.12076906
3.88476562
0.00430298
1.04719720
5.18685062
8.10091312
15.29524158
7.13444592
6.73046875
14.14353724
5.40528590
3.13672373
6.55322141
0.22656375
1.81347656
1.22799477
12.51823249
3.77538564
7.48242686
7.42578125
5.43782469
8.76562500
1.23307375
8.08593750
1.84179688
5.75455563
3.33333499
18.89452128
3.94251329
0.33337558
8.68520723
3.04916777
2.55664062
12.26154145
4.48487699
11.40983156
3.52148438
0.22326660
6.93359375
6.78645501
0.82584968
1.22167969
9.01041002
7.24740248
6.88281250
10.47720690
5.54427748
0.77685547
5.34977172
5.04296875
0.70426391
2.07470036
1.06608156
1.82714844
1.57666016
0.69531250
2.96174424
2.35856826
1.75292969
3.79492188
4.58203125
4.10188719
4.67155031
9.75259752
5.61458998
4.70703125
8.97150488
16.05761968
8.60368794
1.64550781
4.25000000
4.13162179
0.49142508
6.00878657
8.08658439
3.15951185
4.94140625
8.72656250
0.87841797
17.48567376
2.42448249
13.51562500
0.91243407
9.78483156
7.93799925
6.08593750
14.47980940
0.20573747
18.73567376
17.78418218
4.87076906
1.54394531
5.79296875
3.09977172
0.93196656
7.83267066
3.46420434
1.63867188
4.84375000
9.98002106
1.40865082
11.73079344
11.81379876
1.08333749
10.03125000
2.59179688
11.09016844
4.72216298
13.20117686
14.39241578
0.73030640
11.78677970
1.90267342
7.38745117
24.24819925
3.47055075
9.62500000
4.04296875
14.13556738
5.91732934
0.75569703
12.64485594
2.76204344
5.12825687
1.21484375
2.14468986
6.31120124
6.39811281
14.50747784
3.38705341
2.85156250
11.26123047
2.88085938
4.61328125
0.71061032
1.88020999
13.35579344
8.41764406
1.85872313
2.04069093
13.39192376
4.79336959
4.50220665
13.46743130
5.20834995
17.82876940
2.69076185
3.42578125
12.97477172
1.01350953
5.69531250
15.07161126
3.99479499
2.94173094
14.57389406
3.37500000
7.94531250
3.77539062
0.00514221
2.59407469
11.09585550
2.27296043
13.19132798
8.93311170
2.43326906
1.93750000
8.79687500
3.62109375
3.06249502
2.80273936
12.57031250
5.46875000
12.96060533
5.55208998
1.44042969
12.06852172
5.24788453
3.87500000
7.06167332
5.10629543
3.18359375
16.79687500
11.03393555
21.37141844
5.71842531
10.14062500
4.05891595
14.98307624
19.48046875
6.12744141
9.94462066
20.44999114
8.21939938
5.03674534
0.17358430
3.41015625
8.40688941
7.08627465
1.43164062
7.14062500
0.74804438
2.23535405
15.50781250
9.43717033
9.45182624
5.06608156
5.40234375
1.26790282
4.54655031
9.95035018
5.76449357
1.82031250
0.28391354
0.32503421
17.68164062
4.52554923
11.09774178
26.01789783
6.77897717
4.63281250
5.80078125
0.01838684
10.02343750
1.68261719
17.20930408
3.40007092
0.15429688
4.69921875
1.38802000
8.25358156
13.89550532
8.78418218
9.32725760
2.46647218
2.39453125
21.19417110
14.41552361
7.23991467
13.36645508
21.87987035
12.40951684
6.21126219
3.63020999
3.29134032
6.76920656
2.50976562
9.39062500
0.49877930
0.08428955
0.30285395
1.82715093
2.81054688
6.73437500
8.39647939
13.76985594
1.96647717
2.71239861
5.83252327
8.38281250
11.44302970
0.97493905
5.20703125
4.44531250
8.26757314
2.22656748
19.90266844
4.44498781
1.29003906
11.05891844
18.04638298
3.06299202
0.72428468
0.05709839
14.30468750
5.84178691
6.50814716
3.10709718
8.06282469
18.33951906
3.01724845
0.59896249
0.96728516
17.25226286
3.47885527
2.36263187
12.00423094
2.72819093
15.14111328
17.85918025
15.26289006
11.01562500
2.41992188
2.90429688
15.28140736
2.78613032
8.44027482
4.25390625
14.32934570
9.65454102
6.47656250
11.39705009
6.11466866
9.71499114
3.08579011
10.10248232
13.31086658
8.59831311
12.67349845
3.25651374
17.12467531
6.83593750
0.00039315
2.09570312
7.91829344
17.98795656
8.60937500
1.98037200
4.19907136
7.62890625
1.02441406
0.56542969
0.78906250
3.07941130
2.91179964
9.35156250
9.18098875
5.65298565
2.76172872
20.53971188
10.18723681
5.06602006
5.91950355
2.35002770
3.29101562
3.63297485
2.96133152
0.54101064
15.50586436
7.24609375
2.54296875
12.73860594
2.00162843
1.77539062
9.83121454
8.70849734
9.56185062
5.88281250
2.80370097
0.66504903
1.58105469
3.46093750
1.55521232
2.97298592
5.64843750
11.17968750
2.38476562
3.75813719
7.89062500
8.16764406
2.10758422
2.60725953
8.72656250
0.11077881
3.12304688
12.14093972
2.46062278
8.14384510
0.98926280
12.45996094
3.38899657
13.09733156
3.14257812
0.51904297
2.12076657
3.74544437
7.77766844
0.97383699
1.08931488
1.93294334
13.89664672
1.56429078
10.39664672
0.17098023
12.27269947
0.30103100
5.74923682
6.01701379
5.29329344
8.68929078
4.23225953
6.42859901
0.16462118
2.24113039
2.48828125
8.67968750
1.50000000
10.43812944
6.66343306
1.66503906
3.83203125
0.37255859
7.17578125
3.61978751
2.50228280
11.91406250
7.39876219
9.12858156
7.23046875
11.26562500
11.86679679
5.59212655
9.44531250
4.15624751
11.51855718
3.02929688
0.00238228
16.13281250
9.07812500
1.76562500
1.52441406
10.00000000
4.58626219
2.61295656
0.05160522
2.21875000
4.39257812
16.03125000
10.97041778
0.26444551
2.16406250
10.26985594
5.46663453
3.08577515
7.38281250
9.04166002
0.26498060
6.58984375
8.85579344
12.99283688
4.10449468
3.95703125
8.61523188
7.51660405
4.88671875
16.01562500
7.42187500
2.43587157
4.41764406
12.24218750
2.31445312
1.26367188
8.38281250
2.62955563
3.16927249
10.52180408
5.38835217
8.89843750
11.38281250
1.93554688
6.83984375
1.56835938
6.51000478
1.86914561
6.34960439
1.69336436
1.04882812
11.60937500
4.30117465
0.42245816
1.43945312
5.39745595
6.39258311
1.17382812
0.42236328
2.16406250
11.50000000
18.83658688
9.74153812
1.48600094
11.53125000
1.39485843
10.00000000
13.10579344
1.57698360
1.65804327
5.78125000
8.28918457
18.95540282
6.36686281
3.81445312
15.47656250
0.65527344
4.70703125
3.38736315
1.50130873
5.43359375
4.08984375
3.37500000
0.01441956
0.79101562
0.02232361
3.17773438
7.09375000
5.84374751
17.59163578
4.11295656
11.89257812
4.62255859
2.66015625
2.38671875
10.45149158
9.44303967
4.14876219
0.86295656
7.75032469
1.74869875
0.81770750
0.89176515
1.88964844
8.36034907
13.77343750
3.97949468
7.73828125
11.46223626
14.12370124
10.38541002
21.58105718
3.43815436
2.30353488
22.03158964
1.97851562
15.87271720
3.02376717
16.00423094
3.47916501
2.11035405
13.65266844
12.56673094
12.78971188
5.34245124
0.11999512
3.54101562
0.89599609
7.05143063
2.59618642
4.15755873
13.70734597
5.73796653
3.07421875
3.83593750
7.48437500
10.67187500
5.35188719
6.02311281
7.62013686
0.97166002
1.37890625
12.10156250
5.54207336
1.34757508
13.59814453
8.34521484
6.93750000
2.92578125
9.37792969
7.68750000
0.58740234
5.92757078
4.57355442
1.27182402
7.84959442
2.67384308
14.57176862
4.95524545
4.94368905
4.39453125
5.48437500
3.21484375
13.33593750
0.75211422
6.68294437
13.30924313
7.33138187
1.60058594
6.97265625
1.91992188
4.82892676
59.62224512
5.63671875
2.42773438
5.90625000
17.66784903
7.27994127
6.94205563
6.11272052
2.05167664
12.30891844
1.68522218
5.87043689
21.08967642
3.24656470
18.77656140
6.65722407
11.64942403
4.63151374
7.54687500
13.30181636
5.15918218
3.06640625
4.92968750
6.17187500
4.59765625
1.62402344
12.19531250
2.54198970
21.14420656
5.31575687
8.55110594
6.78710439
3.81803967
2.34375000
11.20662352
13.06900876
2.81738530
8.64485594
14.05746797
3.12304688
3.36360594
7.71199590
2.02366135
14.29925156
6.42317376
5.05761968
6.92610594
1.41829593
1.10253906
10.44173094
21.94889406
10.13281250
3.46093750
14.95544309
0.66211062
0.72753906
5.58024047
0.71419312
5.88932126
26.22054078
3.38037234
12.04687500
2.65234375
1.03125000
4.17675034
0.83008560
8.18733641
6.32389406
1.32617188
12.00536860
8.22927005
3.79069093
9.91471188
4.85872562
14.62304688
3.46679688
6.47688719
45.73242188
7.50170898
5.33772828
9.86539672
5.66406250
16.70043945
6.25813719
12.34016844
9.34180788
3.09700687
7.50781250
2.10546875
4.05468750
7.13932126
5.44889406
0.61735109
3.97851562
15.21646720
7.27083001
2.00684341
0.80224609
11.76171875
15.05352534
11.82324468
4.76953125
10.42675532
2.76920656
3.32827738
4.63396387
1.68261719
21.90559813
10.93066157
2.49870124
10.14192376
10.88932624
4.76562500
4.74218750
13.02945922
4.40804078
9.72004876
7.87630374
6.65380984
2.32796265
8.88638409
19.34473404
3.48763187
10.21093750
2.49023438
15.47721188
11.45052249
2.43945312
14.51627438
5.96810062
1.80078125
11.36651113
13.83040780
1.55533937
14.31509752
7.79427748
9.11718750
7.27147939
4.13672373
3.50585938
3.96679688
14.94335938
10.76985594
1.66666750
0.45190430
4.32421875
11.33299784
10.12240248
6.91862311
13.06933594
4.86718750
8.55973266
9.14363150
3.86947030
2.59179688
8.18326906
19.84716672
3.06591921
7.31070922
6.73437500
2.34358765
8.17577876
7.56314938
5.09798592
4.68359375
11.87206782
10.11653812
8.26139406
15.38281250
17.71337766
3.53304078
5.43750000
6.24967531
12.19840204
12.03433954
3.23812389
8.21272828
8.16406250
7.05468750
7.48794659
2.91635028
12.67150329
20.49104859
6.80859375
2.75000000
12.12921100
4.52703900
20.12500000
3.11718750
13.49218750
19.52278314
2.54752936
8.70312500
17.06445063
4.28775377
3.87924091
14.33365470
9.97558843
3.78645999
15.48893063
11.80468750
10.38997562
10.03906250
2.61718750
13.52408688
9.60480940
5.49392675
0.52805588
11.25195312
8.84601286
3.74383089
1.93847656
11.53906250
12.20771738
10.72981439
2.76790780
14.43977782
5.33516511
0.64546723
8.27343750
5.16015625
3.44140625
11.84146720
17.02928192
16.48406350
16.60831664
0.35725953
0.46093750
19.16342545
10.50423094
3.52701906
10.13605940
0.99577654
9.33576892
3.08561779
16.90396720
11.42545905
4.07291750
4.71484375
9.27343750
10.96103507
2.01790780
5.80078125
2.97070312
9.24006206
8.64275044
8.62500000
13.02945922
5.10506226
2.23242188
6.65445922
0.89965446
1.93392342
8.16471188
5.69889406
5.11408799
15.41748670
3.15657718
2.28125000
6.78125000
12.77164672
3.43221070
5.83984375
5.97265625
5.80859375
8.24820922
6.93570922
9.72104059
2.26563995
2.59960938
8.92740470
2.76986092
6.79101562
8.05468750
3.41015625
16.97687722
2.65007341
2.55371343
12.12564938
2.80989749
6.55468750
6.85937500
12.29687500
14.86539672
1.35432984
32.47753657
8.76308622
5.43336768
12.36718750
0.11446168
5.57096188
13.15950687
19.87817258
13.14840999
8.45963874
0.79443359
5.70930408
11.65788342
15.62141844
13.30989500
11.08235594
2.91113530
13.24804688
5.30468750
2.37304688
16.33596802
1.51464844
0.21289062
13.05480957
0.99951172
0.28157469
12.40494875
1.29012024
0.23746766
6.73242188
3.93570922
1.40706422
0.66650391
8.53399491
22.94344159
6.38639406
1.95800781
8.32063470
14.11588874
12.88671875
7.47265625
9.10937500
11.71484375
10.41227172
3.09358765
1.69238281
13.65031859
5.58088985
0.85530890
11.00781250
15.37141844
16.24543440
4.93815935
3.95670656
9.89843750
15.62231383
0.70776429
4.29556876
11.00618905
11.39843750
3.95703125
12.53320312
1.65722656
7.93359375
9.75781250
0.05636597
11.43750000
3.95930907
11.14420656
14.35937500
0.45996094
22.49006206
16.95166639
4.92479721
8.26531028
3.22265625
8.53971188
11.57179294
0.58879349
16.35644282
7.16861813
1.36947030
2.79492188
4.64159907
9.38574468
5.49092310
7.81962378
4.07421875
8.30956782
1.74793744
16.72179161
6.92187500
4.46875000
12.97298094
0.39200929
13.84765625
2.05012938
5.38639406
18.33984375
8.04719969
0.29166750
10.84179438
7.33886968
8.21875000
4.89289783
8.82194592
3.26367188
9.76985594
5.67936281
23.42871094
3.73958001
2.94206061
4.39062500
15.58789062
4.22656250
14.74739251
4.47135749
18.30859375
19.05891844
3.64632203
3.25960328
7.71874003
2.31055684
1.24609375
17.06103516
13.76127106
0.86372894
15.76464844
7.95849609
17.18391844
3.71061281
7.71484375
0.68427967
7.07975842
14.75423094
14.32665891
16.38102421
18.26334220
7.26790780
13.94531250
10.40625000
10.56070922
10.65152704
10.12793218
22.54007809
5.22591312
1.43033937
12.31673094
10.29230940
1.15463153
5.29296875
19.37124114
2.12680573
12.66035887
6.07389406
18.93293440
14.63965591
10.07389406
3.25195312
11.23502438
1.76497562
1.22753906
9.32958112
0.97901263
5.96044922
1.63476562
6.73046875
6.99616168
0.18086793
2.64843750
24.31997784
4.97689716
4.46988517
10.85807624
3.42968750
13.11718750
4.85905031
1.49218750
7.00064938
8.43586658
2.61426529
3.07421875
12.22265625
16.68750000
7.61035156
2.29248047
7.75000000
0.89615844
0.57259156
4.99551308
20.21670616
14.71874502
6.43164561
15.41829344
6.48828125
4.43847407
1.15788093
6.57031250
10.77172852
3.29687500
19.72314453
5.66796875
8.35937500
7.31021720
3.72884530
2.47265625
9.79882812
3.98079344
2.23795656
7.20703125
0.17834473
21.46484375
6.45312500
10.53971188
12.45507314
9.90853280
9.15918218
4.39453125
10.64970589
16.45107959
7.15788342
1.84375000
0.12292480
16.49391174
12.15266844
1.96451906
10.98860594
27.05947917
2.38355551
2.32812500
15.89013298
3.32080452
2.47070312
6.78906250
0.65722656
7.35286126
9.60026374
8.04687500
9.91243407
2.69889406
11.45963376
1.96630984
8.78011109
9.49218750
7.59798094
13.49804688
8.69108156
6.28515625
2.29134032
1.99804688
12.85221188
10.66650141
14.57617686
0.29418945
4.85039618
10.11151539
10.46451906
6.29296875
4.57747562
9.02603502
2.75521498
11.63281250
6.64876219
2.25162843
22.36197252
9.97038342
25.65787843
21.31673094
15.57063719
3.65169437
8.66406250
0.97656250
13.50000000
0.67115711
2.99577404
30.20898438
9.22119016
2.57405640
22.25097407
6.56543218
1.99576906
18.22004876
3.65104499
8.35937500
9.82519282
12.22656250
2.32910405
12.90527095
0.45508062
17.41080563
5.28668607
1.13063330
11.99283688
12.44531250
0.57601078
16.58479610
8.20360705
7.71452654
7.46875000
8.67968750
1.41210938
9.13704344
0.35685304
3.56640625
26.03548094
1.65104250
5.78906250
12.58593750
5.80859375
2.42187500
18.15559813
16.94498781
6.73046875
1.63313719
17.90690187
5.09375000
12.54329344
9.40201906
4.65689440
2.28451185
6.58789062
5.18359375
1.13639157
0.11312015
3.09960938
2.45336914
13.23437500
3.68554688
12.00423094
4.16503657
3.91276374
3.14648438
8.12174064
7.22493905
9.37500000
13.03848267
14.78548094
13.75358156
6.62097075
4.05871675
18.61328125
25.22945480
15.89359207
4.48258422
2.08544797
7.42724734
5.75366024
0.48348210
11.05336880
3.01694370
3.13867188
4.14518063
8.61914062
9.34749515
7.78336547
14.66585328
15.37141844
7.53971188
6.93652593
24.16344966
0.36067376
3.14713874
17.74413564
0.44385264
2.10937500
17.60742188
4.60156250
7.68750000
14.95735594
4.76920656
12.81119626
8.06608156
5.47623781
3.57714844
7.92968750
18.46191157
14.48904331
4.51920656
14.18067169
5.23258422
4.26350953
14.15266844
9.45930408
7.59896498
10.97477172
2.56819703
12.64873648
0.02551270
1.89485594
8.21093750
6.98177000
18.66585328
13.00308954
15.90431037
2.68717531
9.72248144
12.33920434
7.49430297
10.78483156
15.40852782
6.89876219
11.89009769
1.38867188
3.86229721
1.06934341
10.27689606
0.42329926
6.70522053
3.27524822
18.90625000
15.73502438
8.85872562
1.12597656
6.79295878
1.68946309
9.83593750
5.91796875
10.94173094
2.73795656
0.60107422
5.95295892
5.73307624
3.66015625
12.89485594
13.09798094
9.77473626
5.16666999
9.85774906
15.23079344
2.10319093
11.52473626
2.31315436
9.18049798
2.33675421
4.67757203
7.95312500
4.54687500
1.43457031
8.08691157
1.86816655
0.87988281
15.41090819
11.27973959
0.21847088
9.24641844
10.06802970
11.19596188
11.56787109
12.77213874
16.20670656
10.73730718
0.57666016
25.45703125
14.33430408
7.65609264
1.05550172
4.64843750
9.75781250
1.88769531
20.13313719
5.02311281
1.14160156
14.00000000
0.19934082
1.64453125
15.56001458
50.61328125
3.40104499
12.12531472
7.53093528
2.77734375
15.55663564
8.11523936
2.41210938
9.73437500
2.31640625
8.63704344
2.66764406
12.85286126
3.42838874
0.43530273
21.64453125
7.12759752
16.77507092
8.48811517
2.62923592
10.32031250
0.95996094
7.02212877
3.90755873
6.65625000
2.45898438
15.07031250
10.45312500
14.69531250
15.68919301
3.33113586
2.68644226
10.41437722
17.91341312
9.31283466
1.19042969
15.30110594
1.75601798
2.94531748
15.80452017
3.99235483
21.95246565
11.71192154
6.65592531
3.96679688
1.03320312
2.09080910
4.70460106
16.61230220
11.29459469
2.69564217
8.50423094
5.64973626
2.27962655
1.61132812
10.92154034
1.54362810
7.80468750
3.91763908
18.33008311
13.01985594
2.38834718
7.15266844
1.25553468
4.36718750
13.84211658
4.41960217
12.37320922
1.55647828
12.69302970
3.30306405
1.57812500
24.00244141
5.93358877
3.23828623
10.78906250
8.27766844
14.61718750
3.21451906
14.41257139
5.13508533
3.72005873
32.28515625
6.27083001
2.38737311
10.99218750
0.52929688
1.24926010
5.24707779
10.60416002
1.74935560
6.90396720
6.50228280
17.45922852
0.23388672
4.48339844
0.89257812
8.01285766
6.02327515
3.68358877
3.12305186
3.91047097
5.25749778
5.46093750
4.06640625
1.40071532
1.31608156
1.60156250
13.23924535
3.40919215
27.63281250
1.20312500
16.91405752
0.98047373
8.42968750
8.90689938
2.99544437
4.76953125
11.04508173
7.23128546
7.67968750
7.86718750
0.12805176
6.11328125
2.93945312
6.42976618
0.23234319
5.03125000
13.62694814
17.28971188
8.96646720
3.27312278
16.06250000
6.62239251
6.78385749
9.79030023
2.89323249
7.70833001
0.98112311
8.04036126
2.35026374
18.91372784
1.98275653
6.25390625
1.96386719
16.60145994
2.67838376
5.17513187
2.44108156
0.91601562
14.70833001
10.25561835
6.57120789
7.14062500
7.99641844
7.89420656
2.63281250
14.61946033
4.55241467
14.94433594
3.54687500
3.19628657
3.02051030
2.50585938
6.55501219
19.61783688
3.04785405
5.37500000
2.29296875
5.92219969
11.83593750
8.07389406
7.29296875
11.48941891
2.50520999
16.33631897
2.18945312
14.74885735
4.93620124
8.11718750
0.45190430
0.91210938
4.09375000
8.74218750
6.03936725
15.24578900
4.46484375
20.11327128
12.88151623
2.42220467
2.66796875
1.24771720
16.94803538
6.00781250
9.27343750
1.57487062
21.74251219
7.24576906
3.81445312
9.97786126
12.68750000
3.26855718
10.47656250
5.07780031
10.49283688
5.09342531
1.67545656
20.17610594
11.66103980
3.87403590
12.56673094
6.60514406
15.67854485
4.24479499
6.64453125
0.84375000
4.41243157
1.84635749
9.03906250
2.82226562
15.35351562
2.32828735
0.99983765
6.96484375
0.04165649
0.42578125
10.63671875
9.39843750
2.71875000
6.27734375
4.52620235
0.01041874
11.85644282
9.28189938
6.53125000
9.35384530
1.66113281
8.66829344
3.54849347
15.30466373
6.93978280
9.17480718
2.23372562
7.78564453
1.95800781
4.75423094
8.67414534
3.66439716
3.28612534
19.84947219
4.60416999
3.20670656
9.67008422
19.51546265
9.35156250
3.33071255
9.88413120
8.72460938
9.28417969
13.49039298
5.76009530
10.16601064
3.13541999
1.87630374
6.79687500
1.92187500
9.75000000
0.94531250
0.03256226
8.41048094
2.86100343
14.82096188
13.35514406
4.68326906
10.94204566
4.12826684
4.94531250
9.67968750
12.78189938
2.77066891
6.13574468
7.56998781
2.27929688
6.88085938
1.77831782
5.12793218
3.95344969
10.73079344
1.83919437
10.33300532
3.38379155
6.91760254
4.89876219
16.48209220
5.04166999
5.60514406
3.48599845
3.79492686
6.83203125
16.62401596
4.44662123
4.28873781
6.40625000
17.67545158
6.17627327
13.03727172
8.61295656
1.62207031
1.47558594
13.37564938
1.13899906
2.53515625
13.29199219
3.69921875
1.48925781
4.89062500
9.10107048
14.34424202
3.30859375
7.88703970
7.34277095
5.85466201
0.26269531
2.62695312
12.82877438
6.96630984
8.12588044
1.87981659
9.92968750
0.44018555
23.95703125
3.61197751
2.77864749
1.04199219
10.75064938
8.82632425
2.86443262
1.98632812
5.46972407
6.72769767
4.36263187
4.78711436
6.05143063
6.09700687
0.79882812
15.50000000
2.05468750
3.19618671
10.80185519
6.27051280
14.21516844
19.22492908
1.86263685
6.08593750
18.79393285
6.08106715
12.01425237
8.98860719
4.31127992
0.63468445
3.18164062
1.26757812
4.75000000
5.93359375
2.23892814
1.31543218
9.11653812
21.16796875
7.91779519
9.85840093
3.36979499
12.45117686
6.86523438
3.64648438
2.09440063
10.78304078
9.87141844
16.47857728
8.53849305
16.27764850
4.71095744
12.13865692
5.75521498
13.51506427
1.05851258
13.32454344
3.58904520
13.53731797
6.33170905
14.34016844
1.06412843
9.58423586
4.09928967
0.66715578
11.62368130
5.33334995
8.20312500
7.84439938
3.38932126
4.19791999
7.54687500
9.27148438
6.91925754
3.36980496
2.71679688
18.14908688
8.13216312
1.69726064
4.35742686
9.15625000
9.38281001
3.29069093
6.01559503
3.37890625
2.13281250
1.40917969
9.99446532
9.63996067
35.06088652
4.05859375
2.91429106
4.82887300
9.94954344
-0.03017088
0.62500000
0.84191895
9.69563719
7.01171875
9.16666002
10.36035904
14.81250000
4.44335938
7.17789672
1.98616578
12.36391568
20.05342790
6.03157469
9.87239749
8.88264891
3.64615968
9.32062722
2.46843528
5.63671875
2.78320312
12.10219194
5.59702681
10.96939938
7.26497562
6.22329566
8.69076684
13.33723626
5.05338874
14.97509641
8.88460328
3.20670656
6.51562500
1.96516844
7.18005089
5.30859375
5.06640376
3.50813719
2.39713874
10.41406250
3.95703125
4.82812500
23.34375000
13.25585938
10.72656250
0.05218506
3.73828125
10.61360594
4.78678468
5.42968750
4.28125000
5.41393950
0.26623629
13.58235594
15.59342531
5.91015625
7.75390625
4.77734375
11.63964096
5.17285904
3.23828125
10.66620475
4.81152593
6.57747562
1.31184813
2.21842531
9.67773438
3.29687500
13.11718750
4.40445922
1.72054078
0.57275391
5.88281250
4.32812500
5.94140625
3.88867188
3.38671875
0.82736045
4.41666999
4.02741555
3.82031250
18.48681516
5.88818484
13.70914672
6.67366578
10.31673094
1.83561281
1.54882812
9.11067376
0.87663093
5.43359375
7.27734375
6.62923094
3.75846188
2.21386968
10.66048094
2.13248781
7.14453125
6.14729610
8.62613143
6.37891622
7.40885251
10.69905142
4.71891733
14.87923094
5.94010500
1.90625000
10.32812500
8.49641844
16.78466797
12.36116578
14.90250360
8.99088874
2.64648438
3.79052361
10.19043218
18.73274158
21.34033577
17.12011968
14.51985594
4.33528812
4.66796875
8.82877438
11.28841312
9.17187500
7.21484375
0.58056641
13.84325798
18.22705452
3.57812500
2.32812500
7.96907469
9.81608156
2.85937500
13.10740692
3.23634308
2.23632812
6.02537567
19.43946808
3.24039672
2.99202515
8.27831782
3.81477532
2.27148936
9.61326174
8.39224845
1.96517342
9.20930408
2.95085217
2.26171875
13.42187500
3.52734375
5.44531250
0.88427734
2.10705773
8.88280253
8.27834524
8.92513187
7.32177859
12.66128768
15.40576795
3.87223515
11.50683345
6.72770390
12.75374390
0.05291748
0.63916016
1.57942625
1.04850343
4.62500000
17.24641844
10.97233156
21.27313336
5.19174091
10.92749023
4.84228391
4.34130984
10.50948028
0.12296601
12.27050532
9.81543218
3.19726562
11.29687500
9.47298094
7.86686281
3.97656250
16.67024407
16.42448249
2.91601562
6.85156250
2.67968750
20.36401367
14.39192376
5.21354499
10.20572501
2.46517342
13.72324459
2.65364749
4.65625000
11.17187500
22.82745568
6.27410682
3.44563719
7.30468750
6.39271311
8.28906250
8.49039672
0.20125367
0.49682368
8.81770750
20.31901374
7.47656250
11.14062500
3.20963376
2.07552249
24.05175532
7.23763187
5.00358156
1.31835938
7.92300643
8.11703014
4.96777593
0.90185547
6.76171875
5.12588044
2.06552581
7.34739030
12.67214095
3.85742188
7.90234375
8.01562500
0.16357422
0.80371094
2.74804688
3.36169434
0.65209525
5.98397163
3.48014406
8.61718750
10.53548094
1.87076906
11.96875000
8.29687500
14.76170878
3.83594747
15.33235594
3.22819093
8.69531250
0.25339596
21.43521471
18.09554078
7.78402482
13.71841534
17.67481216
9.87500000
5.91731937
3.98079344
5.92936281
5.45703125
8.05468750
1.28205549
2.42676529
5.04264406
0.90820312
4.66796875
3.16471188
4.24935062
1.63476562
5.53125000
0.14965820
7.03710938
4.85937500
7.10872313
11.80826906
5.44140625
12.37500000
7.55078125
0.57666016
12.60888298
0.75960577
12.75748781
10.16406250
9.39485594
2.91601562
7.53515625
1.55436281
4.71875000
15.35156250
2.82438110
5.27522828
16.55533688
14.17903812
1.20410156
9.87500000
8.82812500
4.23321865
10.74659574
18.98323734
3.27669437
7.46858641
15.49952272
14.66048094
2.85351562
0.61198000
4.73828125
4.92382314
17.63932624
9.98372562
7.44954344
6.82031250
2.46061281
13.18879876
4.62760749
1.75292969
13.18814938
2.61263187
3.56445312
7.07421875
4.20703125
15.77506095
3.92806405
13.00585938
13.36360594
4.63704344
15.14062500
13.59569814
4.41927748
7.91048094
9.17064495
0.57610067
10.04687500
24.26492592
5.69889406
5.45703125
13.01562500
11.04687500
8.44173094
0.07828859
6.80956782
0.88867437
8.23111315
4.14583998
7.42187500
24.96093750
18.51757812
7.00063941
0.03354028
3.97884032
5.21451906
0.81152344
5.74884863
2.70427637
1.77343750
18.16015625
5.10180664
16.20312500
4.58593750
6.41406250
12.89062500
7.73828125
6.30468750
8.54687500
12.92610594
17.30337877
8.37240248
17.11100343
15.90625000
6.54719969
5.49858682
0.68126427
10.62288328
4.54655031
13.05468750
5.89316581
1.60514904
2.51367188
11.75552970
5.32650155
7.22509641
12.98779421
11.56868279
1.81597778
4.95182624
8.21516844
8.94889406
5.78125000
4.50992797
16.12744016
7.36132812
2.55208499
11.40625000
25.63671875
12.84748892
2.68571420
10.02408688
6.75325687
8.87385860
1.02588015
5.99576906
18.05859375
12.26899650
3.39327735
6.94108156
16.13883422
13.18990028
5.58597738
9.11474734
11.53816711
1.78523742
12.54687500
3.56803468
12.36539672
0.49056031
4.56250000
3.29492188
11.82161126
4.58561281
4.27636968
1.39298399
0.15901797
1.88183594
4.40039062
7.20735594
5.83991246
5.65195035
11.36360594
11.54264406
4.88134766
19.01562500
15.20605469
12.10286126
4.83854499
10.44173094
9.64241578
20.66723646
9.36002936
3.47461436
9.26204344
2.32063221
13.37305186
4.44531250
12.63573970
6.26823249
1.91373781
1.72265625
6.58984375
1.52339567
0.11710726
3.55859375
7.08397939
1.55078623
14.61425532
16.25000000
29.48437500
4.59668218
9.33317016
9.11604610
7.83528812
3.88053468
17.55533688
7.34375000
15.78060062
0.05676270
6.85156250
18.21646720
4.10775155
3.14257812
8.68750000
5.00000000
6.96093750
31.42520428
11.43391844
0.70280031
14.24641844
2.09733156
8.29687500
5.26171875
24.67137572
26.45573000
6.41828915
30.22803039
13.54484008
1.77441655
12.25976064
2.63151374
1.71224124
12.65625000
17.27310284
4.76986591
1.75976562
13.83235594
3.17610096
3.03841810
7.05468750
8.22656250
10.76562500
8.90625000
3.95703125
1.61621094
1.58902953
12.32991578
22.26089764
14.95392160
0.45377687
5.82780031
0.56298828
24.49169548
10.66079566
9.22250886
14.53125000
7.10790891
2.59497195
6.52734375
6.77408688
9.58398438
5.64778812
18.39664672
0.51399781
0.02017820
5.00691711
0.72989930
7.99218750
3.90363254
6.63542996
7.24218750
10.57519282
7.08577017
3.54720343
11.23372562
9.30761968
18.22505070
4.11869930
14.84375000
6.26171875
1.70605469
13.14257314
4.55664561
13.82031250
6.80566406
1.38867188
12.94954344
2.47037843
9.84294305
1.28190436
9.61441891
17.39778812
17.01204344
0.73063234
12.95393174
6.19841201
20.16959220
7.17415780
9.05029297
18.68017454
5.80322141
12.13997562
7.00358156
3.83984375
12.62923094
12.09439938
3.11458499
10.01139406
1.72167969
5.03906250
0.00250816
20.44351674
1.77523326
5.54687500
18.84423828
6.78320312
17.58658688
6.18294437
1.31823730
14.10937500
2.32844969
15.67773188
4.10807624
14.67496454
17.73812140
10.30533688
3.68294437
16.64583001
5.89583499
3.26888187
28.71954677
13.43230496
5.94238655
5.02766844
9.24576906
3.03515625
8.07812500
3.85742188
1.58496094
7.29361813
9.21028812
9.19531250
3.93375610
0.97249390
14.25682846
8.83692154
2.50195312
14.65625000
12.10579344
1.73698000
11.58984375
2.15039062
17.27180408
12.35319592
9.62923094
20.19108156
7.27734375
5.97265625
0.01811218
5.94140625
9.17187500
7.66015625
0.00394058
11.87141844
11.85839595
6.16666999
3.52734375
20.91193706
5.89665669
6.23437500
13.94531250
9.31673094
7.74967531
0.79931641
13.88704344
15.91113032
3.84635749
11.84798094
5.59342531
7.70914672
8.68147828
0.44531250
0.12951660
13.98437500
14.38671875
1.30664062
5.63671875
12.57812500
10.80533688
2.07421875
12.22591312
14.15625000
24.52120347
7.11942153
2.85742188
12.12336658
12.21680186
9.71174424
2.08871232
5.33593750
11.76562500
0.18794738
2.72061946
7.90071532
5.58105718
6.74967531
3.66601562
1.88085938
2.41601562
5.15087766
3.83545046
16.64037040
1.76392647
6.86328125
3.32226562
24.56014824
1.85221188
13.63997562
2.29687500
14.28835883
0.34424950
11.09899933
0.20515992
9.45312500
3.83593750
3.54101562
9.24218750
0.19567871
11.18716534
1.15463153
1.17707503
8.99675310
8.64419908
7.85319592
4.73405031
4.23828125
9.31250000
6.50781250
5.80110594
11.10156250
2.22623781
14.37988281
1.62695312
13.19661126
13.23258422
2.85986702
13.11328125
6.11328125
0.41723633
11.26562500
1.85449219
13.73079344
7.54085328
2.84781860
7.81021720
7.68114362
6.14112699
0.06094360
0.06677246
5.16548333
10.43082890
8.18652468
14.86718750
2.81445312
8.78112270
4.13422138
6.22482315
10.88281250
3.16634032
4.76920656
11.27945922
0.46305359
1.79907164
10.13639406
8.43554688
20.75640869
1.23535156
9.80923316
0.23937112
0.49827072
5.85546875
11.96093750
0.55544022
0.59104416
14.19985816
17.68815935
0.63117908
4.13929869
5.71875000
5.82031250
1.54003906
15.56673094
4.55859375
1.27213625
12.41113032
1.91654698
2.54649851
8.51351950
1.07031250
6.23437500
0.59716797
6.24910461
0.41739930
2.28320312
1.11148922
2.79850343
4.11588376
0.49365484
4.35156250
0.02391052
0.35579344
1.78971437
5.58203125
2.75650626
12.45337101
0.20467351
4.08235594
0.80712891
3.30240968
10.03417969
7.57421875
13.17357900
5.41602061
5.53938719
5.54264406
3.63867188
9.83158356
0.39864105
0.07921325
0.12491883
1.55273438
1.79785156
1.62988281
8.08333001
10.98770626
0.15894420
3.20149657
1.17252687
8.05468750
5.28906250
4.58007314
9.49805186
5.70605469
8.78906250
8.99218750
4.16015625
4.50390625
8.82812500
9.44238032
3.38736813
9.72347421
0.43115234
5.71875000
9.87141844
9.30110594
4.18294437
2.75229645
7.87141844
9.34733156
0.91503906
4.44173094
6.56900876
5.56966312
4.73014406
6.55590758
0.53198304
7.14648438
4.90234375
9.68391844
4.61198000
9.32741400
13.58951906
0.28173828
12.08690160
3.01466090
1.01312007
2.09716921
0.49251344
2.54687500
9.39062500
1.75162843
1.32161375
6.49967531
2.05273438
0.30883789
10.23925283
7.24805186
3.24023438
11.82641602
0.91870117
2.85025876
11.49935062
6.01562500
7.82031250
5.91015625
12.24414062
25.11952209
18.34712263
13.52636470
4.53385749
3.03710938
3.49414062
13.65726715
0.76814789
3.63215814
13.62564938
11.42350343
2.20019780
9.88330698
8.50716312
9.12988032
11.03418218
3.43782469
1.92936281
7.12890625
1.22820546
12.51099131
1.63248532
8.81222923
13.21875000
3.82161126
9.03776374
2.73573686
4.98765181
2.25585938
18.24641844
4.88997313
2.06803219
3.81510749
3.89062500
4.37109375
2.18750000
4.19531250
1.30859375
2.02688100
6.14681405
13.84016844
1.33235843
8.10937500
0.58593750
8.90625000
9.28548094
5.48795656
2.30664062
0.08984375
10.72069814
2.98662589
8.01562500
2.31868157
13.39689460
7.16698970
9.06185062
2.25976313
4.86239567
6.85156250
7.33593750
0.83137938
1.73698000
28.47004876
0.75260749
3.75683594
3.10937500
0.58203125
10.00000000
4.28125000
6.27343750
6.40625000
2.26924590
1.03739472
0.18147703
0.59928468
3.65625000
4.15625000
1.90234375
15.38704344
6.72721188
7.74218750
10.43456782
7.12305186
16.03613032
6.14778812
15.17968750
13.44889406
5.76171875
4.84407469
2.50358156
5.39062500
4.61735726
1.94695090
3.52734375
21.32258782
7.40104499
5.63476562
7.31314938
4.61263187
12.03319814
4.25195811
3.04296875
3.25390625
15.49389648
16.63500977
13.55673717
2.67421986
4.85937500
4.27343750
0.56794915
2.86945036
8.09018838
8.13378657
8.23502438
4.54166999
3.90039062
13.93570922
0.29207398
35.81444814
7.17350842
7.22045898
14.66583334
3.77068760
3.38769780
3.48046875
8.37629876
3.52995124
12.68750000
0.01702881
2.31829834
8.67598294
6.61140627
6.37667330
2.59659665
11.28841312
4.60546875
2.12695312
6.73437500
32.28971188
4.15169437
7.40625000
5.18456533
11.91211436
0.95853014
6.48568373
2.06250000
3.73892565
9.74740248
2.41015625
2.54687500
0.60156250
0.31494141
4.62564938
16.96028812
1.56575438
3.73088888
4.13671875
3.81835938
4.07811005
5.73243683
4.82633422
10.81233765
6.12174313
11.38639406
4.15592531
8.81250000
0.07733154
7.12890625
14.59375000
4.36132314
3.47916750
4.26790780
4.70768063
14.66850097
9.51985594
4.94889406
14.88573970
3.41861813
2.75814217
3.13085938
15.01448360
4.43668827
6.56640625
10.77831782
5.55826906
6.62858156
2.88008699
0.43282074
14.09179688
4.53515625
6.00781250
5.26383422
1.57307735
5.98340093
9.95703125
8.01562500
6.35188719
6.27311281
8.72070312
1.26732651
6.92090591
5.56640625
7.68750000
9.27343750
2.23632812
28.47298094
1.23681516
4.36051640
0.79687500
1.94824219
6.20603724
5.28615026
2.54724121
19.48257799
7.29427748
6.59692383
31.44921875
10.89127438
3.40755374
11.81250000
1.93196282
6.02604499
0.91699219
11.53125000
1.53433954
5.68441046
8.37141844
7.69921875
6.50033048
5.30859375
9.73828125
2.20898438
1.45117188
7.47656250
4.48046875
5.54687500
5.27343750
7.59765625
2.27799064
1.72493905
6.30729001
4.46842531
6.83170656
1.02050781
1.34082031
5.18977283
4.66211436
10.51139406
1.31933594
6.06347656
16.10937500
8.57812500
5.82812500
0.12487793
0.41579437
0.99316406
3.99804688
3.40625000
4.58494848
9.54053856
4.32909907
0.33740608
9.49769726
6.62730274
1.75585938
1.88085938
9.07226562
6.32388908
10.60286874
3.30012689
5.81543218
3.42838376
2.69303468
4.78873975
7.30859375
6.36718750
6.08593750
1.75390625
3.67366080
1.56852670
7.25846188
8.49218750
2.09570312
3.77864749
4.66796875
6.19954344
0.80143312
14.13704344
12.82812500
25.51171875
5.00748781
7.26953125
8.38281250
13.85107048
2.99463264
18.10156250
3.20703125
5.63671875
0.96630859
1.37792969
0.02456665
4.39648438
5.61498525
7.20312998
2.06445312
8.04719969
3.54850343
13.75129876
3.96745124
0.86718750
1.36115456
1.33204122
8.18326906
15.11555408
14.76367686
4.03483156
6.33984375
6.61751219
15.35725953
7.27522828
1.86823215
2.43816433
2.71565423
5.44010749
7.41796875
2.19140625
3.66601562
3.86051142
5.29769171
14.87564938
3.16731937
1.70312500
6.70996094
4.58984375
12.76830292
5.54736079
7.40918218
7.25846188
8.28060062
12.32812500
1.68457031
6.36328125
8.49218750
10.93457031
9.69140625
2.62109375
2.83007812
5.87109375
4.63671875
9.05891844
5.07519033
8.85575908
0.43420441
4.27343750
2.23404533
5.23275155
2.06802222
2.24350121
15.30533688
8.12435062
2.26171875
4.23046875
2.25195312
6.36718750
0.08239746
3.18423067
3.15463652
6.20897939
9.47852061
3.22004876
1.01041999
33.33087988
4.65349512
0.89306641
0.78818351
20.66316649
11.33854250
3.06640625
16.27245346
10.28044326
3.88069703
11.48860594
0.12577394
14.08284298
9.99332890
14.66438719
5.68782469
1.71549313
5.35546875
8.36588874
5.92187500
26.01627438
16.42187500
8.88997562
17.54345703
3.85546875
6.25390625
2.59244626
3.05989749
8.53254876
2.12956061
10.50000000
4.10156250
1.92187500
6.38671377
8.99023936
17.09375000
5.57421875
5.91015625
10.65625000
16.76562500
4.38817487
2.22120013
1.95482028
2.15870511
4.18383789
2.17773438
10.89485594
6.86328125
10.50358156
6.22265625
5.19954344
3.44889406
1.53125000
12.02538564
4.99235483
1.57796265
9.74983641
7.12467531
13.93554688
11.04492188
7.47265625
1.00000000
1.24511719
0.77050781
9.71552717
4.52409685
13.85969969
3.06608156
10.29817376
13.81575687
3.47981937
4.15756702
9.36859546
2.10335453
4.02734375
6.63997562
2.87890625
6.18554189
2.94531748
4.89843750
16.02668440
5.84831560
4.27734375
10.97298094
0.64225343
2.68945312
8.95831299
1.60156250
3.34375000
11.55663564
3.09375498
21.43652344
3.24804688
8.31835938
10.45735594
5.81379876
2.91439217
11.47922985
3.60481937
1.08984375
10.21418440
1.51823747
6.69207764
10.65851286
4.62273714
0.25122070
14.20563579
3.47297346
7.37175310
13.29687500
7.05175532
17.61727054
7.62858156
23.49055907
3.84627489
4.09732658
9.16634530
14.81377308
6.63834220
3.21843029
0.73242188
22.44791501
29.19238281
14.64632203
6.40372680
2.39974124
22.65332031
25.02180408
12.27148936
2.82975343
7.36914062
7.44953347
5.93327903
3.30468750
8.74673316
9.08366965
16.33527815
7.59863032
8.40170434
17.50781250
5.45703125
9.77148438
15.23860594
15.60193452
7.33253324
7.29231937
7.35937500
13.26399158
2.91569592
10.04475579
0.88444343
15.36523438
13.74218750
3.25390625
2.96484375
7.55078125
1.56640625
8.76073471
8.85733578
3.96777593
23.72940915
0.54524906
16.01529533
2.05501717
15.30915041
4.06771498
3.65429688
2.87337157
28.30240968
11.33007563
5.28418218
10.70800532
4.53808843
10.23957004
1.69402371
7.03336547
6.74462766
14.16536126
16.41211436
7.12141844
2.26334718
10.68750000
7.20897939
2.38477061
22.46027815
5.86035904
9.52701906
9.50488032
3.13574468
0.23107910
3.14176017
33.00618905
15.73256428
5.30259197
1.83137938
12.81461672
2.73632812
0.88330078
6.88150377
2.03288342
9.74970964
2.68750000
2.59765625
8.01659907
15.35742437
3.96679688
7.33935173
11.51904671
3.55664062
30.54589844
8.82031250
13.34375000
1.65136719
0.61376953
16.26589540
1.98019835
12.42575073
1.75015861
7.90836049
14.96794326
2.21582280
5.75000000
0.10607910
10.15134974
7.10646276
5.24218750
3.81309540
7.74903590
4.25293218
25.17984860
8.10091312
2.18554688
13.33280813
5.98112810
1.32128906
6.72476175
1.11312887
14.91471188
8.80989749
14.31302856
0.71761109
7.98144282
2.03808843
9.60351562
1.85839844
3.35937500
9.01204344
2.87093140
0.08028199
25.17332935
3.03205799
16.72233654
5.71875000
3.53125000
1.67903563
6.04040558
0.18680879
5.23469969
3.78483156
15.57812500
6.87270723
9.10417996
3.41569093
3.51262665
9.89062500
4.91242908
4.58366467
3.46907469
13.47363032
15.04687500
4.93229499
17.07861328
10.07031250
0.88818359
10.12320922
0.13472535
12.69173094
7.73750886
0.10603852
3.08886470
32.29590093
3.57226064
20.88167110
14.10856826
3.07323970
10.85058843
29.09016844
8.58739985
6.30729499
10.93570922
1.53304078
0.87565063
1.29963985
4.44702398
5.69921875
1.83886719
11.46093750
9.07454344
2.70475343
6.21695922
0.22074340
6.03694703
9.95296265
4.16015625
1.21191406
18.53548094
5.10235902
10.34733156
1.63834718
10.23583984
2.74674313
0.19222171
12.15036862
5.31998781
13.06250000
28.58479610
2.72086049
2.58073747
1.25911375
9.74446532
5.29849845
1.61296154
11.96459961
10.06276727
7.15625000
5.21875000
13.24696776
0.10990480
5.57226064
4.15039561
1.08398438
12.78906250
4.17187500
6.81250000
16.51501465
20.21581782
6.23763187
4.31217531
3.26367188
8.09114251
8.62825438
5.90104499
2.66764406
14.67610594
14.17968750
4.46451906
14.21158688
2.08333250
2.04199468
6.12500000
10.75390625
3.96679688
9.00781250
1.68880125
9.66601064
16.42903812
4.49056405
6.41373532
32.94075438
2.74707280
14.06673094
6.86588376
4.96777593
10.37923094
3.00390625
5.87076906
0.56542969
15.58593750
3.77604001
11.89402096
12.04004155
6.62858156
4.93782469
9.51139406
3.73046875
0.74511719
0.56201172
1.18164062
6.16406250
3.57031250
24.96532580
15.09717420
4.79329344
6.13248781
9.75781250
7.66406250
4.72656250
2.30859375
7.73209220
3.81478280
4.36328125
17.08658688
19.77343750
9.46353502
1.70378435
2.64648438
0.89680907
0.02207521
4.44270750
5.70280031
6.26171875
8.88361924
5.11638076
5.55859375
4.55468750
6.52734375
0.47814692
2.48535405
1.97265625
8.40006095
15.11686281
8.91276374
1.84374502
1.52344248
5.58398438
12.68750000
2.82421875
12.95995346
1.13672623
38.72460938
8.18554688
2.36132812
4.18750000
5.32421875
1.19998272
11.44174091
7.64257812
5.34375000
7.41796875
15.73469969
13.75000000
5.54655031
17.70555519
5.22868794
4.89778812
10.76170878
1.52540059
2.23632812
8.87011719
7.81053192
2.48634308
8.22656250
2.58984375
10.73925532
1.62011968
18.10839096
8.37598404
11.24283688
15.13312722
12.99903590
1.76367188
3.87075909
3.36361591
3.27734375
10.41406250
2.37075909
3.45557513
11.79866578
9.13899657
2.27897218
3.09407469
3.56998781
4.16015625
1.74804688
7.90234375
24.75871453
9.67252936
4.96093750
2.92968750
13.03727172
3.27718140
7.91406250
11.51562500
15.53888520
8.72738918
4.74935062
0.00145054
1.26928711
11.88281250
8.43750000
41.11360594
2.31998781
6.28906250
1.60333252
3.59765625
12.89485594
5.27311281
15.17879211
0.60392273
6.63671875
6.26594969
13.56608156
10.75324690
2.66276872
3.48242188
23.24546213
2.91943484
1.92578125
15.48680540
1.85455903
7.36736480
18.02440160
3.59278590
19.95832627
2.33122451
6.73014406
1.13964844
6.00781250
19.84375000
9.00606199
1.02155994
7.14193373
2.91992188
21.42591287
6.65658466
19.37825687
3.96363068
1.89453125
20.70735594
8.23616578
1.07893922
4.02734375
11.23046875
18.02619238
30.98431488
6.55329399
5.05078125
3.44867021
4.77561447
17.52734375
12.55240844
15.81852172
8.26139406
4.16438719
5.34439938
18.05403812
3.73990968
5.72298094
1.29166750
0.91861938
0.05879762
6.02602505
21.12939827
7.95883200
7.24012494
0.58735068
19.92187500
13.95083369
10.19824468
9.75358156
4.86544261
1.92252936
6.97265625
14.17610594
7.33104721
16.10295236
3.53344228
7.02050532
4.84082779
4.18164062
32.80566406
8.26562500
2.18377686
17.56250000
12.03548094
4.17155031
4.85497175
7.91358294
1.29296875
12.39843750
2.62937241
1.68910903
0.01747131
0.54304930
5.27831782
5.19433441
11.27343750
7.00032469
10.30045656
0.50301024
7.57389406
49.13606189
11.63810803
4.30207503
3.66196610
9.67903812
8.34342531
4.92968750
3.53906250
16.65266844
10.76920656
10.53125000
5.32812500
9.05891844
14.17545656
7.91048094
2.68717531
12.70312500
8.89550532
6.14420656
1.54036624
2.53710938
11.19546986
9.01546764
16.92187500
2.16861315
2.75358654
26.09733156
2.26367188
0.19421387
6.04524158
11.83757092
2.99479001
2.97591312
15.36448846
11.56543218
13.06250000
4.72916501
4.20996343
5.62890625
6.29296875
10.44531250
5.64062500
0.06207275
4.73828125
9.49218750
11.51025266
0.52400820
2.44425476
12.04687500
0.04666138
16.16730940
9.55925310
4.72298094
5.25097407
3.83886968
1.94531250
2.85221188
3.08984624
28.35351562
5.06640625
2.38875305
3.13866876
4.04199468
7.39908688
1.56282718
43.97819093
9.03027344
7.26562500
3.80143063
8.36653812
2.33593750
2.84765625
10.20312500
4.36798053
6.46095744
7.79003657
5.16141741
9.74805186
5.01953125
1.17285156
7.89453125
3.48046875
0.51123047
14.60611813
15.72493656
3.40039062
15.39550532
2.42090093
11.20735594
4.55826906
2.20117188
2.46500485
0.00000000
4.97656250
20.08626219
2.00944093
1.53808594
7.79394282
11.83496343
7.53906250
11.79634239
4.40238807
0.00929260
4.96533203
8.52311156
12.34554078
8.80956782
2.12402593
15.53906250
5.31461547
4.80257203
6.58325133
0.23266664
15.48307126
19.40592531
10.83951906
0.22106934
10.72656250
7.28303580
4.16422983
7.25390625
1.62044188
6.57812500
10.89158910
12.62012965
3.08170656
8.52343750
4.47656250
0.80490465
2.32748060
6.55859375
15.98144531
17.34504876
4.32682624
11.21774292
1.71354001
7.17349845
12.20386303
1.01652039
2.44207954
7.36034907
2.82910405
2.33789062
4.20377438
4.77474124
3.75976562
0.49511719
0.29414793
1.59488891
6.19709830
5.59603280
1.41438968
5.69921875
11.89127438
18.56330674
1.57276263
13.22086547
0.24202515
10.30533688
4.58772828
3.56787234
4.98828125
2.19775391
3.64062500
2.74218750
2.57031250
10.86930297
0.36311890
11.51687945
5.64811281
2.50325687
9.64843750
1.51562500
1.79084954
7.58073249
1.42578125
5.07812500
4.83593750
3.39876219
1.73307375
17.97233200
3.96093750
13.23437500
1.16145750
0.11234621
2.07177734
5.70312500
6.07031250
7.26562500
1.57812500
12.60847961
4.08292664
13.78791985
9.67122562
3.57942874
3.42968750
16.61547602
2.87357823
8.88716644
0.06768799
3.26838860
7.84245124
3.77343750
5.38802000
10.76562500
6.54655031
3.24820922
1.97444703
7.66860816
8.50131371
4.04687500
3.17773438
9.25781250
11.96875000
8.90103502
2.17334607
13.89534298
18.36653812
7.96451906
4.85546875
10.57454344
10.12858156
0.76416016
4.26204344
2.80436281
11.28906250
4.05078125
13.07812500
10.55140437
15.97591312
13.60579344
9.00716312
17.21875000
9.85937500
4.67968750
1.23730469
10.38411126
4.61198249
5.69563719
3.56412843
1.51757812
6.68391844
5.74251219
10.29622562
4.13573970
5.18294437
3.41210688
13.76041999
0.37475586
3.34179688
10.33007065
2.43457779
5.35937500
1.80664062
0.67041016
1.91388769
2.21794824
9.20735594
3.25195312
0.65673828
3.53287843
10.31119376
4.52572030
11.49218750
16.71516844
14.07698360
2.45198858
8.25781250
6.38671875
2.28710938
14.94596188
8.20377438
4.51074468
8.01139406
3.98632812
3.08007812
9.01659907
7.43505984
2.62060671
21.78515625
18.87532469
-0.01088377
7.71875000
2.79719969
12.96451906
1.57600330
4.78320811
0.94303468
0.87060547
5.48437500
17.43163564
8.21924202
23.15381599
16.16244154
9.01985594
16.18554688
3.59733156
3.34374751
3.80337774
3.55533688
3.55599124
1.78320312
9.59113254
1.01824246
10.58462877
8.07552748
16.18847158
4.24023936
12.65625000
1.30891844
11.50325189
5.56901374
4.90983156
0.29101562
2.84375000
12.77180408
1.35417248
0.68359375
5.68879876
5.74088874
13.37500000
17.92643063
8.44954344
4.00895390
0.25472047
1.51757812
2.23893063
1.03841312
11.58593750
8.44352172
1.01448609
3.03710938
17.83789062
2.55664062
3.18750000
14.73079344
1.54948000
1.68261719
5.77734375
8.79687500
9.00781250
10.09765625
17.43763742
4.49205008
18.91633782
3.29752936
16.80997119
0.82577100
12.26790282
8.84635500
4.97656250
9.06250000
9.83593750
1.61035156
13.41536126
10.50651374
3.69335938
13.96093750
15.53629267
3.75472296
7.47656250
1.41894531
14.95312500
8.72721188
1.10709220
4.69499279
6.04687500
5.92789672
14.11181516
3.67187002
9.22217420
2.14192002
9.34115248
12.62661348
1.34181183
3.57812500
3.62173316
9.10482934
1.49902344
2.96988268
6.00733045
11.44352172
11.99576906
1.70214844
9.81673094
3.17350343
5.66080563
19.23795656
12.28483156
10.87206782
3.88216312
6.57096188
5.41699468
4.97980442
3.39324246
14.17755957
5.47803856
10.53483156
7.46875000
7.21484375
5.66796875
12.70312500
10.99706782
12.91974956
2.56951074
4.40625000
3.33398438
1.54662587
5.40820811
6.18961547
9.98421265
4.62890625
27.39013672
3.00976562
9.05891844
10.88460328
2.95100953
22.48568726
10.18750000
4.16015625
3.50781250
13.67024158
0.47624279
20.87921100
11.29379418
5.29330341
5.67610594
14.96695922
0.53711062
16.53384752
6.16146498
2.52343750
5.21727394
1.02686668
3.95898438
6.60383533
3.56803967
1.22949219
4.65445797
13.17724734
1.83479859
8.38281250
5.60090616
16.66211436
3.24414062
6.52766844
4.32735261
2.86372894
0.36206055
20.83877079
4.41731937
11.60156250
0.01375580
2.44531250
9.92740470
7.48469969
4.53231272
1.29288758
7.48860594
9.58853502
6.35645279
0.08422852
12.57226313
15.49935062
3.72037843
7.92187500
1.43359375
13.69531250
4.62271720
2.24056405
9.81250000
2.14062500
0.01802063
1.31347656
11.80468750
3.94530253
11.71037677
3.06762384
9.25651374
3.70865968
2.81054688
1.87695312
14.03125000
16.33658688
2.59700687
1.32128906
17.90754876
9.00244016
2.92985483
6.65559813
7.39713376
7.49332890
13.31494016
3.35677249
1.22753906
1.72265625
3.83984375
1.86230469
8.05924313
2.63020999
19.83886719
9.23437500
9.92187500
0.03637695
3.61523438
1.75000000
3.29572114
3.61948027
10.02343750
10.68147828
10.83235594
2.74804688
9.01920656
13.87206782
3.58886968
9.07812500
6.29100067
12.68946808
11.25781250
11.96842033
6.74447030
7.09472656
3.42968750
9.37500000
7.48437500
20.03613032
12.97168218
2.29101562
11.44866523
1.16656915
9.83170158
2.46322030
18.26448360
0.30804656
8.01562500
7.49902593
6.51594969
14.23795656
5.67317376
3.96354499
14.53125000
8.82812500
4.42968750
9.67317376
1.77018561
7.56673094
4.15787594
10.68326906
1.07063968
12.33446144
11.72022606
15.37725353
13.91829344
9.80045656
2.72330563
4.65950687
14.66536126
1.51627936
8.79654533
0.04508422
5.22444703
5.41406250
16.32116699
2.28906250
15.41048094
8.17545656
18.10590363
18.75992797
18.98518922
16.48437500
11.62629876
2.45573249
7.18188477
9.64745969
13.55127078
7.31542969
4.72656250
16.60937500
4.09195922
1.62288453
4.77050034
7.30388076
1.45393922
6.24218501
5.44466312
15.06217531
11.87580674
1.89567763
14.14648438
2.36328125
13.76090204
0.49544562
11.30143063
7.30403812
17.33072252
1.55990248
3.83007812
9.97134752
1.65755873
10.04848848
4.72885527
2.02539062
9.12401596
8.20376441
2.74643838
4.21785461
2.05273126
15.58691655
5.50390625
20.30436281
4.73046875
7.99609375
5.86018797
12.44205812
12.49820922
9.34619016
7.77669437
1.99479001
11.48803623
1.97949219
10.49413564
15.18048594
10.93586907
12.59245124
10.75771472
2.94678108
6.24511968
6.03125000
4.87109375
11.07324219
2.34960938
2.52343750
7.29296875
3.46679688
2.00390625
10.78548094
2.24772218
7.39453125
6.73437500
9.75781250
7.02164672
12.60156250
12.23974485
3.03450687
5.15331782
2.37988530
13.44726562
2.11523438
3.55664062
13.27408688
2.22591312
7.44823970
4.15527593
7.26594969
2.63248781
9.53906250
8.41406250
7.47363032
2.70410405
9.80891844
3.94889406
10.03319814
7.27148936
3.22656250
7.78906250
16.38346188
7.53483156
15.33658688
8.20247562
3.11100343
16.06086658
9.07975842
5.15625000
10.20914672
5.55549923
3.46582280
6.19726064
0.68571420
2.24202515
14.70019282
11.63216312
5.98600094
7.89355718
2.12727782
6.23795656
8.00423094
9.10937500
0.63395265
0.58203125
5.09407469
14.54817376
4.86522939
0.99154560
4.47867797
1.64497427
6.38086436
8.30468750
0.17382812
1.67919922
2.91406250
11.35937500
10.14843750
13.14062500
0.34228516
14.15390778
2.90820312
15.03222656
13.64339110
10.40698304
1.47315014
2.61132812
10.74218750
11.26953125
3.69938110
3.87093140
4.52343750
0.30444336
1.96582031
8.54865255
1.26381502
1.67773438
9.99218750
9.32812500
1.85990387
2.80318207
8.80468750
3.20161819
10.07519282
5.96777593
12.96305297
2.64062500
0.08204629
8.52343750
14.38671875
10.79491689
6.26758311
5.16284180
6.74674313
9.78483156
3.01725343
8.79687500
12.48502438
6.87467033
5.41992686
8.08951906
15.85351562
8.37320922
14.95491578
2.71484375
6.88281250
11.74641844
0.52034547
3.63265015
7.94531250
6.54719969
0.48942140
4.39453125
1.35546875
0.00397491
4.63281250
13.16406250
5.69140625
0.07574463
6.81737783
7.76432624
8.83658688
0.61198249
9.45312500
4.99218750
0.00969696
5.25602172
7.61018922
0.75097656
7.05507369
0.28916459
5.00781250
3.29492188
8.07812500
2.97851562
1.70352837
0.13924507
1.55957031
8.54459220
2.19954842
1.22753906
11.96630610
13.41048343
5.25748781
6.64453125
6.85969969
10.28906250
0.34122804
12.20531853
8.02034796
1.55484112
2.22266622
1.91308594
10.01497313
2.95377687
1.69075438
5.58202696
0.35685734
11.38281250
6.03515625
19.67288208
10.38704344
16.64721724
5.02374433
0.29665884
8.60758422
3.20719360
6.13549867
0.37443055
7.96484375
2.84375000
8.49218750
0.04119873
1.65527344
11.36864362
13.48291888
6.16406250
9.28971188
5.25325687
4.58235594
3.59733156
10.60937500
6.46484375
0.54589844
4.40234375
10.84375000
6.54687500
8.46093750
10.93024823
0.46818927
8.17968750
1.26074219
6.78125000
8.95312500
5.78125000
6.45507812
1.78629516
1.17089844
11.48168883
1.73592226
3.28515625
7.29687500
0.20015379
0.17057375
11.60579344
8.41991938
3.12174811
20.70312500
16.14127438
12.64583001
6.43978280
1.76562500
2.55240968
5.45210661
0.30139191
4.46061281
8.94531250
14.30110594
4.39225343
7.61360594
12.03829011
1.15572113
2.46516844
5.78873781
1.69628906
13.24218750
4.50064938
10.80794437
11.42415282
4.29655031
0.45499633
0.28930539
0.96614749
0.20239258
14.18814938
5.24576906
18.46875000
7.60937500
1.67252687
9.49413564
2.91406748
13.53645501
3.95996343
22.34733156
12.05891844
8.28483156
4.43359375
5.60253159
11.32910904
4.18489251
7.36588874
13.16406250
6.03125000
2.35188719
6.99967531
3.15038564
5.54492686
5.51383422
11.88102172
10.34927970
9.04980718
2.28434452
11.63460328
3.68196532
0.53043703
1.81477782
6.06998781
1.86144521
5.78743905
9.82860705
4.82123504
2.56418869
2.82226562
5.15234375
24.04719969
3.49641844
3.77083499
10.26562500
10.59798094
12.51432126
1.20312749
10.06250000
0.27294922
3.39062500
6.44563719
7.58024047
0.56494265
7.61539672
5.53335052
5.83790558
6.60796182
0.52110802
11.80981383
0.04071107
9.25845939
14.56543218
2.14388187
4.24218750
10.61914062
2.41634032
3.75358156
19.98697875
7.34228391
13.58349734
8.82210328
2.26171875
3.62304688
12.31673094
4.65787345
8.08227539
4.08789561
19.49121094
4.21093750
12.53254876
9.92057624
1.45507812
0.17793699
11.04866578
16.91780640
8.70312500
0.03860474
7.01562500
17.46516844
12.72867922
14.12500000
0.14493805
2.16961436
1.20778646
1.33105469
6.49366080
6.14088098
0.56418869
15.09332669
2.45598972
0.79589844
9.66188553
0.17576096
0.11914062
17.03613032
10.83561281
4.83138187
8.04215204
10.56429078
8.76855718
12.73095703
5.54296875
2.59179688
9.22284935
11.78469721
4.66427415
0.33208554
3.07898964
2.21621541
5.74935062
8.05468750
11.78189938
0.86165531
12.47363032
12.71386968
4.34375000
10.27164672
7.55712766
22.79622562
2.36523438
11.75488281
7.64127438
13.66341312
4.51953125
1.55110594
12.76920656
2.35156250
18.76464096
7.96029061
7.24870124
2.39062500
17.94188830
1.77718639
12.45670656
2.71695922
6.42366578
12.30598875
10.44791750
2.05859375
4.08984375
6.03125000
0.08428955
7.75671387
13.39062500
3.17187500
14.88061523
12.94173094
6.91406250
4.19889406
0.97021484
12.81314938
11.43685062
1.63281250
5.00813719
11.14355220
4.09635749
9.07877438
13.28394039
17.92854610
0.75651249
5.36034907
0.26025640
14.96483378
6.68750997
1.39160156
10.90689938
2.24349124
17.26367188
4.08984375
0.68798828
5.26170878
1.62500997
7.43750000
1.62304688
4.00423094
14.64241578
2.85921265
7.43847407
2.48144780
11.16080563
7.39388187
19.97460938
2.31054688
2.59570312
12.90625000
0.27197266
2.31445312
7.69921875
5.45897939
11.55420810
7.62533466
1.40625000
4.23046875
0.00459671
14.44921875
8.33593750
6.30078125
4.56510251
3.70247562
3.04687500
7.87923094
7.34733156
14.07312012
2.84375000
16.65266844
5.87645612
5.71972330
0.69158182
12.17527926
3.34815824
3.97070312
10.29687500
2.38476562
2.11165282
0.43326906
14.69042969
6.98046875
6.83626219
10.53906250
0.39933351
0.28271484
8.10937251
4.95215093
9.04508422
0.48128297
1.97265625
13.30110594
4.44954344
0.57853335
12.03637633
6.89062500
10.66406250
2.77311281
6.11034907
1.25976812
7.81250000
1.88476562
5.54687500
5.28125000
8.52050532
6.97363530
10.91406250
7.13281250
0.22473020
0.44726687
7.95312500
4.76953125
5.87109375
0.11590576
0.64208984
12.71158688
7.87435062
7.12890625
1.61708641
2.77734375
16.17187500
4.30609638
0.63286846
8.04817376
9.10807624
9.64843750
4.81673094
5.21451906
4.09798094
6.37467531
1.10351562
11.78172208
0.94874667
12.89062251
4.50683843
5.32849121
18.31250000
19.32454344
6.09342531
3.24023438
8.75000000
7.81461547
6.29996454
11.70182624
17.65445922
0.35534543
8.18505984
0.86507203
1.01757812
6.31250000
14.34960439
4.85352061
5.50813719
7.20703125
4.16406250
17.78092531
9.94710203
11.96256593
8.79329344
4.96061281
0.07641602
4.15038564
11.82617686
9.55961090
0.77274504
6.49381593
10.70312500
5.93359375
10.53613032
0.20849859
17.00000000
6.33593750
1.68750000
8.14485594
7.53483156
1.54980469
7.11751219
1.40157136
6.82857269
5.75000000
5.51985594
11.66959718
4.61718750
9.21580785
15.18327903
4.33919437
9.91210938
7.95703125
2.15429688
6.49250222
3.95281028
12.58670989
0.43184480
14.40071033
5.35319592
11.19954344
4.77734375
14.43359375
9.89420656
18.08715633
2.28572695
-0.00227782
8.20556641
6.01171875
17.61914062
24.56249502
18.83301280
6.26774047
1.45784547
6.19531250
0.68017578
2.01725094
8.20377438
8.30435783
3.98926529
15.62695312
7.02555297
23.17659547
5.87109375
3.47460938
6.06250000
12.05110594
19.86783688
8.00293218
18.12988032
7.73730718
10.01391602
5.97265625
12.64843750
13.07812500
0.76448485
6.62589539
0.36059633
11.01562002
6.99805186
5.75781250
15.87141844
6.37500000
6.82421875
6.06217531
3.66048094
3.16568844
4.84407469
6.74479499
10.44352172
1.39436890
5.52734375
6.54687500
0.28369141
0.03329468
6.31250000
6.53125000
12.13102172
1.39859985
8.55240470
7.48502438
3.99740248
3.24023438
20.30141112
16.39420158
8.02148936
21.88281250
14.74039672
1.10432984
9.86718750
10.35203458
1.21437167
10.53035461
8.69441711
3.94710328
5.31884766
13.00488032
1.98535405
4.36328125
11.63260064
5.54378546
2.33186890
11.53906250
3.03515625
0.61132812
16.31835439
13.00537234
4.39111702
18.50390625
15.16182371
7.86555907
6.84521609
15.07991578
11.32133865
6.37320922
0.77962281
0.85791016
8.52945922
15.41585328
4.98046875
10.57031250
5.66519393
1.11719498
4.58837766
0.49153812
9.52066268
8.26058732
0.95166016
8.73338099
1.68458776
8.67024407
