0.04508422
19.11507203
14.09195922
8.69592835
9.64062500
1.98925781
6.92008422
4.01692750
9.68994016
1.53564578
1.63964844
9.81673094
8.00358156
9.89485594
8.36295656
0.97851562
8.11718750
0.03750610
32.31054688
4.71875000
6.25032469
16.06184564
1.16927499
22.76562002
17.85628048
9.45923537
0.48185242
2.44921875
10.38281250
10.91829344
3.62076906
9.53906250
5.07812500
13.34619016
0.52636719
1.98063110
0.30745609
6.22656250
8.31673094
6.07975343
6.63281250
3.67187500
13.34285461
0.26407898
15.29003034
3.92041888
4.12109375
2.11328125
7.87988032
2.52636968
8.77343750
5.30663564
3.18164561
15.70442376
51.32780031
19.92187749
3.24414062
1.03613281
11.51704677
0.66801183
3.00976562
15.39843750
11.41666002
8.87271720
6.06218528
5.25000000
5.61718750
11.79329344
4.77018063
3.44629155
5.11328125
9.57843972
5.56609153
12.60937500
2.87613642
0.49300421
24.48046875
13.08881539
1.04595024
12.02526855
12.14794548
18.70897441
11.48341090
13.97322695
2.66263855
15.65266844
10.25960328
4.23616578
10.61669548
4.94385139
3.15234375
10.95312500
5.57812500
6.73828125
0.66796875
14.00194814
4.58789561
9.98795158
36.67366578
2.25049202
4.47265625
12.50781250
4.74910461
0.40006531
2.02539062
13.67740844
9.15266418
9.35641157
7.94987311
11.63867188
9.30891844
18.54068595
11.68472518
6.52035793
8.87500000
7.75423094
8.01920656
3.95117188
7.03938719
13.72572092
7.02734375
7.57031250
2.64648438
7.71093750
16.56640625
18.12532469
0.44156984
1.27541968
7.99545434
1.76660156
11.57161126
1.67057624
15.74218750
14.37889628
1.35352559
11.32128657
6.69498781
7.39839609
6.53125000
3.82421875
0.10955811
6.38671875
10.09863032
2.62011968
1.30761719
13.23437500
24.95312500
7.77734375
3.46093750
4.67968750
18.29263409
7.56104388
8.24527704
3.61750970
10.22178801
4.61891678
0.50435394
10.67968750
0.20410156
7.68814938
2.06412843
1.97623781
5.08235594
1.36686281
1.20019531
15.61393188
14.95524047
10.15201906
7.80468750
2.50976562
5.89062500
7.20703125
11.48502438
2.89030031
0.02457765
19.60400266
3.93343140
16.08495346
9.87468279
14.70865470
21.75602172
3.46501108
32.38476562
3.87500000
13.17447252
9.80632092
1.52847643
0.82324966
1.97558594
13.17380320
16.59854581
0.26549278
18.40429688
18.33837766
5.36084109
4.55468750
8.10265350
0.00347328
2.70898438
14.42480220
19.41634032
3.80338874
9.68391844
2.13053468
6.26312256
0.32861328
6.42968750
17.01869460
15.15382978
5.81185062
9.07812500
2.99804688
1.85546875
11.72916002
6.34115248
9.53906250
18.27018063
4.51920656
2.16275876
1.96777593
2.97882785
4.36589871
3.67187500
19.13472161
2.28775626
7.96192154
4.03125000
9.56673094
9.19531250
3.68750000
2.46126219
6.25716312
5.47655253
1.92774434
3.43750000
12.37467033
18.08886968
3.47200687
4.00390625
13.02164672
4.92366578
2.69335938
10.91406250
5.32128657
4.40331782
3.85742686
4.29296875
7.98046875
1.37792969
1.07519531
11.15625000
1.26594969
2.23600343
0.96923828
10.19352172
0.75244141
10.57991578
20.29589096
8.54785904
2.26953125
7.93032829
5.05404671
7.78938719
0.82047609
3.15039062
0.64257812
0.01731873
5.12890625
3.04101562
13.54459220
6.29557624
8.80045656
3.67089595
6.90918218
0.48999023
2.71093750
4.49039672
1.86018922
13.07779034
10.38509530
0.48145030
4.76106439
9.08886968
4.00000000
7.07389406
8.39062500
4.27286680
1.54158632
10.33593750
6.55566157
3.46777593
8.97199690
3.36394060
4.31250000
0.55427977
17.28026596
12.42644060
4.58268063
10.76497562
0.25244141
3.01757812
13.98437500
0.81005859
2.50000000
13.48079344
9.72558095
2.88835217
8.17968750
6.97656250
5.15625000
3.30214623
0.86500830
0.20735719
13.85156250
6.71646720
0.97688470
5.18067154
11.25781250
0.46608148
1.12565436
12.56494141
7.24707031
10.29980469
6.79592514
7.71484375
2.75781250
6.28413356
0.13603245
21.37271720
10.19855940
3.10450465
11.02766595
12.74935062
1.14681156
7.18847656
4.68814938
7.89060314
5.37174313
11.99576906
3.23990968
3.48828125
10.12500000
4.42154533
9.90810949
1.62932956
0.23201180
7.86034907
12.77278812
13.37076906
1.16406250
4.42578125
2.82031250
7.69921875
18.63409132
9.26434618
2.08788813
4.17090093
2.22070312
6.70703125
7.62500000
2.94531250
7.49804688
9.10937500
10.89550781
19.27733877
12.41748545
5.66796875
5.13557735
1.06071171
7.44832336
0.79679383
10.45133422
3.54947751
0.36393437
9.36718750
2.73437500
6.89062500
0.29923461
0.08870484
0.14587402
6.35742188
9.00976562
9.03548094
21.93066157
6.44043218
13.37809328
18.50000000
5.71093750
17.76952128
7.02735372
4.01953125
11.19531250
0.51757812
2.47720690
12.65430186
7.74935062
9.03125000
8.60156250
5.01171377
4.54492686
5.95703125
25.45117188
8.37500000
2.51367188
11.68033688
9.44889406
8.41048094
5.46061281
8.19889406
2.18750000
3.54199219
6.72363281
15.66503657
19.15983156
11.54264406
6.13052970
2.96484873
10.86718750
3.45507812
8.65559564
3.76432624
7.01562500
6.81250000
5.96875000
4.07421875
4.35937500
18.03125000
8.21809065
6.11394060
8.52945922
0.12825562
9.29492188
10.83593750
0.19335938
14.39306516
7.79475953
7.27132203
18.67105829
17.37858156
5.14355718
11.43750000
3.90625000
8.47298094
12.26562500
10.58658688
3.97168218
1.23046875
16.07340204
10.83805297
11.99055408
18.72689716
15.96158688
4.81185062
10.84960938
13.08189828
0.60560172
9.11995110
2.91308843
4.96484375
13.81608156
1.65917969
0.39062500
2.56314938
11.71451906
1.50569703
0.07802369
1.74031555
1.89726101
2.00310948
5.68750000
12.75000000
7.66015625
3.50585938
5.71875000
6.37890625
4.62532469
5.10676751
7.78304078
2.15869514
2.44921875
14.52050532
23.85091312
14.14420656
3.24804688
7.66015625
9.77343750
4.29687500
4.43831495
30.99462891
5.76041999
7.14453125
11.12923094
2.85709718
10.17252438
4.86263187
5.14274047
6.30680297
4.78873781
14.19954344
12.39192376
13.94124764
3.35351562
5.33593750
7.65234375
9.40625000
0.96142578
0.15954590
1.79101562
14.86767578
16.21516844
12.94465814
6.84603280
11.75691711
0.05814637
6.71875000
22.68532303
0.71702072
19.37890625
8.22362035
0.35938746
5.34081782
7.77636968
5.60351064
5.56836436
5.92219969
4.69108156
4.01562500
15.02772948
17.12467531
18.02945922
15.40510860
3.51074468
9.27798316
9.13314716
0.67138921
2.16601562
38.75827877
18.31445063
5.60058843
3.88997562
12.22720329
0.26132210
4.00390625
3.36149047
0.10774781
2.59179688
16.65445922
21.15185173
6.80615359
13.15316046
17.08493352
20.60451462
16.56657358
15.84325798
10.07259530
3.18164062
10.23860594
16.86083112
3.39698138
8.45670656
0.78466797
8.08593750
1.71447723
2.26500998
0.72266123
1.78125000
3.85156250
1.95410156
8.52343750
16.78613032
6.95605718
2.41601562
8.11718750
18.94009752
2.19572584
0.50382508
5.66015625
0.88408676
4.41797373
2.64355718
15.74218750
2.67187500
13.17675532
11.30237034
0.61608918
11.96711658
4.40007092
2.17382812
13.81086658
3.94694592
3.60351562
19.10904533
6.74447030
2.62500000
5.20409907
2.45019780
5.03906250
16.60221188
1.25130374
4.91406250
7.84627196
4.48122065
8.60449468
4.18359375
5.21875000
7.91406250
1.27283523
6.28484153
5.85514406
2.20312500
10.89062500
0.89143548
6.29557624
1.43457031
4.51562500
0.03948975
7.44531250
5.46093750
5.00390625
3.88939931
4.89062500
7.72515795
2.39257812
14.41227172
15.80289672
0.22538269
0.12048402
2.91015625
1.19075438
2.30566157
3.59831061
5.35937500
9.21093750
3.95898438
5.17968750
2.87336658
3.43132092
16.76822252
2.85742686
0.65218265
3.12921100
2.78485150
11.42922984
2.08549977
14.13273133
6.84309564
6.21777593
6.17578125
7.97233156
3.50585938
15.52050532
16.54150266
1.51709358
1.55078125
12.19877106
0.19112152
8.48437500
16.54687500
25.70774079
6.29323577
15.09211658
9.19336436
10.59619016
5.27067265
2.21142454
0.10595828
5.40103502
5.02734375
8.08333998
9.29687500
7.57031250
3.81835938
8.02254211
0.24820984
1.36523438
16.10805630
2.70867464
3.16764406
22.56738032
20.60920019
1.76482324
3.98242188
12.89127438
3.72591312
9.24218750
9.35156250
5.67968750
12.32096188
3.53255374
0.52351805
5.42545656
6.48828125
3.59798094
6.09073914
0.15600648
9.91048094
22.18602394
5.32927637
17.53319814
4.73242686
5.59765625
3.83007812
17.58203125
12.54817376
13.03841312
7.68326906
12.84960938
5.67936281
3.34179688
17.09114163
11.20343972
3.57716090
11.23437500
21.97070312
3.73828125
1.03059314
5.56413342
4.17187500
4.44628657
1.96191655
14.76562500
8.75846188
1.14192874
11.19335938
8.24804189
5.05306405
10.64420656
8.63704344
6.75682846
11.98894060
6.87532469
4.25358156
3.30859375
8.08268063
15.79752687
3.31217531
8.28906250
8.86181516
3.16357546
3.29492188
8.50056458
8.35937500
6.07421875
1.15136719
8.94173094
12.15201906
17.10221188
2.06949081
9.74854388
3.76139406
6.28906250
11.06673094
11.37141844
3.73372562
5.51985594
4.53938470
4.55338874
8.29264406
20.71093750
14.11962891
1.91992188
13.45522485
3.86979499
10.15266844
17.92545656
3.06250000
0.32202148
15.18391844
9.69204566
6.04232934
3.25944093
3.10742188
3.77343750
6.26171875
0.27563477
2.70669410
1.62631371
10.04573360
1.44254765
7.78385001
9.99870124
4.14811281
11.93114362
4.13526263
0.05880737
17.27012092
7.57324468
13.99608378
21.02604997
2.23502936
2.99218750
5.74609375
6.40055297
17.43586518
20.75423094
22.51722271
5.27523825
3.19335938
12.10823360
0.50065312
18.66517368
2.43653091
11.17302249
4.78288342
4.82031250
4.96875000
10.36718750
13.26818817
0.20593293
17.54719969
3.85514406
14.77343750
6.73828125
0.22131348
16.60765293
10.35572598
1.69637024
1.97257508
3.71154785
3.17578125
4.24609375
11.97363032
4.55402815
7.92220966
4.57389406
8.21451906
7.21875000
0.02107239
9.69367908
4.92350842
13.19464199
18.30143063
6.21028812
5.05403812
10.55468750
3.84570312
4.43750000
3.90039062
4.68750000
11.43570922
1.39640320
2.48136414
19.26659907
24.05826408
4.00912123
10.38281250
6.15234375
1.88183594
7.54719969
18.00152483
3.79111923
3.11914062
7.19563719
5.68717531
7.75943595
11.81120124
3.77539062
12.67187500
7.70312500
3.52978391
0.42741093
2.13085938
10.31250000
3.86523438
3.79296875
21.87824690
5.73503435
1.97688719
9.50358156
4.79296875
19.22656250
16.79863505
5.58594747
3.09375000
15.49381095
32.05468750
8.82259530
9.65625000
11.42968750
1.88769531
15.95019282
9.31123560
0.01493877
41.32844969
5.48405031
5.20344969
11.92155031
2.85351562
0.69122314
8.96093750
5.44531250
14.82893174
1.20134170
11.56250000
3.00390625
26.46713906
11.74771720
0.99284685
16.20312500
7.55859375
13.71875000
6.90820312
7.73828125
21.94596188
21.06347407
8.62011968
3.84147218
4.17155031
8.08504211
6.70011414
7.61328125
8.88281250
4.56640625
8.01562500
20.97289863
3.85872562
13.09504876
8.83902704
2.27474623
4.92968750
16.11929923
8.36947030
27.94840204
4.04769171
17.31835938
4.52376219
6.41373781
4.24609375
5.18359375
4.48828125
4.52734375
10.77831782
7.03483156
1.20735843
1.62597656
11.35156250
6.42675781
5.25390625
19.28971188
14.33658688
11.21239362
19.02499162
8.63281250
0.86246828
20.57454344
15.72233156
12.44596188
3.16341312
9.49185284
4.89877216
2.75585938
13.03254876
6.81901374
16.27408688
9.55533688
8.60026374
5.99500526
0.58946739
14.37320922
3.60660517
1.65299811
5.05078125
5.77734375
0.66943359
9.55647454
9.29557624
14.14729610
20.54085328
3.78450687
6.49609375
7.48893063
19.47233156
9.97233156
3.95898438
3.02188712
14.29264406
18.63639406
3.30761968
13.97298094
7.21451906
1.48242188
3.90625000
1.11328125
0.60205078
8.83593750
12.45735594
12.21451906
4.26204344
10.89420656
3.56249751
2.83951906
19.07356937
0.67675781
3.13867188
11.45279034
3.73470966
5.15625000
13.08593750
1.03710938
0.68994141
12.42577627
13.93587655
5.20344969
2.18294437
5.01171875
6.84765625
22.12923094
6.73917664
4.86206117
2.03255125
15.68993393
7.94043218
2.46647717
6.55468750
6.62500000
24.01887190
3.91862810
3.43496870
13.12533404
3.76953125
1.09911860
6.54394282
4.67855523
6.88736813
18.13216312
4.81461547
13.39078236
7.18522717
11.67934287
4.25425088
15.64794797
3.31201296
14.20918108
7.43225067
4.77263076
3.67773438
15.14485594
10.84016844
7.88248781
7.98534658
13.14062998
4.81608156
4.24932570
7.09247118
0.79459469
3.22640140
16.93750000
2.33007812
13.82437611
3.59391484
3.39364877
15.37320922
1.11897828
5.89062500
15.91471188
16.75000000
2.17513187
5.62845856
1.54183658
5.65105496
6.80615234
33.16478620
4.84229388
13.14127438
10.88997562
7.65592033
4.38151374
4.25391439
7.59049313
7.25716312
1.14094969
2.28873781
8.16406250
5.96907469
2.29198970
0.02189460
15.22916002
16.31444814
2.37859153
10.07812500
4.70280031
1.57096188
3.14778812
11.11181516
10.07177859
9.84016844
1.89355469
5.42545656
5.98046875
1.34082031
10.06290337
0.69490913
3.90234375
14.46939689
10.76790780
17.82584220
27.40307778
4.39453125
2.94140625
16.58593750
4.65722656
8.64453125
6.59798094
7.56998781
16.18602394
27.10694481
19.21076020
10.47673980
5.14908688
7.16731937
1.38867188
0.86311766
4.47135500
2.83007812
0.36840820
3.16080563
8.51106937
10.64062500
16.81786237
13.56559951
4.03483156
15.53873781
10.70914672
1.47249390
1.45996094
2.79979721
3.05111092
5.74870124
7.47298094
0.60986328
8.09228391
5.98916480
13.41374778
17.86670046
11.86386586
0.85075576
4.89062500
14.13182846
14.89050542
7.54313608
12.87027704
4.31510749
3.67773438
12.65625000
17.15787345
8.08284796
1.73128297
9.71451906
4.31738032
16.14501330
7.38135638
13.41471188
11.38037234
12.15396720
11.23193484
8.51253546
1.11702515
9.15625000
4.02343750
6.36344360
6.11539672
3.65787843
14.11002438
6.20638187
7.98079344
8.12858156
13.62890127
31.52770732
12.67968750
0.58691406
10.69954344
4.03125000
9.93147828
1.65120484
12.38883422
9.49950798
6.38997562
4.84310062
10.94889406
1.90332031
13.78548094
24.24901596
3.53190935
0.25268555
6.02811614
1.26973543
5.97265625
16.40038564
4.31055186
5.45735594
6.52701906
8.41210439
2.20117686
1.19921875
12.10774657
5.70280031
13.18750000
1.81738281
1.12988281
7.19042221
5.47364029
5.47265625
10.88883422
1.99625610
20.36458001
24.48454534
10.82747562
4.55891844
4.38639406
9.75195312
9.91406250
0.16027832
13.38899158
1.20866467
9.07031250
0.45760008
8.04459718
4.31250000
0.02291870
7.25781250
1.51855469
8.93591309
8.75000000
1.11328125
11.83560783
5.77002327
10.42789672
13.69083742
4.83593750
2.00781250
11.81769504
9.99382092
11.68490248
4.81640625
4.18326906
26.69998932
8.27960661
4.34539339
14.62206782
18.69140874
13.46282959
9.16406250
8.16177970
25.23533117
13.26497562
1.08789062
12.01757812
11.25781250
6.58203125
5.60546875
0.69662953
1.71273326
9.10937500
3.33398438
5.72656250
11.62173815
3.17318373
13.42252438
18.42187500
11.77115470
2.32227061
7.97233156
7.89453125
16.10546875
21.00093255
5.33284796
8.74039672
7.44563719
14.32959109
0.96272828
12.07421377
12.64713874
7.14778812
0.77050781
5.97265625
0.59711076
0.28350447
0.83837891
6.12270723
7.62338652
9.74641844
8.35717836
5.20100517
8.07682624
4.71549562
11.59260237
8.80339372
15.18554688
3.28906250
3.09114251
10.43352424
3.75000000
16.56250000
6.83561281
14.85579344
9.42740470
5.94563968
5.32715093
4.13964595
14.94311835
0.46915711
5.96875000
14.15077904
3.99407690
12.25358156
10.65136719
2.52962157
15.35937500
1.58951906
1.09863281
13.74771720
6.08822030
5.37923094
14.11685783
8.27148936
6.97265625
2.42805907
2.77311281
9.79280142
3.52506593
0.60986702
10.65625000
3.22265625
8.15625000
4.48828125
0.70458984
5.61229970
14.81250498
28.86045837
6.80696532
18.17154034
11.39095966
14.64811281
3.02539062
9.79271277
14.96948803
22.70947141
17.47982186
13.65136968
9.32389406
3.35937500
15.75846188
27.10175412
8.74088874
1.81054688
7.43359375
8.31852172
15.75569703
26.16406250
3.06640625
7.47688719
1.35514406
1.77539062
9.43554189
10.00977061
10.42578125
3.23828125
22.03832529
2.85052969
13.15625000
7.52734375
14.50390625
11.94596188
2.99739749
1.20768063
6.13509281
8.84049313
7.02669437
6.37890625
15.93423316
26.66342309
19.21076020
6.39470855
9.70312500
8.01349956
3.35368794
7.79899047
2.90218140
25.25280762
8.19531250
12.09765625
4.41406250
3.35546875
2.41015625
5.06673094
2.17740968
14.27652704
16.45263049
9.79248670
4.11409796
14.06250000
11.10416002
9.47396498
3.69921875
3.33789062
7.23046875
10.98437500
4.94921875
1.20996094
12.67578125
11.93391844
7.43049549
4.58333998
4.13671875
9.75552970
0.79232186
17.55891844
12.62076408
14.98795656
22.49870124
17.61116578
4.32210328
7.44262695
8.12173316
1.10092309
3.64680907
15.25781250
11.18326906
0.00348854
15.38704344
3.29313234
16.48437500
4.00781250
2.75390625
3.32779533
2.98079842
3.30859375
14.14257314
1.49414561
1.24023438
13.16177970
12.46077017
19.88395888
6.24935062
1.07519531
9.79394282
16.22558843
14.56070922
9.96402704
17.28190436
4.70800781
10.46093750
7.10546875
15.23925532
5.25683843
2.26171875
9.22069814
5.53060062
5.08463874
3.53775626
13.80468750
17.17090093
8.33121828
7.73795656
1.02148438
5.47037345
11.37728280
10.40625000
6.36393063
2.70247562
20.16437722
0.18033688
3.06575687
6.31250000
7.71093750
19.16991689
6.07617686
1.96386719
14.96093750
2.93359375
7.25813719
8.81608156
6.32421875
16.60758422
0.64436890
4.37500000
7.27929189
2.93392342
3.56217531
4.46484375
17.30533688
15.80403812
8.20914672
0.87776734
2.80273438
18.13704344
23.87499502
4.44694592
5.31250000
8.05468750
3.03515625
15.60709220
5.24837655
8.42187500
19.32844969
17.62467531
2.03515625
8.68944814
4.07617686
3.21875000
12.35731932
23.86311890
10.99462766
2.98299320
8.14062500
12.03369016
3.13623171
8.44368407
12.52522828
1.37466659
9.95410904
17.40983156
5.18359375
1.04492188
20.89192376
2.25065436
0.79199219
9.96841534
4.30892841
15.53221410
4.05762965
8.89843750
7.67578125
9.88605940
3.19987810
9.21907220
2.91308843
14.52831782
11.16699468
7.79264406
1.29785156
19.19140625
5.42578125
4.55468750
4.71484375
0.44702148
15.71831894
7.57421875
9.49218750
8.07910156
13.94531250
6.80078125
22.70099458
23.50017730
12.50000000
3.65429688
3.39062500
3.41601562
21.37011719
4.22265625
3.64843750
11.35937500
9.97656250
9.66829344
7.83951906
10.11002438
13.69660877
13.90821060
3.54101562
15.33235594
16.30045656
5.99674313
1.66145999
9.59375000
11.57877438
34.17310397
10.23476948
19.39583001
15.36425532
7.08139184
2.02929688
23.03840814
6.37402593
7.96451906
9.12500000
6.33984375
4.48828125
14.54150266
16.96240359
7.65754876
1.89909186
7.29687500
11.10579344
3.27929688
7.26953125
1.86979250
20.21516844
1.02311281
2.66601562
4.66796875
0.09161707
14.13476064
12.28288342
3.08689117
0.12072754
10.26887190
4.66569592
4.02246343
10.16406250
4.02571532
4.26920656
7.37597407
6.12011968
16.71158688
11.43147828
0.88720828
7.32812500
2.70117188
10.09798094
4.17512689
5.28353280
8.39908688
4.57780031
13.00877660
2.37175808
11.91406250
2.46484375
6.37923094
4.60253657
3.24284186
5.09016844
14.79231439
9.94401374
3.18164062
19.82973848
6.96257590
3.91276374
4.88639406
14.16406250
4.33203125
7.42187500
0.06237793
6.70703125
7.19140625
3.59040642
1.17232800
3.34343528
3.66015625
13.57031250
15.98258422
6.34944703
1.46777344
8.47298094
4.03873781
12.63541002
7.58846631
0.18310609
13.34439938
1.78775128
4.09734153
11.83658688
4.84310062
2.55078125
9.88281250
20.71809564
6.93229499
9.42968750
5.48828125
5.34375000
6.97656250
9.39843750
12.88835570
0.01053957
1.38183594
11.11539672
0.57747437
2.11523438
15.63346188
4.99153812
14.62206782
4.14420158
3.21029310
5.83984375
13.24001053
0.29758713
3.71679688
7.17968750
5.51171875
14.50911126
14.30110594
11.48486702
0.92415406
8.31250000
3.59846798
0.07120976
6.59375000
0.00491714
1.64306641
13.49218750
14.77896720
9.62370124
2.21256593
15.16048094
2.33984375
2.10123781
8.87500000
10.95800532
11.39355718
12.46776596
10.99740248
16.37858156
10.91274380
10.05600620
3.95384309
16.50806599
5.78776374
3.17903812
8.45312500
15.02864251
18.15722905
4.68782469
2.61849124
8.74348626
16.74511968
14.27701906
4.16015625
10.05110594
2.45084718
4.16015625
2.25862423
8.28239140
21.45214096
15.23535904
9.77050532
7.84668218
3.44921875
8.12010971
15.22278370
10.31074910
8.22851064
7.50456560
14.61002438
9.28841312
5.42578125
0.20094725
-0.03239866
0.05218506
10.72298094
9.66764406
18.48079344
5.67643063
13.23958001
6.94336436
14.42545656
17.07812500
6.10156250
11.26562500
4.97265625
21.94140625
17.54329344
7.37141844
10.97591312
5.87890625
4.18162567
6.51759308
1.72167969
14.55077128
3.55469747
17.00650377
10.48177748
7.15625000
0.04595947
0.76677268
10.21794326
2.29882812
9.45377438
8.57779034
4.13362921
9.36897828
4.00489029
0.04403687
6.83504211
2.21378601
7.33593750
3.62695312
0.52148438
2.16796875
0.86718750
17.65445922
2.98713487
4.18067154
11.42187500
10.26985594
12.67008422
-0.05450315
13.34375000
2.08756095
4.97884530
13.16552734
3.51887190
4.86817154
4.65983156
18.46093750
7.84309065
6.49675310
9.66080314
6.25683843
3.70442874
3.84570312
13.51806641
0.04605103
8.00911126
1.24870124
5.59765625
13.13085938
7.80468750
11.91406250
8.48079344
10.31998781
4.06868407
13.73616578
0.99104610
2.47363530
6.36328125
0.04052734
15.83658688
13.17903812
13.42024158
6.40788342
9.25000000
4.07421875
9.42382812
12.39257314
16.72241709
11.61718750
5.02343750
3.06054688
16.42187500
2.16634032
2.04850343
7.43359375
6.20312500
10.43814938
21.66341312
0.08414672
8.06429078
3.48242188
8.39679411
4.43523714
9.49218750
9.53319814
6.97070811
9.92187500
1.34585675
5.07064716
5.89062500
3.88085938
0.00111485
3.78385001
19.64746343
2.21435671
6.42366578
6.01204344
5.71842531
1.83593750
6.34586547
2.59163453
1.02050781
11.40625000
9.56021720
0.67806405
7.42187500
6.49120845
5.03418218
8.95377438
4.56185062
5.59798094
10.94108156
9.78515625
2.63085938
5.46158688
6.96028812
2.77962157
4.87564938
7.49511968
7.38882425
2.71371232
6.95036015
0.24552367
5.70703125
6.65624502
5.49447030
14.27278812
7.36535065
0.38932375
4.54655031
7.00423094
12.90201906
0.13854980
0.19575926
9.55826906
0.03726196
3.53710938
2.80664062
0.01794434
8.18750000
5.20995346
5.98926529
3.01985594
0.92643312
9.13281250
4.43359375
3.95117188
9.03906250
14.35724956
4.11150044
8.39485594
6.85394837
2.94260194
11.81250000
1.55957031
7.28548094
3.76530031
9.22656250
2.02929688
17.31738032
6.91308843
12.75064938
-0.06333249
2.69726562
10.92154034
2.74479997
12.92155000
0.29895051
2.85937500
19.16434567
0.62337406
10.97786126
2.86783688
3.17578623
11.17187500
9.47102283
23.20247562
3.25260749
13.03906250
2.64420656
2.22070312
20.95703125
6.54296875
4.26562500
6.16015625
3.77343750
13.80468750
11.36718750
1.33691406
8.17968750
2.56054688
3.99804688
5.93570922
0.16695191
19.29328846
9.86882092
14.06655884
12.96093750
1.98665282
4.55045656
2.10156250
19.62206284
4.56445811
2.30371343
1.96777344
9.94531250
4.91048094
7.01139406
10.83332004
6.81511746
3.28906250
1.09309813
5.90201906
10.54687500
2.64876219
3.15592531
20.08682867
4.92936281
8.85937500
6.51562500
9.61783688
3.97591312
11.38476064
11.77734873
4.42578125
10.48437500
6.22265625
13.57812500
23.15885251
8.76920656
4.35514406
5.55468750
11.67675532
12.79329344
7.22623781
3.76465093
17.71516844
15.16764406
9.16959220
5.85384530
2.39453125
10.82291002
4.00130873
1.12792969
13.72721188
17.62955563
5.66487921
13.18839539
0.43383727
7.97233156
4.76659907
3.12402593
1.09570312
18.81656860
8.85937500
9.65022828
5.36652815
7.50456560
13.11718750
8.27105713
9.05110594
6.98608461
20.71344637
9.27963652
16.92187500
7.69704178
0.42722580
10.66495727
8.74397828
6.69580078
9.81428953
4.96061281
20.80891844
7.45670656
7.44970080
18.46207890
4.04915780
8.49771969
7.27669437
3.57226562
2.11914062
7.81640625
5.73828125
15.76985594
9.76920656
6.05175532
2.26399657
13.56901374
9.87923094
5.96842531
2.27929688
35.29492188
16.28742908
13.19303967
10.35823360
13.94644892
8.26432624
2.24544437
5.59407469
9.95670656
8.20474845
11.80599374
4.92968750
2.45312500
20.71157074
8.13150377
8.56771498
5.35546875
2.25585938
6.68750000
2.51367188
4.41406250
9.46581782
6.92219969
6.87402593
10.68750000
6.59733156
6.14453125
2.38108537
3.04469588
3.67415282
0.73014157
12.36230718
9.27343750
4.10546875
13.53548094
5.23828125
0.33463625
14.14711880
5.46225620
21.01659409
7.37206782
4.17175542
15.86799424
13.21794326
5.03125000
8.30891844
1.02408937
14.68277704
3.35595080
6.77377216
17.01611328
13.65689938
22.57747562
12.57812500
0.08697510
4.30859375
7.91796875
8.71093750
5.73893063
2.30403812
18.60653305
2.75097656
14.89843750
4.91015625
6.64978503
7.01427747
2.77539062
11.17968750
10.78743157
24.21777593
12.45312500
7.95312500
6.50813719
2.02669437
9.84798094
1.26741204
1.15657967
3.64843750
2.65705674
1.78434951
11.46093750
3.19726562
6.62695063
7.42090093
8.60937500
10.99218750
5.04687500
8.33007314
10.98063608
2.80916383
6.30110594
8.05826906
2.88281250
14.31250000
19.72952380
0.68023381
7.52343750
2.13671875
9.50781250
14.96906472
9.27914450
5.50211547
20.04670892
8.08886968
4.78841312
17.60579344
7.53515625
14.31172761
0.91239348
5.05045656
21.76562500
11.87109375
22.60122784
12.91732685
3.30501219
4.91373781
6.84765625
13.80891844
15.08300532
14.24186281
8.94108156
0.96712406
2.67805907
6.45670656
14.59798094
7.98795656
6.55924313
4.26106937
19.19954344
6.61718750
8.01887190
9.07845966
8.76562500
3.00000000
1.72753906
13.30110594
3.39062500
5.39420656
8.48144282
0.37500249
17.49543440
6.50879654
7.26530031
8.56250000
3.74804688
4.44905142
2.62712045
6.05906583
10.21046542
7.09375000
13.73079344
6.55436281
8.06250000
22.25439329
12.13491800
21.85839096
12.98699744
16.36653314
6.51009530
5.14453125
11.01383422
2.47444703
13.65958243
19.75228280
2.31445312
0.59130859
10.43879876
12.12793218
5.33984375
11.44889406
0.42472289
7.47444703
13.54752438
1.70345218
12.65510860
4.33935173
12.47462412
0.87939578
2.38085938
10.31250000
8.83657691
9.36264184
6.98828125
4.35156250
18.02945922
15.10430378
10.90201906
0.10648683
15.10021973
26.64062500
11.83593750
15.79882314
9.12728280
6.67936281
2.08593750
3.68782469
2.18717531
0.06713867
17.25520750
15.03444375
9.05021491
3.63867188
16.76383422
11.25960328
9.89062500
8.99218750
6.17008422
14.42366578
14.77343750
6.13085938
7.14453125
10.46695922
6.25569205
10.08398936
2.81705563
9.94466312
6.57031250
2.73925781
6.64876219
5.66764406
14.87564938
2.04231937
1.16308594
13.11002438
3.84928468
9.95995346
1.02995622
10.61718750
11.96321033
4.57194592
10.26562500
1.64094969
12.21451906
11.15689938
7.54443484
5.42757203
2.89453125
8.75969584
4.67585104
13.57031250
15.52001330
9.91032358
2.27083499
11.25976064
6.98177249
6.52604499
7.52978391
0.96508914
4.03515625
13.17789672
7.34944703
5.66015625
10.47298094
7.20280031
4.00390625
8.55891844
6.04784907
16.08886968
29.91242908
4.93490248
2.73632812
4.13183594
5.33235594
12.97298094
2.25716312
12.87500000
9.55460384
5.94666074
3.05078125
7.99414062
5.51562500
10.91406250
3.52734375
11.45312500
2.26757812
19.33984375
10.98387301
26.91098293
10.45695070
21.27376219
9.55045656
7.84726407
5.95670656
6.28385562
5.55468750
1.22037594
5.08203125
3.21224124
12.63605442
8.71485372
3.79980718
6.10905031
9.16048094
3.14843750
4.53515625
6.48014406
4.42578125
0.00538254
3.01692376
4.03027593
7.43717531
16.12629876
7.53385749
8.92187500
13.64029034
7.65788342
4.80159796
8.02620235
0.84765874
0.95507812
2.15455422
13.82682624
4.36067376
9.11588874
8.37500000
5.66796875
9.78613032
1.35644780
9.57812500
2.43554688
6.68847407
3.58691655
18.66193706
7.30298537
0.63468694
11.26822252
4.36849623
2.39453125
9.51170380
5.54526152
8.99576906
0.91080688
0.23714234
9.43750000
6.93847407
1.54687749
3.65820312
10.02310284
7.86752216
6.37890625
14.55370346
7.07910904
5.23893063
6.64030031
3.23762689
1.84049811
3.75049118
4.26953125
3.50585938
7.88085938
4.56282469
6.32914424
4.39937139
6.42578125
4.73014406
7.44531250
4.15885251
4.18294437
6.77929189
6.01367686
6.36328125
11.82420878
15.93441046
8.99138076
5.82063719
3.24381593
5.40280862
0.27288959
8.77766844
8.46028314
3.59147717
5.83984375
6.58203125
7.21875000
16.47004876
1.50358405
15.71093750
1.48665282
10.45670656
8.42900848
6.19531250
15.63165116
1.96600509
18.22183954
18.17692265
5.32031250
6.10905031
6.43750000
2.44335938
1.26757812
8.47036348
9.92026152
6.65625000
9.72656250
11.51985594
4.22623781
14.42431516
17.51155142
1.90983654
10.42968750
7.91829344
18.84375000
5.54768548
13.21745124
15.93929078
0.52815797
11.93456782
1.18164312
10.52929688
24.37222518
1.66488419
11.18750000
5.81640625
14.84634752
6.86849623
2.57063719
8.56250000
5.20409907
6.11979499
3.79882812
2.68814689
6.27604499
7.65983156
13.72557846
2.83692154
3.80078125
13.71777344
3.55859375
5.57812500
6.28710439
2.41048592
13.35514406
8.50781250
5.28580563
2.38020999
11.95800532
6.48462101
0.77563539
13.19627660
8.16309840
27.63898161
4.24806183
4.65201906
13.00423094
5.93359375
5.77734375
15.00129876
3.94368905
5.67219969
15.72233156
2.92968750
8.21093750
4.22265625
0.06884766
2.37890625
18.07355940
2.56901872
14.36687485
10.87598404
7.38313719
4.10123781
8.55468750
3.63476562
4.14745346
3.62207779
12.32812500
6.39094969
13.74576408
6.31868905
6.40201906
13.89664672
3.14241578
5.33203125
7.90542332
5.33676418
3.14648438
18.41406250
11.43994141
20.09049313
6.80013187
9.92968750
5.62988032
15.08105718
18.05078125
9.09570312
12.36132812
20.65299313
7.52343750
4.02356050
0.58370027
4.35985705
10.86376330
13.54298121
2.00390625
6.91406250
1.48307126
1.51888187
16.08235594
9.80891346
7.84538342
6.92545656
4.57747313
4.96875000
2.85123781
10.45099956
6.54118794
1.92285156
1.67064994
-0.27367728
17.42187500
11.08137190
14.12712419
24.98762190
9.70769060
5.29296875
3.91992188
0.01925659
8.16406250
1.35839844
16.26399158
2.14030529
0.20117188
4.03515625
1.56087157
8.16764406
16.47721188
6.69466312
11.36333730
3.30469248
4.46484375
21.31917110
18.16715204
7.04883311
10.99674438
23.26808955
11.37465092
4.94140625
3.58170656
2.60937500
7.90234375
2.34375000
7.41796875
0.57666016
0.03170776
0.91556227
2.19597185
8.69531250
5.38281250
11.86457004
10.93051418
1.32112672
3.28351785
3.77702903
8.21581782
12.28807846
9.40658466
3.45703125
5.58561281
7.85741689
2.84603280
16.44954344
4.11865359
1.24202515
12.45735594
19.23388298
4.72103280
0.93001344
0.34985352
14.55468750
10.53286847
7.02800310
6.35579344
9.04622562
17.71679688
2.28677970
1.08724374
1.00781250
12.09178192
6.08009308
3.69335938
12.62500000
3.16210938
15.12988281
18.79066601
14.38511524
15.63281250
4.85156250
2.73242188
15.30305408
2.12532469
8.64583998
6.03515625
14.79101562
9.47070312
15.46093750
13.40396720
4.98275155
13.61457004
3.11199246
11.27262115
17.63117908
4.70671154
26.32193595
3.54134530
16.00390625
8.45312500
0.01399231
2.01562500
6.78125000
17.70312500
9.92968750
1.37938456
6.17220966
15.07031250
1.39387689
2.27767342
0.77832031
1.55972144
3.03842309
9.63281250
13.10839844
8.29979721
2.99512466
21.95735594
10.82120789
6.78401734
6.98884198
3.12142841
3.49414062
7.68033688
3.08153549
0.54101064
15.50586436
7.24609375
2.54296875
12.73860594
2.01920656
1.77343750
8.86246454
11.49397828
13.25325687
6.96451906
7.66991689
3.88118905
2.48014406
4.90625000
2.28342277
3.41243905
7.08984375
9.54329344
2.41959718
4.41650266
3.69482546
10.44531250
1.62695312
2.68554688
12.12744016
0.40966921
1.94433594
13.34520612
2.91081560
11.21823293
2.96875997
15.87320922
5.42366578
15.15625000
5.66406250
1.07226562
6.86393063
4.49935062
9.06558954
2.15812444
1.28214539
2.32857323
18.07454344
2.06608156
11.39306516
0.57470828
12.76989030
0.41663314
3.61160727
6.73162012
18.75129876
15.17268174
3.77523825
5.18001219
1.52799313
3.76172124
2.73242188
15.42187500
2.24023438
11.09146720
5.91243905
5.83984375
3.44335938
0.47045898
11.34195922
3.46272330
3.36719248
12.84798094
5.33235594
10.12076906
7.01530031
14.22298094
13.98210320
7.04915780
9.50000000
5.56444814
11.44336436
3.79882812
0.00175381
19.86523438
11.28548094
1.86686281
1.75000000
7.53906250
7.73664783
1.25944592
2.25128754
3.74659574
12.68554688
17.37500000
12.07519282
0.75976812
2.41764406
10.49462766
4.33740359
3.92578125
7.66015625
12.25488032
0.98730718
8.40625000
8.92968750
18.91730940
3.02019060
11.52766844
12.83105220
10.16068854
6.08593750
16.48437500
8.89062500
8.01204344
4.64811281
14.39062500
3.11718750
1.71484375
9.09375000
1.51106439
3.93620124
11.27082004
9.24480496
11.05468750
11.39843750
2.31250000
5.75211547
1.29182984
14.10399892
2.15820811
6.76919659
3.69564716
1.73339844
15.34375000
9.17447252
0.91830092
2.21679688
6.77506095
7.07650155
1.33593750
0.74023438
3.60937500
7.42578125
18.52408688
8.97412234
1.80483738
11.01466090
2.63444093
11.82031250
14.28906250
6.32909907
1.17187749
6.52734375
9.60302734
22.99609375
10.58593750
14.38346188
15.73795656
2.36881593
3.97070312
5.49510971
2.85254654
5.21875000
11.73258422
4.10725953
8.79508422
2.10959885
0.53867631
3.27343750
10.93391844
7.20442376
19.35612311
3.15787843
12.28320312
6.38574219
5.14062500
2.37695312
13.13834220
9.57682624
6.77343750
2.99804688
8.96451906
2.61914062
5.99251219
1.69889406
2.92968750
11.57388908
14.31250000
4.23665780
8.17968750
10.07096188
13.54622562
12.15038564
22.80468750
3.15234873
2.02733378
18.83204122
8.13281250
20.69498283
3.14681405
14.48079344
3.46549313
1.99707280
13.92187500
13.06673094
13.91959220
3.55273936
0.17358398
4.47265625
1.18261719
6.90266844
4.68033439
4.61133311
18.08274934
6.68678191
7.38704344
4.25358156
6.34407469
12.20491578
5.86507203
7.17968750
6.55411680
0.92244570
2.34375000
13.33593750
4.72656250
1.90527344
16.14257812
10.69759032
7.82780031
10.68391844
11.53287843
9.28099540
0.85572335
6.50146484
10.75129876
3.47721686
7.80696033
3.73991467
16.24478502
7.07584718
5.70866467
5.86718750
15.04687500
5.11328125
10.64843750
1.21239736
7.32617686
16.55109597
15.45281028
3.24283688
6.74153812
2.70312500
5.05760971
56.74317154
7.73828125
4.69140625
4.88281250
24.32648321
10.04882314
7.22884530
7.77669437
1.77929688
12.81673094
3.79264406
6.96256095
21.08967642
3.24656470
18.58092421
7.32584220
13.07048481
4.97282358
7.58626219
14.27412840
4.85091312
3.04687500
4.57031250
5.77734375
4.82031250
2.06445312
15.39485594
6.57193595
28.50504765
6.05973515
11.19596188
9.58332004
3.74383089
2.38867188
11.17293211
14.23372064
3.14095467
8.41048094
14.90348390
2.84375000
4.04508422
10.76369264
3.05078125
19.19179153
12.65364251
4.50293218
6.63281250
0.88834718
1.62011719
10.87320922
22.82991578
10.66406250
3.92578125
16.41467161
1.01220828
0.48738524
8.62500000
1.03678468
11.40429189
25.07324468
6.25000000
12.19824468
3.29703735
1.26350953
6.38508533
1.01465342
9.48612551
6.53906250
1.71875000
16.82291251
28.64599734
5.00472296
12.19238032
4.72949468
10.28320312
2.59570312
4.40657469
48.47395501
29.75602172
6.03060062
10.64176640
6.13736813
17.43847905
7.07747064
12.98193484
14.54609130
6.45377438
8.41634530
1.64746094
4.15625000
10.24348626
6.94433843
1.05729250
5.59375000
15.96825798
13.64729610
3.26335217
1.42968750
11.87890625
14.94803708
11.60872562
3.55273438
11.17821144
2.67921043
2.45132924
7.30843639
1.37109375
24.31555176
12.34927970
3.37532967
12.11783688
11.43685062
4.32031250
6.37890625
14.48437500
3.92578125
12.98437500
8.92708001
5.51074468
2.70280031
12.08560284
18.42285904
3.51692874
10.86718750
2.50390625
14.60937002
10.12109873
2.37695312
15.46158688
5.06185062
2.25195312
14.47069316
13.37891622
1.93554688
13.59146720
8.04134530
10.06852172
7.81168329
8.39778563
5.18620124
3.64615968
14.48274657
13.91048094
1.91927249
0.71923828
7.73046875
8.93619127
8.79166999
8.18424811
15.90039062
2.83398438
8.50796986
8.30810671
5.22526374
2.40592531
7.85156250
21.05566157
2.48535405
8.01428192
8.81595856
2.77132203
7.48388423
8.57877438
5.22200687
2.44043218
11.87206782
12.02343750
7.98372562
16.47233156
15.99218750
3.63085938
6.93001219
5.31217531
12.75732048
12.27229610
3.70085217
7.48860594
14.01985594
6.94466312
8.25747784
3.03549091
12.32031250
21.74837157
8.43326906
3.83789062
18.03139739
4.91033355
19.14420656
2.29101562
13.27343750
19.73176751
3.51432624
9.18660461
17.17341977
4.40657469
5.38574468
14.36848626
12.61523438
3.82682624
17.60611813
15.60091312
12.04296875
8.32031250
1.79101562
13.73925532
11.39420656
7.13997562
0.88525391
15.78320312
9.14387190
4.58269060
1.38378906
12.51367188
13.58124968
13.00064938
3.60644780
16.98469969
7.14420656
1.54882812
7.97265625
3.58398438
5.41796875
13.83397939
17.41160240
12.01865466
19.90291320
0.14799012
0.54199219
22.78936768
9.22656250
4.50390625
9.03335550
1.50570700
12.08723626
3.36198249
13.02831782
8.38086187
4.26562500
6.06250000
7.83203125
14.92596788
2.02686170
9.29866578
5.49609375
12.37694814
6.43945811
7.81640625
16.20133422
7.16890504
4.16015625
16.29329344
1.44368407
5.16341312
6.92789672
13.61539672
5.86213985
14.12614140
8.52799562
3.48632812
13.44531250
11.36181516
3.64168336
4.81022218
7.64062500
5.51562500
8.45914672
9.01383422
11.28254627
3.34896498
3.34375000
10.48583112
5.12354388
8.23632812
12.53125000
3.35953735
22.59128990
3.91733432
3.43847905
16.12564938
4.08919437
6.14843750
6.59375000
16.78515625
16.76562500
2.07226562
31.34293329
5.70604721
6.00180075
15.12564938
0.62435062
8.75781250
15.47265625
19.83300532
13.66962770
7.21419437
0.80371094
7.09114251
12.19401374
13.86360594
16.76073970
12.39843750
2.77604499
14.97070312
5.23046875
2.52539062
19.09521484
6.46875000
2.14843750
17.71093750
3.80619293
1.54732269
13.34179688
4.54988586
0.59366883
8.34130859
3.29882812
2.44335938
1.02636719
8.35122784
21.56356584
6.81217531
0.96663453
7.31705314
15.80501717
17.18750000
6.80859375
10.80891844
14.97656250
11.79866578
2.36702515
4.42187500
16.53548094
7.28548094
0.84830812
12.07389406
15.64485594
14.56509752
4.54395279
5.44531250
16.28125000
18.99462766
1.31884890
2.26692376
10.52409186
13.89843750
5.35611813
15.90364749
3.91601562
7.91796875
9.23079344
-0.03261229
13.93554688
5.85969969
11.26562500
13.67456117
0.52742492
22.77261082
15.94385513
7.38769282
8.04362810
6.68750000
9.27294548
13.31697259
1.11833388
18.11425532
5.97444703
2.62223515
2.39843750
14.58723626
9.37370124
18.62352394
11.01905418
3.59765625
10.49283688
8.48372562
20.12109375
4.66406250
4.26953125
14.14754211
0.22794617
13.26269531
2.53352782
8.01920656
15.50585938
11.44954344
0.20475343
11.56770501
7.12370124
8.37500000
5.84634752
8.49740248
2.67382812
10.18033688
4.64561115
17.19163010
3.14094471
3.51400155
3.88997562
14.58593750
4.16406250
14.82584220
4.46712655
17.27343750
20.41243407
3.84342531
3.57617188
10.34276596
2.90137466
1.91308594
17.31250000
12.85156250
1.08007812
15.89648438
8.53417969
11.96093750
4.85546875
8.40625000
1.81933095
7.45508311
14.84016844
17.45051751
17.66732186
17.63508533
8.15007092
13.87500000
10.41406250
9.27343750
6.96614251
11.33886968
23.14461180
7.18685062
1.88606688
12.39062500
12.10610816
1.66309840
2.05859375
19.72036348
8.89682402
19.63443844
8.36653812
17.60351064
15.99837655
11.19889406
3.34375000
11.20377438
1.78353031
0.78076172
8.96450909
1.88705341
10.14843750
3.15039062
3.90250610
14.36419729
10.90430186
2.50195312
27.17218972
4.23796653
14.68814689
10.87467531
3.42448249
12.57812500
6.43001219
2.39030031
6.84016844
6.28710439
3.09343029
7.75000000
17.87711547
17.70312500
11.60140015
5.00000000
11.90266844
6.14420656
1.80371094
4.75715315
20.68083513
20.06477283
7.02897717
15.36360594
6.22233156
5.42610594
1.65494875
6.82031250
12.25256348
6.79101562
18.23758786
9.02278812
12.50000000
5.11425532
3.49316655
2.41406250
15.40039062
4.29687500
2.51757812
11.78906250
0.81933594
20.97265625
5.56250000
9.15266844
11.38704344
16.45963376
8.73307624
5.46939938
15.39925296
16.80513646
7.17773936
2.81746399
0.66593445
20.28957367
12.90689938
1.25423343
10.97477172
24.29881317
1.89063995
3.30859375
13.14306516
12.98763187
2.80273438
10.71093750
1.32421875
13.95312500
9.90625000
14.52050532
10.93066655
2.89453125
17.64908688
1.81185062
13.03417969
11.76985594
8.97835328
14.38688110
7.69921875
7.26530031
2.36718750
2.32031250
10.78971188
10.84993157
14.39469858
0.54573609
3.83200633
10.55438275
9.92122562
5.03450687
6.81998781
12.19432846
2.04199966
11.25000000
8.87564938
1.85286624
24.06151596
10.44629654
25.60937500
19.77766844
21.69074690
8.49252216
13.86718750
2.34960938
14.41406250
1.11669423
2.95312998
30.46500610
6.94352172
5.03125000
19.43814938
6.03418218
2.53906250
18.65266844
5.63834718
10.21093750
11.35171986
14.37126108
6.81998781
14.35025876
0.69759281
17.51334220
7.38752549
0.97999168
15.75357658
12.25537234
1.39632452
13.09683954
8.51008533
7.56690325
4.91048094
13.46516844
2.05403812
12.64664672
0.59016969
1.35449219
24.83569149
2.53540226
2.97460938
20.22298094
8.23795656
4.53906250
18.93131344
19.37825687
8.75000000
4.26562500
13.14290282
7.29296875
10.92366578
12.49218750
6.23778923
4.78353280
8.88085938
5.21093750
3.34960439
-0.12776236
11.50512633
4.11775820
14.36718750
3.57812500
13.66829344
4.38346188
3.70605718
3.87500000
7.76301751
8.51855718
9.62858156
13.66198730
15.55110594
11.76920656
5.06372008
5.60034242
17.76953125
24.18047430
14.97577570
6.03938719
4.11295656
8.75781250
9.21548316
1.52084496
9.35089318
3.02801307
3.27962157
4.26985594
11.22232907
7.60893073
6.66015625
14.91796875
16.46516844
6.13704344
9.13997562
21.56119376
0.36067376
3.14713874
17.74413564
0.44385264
2.10937500
17.32421875
5.62890625
6.96484375
13.21158688
6.42513187
17.32584220
7.70182624
6.80826906
3.03906250
8.49218750
20.03613032
16.41373781
4.71028812
17.47286987
5.01594969
3.90201906
15.11718750
11.45930408
7.21257092
12.86181516
3.49365359
11.20371716
1.14583499
2.02148438
7.96907469
8.94661126
17.55517952
15.29573360
15.93628179
6.13281250
10.12905987
11.80144060
6.22265625
13.96484375
17.64127438
7.77050532
13.22445077
5.11686281
3.53547097
1.20476340
13.20222961
1.16691101
6.89614473
2.77573027
24.38704344
17.03075798
13.75830452
4.81608156
8.08055519
2.07960106
10.98437500
6.90234375
11.96939938
2.29036624
4.51562500
9.22362783
5.15072030
3.83170656
16.68391844
16.14420656
12.36262190
5.62272717
10.77636968
16.56477782
4.71061281
12.13605940
3.92644060
13.64745845
1.34668218
7.74218750
10.28417969
7.77734375
2.23632812
14.66307846
2.01270279
1.10351562
17.35036131
10.62271720
0.33447764
13.42610594
8.93814938
14.00846188
11.97265625
14.51871454
16.35628546
10.32259530
0.63525391
26.47688719
8.59504876
9.65853280
2.41243407
5.79264406
9.71875000
1.95410156
20.32844969
6.49186281
1.46777344
13.12141844
0.10197023
3.10742188
16.90718255
55.96354001
5.40853280
13.73632314
8.03288342
2.27734375
16.06021720
8.63932624
1.76823000
12.92610594
4.21061281
6.51594969
2.16178468
13.99836658
3.28890514
1.89339234
21.20312500
7.16991689
17.70182624
11.68684564
3.87337655
10.45670656
0.82763672
5.31623892
3.49626108
6.01953125
2.04296875
15.71516844
14.56608156
15.17968750
16.08701361
4.34277593
1.19238281
12.51399158
15.10156250
8.92350842
6.12500000
19.27766844
3.19075189
2.98665780
16.34537345
4.84993905
28.00211049
15.14469858
8.81608156
3.12304688
3.94726562
2.53905004
7.24122340
18.62467033
14.35937500
3.81087655
9.83593750
6.39453125
0.83349609
3.07421875
15.44497784
3.42220966
9.60579344
3.66113032
20.13151374
13.29752438
2.97200687
7.75032469
0.78239015
4.05078125
16.19726064
4.30664561
13.36718750
4.07812500
11.88346188
2.74153812
2.31250000
22.77644774
10.01138908
3.36523936
13.73079344
10.09016844
16.09733156
8.91764406
17.42842484
4.83365470
5.15462655
34.35969969
12.49088376
5.87044437
12.40983156
2.44335938
1.50796737
4.16293107
16.01871454
1.81331671
5.36685783
6.50228280
18.27864500
0.27872804
2.71972656
4.08984375
6.81054688
13.75878906
2.86067376
3.62988530
4.03417221
4.20378435
5.68750000
4.98649047
1.57503297
1.56933594
1.85644531
21.85643285
3.95997340
28.17187500
1.60351562
17.29101064
1.26270030
7.91796875
8.29752438
5.83740359
5.05257203
10.72167720
6.19466312
6.32780031
9.13281250
0.14111328
4.84375000
3.19726562
5.14318817
0.18249543
5.53125000
16.02473626
16.88476064
9.89420656
4.65365248
16.26920656
5.82877438
7.34310062
11.52184472
3.01237311
5.14094969
4.05045656
10.39973626
1.42155280
16.28579566
1.83757590
5.95280031
1.91992188
17.57110596
8.31770501
5.03418218
4.10546377
3.07780529
18.25488032
10.74422429
7.34464539
5.63671875
7.96158688
7.75325687
6.01171875
18.22037345
6.45996343
15.10872562
3.01562500
5.08723626
3.37760749
2.46484375
6.64843750
14.12239251
4.74088874
6.61718750
2.51757812
5.54752438
11.37435062
7.93359375
5.94921875
14.19429192
5.40527593
16.63810304
2.27343750
17.78840814
4.34245124
9.10937500
0.19616699
1.49316406
6.10937500
8.28125000
6.51072474
14.95021276
4.16015625
18.58430408
15.35481937
4.16276374
6.67155031
5.73828125
20.24436271
9.12500000
9.62923094
1.64713625
26.93424313
6.87044437
3.87500000
7.17578125
9.07193595
5.49870124
11.64062500
5.15592531
10.35579344
6.43391844
2.34700687
20.19173094
11.43626331
3.24349623
13.00846188
4.76888187
17.66918198
3.23535904
4.53515625
4.41406250
4.66959220
2.99447030
11.14062500
3.09375000
16.84960938
2.25406860
1.12288453
6.54239805
0.42488711
0.59716797
8.55273438
9.29687500
4.02571532
6.64420656
6.36751219
0.03690676
13.35579344
8.41048094
6.90754876
8.96680186
5.32454344
7.18717531
5.33527815
15.09887607
6.05338874
8.77636968
2.08756593
7.14306641
2.44335938
6.48046875
16.92902815
5.12175310
4.38670878
25.82648046
5.01245678
4.19563719
7.97298094
19.59700687
8.81673094
5.02911459
9.04087322
14.36523438
13.10253906
17.04622064
9.02213874
11.01334220
3.76041999
2.32389406
7.13281250
2.40429688
8.85937500
1.91609680
0.35758484
16.09700189
10.07682624
13.47801862
13.21729388
8.70312500
11.23339096
3.77442154
5.57812500
6.84765625
12.57519282
2.26887938
5.53385749
7.62109375
2.37890625
5.86718750
5.00878657
4.81152593
4.91015625
12.73502438
1.61751468
11.03613032
2.97558843
12.61132812
8.12500000
18.43521720
6.17480718
4.12825687
6.53352283
3.96078014
4.83382203
16.76056738
5.25310449
4.03906250
5.33203125
15.90592033
5.99447030
13.94531250
6.59375000
1.38094055
0.96720398
15.05533688
1.04231937
1.87988281
14.42773438
4.60546875
2.42968750
6.01953125
11.92919548
14.00049202
2.53515625
16.03808095
8.46142454
5.70956006
0.28116883
2.73632812
12.05175532
6.56498448
14.50124945
3.90349512
11.20312500
0.24780273
25.49218750
2.74674313
3.27474124
1.57519531
12.74706782
8.56721299
2.08610981
1.84375000
6.73958001
10.95703125
5.50552970
5.17285904
5.18033688
7.69856937
0.80094235
20.36653812
2.46093750
3.92184758
14.28322369
4.88143506
13.57812500
17.47801862
1.45329731
7.86328125
16.70002549
7.33513076
13.07366720
8.86645819
5.08484042
0.43526215
2.92968750
0.86458250
4.67936281
6.78906250
3.74511470
1.99544437
9.90983156
24.25781250
16.71385971
10.25293218
4.86783688
14.46257092
7.87076906
2.35351562
2.20018784
12.83757092
12.21451906
18.54394282
9.23893561
14.29197474
3.37990026
13.27863254
6.07552748
14.76904920
3.62874390
15.84977172
4.01463099
14.87253144
6.88330701
15.31673094
1.63737062
11.94764299
3.84749889
0.88623171
9.88800754
7.12924091
10.57650155
8.21939938
3.96842531
6.81217531
7.73046875
8.38443346
6.82926640
2.52751108
2.23242188
17.95442376
8.19401374
2.21483877
4.08789561
8.74218750
7.95963126
4.56933843
4.90672687
4.34733156
3.71679688
4.38281250
8.70930907
10.96327904
34.17799783
3.32226562
3.08527067
3.89226839
13.05289672
0.03224732
0.78955078
2.42342039
18.43912843
5.95703125
12.16048094
12.91764406
15.45898438
8.82421875
10.06250000
2.36523438
20.64158910
25.57473901
5.69889406
12.76399158
11.05371592
7.04264406
5.72525377
7.09115248
5.29296875
1.95703125
14.09845302
4.47999667
11.38281250
8.95670656
10.17609597
7.42156028
13.99771720
5.42057624
17.30533688
8.94466312
2.98405031
6.42529297
5.48567376
8.56951203
8.78125000
4.88606439
3.48763187
3.15006593
9.91764406
4.00781250
5.72656250
25.23502438
11.02864749
10.68994016
0.74658328
3.50000000
9.65266844
8.80631593
6.42578125
5.19140625
10.06574690
1.77019060
12.26204344
15.99772218
6.61751219
6.79655031
4.44173094
11.27603502
5.90723404
2.56835938
15.85936752
5.52278812
6.37272717
1.25488281
2.41406250
12.50195312
2.34960938
12.84798094
6.85367797
1.52588015
0.67187500
5.11718750
9.89843750
4.61718750
3.95344969
6.88248781
2.15639760
4.72916999
4.50365622
3.99804688
17.49283688
5.80013187
13.18676696
5.42097961
14.59699690
3.66830341
2.31087157
13.28514628
6.49219747
6.41764406
10.92968750
5.27310783
2.42252936
2.93522218
10.44531250
3.33593750
7.19140625
4.20922540
7.38988697
4.98747451
7.28971188
10.69905142
4.71891733
14.78906250
6.06445312
2.66015625
10.31250000
8.12141844
19.55859375
12.76920656
17.52896720
8.21322030
2.79296875
5.67626330
10.53109264
18.14102837
21.46378601
18.34245124
21.35579344
4.42122562
5.32421875
9.92252438
12.31185062
9.23860594
11.82389406
1.11328125
13.97492908
19.23600842
4.30859375
3.88085938
11.29329344
11.71451906
2.77343750
14.11457004
3.68621121
3.08007812
7.08478613
22.31755762
3.05696532
2.31217531
11.87988032
9.22721188
5.76432624
12.68668703
9.30240470
2.25618905
7.63996565
3.43425310
3.16796875
15.24218750
4.65234375
5.18359375
1.90039062
2.76723350
7.71516844
11.27735870
12.77701906
8.63932624
13.35904034
18.31641123
5.61165780
12.11246454
7.13362921
14.72710245
0.16454063
0.75537109
2.56835938
1.27343750
5.14062500
14.95312500
9.36360594
21.27983270
5.65853280
14.71907469
7.60937500
5.24576906
10.77600067
0.25207551
12.05305408
11.46647717
3.86914062
10.76562500
13.00846188
4.18685062
5.13281250
21.45214096
16.20638685
3.25390625
8.63639406
2.54296875
19.30444336
17.56770501
3.62011968
19.83593252
2.70866467
21.29134032
1.54557375
4.34765625
12.48079344
21.49624114
7.84164450
7.50748781
13.07259530
6.96332125
8.82812500
7.73258422
0.68489625
2.35578846
13.92513187
20.35579842
5.80078125
11.30468750
2.41080563
4.13216312
27.52604001
7.24576906
5.76139406
1.87695312
9.82226064
6.04166999
5.13818484
1.33577515
5.99218750
7.12449801
1.88136136
12.53367022
12.78306072
4.30826906
5.31673094
4.19498781
0.24023438
0.86230469
2.98437500
4.50830078
2.78285725
6.29087322
4.55468750
12.05956782
12.78483156
2.84310062
9.79687500
9.57812500
14.77310284
2.34799091
14.92187500
4.66015625
9.34375000
0.21675535
20.15982658
16.39371454
7.98714982
14.89794548
19.75569703
11.94954344
8.72103280
7.38769282
6.69043218
7.29719969
9.42545656
5.47167221
3.12435560
6.38313719
1.86458499
4.84375000
8.00682846
4.80957779
2.10742188
5.98559508
0.22876039
7.16015625
4.44921875
5.99658203
13.86132812
8.45133422
11.48616578
3.88476562
0.55322266
11.24283688
1.49153812
9.64843750
14.18750000
6.92073360
2.74527704
14.48242686
1.41243407
4.67155031
10.59375000
2.84407469
5.13248781
17.27050532
13.93261968
0.62207031
10.87500000
5.76953125
3.59471909
13.11133062
21.99870124
3.23795656
13.35384032
19.00325687
14.09993407
4.21362367
0.25333680
4.82031250
12.17512190
14.97038342
9.20605718
6.16406250
8.66406250
6.18750000
10.11425532
7.67480718
3.79882812
10.07454344
2.67740968
5.29296875
7.50000000
5.29687500
16.28417720
4.09277593
14.60742188
14.44954344
5.45344969
16.92545656
14.25552970
1.47852061
10.05468750
6.59244127
1.22298842
9.44531250
24.66057418
7.25325687
5.32650155
10.35156250
10.99218750
8.10668883
0.13195863
10.13052970
1.72103280
9.11685533
5.36882092
7.89030031
26.07421875
16.96679688
7.27375222
0.61296653
4.58723128
9.39519060
1.22851562
4.56444814
1.59766123
2.29492188
20.34375000
10.34375000
16.59016844
3.24381593
6.03515625
13.56151596
10.29004654
5.37500000
8.89062500
10.37923094
16.27147939
8.78288342
18.55957031
19.54687500
7.43424313
5.92903812
0.61767578
13.37817383
3.83007812
10.06250000
6.72964691
2.14421154
2.62695312
11.11002438
6.31185062
8.70979610
13.52262577
9.65348907
2.46879237
9.10872562
6.62141844
9.78841312
6.73860594
3.85709718
18.84016844
4.51269282
3.62174811
12.75781250
25.64843750
11.03498892
2.61149545
10.45019282
7.22379765
13.41486924
6.26660904
7.04296875
19.07617188
9.14003404
3.20250802
6.45215093
11.60156250
13.08768840
3.49889848
8.08528812
10.67789672
2.42431516
13.62435062
1.95833250
13.25781250
0.81803468
4.69531250
4.46093750
13.03677970
4.41276374
4.94889406
3.45833001
0.55290046
1.57910156
10.69726562
6.18879876
7.97591312
5.15950687
7.88281250
14.25781250
4.71972656
18.35937500
20.20214844
12.37629876
3.65885749
11.11962766
10.19108156
21.34754209
12.26367188
3.79102061
8.13704344
4.45019282
12.60449468
5.57812500
13.49316157
7.61263187
2.52278812
2.29296875
6.75781250
1.53897634
0.05428538
4.40234375
12.25976064
5.04102061
14.48990470
17.89778812
30.19889406
7.24544437
9.67781555
8.21280696
10.92903812
3.79069093
14.95377438
11.16764406
18.05045656
0.03640747
7.12500000
17.84276596
3.56446060
3.44921875
9.96516844
5.62858156
7.53515625
34.11244583
11.45914672
2.49104361
14.48372562
5.86588874
11.60937500
4.89062500
25.92317625
26.09765625
4.04655031
38.24087877
30.43685062
5.96289561
15.05809176
1.70264793
1.62011968
10.37500000
16.97801862
3.80323138
1.79589844
12.68814938
5.57551751
3.32812998
6.31640625
11.63281250
10.93391844
6.82031250
5.35123781
1.23046875
2.45800532
13.64957890
19.72562386
20.77382238
6.39031028
7.18570922
1.83186890
20.13443595
14.26985594
10.18555186
15.60758422
6.14274047
2.63492922
4.66015625
8.61783688
10.46956546
6.85758422
19.95222961
0.45190492
0.02120739
7.41796875
1.74804688
9.83593750
3.80663564
7.49805186
5.66796875
11.92610594
11.84569814
3.52148438
9.69710328
9.15609264
20.12971590
5.10286832
11.50423094
6.64599734
2.38867188
14.55061392
2.70719858
15.53906250
9.74023438
2.94563719
16.60937500
4.28873781
14.13497764
2.14486092
11.36588126
17.61556405
17.57226064
1.00000498
13.08365470
5.61947030
18.91113032
7.68261968
15.63867188
23.13541501
7.38329455
13.56950576
9.33081117
3.56144226
15.15689938
8.46093750
3.66341312
9.59195922
1.71272828
8.44531250
0.03479004
27.36473737
1.65088763
4.85156250
23.26562500
6.12695312
15.40754876
2.62956061
1.21859741
14.76562500
3.83235594
17.83154048
4.56901374
15.79817376
20.86426030
10.84146720
4.25977061
19.88931627
4.27409186
3.41276374
29.53416224
15.44792996
10.40462655
4.98469969
7.14420656
2.33007812
6.18359375
3.62109375
1.92578125
11.31314938
9.73372562
10.63704344
3.44889406
1.03515625
13.13866440
8.98535904
2.94547485
16.47054078
15.65266844
2.48209718
11.82226562
3.44921875
17.66601064
10.73242686
8.30110594
20.39420656
12.49218750
6.08203125
0.02917480
4.91015625
9.02343750
6.98828125
0.00355530
13.93098626
16.63346188
5.92448249
5.31575687
18.60351064
7.61165780
6.22623781
15.15625000
10.07454344
8.90201906
0.87548828
13.69531250
15.63476064
3.71289561
11.94954344
5.32389406
7.43391844
9.57389406
1.99527953
0.26912476
15.61360594
14.51725343
3.26367188
4.04296875
12.57812500
12.05110594
1.57519282
11.51855718
10.32389406
27.70852617
7.79147383
3.46679688
8.37336658
13.91211436
14.47069814
3.84147717
5.78906250
11.60758422
0.41886414
2.90942321
11.46418939
5.14778812
8.79199468
2.43554688
2.39843750
2.97460938
3.44138409
3.79494404
15.73771055
5.02791445
7.73079344
4.23795656
26.14212990
2.07486813
12.04622562
2.23242188
13.40322917
0.71444536
10.60847961
0.26074281
11.06608156
3.46875000
2.88281250
9.71516844
0.30436281
12.87271720
2.91048592
3.80370346
4.72364029
6.21288564
6.43587655
5.53515625
2.90006593
9.76985594
4.28971437
7.24609375
16.24641844
3.73600343
18.10937500
1.42968750
15.40006095
13.39908688
4.42350842
15.44335938
5.08203125
1.39331055
9.97656250
1.61425781
13.53938719
5.01530031
1.81738281
8.81623892
5.39078236
3.15235372
0.00782776
0.02331543
7.11797846
14.56185062
8.51334718
18.99804688
4.64453125
8.38409408
5.00563553
5.90711487
6.80859375
2.81640625
4.57421875
9.89754211
0.99165863
1.99784270
10.96451906
9.28125000
22.60644531
2.63281250
9.21646720
1.04818124
0.76855469
7.92187500
13.34439938
0.44639240
0.87229416
15.68065160
19.11784685
0.63117908
4.13929869
5.71875000
5.82031250
1.54003906
15.28385251
4.24935062
2.78189938
11.93814938
2.09245124
2.41372784
8.61752216
0.92285156
8.07812500
2.81835938
5.45312500
1.52050781
2.43359375
1.69628906
5.67610594
3.65657469
0.65739015
4.03092531
0.02612305
0.59716797
1.83300781
6.95312500
6.38052970
11.98372562
0.32763921
3.66829344
2.48600343
3.96679688
12.56054688
5.23828125
17.22785877
6.63932624
4.90950687
4.87858156
3.54492188
10.08414672
0.50569703
0.31917110
0.51432499
2.70117188
3.91015625
1.63671875
11.09179189
10.87524601
0.39184882
3.32844969
2.83951906
8.34375000
7.30859375
8.46646720
10.38932624
8.96842531
8.73437500
7.03906250
5.17968750
4.03906250
11.64062500
10.02831782
5.71842531
11.01106937
3.41796875
6.80859375
12.14062500
5.32812500
9.41406250
5.25488281
7.51269282
11.08886968
2.46289062
4.87923094
8.50650876
4.96028812
4.49967531
7.02555297
0.20955445
9.24218750
4.07421875
8.71093750
10.54687500
9.89935875
10.54687500
0.24340820
10.57599956
3.94743794
1.32017268
4.49348626
3.49772717
4.08626219
7.71451906
0.34790039
0.87500000
4.67968750
1.90722656
1.23828125
7.49511220
7.20117686
3.20898438
13.87748199
1.55594817
3.54134032
10.20247562
5.35156250
8.44173094
6.35123781
11.95898438
26.42608643
19.54052867
17.58984126
5.36523936
5.98437500
3.20898438
13.56742340
1.14497894
3.33268063
13.38964096
10.70280529
2.42122562
7.82010920
10.95312500
13.83300532
11.59668218
4.26627438
3.79459718
8.08951906
7.74543939
12.20817390
2.06119626
9.62115816
11.93717531
3.64062002
8.42773936
4.61309398
5.41815602
2.56054688
18.54687500
7.39973626
2.14388187
5.20638187
3.65266844
4.87076906
4.27343750
5.82812500
1.56250000
2.09124257
6.41813608
14.49397828
1.55403563
10.05826906
3.75585938
8.46093750
8.15189606
4.82857269
8.87320922
0.32674195
11.75259752
13.35392747
6.91797872
2.79134032
13.89375855
3.18269400
8.43978280
3.72037345
6.08536639
5.28450687
8.40625000
0.75813719
1.91764406
28.18586658
2.07975842
10.58593750
5.97656250
2.04882812
9.09798094
4.02376219
10.00358156
4.61751219
2.06380374
3.30033356
0.36112395
1.85026125
6.86523438
4.13671875
3.34179688
15.19173094
7.43847407
8.11295656
10.86490470
6.45443373
15.82096188
6.65169437
15.99641844
13.77701906
7.62500000
5.42610594
3.48209718
6.52734375
4.99119334
3.46485372
2.57617188
27.77701408
7.22103280
7.59375000
6.17643063
5.55110594
10.94661126
4.69303967
2.62500000
3.28906250
18.66455078
16.11311766
13.49922761
3.48775238
6.85188719
9.16764406
3.23274657
7.56737035
10.12403590
7.84049313
11.98502438
5.07324468
4.34310062
16.25602172
0.33459348
30.84504876
2.62142342
11.77640871
14.64614473
4.53516622
4.15527593
3.73600343
7.70377438
4.69433843
11.99218750
0.01451874
2.72924805
9.72208555
4.94521887
2.67839871
1.40388665
10.64713874
4.07812500
2.07031250
8.16406250
28.59439938
5.38606937
8.43750000
5.51659658
12.81836436
1.12361072
8.22038342
1.74121094
4.41210439
9.71680186
3.15234375
4.35156250
1.17773438
0.60888672
5.77864251
11.58463874
6.53254876
4.53814664
3.81250000
5.28906250
5.55923316
5.56186059
4.87890625
13.66210938
6.40625000
10.32812500
3.58984375
10.09977172
0.04219605
11.10221188
13.48014406
4.76659907
3.76367188
5.33886968
4.83561281
15.80600452
8.93750000
5.94531250
19.44302970
3.83170656
4.97135749
3.71875000
14.27652704
5.44417608
6.68180297
11.48860594
7.73323360
7.88151374
2.81727089
0.25670372
18.79882812
4.36328125
8.91048094
9.79687500
10.59504876
4.94368905
13.33203125
7.81250000
6.88704344
7.80436281
6.51953125
2.40657469
12.67936281
5.17187500
9.55110594
12.35905031
5.78157469
28.79101064
6.34538342
5.53125000
4.76953125
2.01562500
11.46548316
6.50326684
2.31689453
24.14029034
7.74675310
6.30045656
31.22460938
11.87141844
3.37500000
10.45670656
2.08625970
4.97526374
0.73193359
10.71875000
2.10326899
7.77636968
7.06250000
8.57877438
7.19124324
4.64518063
14.09700687
4.08984375
5.12532469
8.04264406
5.55078125
6.25064938
2.85677249
7.86328125
3.40038564
1.15430186
6.49934564
4.85644282
9.06413342
0.67285156
1.36914062
5.56607159
3.46908466
10.25781250
0.83203125
13.73437500
17.07812500
8.81673094
6.00358156
0.26855469
2.11749268
4.69921875
7.48469969
2.41764406
6.99217753
9.26237810
6.65608267
0.43213514
10.58054522
12.21632978
1.68261719
2.43554688
9.02148438
6.76383048
9.73714608
4.54036126
6.95996343
3.71646720
4.12337655
4.85558513
6.58203125
6.44531250
8.21093750
1.70996094
2.92414783
1.09635998
8.12141844
10.54882314
6.00228280
5.53841312
3.70312500
4.41015625
1.57617188
12.85156250
12.20735594
23.66373781
5.30468750
7.44531250
7.88281250
15.90038564
2.65625498
19.69140625
7.39453125
10.54687500
1.09765625
0.50097656
0.01852417
4.23339844
8.24413564
12.54492686
3.22298094
6.92155031
3.64648438
12.35286126
4.30338874
2.04492188
1.47077371
3.22234153
9.45312500
15.03189938
17.37141844
4.38574468
7.61328125
9.40819814
21.82324468
7.13574468
2.12075909
3.30111591
4.48111564
4.97916999
7.58561281
3.01432126
3.92903812
9.19726064
5.74902842
12.46516844
3.71061281
2.08593750
8.92968750
5.72656250
16.05680297
13.86539423
7.55338874
5.23111813
9.21028812
13.02766844
2.44108156
7.09407469
7.53092531
12.57421875
8.73437500
4.51562500
0.69824219
6.21484375
4.04296875
8.13704344
6.29003657
10.08284796
1.10921265
6.41406250
2.56933345
5.53027593
3.45734099
2.26922151
20.08788564
6.63477061
3.87109375
4.30859375
1.99511719
9.92610594
0.14066652
6.76822252
3.43099623
9.56673094
17.06608156
5.35253657
1.94629155
28.99966534
6.53549091
2.10546875
6.81465076
20.66316649
11.38151125
3.03125000
16.28449690
11.11394060
4.08203125
10.82812500
0.10266113
18.96174424
9.67888076
16.56314938
13.33479610
6.26594844
4.54590093
7.69401374
6.68750000
26.17252438
14.55045656
7.44889406
12.47717285
6.00000000
6.67187500
3.65657469
3.06022218
13.22183954
2.99495733
11.67968750
7.99609375
2.30859375
8.06395363
10.57178856
19.23437500
7.22656250
5.05680297
10.40022828
18.21516844
3.26496565
2.32455341
3.90851785
1.94109153
10.84960938
3.87500000
13.27343750
5.01627438
7.42122562
7.21484375
6.94140625
2.69140625
1.75781250
13.87719415
5.04468085
1.93750000
13.44270501
7.39323249
17.94921875
10.22265625
7.89062500
8.77343750
2.39843750
2.24218750
10.25161971
5.64160904
19.94352172
3.91764406
9.08723626
16.00358156
6.18261968
6.10206556
10.05290872
5.79362062
4.11263187
8.06185062
3.18164062
8.13801751
2.94206061
4.48437500
19.99055408
5.62272717
4.64453125
14.50911126
1.47331061
11.52310284
17.39095966
1.79882812
6.20312500
11.97427970
3.66666999
22.82812500
3.28483156
11.71875000
13.06250000
7.51334220
3.02376717
14.25244141
3.19335938
1.07226562
9.95523050
2.74431294
11.38737062
11.36457004
3.99871121
0.44335938
15.06510735
4.85806378
7.48894060
11.75358156
5.35579344
17.46545410
12.31608156
27.61458001
7.45080816
4.88508035
6.90170434
19.83963864
8.76757314
2.69662123
1.17187500
27.36034907
30.57617188
17.26497562
7.38623047
1.76334718
19.79516602
20.07746565
12.84115248
3.54427249
7.02929688
8.26626441
6.36654809
3.28906250
6.00000000
17.83691157
23.87580674
7.21207890
8.33692154
17.75781250
5.00000000
15.11718750
15.97298094
19.77306257
7.63558732
11.49935062
10.17187500
14.59927970
2.76986092
10.59179438
1.45019780
14.79101562
14.50781250
4.89843750
2.12109375
9.21875000
1.02636719
13.28791238
9.98403757
3.43001717
22.43448727
1.32747562
19.91926751
3.75260749
13.33683851
5.26367686
3.90039062
3.13899657
31.16373781
12.37695063
4.74902593
12.40933954
6.15316046
9.48697252
2.10287123
6.02343750
7.21875000
14.22119016
15.03304078
4.55045656
3.44140625
8.52343750
10.37206782
2.60449468
18.94400377
5.43880873
9.67968750
11.53971188
3.02224388
0.41460674
5.32486315
34.77523451
14.95872341
4.05690159
3.65104001
16.07356937
2.23632812
1.56347656
7.64061503
2.93978778
9.55387453
4.02359985
1.79768922
10.30631095
13.13021249
3.79882812
7.48266290
17.21069647
3.60351562
31.89843750
7.61328125
16.10579344
1.46061281
2.69921875
15.96450909
3.98470966
13.57092285
3.76741204
10.91454455
16.53890514
2.40853280
5.51171875
0.09820557
9.35415005
6.94663120
4.78906250
5.38835974
7.02556294
3.92871343
23.59712645
6.69498781
1.43457031
15.35494981
5.43229499
4.99609375
8.40168440
0.89421404
14.08658688
12.23177249
15.97041061
1.54094193
10.18163564
1.20215342
6.93164062
2.78710938
4.96875000
9.73860594
2.10140015
0.34977172
25.63456961
14.24543939
19.90820811
5.74218750
3.48632812
1.88964844
5.82275266
0.59668093
6.49674313
4.14388187
13.26562500
8.90330785
7.83920434
6.83593750
8.25491425
6.62858156
3.75585439
5.47038342
4.43033688
18.83300532
13.62500000
8.07259530
17.23079344
14.34928468
1.87923094
8.65022828
0.22127320
8.02343750
10.30468750
0.13024902
4.26497064
32.47721686
4.68196033
22.86962766
11.33513076
5.75813719
19.04264406
28.33398438
16.36653064
6.95898936
11.33951906
1.88964844
0.61816406
3.24869626
3.86604984
6.67252438
2.03841312
11.48860594
11.62923094
1.44954593
6.07409575
0.15734957
6.58805297
10.88069703
5.11539672
2.00960328
19.50032469
15.46465427
10.41211436
4.12532469
10.04410890
6.73860594
1.67350343
17.50667235
9.54996454
16.64957890
27.95263298
7.71679189
2.79281637
1.57617188
11.62515861
8.72298094
4.30013187
17.34635749
10.27359986
7.26953125
4.59765625
14.88826414
0.18448976
9.19367908
2.81820201
1.52815797
11.14648438
7.83984375
6.93750000
18.44836426
20.92675532
10.64355718
3.33007812
3.27929688
8.93521720
8.54849845
6.05632092
5.21777593
16.00423094
13.38281250
3.87467531
14.61783688
4.66242908
2.07324966
8.80468750
10.57063719
4.58561281
9.82454344
5.98014406
13.87336658
14.50423094
5.09896498
8.93879876
30.18294437
2.94108156
13.33170656
6.59179189
3.99414561
10.63704344
2.83821532
5.60872562
0.75097656
17.14257812
3.90852283
16.43131593
15.50325687
7.80338874
5.09830563
9.11653812
4.39843750
0.67089844
0.68001219
0.88102297
6.16617797
2.97640015
23.38834220
22.53743905
4.04719969
6.56998781
15.35969969
8.62858156
6.17187500
2.52734375
11.65705674
5.42106826
8.17968750
16.37141844
15.60546875
9.06738032
4.56510749
2.05078125
0.81591797
0.02005005
7.74381095
3.86588874
7.76530031
8.84992908
7.38444592
7.12890625
6.72265625
5.26171875
0.76399407
2.88737311
3.31445312
10.24088126
15.89159907
4.68490248
2.60057846
1.29004654
5.79492188
12.02766844
3.24576906
10.67154034
1.14877216
36.16373283
14.63118905
4.38281250
5.48437500
9.17968750
0.62674552
9.60774657
9.63477061
4.00000000
6.60546875
16.10384032
13.19531250
4.53125000
23.30695036
5.45899933
4.44466312
11.18651596
1.69629654
2.15234375
11.69726562
6.26594969
3.69694093
11.61718750
2.47070312
10.82877438
1.45638187
18.61018174
9.99919326
13.32096188
15.94888409
12.29656028
1.94433594
1.72231910
3.58920434
2.93554688
14.66048094
5.08300532
4.83073249
13.03906250
8.50878657
3.53027593
5.78125000
3.57812500
9.66048094
3.93733765
6.12679078
25.11420280
10.95931405
4.87109375
3.31640625
13.15266844
3.41569093
7.99251219
11.41764406
15.40647607
7.41383643
4.60546875
0.00074768
3.80664062
14.28906250
9.35937500
45.27831782
1.92285405
7.96126219
2.36343986
3.53320811
11.03906250
3.16406250
16.48437500
0.09021972
5.24788453
9.07633422
12.98225953
10.23827128
2.85352559
5.10969969
23.00896337
4.31803967
2.06445312
13.52058379
1.29177742
8.71420434
19.29638298
5.50927859
21.25780752
5.13021498
6.04655031
1.01529906
6.04866578
19.47338867
14.08636101
5.42365581
5.94434840
3.18912843
20.26667463
7.25130873
18.75716312
4.09069824
2.35351562
19.64485594
8.22656250
2.16764406
3.50781250
14.64290282
15.51757314
34.81120124
9.46614749
6.01953125
2.64225343
4.76594969
16.88248781
12.89819336
25.35155752
8.68197030
3.46842531
4.28580563
18.25358156
4.28515625
6.45312500
1.93912843
4.32486813
0.30509523
6.78579566
22.18620124
8.49382092
7.08745650
0.48961388
18.89062500
14.35884271
9.71386968
8.29264406
9.17154283
2.94466810
13.45914672
13.10367797
9.17675532
17.71767337
3.36262689
7.09993905
5.30045656
5.75390625
37.09504876
8.74088874
1.09252930
18.10579344
10.35514406
3.50781250
4.08935173
11.42822639
2.49023438
12.18750000
5.05182403
1.86223847
0.02407837
0.60790891
5.98746454
7.14715809
10.86360594
6.38476064
9.30632092
1.77586644
6.70997340
48.80435783
11.89974374
6.63411126
7.54200902
11.42968750
9.54296875
7.42187500
3.92187500
14.57096188
9.41341312
11.60937500
3.65820312
8.67610594
14.80045656
10.06738032
3.03222905
11.92187500
10.14582004
10.80730496
1.93750000
3.91015625
13.16388520
4.48064605
15.29687500
5.45897939
1.80273936
27.48437500
3.13696289
4.03548094
8.73437500
11.77701906
6.12108378
3.78516622
15.44677236
10.81836436
14.66048094
7.40104001
4.66341312
4.39518312
6.04687500
8.89062500
3.99023438
0.18737793
6.62109375
11.56250000
12.77977394
1.56983543
3.16227172
10.61962766
-0.08225338
12.70425643
9.43701795
4.26497562
4.11718252
4.48665780
1.72558594
3.48078846
3.17904310
38.88590453
4.34944703
3.51968861
3.86214234
4.39713874
8.69173094
2.22558843
47.19433345
8.79345952
6.15234375
4.54003657
8.65136968
2.10156250
3.27734375
10.81314938
7.23411404
5.41985815
6.68782469
10.73928397
11.17838874
5.71907469
2.04948000
7.96875000
5.85546875
0.47192383
16.75064938
17.59895999
7.78125000
15.15933954
2.57503546
12.19596188
9.15560062
1.98046875
3.26431876
0.00000000
4.97656250
20.08626219
2.00944093
1.53808594
7.82128657
8.95996343
8.74218750
15.46418939
5.46745124
0.08197021
5.88899657
18.42155031
11.09375000
8.41113032
3.80371343
16.66829344
5.87679078
4.50179078
5.74641844
0.95280031
16.79036126
19.12011968
9.24576906
0.28828856
11.58951906
6.16763409
4.75814716
7.67968750
1.63606688
8.12500000
11.60122784
11.58204122
3.33398438
8.00781250
5.38281250
1.99152815
3.50098404
6.83561281
16.92415282
16.99114741
3.94401374
11.82336426
2.23502438
6.14453125
12.00358156
3.67936281
3.88540649
7.72395750
3.41569093
3.45507812
5.08658688
6.12239749
4.12890625
1.90527344
1.62402344
3.14550532
11.86961769
6.80193262
1.62142093
5.94921875
13.18879876
16.53254876
2.00716810
14.43180297
0.26106812
9.58658688
2.32959109
6.51350953
5.84977172
3.87776734
8.82096188
7.82747562
3.33984375
12.67626829
1.09716921
20.05398487
7.44043218
2.84635749
11.96875000
1.63964844
2.44888908
7.10775155
2.79687500
5.53515625
4.40625000
6.40657469
3.04655031
19.88937187
4.02343750
12.58593750
3.02917387
0.24231050
11.90527344
3.60937500
11.02343750
8.00781250
2.57226562
13.96913619
2.88828568
14.54752189
11.20247562
3.58691655
4.55468750
14.85530267
3.35583776
8.58426972
0.17956543
5.73339345
7.86344858
4.76350953
7.72037594
11.35937500
6.72233156
3.36734985
2.67920046
5.96418440
8.50456560
4.51171875
3.20898438
10.49820922
8.80647828
11.11799424
1.55583388
12.32519282
14.63997562
6.27311281
2.77343750
9.31673094
11.42545656
0.81982422
11.05370346
4.67285904
15.43750000
2.57617188
13.75423094
9.70807487
17.28353280
14.15625000
10.30826906
16.62500000
9.21516844
3.57584718
1.37304688
12.51497064
5.87760749
7.52408688
5.27669437
1.60742188
6.40266844
5.95703125
9.49576906
4.40299313
3.78694703
5.13036736
15.46680186
2.23632812
3.03417969
14.12335910
2.35027371
7.05078125
1.92879211
0.56583680
1.50454815
1.57650653
7.14062500
3.77539062
1.19661375
2.89420656
15.12271720
4.17415780
10.53125000
14.51627438
13.92724734
2.13655640
8.35156250
7.48828125
2.00976562
14.49283688
8.61393063
5.11588874
6.34016844
4.89811281
3.23242188
10.43554189
8.81657358
3.54280640
23.19531250
19.26562500
0.10911604
17.70670656
9.42968750
12.78906250
6.32226064
5.76009530
5.11295656
1.01367188
8.21875000
16.14257314
8.28776374
28.15522693
15.20117935
7.26269282
17.47558843
5.25781250
3.01187611
8.81722545
3.35643784
3.14551529
1.68261719
11.60447474
1.69272495
16.10317598
8.54103058
15.54980220
6.58886968
12.84977172
1.46402953
11.28645501
5.78808843
5.33528812
0.68310547
4.99218750
9.87629876
1.63541999
0.92187500
5.55793939
6.39534796
12.05647828
16.20084469
11.47233156
3.35921265
0.55452515
2.32617188
9.45377438
2.82942874
9.08593750
13.05110594
1.60319093
3.58398438
18.95800781
2.27734375
3.36914062
14.65266844
2.75358156
2.89453125
5.20312500
6.54296875
7.89453125
13.58398438
16.80931046
2.47014876
18.09553580
3.45117686
18.09325798
3.44971077
14.95117188
7.75488281
6.39062500
8.86718750
9.75781250
2.16601562
10.58658688
9.53645999
4.58203125
13.74218750
13.84163204
4.18864140
7.85758422
0.65120484
10.39127438
6.43717531
1.64924299
7.60189716
6.17219969
7.39420656
12.59798094
3.83300532
9.13151374
2.66877424
8.82129654
14.30012190
1.72510638
3.55843140
5.63670878
8.71485372
3.95703125
2.87011220
6.19157358
12.04508422
10.94108156
1.67089844
9.14843750
3.07226562
4.74218750
15.91015625
13.06250000
9.01985594
3.00162843
9.50129876
6.45996343
5.92007425
5.70460106
17.20327239
5.45330230
10.43326906
6.67643063
4.58561281
4.51920656
13.23437500
11.17740470
13.19970080
3.06039450
5.34407469
6.85905031
1.89346666
6.70117686
8.25129876
9.02539561
4.84407469
25.04996828
3.55273438
9.78125000
10.31852172
2.56038453
21.05783081
9.53125000
6.19921875
3.49023438
11.74478502
1.38802748
20.24982270
11.50076315
5.49121343
8.10091312
12.48860594
1.18033937
13.58072252
5.70833998
2.51953125
5.23013409
2.76205341
4.17187500
12.83007314
4.32617686
1.35937500
8.57616689
11.70003546
2.29215702
8.17187500
6.65467101
18.22103280
7.47298094
10.83430408
10.21257092
3.74202515
0.60725953
23.92407065
5.26400155
9.73437500
0.08951781
1.63948609
12.96288564
10.68342642
4.90837544
5.10937500
8.65625000
12.87336658
7.49382092
0.08215332
12.28092033
15.99088874
5.66764406
9.23437500
1.81640625
12.89550532
11.05956782
3.02930186
7.93359375
2.71289062
0.07464600
1.89257812
9.83593750
5.04784907
10.52457890
7.50666861
7.76855718
6.98730718
3.59765625
3.65429688
15.75756836
14.51692376
2.61393561
1.53027344
19.87239251
11.65266844
2.78743905
10.98046875
11.12206782
6.73942265
11.62320922
6.02311281
1.63281250
1.93684813
4.34342531
1.97851562
9.51822252
0.62435560
22.14715576
11.83593750
11.74218750
1.81640625
3.99625610
2.22281860
4.91210439
4.47640514
11.25179078
13.01562500
7.28548094
3.83756593
7.43391844
13.49283688
4.15918218
10.10579344
7.16958223
13.54884308
11.39160156
15.80484486
6.30517952
9.05501468
3.68359375
9.88476562
8.10156250
20.01871454
11.14534796
1.41308594
12.07405142
1.09880014
10.13378657
2.90527593
20.98697252
1.44002694
7.91341312
9.27701906
6.59375000
9.98437500
2.61685783
3.41439217
16.60937500
9.03125000
4.98437500
7.34114251
2.25456061
11.10156250
16.68196033
11.91211436
0.81071047
13.02643839
13.02043661
19.35905457
15.44432846
14.72754654
7.25878657
4.42090093
16.33365470
2.05697030
8.64420158
0.04508422
5.22444703
5.41406250
16.32128906
3.73632812
16.01985594
7.74186281
20.04516602
18.79687500
24.23828125
17.18391844
13.00617908
2.43099623
9.10693359
11.79809321
13.65527593
9.58984375
5.00813719
18.09375000
5.76985594
2.57942874
11.42870346
6.50489029
0.92578125
6.24315908
4.72852061
18.29296875
12.18293440
2.35026872
15.73242188
1.79785156
11.14908688
0.79329593
13.03548094
6.24576906
16.41829344
1.61881593
4.10156250
14.60579344
2.81217531
3.29882314
4.27148936
1.11816406
9.38899158
7.43847407
3.28972185
5.56941711
2.73843923
15.57357186
5.13671875
21.50358156
5.05859375
4.89062500
5.89819336
16.66699219
7.86328125
8.85221188
11.08170656
2.15299313
13.88489019
5.89062500
13.54817376
14.33728277
13.57063221
12.17350842
16.30956284
6.17448249
8.04492686
5.34375000
7.15234375
12.59277344
1.16113281
2.78320312
6.86360594
3.48209718
1.11132812
10.41560727
5.37019836
8.72591312
8.12923094
8.75748781
8.52343750
13.79752438
13.76562500
3.67903812
11.71939938
3.50325687
15.03125000
2.52734375
3.57617188
14.07877438
2.19466312
5.60286126
4.21354499
6.48111813
3.86295656
9.37076906
10.85937500
6.33268063
3.25716312
9.25000000
4.43359375
11.95995346
6.11426529
3.64062500
8.79687500
20.66698970
7.55045656
18.16829344
5.78841312
2.14030031
15.50911126
7.74088874
5.66796875
11.45312500
9.88280752
4.40462655
4.73209220
0.39453623
2.12695312
14.78010860
11.22770390
8.47069814
7.68555186
8.79687500
5.78125000
9.64485594
9.03739472
0.52038605
0.51269531
6.60546875
15.30598626
6.96972407
0.86491467
5.00032469
4.65982658
6.42383311
9.13281250
0.08447266
1.02172852
2.66617797
11.83772828
9.29687500
12.18750000
0.47086547
11.88369347
3.69140625
14.03906250
19.30371094
12.90429688
17.36010742
3.93359375
11.83235594
13.37321047
9.58235594
5.98014406
4.56032303
0.53049728
1.32226562
12.58984375
18.43912719
5.20100953
10.44954344
12.19889406
1.79394531
1.94726562
8.83414672
3.39363648
12.55240470
6.43978280
17.06640625
2.78125000
16.27905273
11.39062500
16.50292969
11.35318595
7.63509530
5.07519531
5.85611813
9.73014406
3.48795656
9.84375000
13.27766844
11.15559564
5.74837655
7.94140625
17.12207031
10.94531250
16.71875000
3.18164062
6.07031250
12.27766844
0.36393312
3.90234375
8.36718750
8.97329566
5.96811059
2.23046875
11.89843750
0.00359344
5.54394282
17.93261968
7.16796875
0.35278320
5.24250970
7.89355718
8.21191157
1.67643561
5.96093750
6.23828125
0.12876342
5.19140625
13.48811890
5.50423094
16.10937500
1.58951906
5.21093750
4.37890625
6.67968750
2.66796875
3.65779477
0.17130679
1.77050781
8.89550532
2.56933843
2.40234375
15.21028314
14.84489265
4.81250000
6.87500000
7.17968750
12.81314938
1.19368656
13.49616931
10.00586436
2.16486675
1.43539450
5.70312500
15.22492908
11.06755139
3.00260251
6.68467365
0.52366135
10.73860594
5.83951906
22.99694824
10.04752438
15.11285151
13.28646249
5.93391844
9.60335328
4.61116578
8.78816711
0.51798523
9.61718750
2.11328125
8.69531250
0.05422974
1.77246094
12.73827128
9.45704122
4.67968750
4.68359375
3.75976562
4.74218750
2.73242188
10.67187500
5.84586547
0.51399781
6.38671875
11.71875000
7.39453125
12.01562500
9.03449690
0.96354997
8.88476562
9.13281250
4.08984375
9.63281250
10.47656250
7.95117188
3.06477782
8.69889406
12.46337766
2.31396609
7.20312500
6.63671875
2.99332392
1.03499640
7.14062500
9.46646471
2.70833998
21.85066711
17.18904477
14.46158688
6.65136968
1.82877687
3.17578125
7.04028258
0.11145082
7.84016844
7.49576906
13.75000000
8.55859375
6.24609375
13.01562500
3.54492188
3.43391844
4.79687500
1.81956588
9.82105912
5.30468750
14.84733156
12.08007812
6.24348626
1.40039312
6.26530031
15.24641844
6.45670656
18.41959220
7.32650155
19.25000000
9.23079344
2.16373781
9.37694814
2.00391123
11.94366911
4.12664339
18.51416016
7.98469969
6.48828125
4.34342531
5.37417831
10.42464982
5.06867908
6.80632092
12.87500000
5.96875000
2.63867188
6.55859375
3.60741689
11.54492686
4.58593750
10.75781250
14.75552970
10.35872562
2.79590093
11.80468750
2.90462157
0.85530640
1.43538453
5.38582336
2.14983819
4.35416999
16.90990027
6.01479249
1.93394981
3.79882812
7.90266844
23.52929688
6.84569814
5.34147717
8.08626219
4.41796875
17.72004876
1.53255624
7.63671875
0.38842773
3.33398438
7.79361813
7.71451906
1.31998781
8.94775266
4.99233988
5.33529809
6.52734375
0.69873047
10.19569869
0.09360795
19.49446033
15.12435062
4.44368905
4.17187500
14.36718750
2.05468750
4.23828125
20.74658079
8.94123892
11.43913342
7.13281250
2.14257812
4.25000000
9.48258422
8.69123892
8.56005610
4.70410904
18.73242188
3.99804688
12.32161126
10.31120124
1.09667969
0.25309079
8.17903812
17.90429688
9.65625000
0.09899902
7.31640625
18.30891844
15.00455812
16.39062500
6.37320922
3.58927305
1.00724429
1.34570312
15.59780364
5.58534241
1.25533051
14.99127217
4.31732158
3.24023438
14.46093750
5.06205231
0.11366791
17.82096188
13.39453125
5.86686281
6.17740470
12.71093750
9.69759530
12.68033937
6.24609375
2.15625000
9.34285461
9.91641401
5.51025266
1.25782247
2.41015625
2.21927482
7.89290780
11.30110594
12.81314938
2.45410405
9.46695922
13.65804078
5.30078125
11.92187500
10.13704344
25.13639406
3.12304688
12.05891844
8.08821033
9.66146498
6.67187500
4.14257314
13.26367686
4.49251219
19.55533688
9.03548094
6.77995124
2.32812500
21.63886305
2.20911789
14.68326906
4.29329344
7.52311281
16.69335938
10.06054688
2.61132812
3.19335938
6.28426086
0.07645691
11.10351562
14.86360594
2.52897218
20.50602172
10.76025266
6.92545656
4.01041750
3.42578125
15.55533688
14.22591312
1.11132812
6.73502438
15.06900876
3.80729499
8.70377438
14.07703312
18.98209220
0.30208749
6.44238032
0.59472905
14.63735816
4.05014184
2.22070312
13.44856439
2.69401374
15.61132812
5.29296875
1.95800781
10.96418440
1.39746841
10.77701906
2.37304688
8.69173094
9.84643617
1.13761414
8.93033688
5.41731937
11.16536126
8.19401374
19.04052734
4.78971188
1.87630374
14.64408356
0.23824066
3.06054688
11.29394282
8.86718750
11.52866907
7.02377216
1.13476562
5.26171875
0.06549072
15.81250000
12.62500000
5.62109375
4.83528314
3.58138187
4.48014406
13.00781250
7.81217531
15.37036133
3.22851562
14.62043440
12.78906250
7.68425310
0.68798828
10.96418440
3.99284685
5.53515625
11.99218750
3.46093750
5.37923094
0.85465578
17.04296875
4.73828125
7.46093750
11.19726064
2.14648936
0.75537109
12.63313470
3.51465093
10.12730427
0.37627729
1.95312500
12.30468750
13.22900266
1.32456560
14.27292830
6.41975953
11.18147828
3.97656250
10.55175532
5.05761968
7.64843750
3.52734375
5.33593750
6.85937500
12.18521720
9.22298592
12.74820922
5.70100953
0.33449092
2.53336796
15.59798094
8.40022828
6.54931516
-0.05796139
1.27929688
18.42284907
7.68082890
7.25960328
1.21006775
2.31835938
14.78906250
4.04296875
0.92285156
14.34927970
5.45150155
14.46093750
4.00000000
12.92610594
3.71077515
7.09554078
3.57617188
9.86913564
2.97852061
13.84504876
4.71745124
3.79382324
18.75000000
17.25000000
6.29899047
3.39827515
8.21875000
8.34375000
7.12401596
12.89160904
16.27587766
0.56135860
6.87581671
1.16682984
1.79394531
7.89062500
17.88899158
4.52148936
5.59439938
9.43685062
3.54459718
17.03125000
9.04345703
14.40234375
9.14664672
6.56569966
0.09234112
5.98990470
11.68978280
12.00488281
1.98242188
8.84375000
12.32812500
6.05680297
11.81135860
2.33105718
17.16015625
6.36718750
3.34179688
13.36360594
7.87467531
1.49902344
8.67610594
2.99918703
14.19531250
6.26204344
9.60514406
19.01953125
4.54687500
10.97721188
15.99186281
3.70280031
11.83593750
5.31250000
4.55859375
8.66525267
3.22537233
11.41227172
1.21077515
22.66128768
5.14339982
11.15625000
4.91015625
17.10546875
10.92187500
20.92702100
0.84478806
0.17350343
9.00000000
4.34375000
25.93570922
29.01903923
17.07747811
5.88313719
1.88639406
8.68750000
1.11230469
9.31852172
15.72248892
22.28189938
4.71224623
17.97867797
7.34765625
26.22347047
5.21484375
3.19335938
6.19921875
12.07031250
19.65266844
8.34375000
17.63704344
9.40560062
15.39094969
6.28515625
11.73437500
14.36897828
0.64160032
6.63460328
0.59668093
10.34162830
5.15788342
8.25781250
16.08235594
9.24641844
6.79264406
5.22623781
7.46126219
6.42708001
18.83528812
9.14355718
13.82633422
1.84944703
15.72656250
7.86328125
0.35595703
0.02694702
5.57031250
7.01562500
13.13281250
3.04687500
14.43716534
9.33886968
3.60287123
4.76562500
18.10156125
20.35236924
8.30925310
22.83984375
15.22656250
1.20507812
14.40266844
11.94448582
0.90089261
12.09349540
8.74244210
6.25000000
3.60498047
11.15625000
1.61425781
4.69531250
13.88214962
6.62825687
4.55078125
11.82031250
3.59016844
1.02311281
19.38150377
14.56030585
5.61287788
23.01562500
15.22078367
7.89778314
7.40462655
11.56250000
8.03847504
5.70735594
2.57389406
2.00325438
6.59733156
15.22656250
5.24218750
13.65266844
2.77278314
2.40495124
3.29655031
3.47460938
9.50015736
8.13265514
0.68798828
6.15168440
2.32487810
14.78319814
