0.04508422
19.11507203
14.04687500
8.73417902
9.75781250
2.02148438
7.68750000
3.23840332
4.19685727
1.66268007
1.43245484
10.34439938
6.20638187
7.41829344
9.26421182
0.30016075
6.58984375
0.00466919
24.61297607
2.66634032
6.85424867
11.87540586
0.96240359
19.07291501
16.39501330
10.27621232
0.74804688
1.95312500
8.11718750
12.05110594
3.53092531
8.89062500
5.00000000
9.00846188
0.36474734
0.70458860
0.50813968
9.22656250
10.24218750
5.03515625
4.32421875
2.27734375
12.40625000
1.36035156
15.20344969
2.68717531
1.72070312
0.97005125
2.84407469
1.77962406
1.84277344
1.61319322
3.52474623
15.39485594
54.95344969
22.26106937
2.10172485
0.87776734
7.76562500
0.04385376
3.21875000
16.03125000
7.82192598
8.42708998
4.69059951
2.36311890
8.67187500
8.41048094
2.31412843
2.86328125
5.19921875
5.85806627
3.59896498
12.08593750
2.52229610
0.21696171
19.13305664
12.15607270
0.79900542
11.27653885
10.01627438
11.52387678
14.24431294
9.13181092
1.07276366
7.92399047
4.71875000
1.54557375
8.85554743
0.86564398
2.26171875
6.35188719
5.28483156
7.91796875
2.26757812
8.26105940
2.61394060
5.13590079
35.55179684
3.22624279
2.80468750
7.99251219
1.09554078
0.32967164
1.66210938
11.27652953
4.68405175
1.30785534
3.67416029
12.67187500
8.05468750
17.63638908
10.99348626
6.27051529
8.38704344
3.14485594
6.50716312
4.57421875
6.12141844
10.08977536
7.93359375
5.42578125
2.13867188
7.00000000
8.27148438
17.18977782
0.47037843
1.15721597
4.82300864
2.23632812
8.09683954
1.03792608
11.51562500
14.81216534
0.74154560
12.21386719
4.47688719
9.05453829
5.76953125
1.48046875
0.09924316
6.83203125
6.59863032
1.23437749
1.13378906
12.47656250
18.20507812
6.19921875
5.10546875
3.25781250
15.47020986
5.38086436
8.12923094
2.74071767
9.36664395
3.21702072
0.52962157
8.18326906
0.28833008
5.11425532
1.83919437
1.66569093
4.10188719
0.80729250
1.68652344
13.65690063
12.42561890
5.50781250
3.28320312
0.93847656
4.79687500
6.01171875
8.46875000
1.74153563
-0.00734373
8.12923094
1.53580812
16.74283688
7.50765140
13.65754627
20.47851064
0.95281028
30.83715820
2.93554688
11.69627660
5.02637965
0.74747306
0.57357186
1.59472656
11.37034575
18.52809175
0.12622070
6.93115234
15.10400266
2.71842531
2.97640015
4.59873676
0.00666046
1.65820312
9.43131344
13.08300532
4.22493905
9.54329344
1.77897218
6.92175293
0.60058594
6.61718750
14.77733378
13.43425310
5.72200687
10.76562500
1.49609375
1.41894531
6.04524158
6.15007092
8.67968750
22.71875000
0.60042235
1.68880125
1.49056156
0.73177000
12.08170656
4.93750000
18.28408917
1.61588874
7.75944592
4.83203125
5.84375000
10.00781250
2.14257812
1.33854001
5.34700687
5.74348626
0.31624640
6.89274047
20.93684564
18.92903812
2.62402593
2.07812500
6.68782469
4.69498781
3.01757812
11.17187500
5.15722407
3.96972407
3.74056405
2.35709718
5.85546875
2.43945312
1.16113281
12.70312500
1.34749017
4.22916999
1.27929688
12.64843750
1.49967282
4.54052859
8.74787456
2.21696919
0.99007203
6.64318817
3.46813996
5.80468750
0.84228516
2.85351562
1.10351562
0.01945496
5.02555297
3.29866578
6.54817376
6.05338874
3.17578125
0.43253539
3.87483765
0.34594727
2.17187500
3.80468750
1.98535156
11.97085550
9.12972296
0.37403091
1.19441399
9.22526374
1.25911375
5.45670656
8.05468750
4.08984375
1.44824219
5.50000000
6.53548094
4.89030031
5.69474180
0.12410586
3.31445312
1.63964844
13.61360594
2.42171265
0.63948609
8.65625000
0.06451416
3.50585938
11.93391844
0.69889406
1.16308594
7.38671875
11.21223626
4.35807624
5.82812500
3.42024227
0.34513859
2.21108115
0.40960549
0.14921082
9.19531250
2.42773438
0.87743891
2.79590093
11.03125000
0.27868528
0.34521609
12.31262207
7.81738281
8.32503172
6.73418430
5.25390625
4.31250000
9.28125000
0.09998534
20.19058954
8.27895723
2.19630651
11.00455065
13.02751108
1.58317265
5.17480469
2.22656250
7.07427979
6.37890625
13.15266844
3.84537843
1.92187500
9.30468750
5.16242908
10.07031250
1.92546154
0.57266661
7.62890625
9.71875000
10.82389406
0.98681641
3.75976562
1.90527344
6.60969969
11.25488032
11.70963874
1.59667470
5.84961436
1.59765625
6.13085938
3.44921875
2.11132812
3.72167969
6.36328125
12.67512938
14.44824219
4.51725343
5.85546875
5.15819814
3.18782967
5.31608156
0.92089844
11.07812500
2.58536680
0.45857851
7.16796875
1.58886719
8.13102172
0.36726867
0.14318910
0.21992918
4.91227297
4.01171875
6.82421875
17.54264157
6.20638187
8.63378906
15.95735594
8.24576906
12.80240470
5.58431405
3.19531250
9.03125000
0.65673828
1.05500721
6.56413342
5.52734375
4.57421875
6.69921875
2.99560298
6.67155031
5.98372562
21.94238281
8.68570922
3.90218140
10.94173094
2.40461658
5.37793218
3.53661736
6.19808732
0.74951172
1.58919188
4.01725343
10.78710439
15.60026374
10.64843750
5.16666002
2.48503435
10.14062500
4.05468750
3.67170642
4.72103280
6.22200687
6.14843750
4.86328125
2.34407469
3.19498781
15.97265625
6.27050532
1.67773687
9.03971188
-0.03202145
8.28710938
10.09938553
0.20473190
14.12320922
6.28483156
7.69173094
19.01366689
14.47103280
4.05403812
8.12923094
3.53092531
7.44596188
10.74153812
10.51334220
3.00423592
1.51074219
15.94058954
10.68473515
5.25250389
15.40358377
15.43033688
2.56754765
13.10351562
11.66054965
0.39902066
6.78499266
2.04101562
3.53678468
12.43391844
2.37076906
1.22460938
1.75813719
9.39420656
0.77001953
0.04504395
1.33007812
1.26717994
1.27865746
3.10156250
10.50000000
7.48828125
2.61132812
2.90445922
4.40804078
4.59375000
6.03336422
6.91373781
1.38346437
1.99902344
12.32096188
25.62858156
12.97233156
2.88281250
6.59798094
9.53091534
1.66602559
5.23506425
26.63632099
1.96093750
3.98437500
11.88281250
2.11100343
4.95768063
3.30045656
5.17757203
3.80061890
4.78515625
16.22004876
6.98926030
13.34196047
0.98046875
1.87500000
6.67187500
8.80468750
0.15283203
0.00387192
1.20996094
10.07031250
16.39062500
5.77604001
2.08561281
10.15547761
0.01384491
2.38867188
20.16503906
1.27636719
10.63232422
4.79881317
0.01108183
7.67413786
1.40366245
0.56833737
6.68750000
6.75325687
2.53230774
1.37394226
16.05467312
13.31575687
15.22656250
2.13736813
1.69173343
12.89615470
6.87389434
0.15792948
2.23242188
38.14046141
12.52864500
2.01692874
1.92968750
11.65625000
0.05358887
3.78710938
5.41406250
0.17862914
2.87679078
13.80468750
19.36685783
7.36588874
12.33170656
17.70635196
16.07424367
11.55338874
14.48567376
10.21745124
3.00390625
8.76204344
14.58300532
3.77213874
7.87109375
1.25488281
7.23610428
0.12620041
0.88418932
0.38509779
1.16503906
2.71289062
1.54296875
8.81673094
9.91829344
6.78450687
0.20715332
14.10156250
12.48746454
2.05355108
0.71044922
7.08203125
0.88300889
1.64697390
2.61296154
12.16406250
3.51367188
11.16177970
12.49959663
0.76782289
6.77359486
4.58187389
1.75683594
9.70865470
2.47493905
4.33203125
10.08268063
6.87435062
4.61108398
6.53157469
1.08561281
4.75781250
12.36783688
1.94466312
3.49414062
5.63106199
6.25516213
6.63932624
4.30859375
5.70703125
8.88281250
0.95121993
2.51644669
4.87500000
3.22656250
7.75032469
-0.04564329
4.83203125
2.06054688
0.62695312
0.01381683
8.18750000
1.42089844
1.86914062
1.80593960
3.00748781
6.76379923
3.51171875
13.39843750
16.00846188
0.22469242
0.16516113
3.22851562
0.92854735
3.95540282
2.02083499
4.88281250
10.24218750
4.33203125
6.73860594
4.41145501
2.10416999
9.43814938
3.55338376
1.60384530
2.91079815
4.10189716
13.49364362
1.35205950
15.47851562
5.12760251
5.89030031
5.70280031
5.63671875
4.10156250
13.03906250
13.26692376
1.65413702
2.49593140
9.93442764
0.21083603
8.54687500
17.13671875
18.99058104
4.97060060
12.05077128
3.04330341
9.83683289
4.33471742
0.77945797
-0.01749508
3.54459220
1.85253657
4.91537123
5.45947266
7.24218750
3.20312500
4.95312500
0.10894775
0.86865234
12.51482409
0.95587904
1.73437500
8.69872548
20.60920019
1.76482324
3.98242188
12.89127438
3.84537843
9.41764406
4.86718750
6.41406250
12.90266844
4.63639406
0.27925535
5.46451906
5.32812500
3.50000000
5.83715758
0.17907777
10.19954344
16.39094720
1.36654061
14.35839096
2.76888685
3.81803468
2.75976562
16.32421875
12.36425532
12.12793218
2.31933594
13.71590086
6.06217531
2.56054688
13.57509635
9.31541224
2.78403479
11.82031250
20.16210938
4.36539672
1.04036001
2.60937998
1.77050781
0.97998047
1.92578125
13.84016844
8.00423094
1.07259281
8.74609375
7.92024407
1.85644780
6.07389406
9.05110594
4.30825909
11.41797872
6.87141844
3.24381593
2.81640625
5.44531250
15.68062401
0.90423584
1.31835938
7.02254211
0.67765320
3.44531250
8.16670990
1.18587157
1.65635763
2.13726299
2.12760251
11.35514406
8.91764406
0.66768848
0.17114819
2.52571532
5.43359375
8.87858156
7.93424313
2.11067874
6.25585439
3.65803953
1.86686779
9.39127438
14.38509281
13.89387938
2.56998781
13.67938834
4.32650155
7.25423094
13.51139406
0.83740234
0.34716797
11.36897703
4.24380597
7.64095966
2.95930907
2.24544437
3.27148438
5.85546875
0.36425781
2.47589817
0.99089871
9.60107048
1.18896858
4.01732900
9.62305186
4.64843750
11.32355940
2.89323747
0.00868225
15.19838033
3.56136857
14.92187500
12.31087157
1.54817874
2.90266844
5.04264406
6.33593750
17.21220398
19.14810783
19.28331497
3.12134973
3.18164062
13.48720135
0.20078693
17.01254105
0.83676169
10.20885130
1.73470218
3.75000000
3.38476562
8.07031250
12.37410461
0.13407410
13.96093750
1.70312500
14.46875000
8.05501219
0.51578859
17.03913121
9.71990199
0.07714844
0.77067991
2.57364992
1.81054688
5.41406250
7.89485594
1.55110594
4.62825687
6.07063719
4.46451906
5.11328125
0.02426147
6.44301973
2.79916777
12.92059752
18.07259032
1.39192874
3.58203125
10.03125000
4.17968750
6.18961547
2.69124390
3.97070312
10.98386580
0.26173967
1.07910156
15.37760251
19.67578125
1.55240968
8.93326906
2.89062500
1.23339844
6.54329344
17.56915116
5.89959884
1.95280031
7.74218750
4.77343750
10.28125000
15.17317376
5.34668218
16.03548094
5.45247562
5.10880430
0.34334414
3.00976562
12.60546875
5.70312500
6.45312500
14.34358267
3.60563608
0.16418457
11.51562500
3.05078125
17.57063719
11.97551867
7.60856826
6.07421875
14.70312251
35.65657469
7.80338874
7.25992797
11.00765015
2.07617188
14.29329344
8.00654810
0.06173073
39.02148438
4.88671875
2.54296875
8.46289062
2.54687500
1.43716431
10.20312500
5.15234375
14.38476064
2.83398936
12.07617188
2.23242188
24.27112279
12.48992464
0.98861342
17.89062500
6.18750000
13.28906250
5.46191406
5.02343750
23.15535461
12.29711353
3.06803967
2.31282469
4.33626219
7.86295656
6.62249834
5.01096603
8.17187500
2.72656250
5.33984375
19.79031123
2.38769780
13.33658688
9.00194814
2.88607435
4.61718750
16.14892204
2.93017952
22.74559176
3.30518949
10.80664062
5.01953125
3.71875000
3.95117188
3.40039062
4.68750000
3.85742188
9.46823804
4.31122118
0.65218140
1.79394531
11.84798094
4.26139406
6.92578125
18.10025377
15.45540780
11.21239362
19.02499162
8.63281250
0.88395265
20.48437500
14.93750000
11.07096188
2.63997562
9.07453347
3.45671653
2.48242188
10.95800532
6.30761968
17.73437500
10.84798094
7.87858156
4.27343750
0.35961914
14.91048094
2.57388658
1.47168716
3.53906250
4.55859375
0.97363281
6.33935048
9.68555186
14.62988032
16.76692874
3.81998781
4.83984375
9.22656250
17.69954344
6.18326906
0.78959137
2.81688799
4.24772717
1.48166847
4.34733156
12.16406250
7.80110594
1.30240968
2.78906250
0.76416016
0.42724609
7.25488281
7.23046875
10.89062500
0.84667969
8.32031250
4.04915032
2.74511968
14.63444093
0.69726562
2.15820312
9.73274158
3.13053967
4.74609375
14.28125000
0.65283203
0.47021484
11.43374862
12.83871232
1.37532469
1.60514406
6.63671875
6.63281250
25.66048094
5.98616578
3.14436890
2.07226562
14.42900821
10.98372562
2.69273492
3.65820312
7.17089844
13.04149768
2.10889295
5.38785018
11.72640763
4.32421875
1.81510251
5.93489251
5.13188428
5.63411126
17.68978280
5.00602172
10.28857048
5.16634530
7.39403923
3.40674202
10.23051541
3.65169437
13.58251330
6.23144282
4.02979388
4.19140625
14.12141844
9.89843750
8.57389406
4.01578735
13.00244016
4.94856937
3.76169881
7.06251994
0.45963438
2.19283144
8.79687500
0.73339844
8.67838376
4.94855940
2.55917974
15.71093750
2.05859375
8.35937500
16.69954344
15.38704344
2.51106937
0.38891602
1.93068814
4.21046542
2.88460328
30.30590571
4.17480718
9.57812500
9.03125000
5.03938719
4.64094969
4.20275791
9.07877438
7.57356937
0.98421141
1.04850343
4.80859375
5.72688719
1.04703610
0.10840093
15.89402926
17.37425948
1.71901595
10.22656250
2.53515625
0.44612547
2.60709718
11.40819814
10.21289561
9.00781250
1.96500610
0.86849000
3.78906250
1.91308594
7.25846188
0.28670414
1.22558594
7.90787594
7.05403812
18.04947252
22.36578017
5.49609375
1.67089844
10.60644531
5.60546875
5.92578125
6.97265625
3.38476562
18.21449912
25.43003213
9.92740221
8.20833998
2.96418939
7.19612921
0.11617066
0.99755859
3.11718750
2.38085938
0.03308105
2.46484375
9.12695312
13.04329344
0.73795656
6.82454344
2.63834718
16.23828125
11.80468750
1.17968750
1.41406250
2.24706533
1.56933594
3.93945811
3.49625610
0.12986205
2.87792720
1.48966804
15.06558954
17.37451296
10.71000510
0.82096936
4.86718750
11.05175532
13.26199590
6.51293945
9.40819814
5.45508311
4.12500000
11.67968750
11.27539062
12.04687500
1.29459469
10.85091312
1.09097892
6.40853280
8.26562500
10.15266844
12.06172761
11.38667443
10.16520390
10.06966312
1.98632812
8.50227283
3.21257092
3.44140625
2.70344969
3.44889406
13.20735594
8.43326906
4.81640625
7.24218750
14.21191406
32.16320801
13.53906250
0.70458984
10.30468750
3.20117188
9.59375000
2.04296875
14.06250000
8.89550532
7.34227394
2.49659574
10.80110594
1.26139406
9.01985594
18.87010971
1.83854997
0.09411621
4.81347407
0.14502202
2.94368407
6.42106203
4.86718750
4.25000000
4.12890625
7.92772939
2.21094248
1.02539062
12.44954344
3.26627687
10.78906250
1.94726562
0.69287109
5.36262190
4.98894060
3.62304688
9.63883422
1.85432735
15.50455812
24.82470703
9.53906250
5.77669437
2.48437500
10.58496094
9.66406250
0.23437500
9.46174424
0.56266982
7.80680297
0.59212281
5.13671875
3.66796875
0.04470825
5.26562500
0.48291016
7.01354980
5.36718750
0.44262695
8.13866689
5.53320811
7.81640625
10.85614395
4.10156250
2.72656250
8.66275377
8.46630984
13.39828014
0.53010985
1.47819093
24.59422302
8.87999336
4.99500664
13.70263298
17.02197639
15.42374083
7.40592531
7.82291251
22.69076787
9.52278812
0.95312500
10.91406250
9.07031250
6.82031250
5.57421875
0.68753529
0.62288951
6.08203125
2.52343750
5.32421875
5.68717033
3.27181405
14.24641844
9.51204344
9.20930408
1.94239029
7.10156250
5.07031250
11.73860594
13.78139158
4.76106937
1.48860594
5.10546875
13.41373781
1.08789062
11.95637689
12.72168218
6.87640459
0.71506760
5.73828125
0.40242430
0.17277101
0.21594238
3.35871565
2.39323747
6.96484375
5.45898438
5.93631583
8.29915780
3.21386719
10.03645501
9.27409186
15.12890625
7.47753657
2.04556876
6.37290077
2.39257812
18.62141844
5.60514406
12.69368407
8.04263409
7.42188497
7.24609375
2.00520501
17.38117908
1.26270279
5.46810062
5.04947751
2.39974124
7.38801751
3.83659186
2.73046875
13.57812500
1.70507812
0.34667969
9.00846188
2.50325687
3.97916501
9.19694093
6.08170656
6.70703125
2.54752438
3.56185062
6.46833666
9.76049867
0.19303967
6.58984375
5.52734375
10.02408688
3.17903812
0.24670410
2.20686766
14.20914797
28.39587402
8.01367188
14.51432126
9.49349124
12.25781250
2.14648438
6.24299424
18.55582890
20.61139185
14.23784529
12.79264406
8.41406250
2.76757812
12.89843750
24.78019040
8.13997562
2.42382812
10.22656250
7.06867908
14.71940686
19.29687500
1.43945312
4.09375000
2.27343750
1.27343750
5.83398438
8.54687500
7.67968750
1.44824219
21.90854597
4.41323137
10.82812500
4.27075195
5.75781250
13.05110594
2.52701906
0.70572751
4.84407718
7.24804688
6.09375000
3.37500000
16.46613254
25.58855496
8.60091063
7.28304078
7.94742797
2.60123283
2.29883311
9.13052970
1.69954842
25.65447998
7.65234375
6.94921875
5.64550532
1.33398687
1.41406250
7.57584220
1.65657967
7.28548094
2.40778916
5.48324357
2.93945312
14.41829344
9.36327128
5.12859153
2.73242188
1.22790527
1.06250000
5.27343750
3.25781250
0.56591797
14.69531250
10.30533688
5.54572114
4.63797595
0.99192307
8.00064938
0.27767093
18.65266844
1.08316891
14.20019282
21.89844248
14.41406250
4.60937500
7.18928953
8.35252660
0.63542996
3.12727782
14.28906250
10.67545656
0.00481796
11.09016844
1.02616457
10.06250000
3.41015625
2.33593750
4.33268063
2.86849124
2.75781250
13.61425532
1.16308843
1.09082031
7.92317376
10.93847407
17.39144046
5.88900155
1.01074219
9.39192376
6.98991218
12.90625000
10.13899158
16.07389904
4.50000000
11.04687500
7.55859375
10.97298094
4.49967531
2.38313719
7.38801751
2.19140625
2.29720467
2.47747803
15.42024158
17.61881593
4.05547068
8.50781250
3.90234375
6.91015625
3.50292969
7.52766844
5.33593750
1.35807375
7.41698471
0.18033688
3.06575687
6.40266844
7.62076906
19.27180408
5.98600842
1.96582031
15.61132812
4.12109375
2.47884032
7.96451906
8.34375000
16.31070922
0.56526734
4.71875000
6.86913813
2.67090093
2.16634032
4.19108156
16.42675532
16.43652593
8.64664672
1.08186890
2.39843750
19.18391844
19.50585439
1.96061779
4.94140625
7.51953125
4.37890625
17.36913564
4.59570811
7.64876219
16.27506593
16.16210938
1.11816406
8.15917221
1.11621841
1.61035156
8.80236567
23.92366578
7.55141345
2.34352678
6.80859375
15.24641844
1.28710938
6.70377687
11.34195922
3.43145834
12.05014184
12.29362810
5.01953125
1.14160156
21.44929743
0.23039007
0.94091797
16.76121676
1.49854886
11.49769726
3.72105274
7.14453125
8.50781250
8.36067376
3.66276374
3.57307610
4.24088874
15.65396720
11.65495124
13.76269282
3.09049811
25.24316406
5.45703125
7.82063719
4.06217531
0.34863281
8.48147595
7.84375000
11.96875000
7.92431641
11.51562500
6.43750000
19.80158799
18.09684951
11.39062500
3.41210938
3.57031250
3.62109375
23.04687500
1.59667969
2.50000000
10.22656250
12.29296875
6.58235594
8.85514406
9.87141844
12.53661860
13.87833991
4.26562500
13.42252438
15.54622562
8.18750000
2.91015625
6.13671875
10.64257314
31.97858700
10.19312939
22.70879212
9.95444370
3.48487699
1.37402344
22.36393063
8.12858156
4.75813719
6.91341312
4.12890625
4.15625000
15.50911126
14.54752936
3.39290282
0.70084718
5.70703125
11.38704344
2.61328125
2.34765625
1.35807375
17.80989500
1.69889406
2.21679688
6.37890625
0.00202560
8.47167221
10.70410904
1.03985457
0.16620966
12.12954566
6.17188497
3.62272218
9.30045656
2.29296875
2.83398438
11.00617908
5.31413342
6.62801086
0.32275328
1.97819093
8.46093750
3.15820312
5.96093750
4.08918440
3.96550310
3.20898438
3.88281250
14.33640958
2.56593417
11.10937500
3.83007812
6.35546875
2.13085938
1.96777344
2.79296875
2.65364251
9.81966312
3.18912843
20.14322252
4.69368905
4.13541999
4.63671875
13.24218750
4.52734375
10.95312500
0.11535645
6.58203125
4.75602172
4.20922591
0.36193166
8.18261968
3.79069093
8.16406250
0.29182860
1.64941406
0.90787843
8.32779034
2.84799091
9.74771720
4.72526374
0.15006593
10.94954344
1.55435035
2.78419215
12.69009752
1.41927748
1.95507812
9.09798094
18.98111813
7.51106937
7.95670656
4.90234375
6.60546875
7.44531250
10.75423094
11.33674196
0.13476562
1.95507812
6.16015625
0.24743652
3.60351562
12.84081782
1.92724859
13.41048094
1.12076532
0.74951546
6.81250000
9.46875000
0.51611328
4.25781250
5.20312500
4.99609375
12.89192376
9.56868407
14.00651374
0.86490968
8.35937500
3.49145446
0.32128969
4.31250000
0.00411987
2.48339844
11.19531250
14.14127438
6.69075687
2.91015625
13.33235594
4.64453125
1.75651125
6.91438719
11.48502438
12.28841312
16.34504876
6.96745124
13.25162843
9.41632536
7.07586214
5.18949469
14.99247063
3.66406250
3.99576906
6.97265625
13.32291501
17.90267093
5.02799313
2.81575687
6.11034907
16.18261968
13.10758422
3.51155640
8.00846188
3.17317874
3.67382812
4.83275931
7.62817819
19.22622784
14.95475842
9.71939938
8.18555186
4.01953125
8.70767066
12.95912678
10.03306072
7.31153341
6.93685062
16.69954344
7.81608156
2.73046875
0.01058197
0.11419678
0.05340576
7.19531250
9.34375000
13.57812500
3.33658688
10.93750000
7.00358156
11.08951906
19.13671875
5.34765625
8.91829344
3.19498781
16.50781250
11.07812500
2.81282469
8.80045656
4.89485594
5.15656472
7.12045434
1.93261719
14.78514628
2.85157247
10.57161126
9.26920905
4.00781250
0.06866455
0.54273488
10.59180186
1.28320312
7.85546875
1.36881095
5.61930297
7.58219858
1.42871094
0.16577148
2.92415282
1.78776125
7.58593750
1.31640625
0.88623047
2.04492188
1.71484375
7.11328125
1.43098875
6.27701906
8.62500000
8.28125000
7.61328125
0.16052246
12.09375000
1.24918204
3.91243905
11.00836182
3.23990470
5.15853280
2.17187500
15.31673094
6.02864251
6.02572030
5.22070312
3.91992188
2.93554688
3.81054688
14.55200195
0.08697510
5.12109375
1.42871094
3.49023438
11.63671875
6.24609375
12.96093750
7.00000000
9.63777586
1.91764406
10.25000000
0.53279539
4.30436281
6.00781250
0.20117188
15.43750000
8.58593750
8.78189938
3.91341312
7.44954344
3.31998781
11.32421875
8.43945312
13.70092773
12.26204344
5.75358156
3.58984375
8.28125000
4.69954344
1.96647218
6.06250000
9.44531250
1.79915282
19.55045656
0.06707764
5.15234375
3.24023438
3.26627438
1.30696781
4.87500000
5.85709220
6.75228280
1.49218750
2.44920380
2.99024933
5.85937500
2.37304688
0.00135612
1.61914062
17.56900377
0.14583998
5.47265625
3.31087157
3.69335938
0.77067140
18.53613032
1.95410405
1.64160156
9.32812500
8.74039672
0.48909547
5.14062500
6.44921875
6.13281250
8.78613032
1.50879155
4.67610594
13.22233156
10.29101562
1.99934813
4.62076906
7.00032469
1.78092531
4.57454344
6.11295656
3.30890847
2.79297872
4.39420656
0.19128418
1.08300781
1.53320312
3.86523438
11.34798094
5.87074108
0.36108585
2.91992188
2.71484375
14.28125000
0.02067566
0.17097899
6.40201906
0.01835632
3.83984375
0.84667969
0.02606201
1.62207031
1.41836651
3.57455341
6.44140625
1.30566406
9.31250000
6.54719969
4.17155031
4.00000000
5.13703846
3.76335217
6.25390625
8.65444925
2.68734762
12.50000000
0.64160156
6.13313719
1.86686281
8.63085938
0.98388672
12.95800532
5.87402593
10.61360594
0.06254152
1.74316406
8.39322252
0.98763685
13.36688201
0.32727082
2.66796875
16.83430907
0.25333742
9.30598626
1.99055657
2.78646498
11.86718750
6.89583001
23.95377438
0.65234873
13.51204344
1.94498781
1.95703125
10.73469969
5.15983156
5.85546875
3.50000000
1.91992188
12.77343750
8.26708984
0.10400391
2.08626219
2.45084718
1.01464844
8.05468750
0.14573119
15.70686641
10.78841312
12.56171755
12.19531250
1.13216063
4.71842531
1.73730469
24.43098626
3.06510749
1.47558594
1.58496094
9.55468750
6.63671875
8.72656250
12.55336880
6.65756870
2.64257812
0.56534665
4.67903812
9.25000000
2.76399657
3.51334718
13.53447723
1.02539062
0.19974731
0.45442750
6.22265625
3.83789062
9.76399158
5.63786389
3.14453125
0.09571288
0.15926148
12.73437500
14.34889647
9.51562500
0.90039062
3.43131593
7.45735594
9.73502438
7.89778812
3.34537843
17.04687500
9.10937500
7.68260971
5.06739029
2.82617188
12.31867908
4.22819592
1.51171875
15.00488032
17.57421875
5.97558843
11.35937500
0.39794922
7.19173094
4.41080563
4.14355718
1.11328125
16.34309813
7.95670656
10.52343750
3.70051751
6.11409796
10.12679078
2.92720032
8.53548094
6.64738039
17.92317376
5.12760749
13.35937500
5.93359375
0.20874023
5.63835144
6.85937500
4.29477936
10.90572113
4.94921875
17.66829344
9.15983156
7.43587157
16.17610594
0.83724124
6.98925781
5.53515625
4.06640625
1.52539062
7.00000000
5.07063719
13.81608156
10.65266844
8.12923094
3.78157469
5.24544437
9.75000000
6.14811281
2.12304688
34.85957762
16.85709220
11.39746592
8.33641955
13.99984264
6.62858156
1.12857907
4.51530031
12.00000000
1.96337891
11.61881593
5.13281250
2.08593750
19.34655762
9.42512190
5.40332779
3.03287843
0.56250000
4.42488586
0.99991883
3.40039062
12.98567376
6.22770390
6.26709109
5.43513852
5.70939273
0.33496094
0.64355220
1.57519780
1.29166501
1.31615650
0.66122146
6.80078125
2.24804688
14.35937500
0.78417720
0.23828374
12.24639850
5.56219525
18.33153798
7.37206782
4.17175542
15.86799424
13.21794326
5.03125000
7.76627438
1.31868656
14.40461658
3.30468750
7.14437389
18.25472047
13.19596188
23.51692874
10.14062500
0.05050659
3.84960938
4.37963867
5.59375000
2.83821532
1.28385500
19.97103882
2.13281250
11.75781250
2.84765625
8.71463654
6.18380096
3.04296875
8.95312500
9.63931876
22.04329842
9.63769282
6.66699468
3.43196532
1.84244875
9.49218750
0.74430172
1.30306156
3.40625000
2.50194814
1.36230967
10.78906250
0.53857422
5.77180907
8.00162843
7.61328125
8.41048094
0.65885500
6.38638409
9.56975177
1.06119812
0.64013672
9.19531250
3.17805907
13.08593750
16.86143462
0.14397800
7.91796875
2.01367188
11.01562500
16.38507536
7.83367464
10.50781250
5.26204344
3.48209718
4.37500000
12.91829344
5.25390625
12.18326906
0.79361564
1.60970467
10.52343750
9.52734375
13.86360594
11.87272218
3.23469969
5.31998781
6.65625000
14.78906250
14.13509032
12.92447252
7.15739140
1.59326546
3.35514406
5.25358156
7.15234375
6.40625000
6.08626219
5.36295656
12.45735594
2.59733156
6.25422097
7.48406028
8.01562500
3.05078125
1.25878906
13.41227172
1.91324828
3.94889406
8.13834220
0.56787483
4.60448596
3.19857435
8.40266844
8.59733156
2.87500000
4.27115470
2.42415780
2.53482159
6.13314716
7.17578125
10.91048094
6.85123781
4.27343750
21.84798094
11.97329566
21.21875000
12.00001246
11.10286126
7.47168218
2.47233156
9.11718750
3.12304688
13.87938955
20.16211436
2.73828125
1.69335938
8.24625111
6.00797983
3.74414062
8.85514406
0.05737305
8.62500000
13.79329344
2.04264406
13.61246454
1.92334109
12.91178468
1.17545656
2.43164062
7.87923094
3.98649047
5.63427859
5.23046875
1.73144531
15.05468750
7.55873156
8.08325133
0.63256898
13.98931885
27.79492188
9.69531250
16.16829344
9.87500000
7.72509641
2.58707890
3.06868407
3.24820922
0.17382937
18.42805907
12.12154143
10.09424077
4.10156250
15.18391844
10.26920656
5.38281250
6.69954344
4.47623781
5.13313719
14.01139406
4.71289062
3.20735594
3.60140015
3.61507203
10.36718750
3.09765625
9.24641844
2.81217531
2.08447266
5.46516844
4.71842531
14.66406250
3.03125000
2.64648438
10.14485594
1.84863281
14.95473848
0.78712433
13.37109375
6.24096680
5.35546875
8.76985594
1.76432126
7.54590093
4.80859375
5.54597961
3.63517273
6.96093750
6.13863698
-0.05074636
10.35156250
12.27050532
10.94043218
0.07885742
8.37206782
5.71972905
8.69173094
6.06250000
2.85465578
0.94873047
9.92187500
0.18911743
6.98828125
9.94531250
5.99609375
3.08789062
6.83626219
3.12923094
17.74641844
19.61546045
4.36598736
2.47460938
1.89587402
0.60058594
11.11425532
1.65234624
12.72656250
4.10286375
7.44630432
2.19694093
9.07812500
5.64843750
10.37923094
3.39225343
5.85937500
3.75585938
17.59570312
5.43098128
26.87175310
7.72377014
20.30078125
9.70312500
5.11169505
5.26252674
6.53003162
2.99544437
0.34740962
5.10546875
2.25097905
6.81477782
6.09212157
4.26139406
4.02115968
8.63281250
2.11669922
3.75976562
7.78906250
5.41796875
0.00369835
1.08918939
5.73763187
7.81966312
15.82291002
5.69271498
6.22265625
12.81068928
4.58579011
3.49023936
6.02018063
0.33528812
1.18066406
1.44515991
10.69921875
3.23567376
9.64713874
7.11328125
6.01985594
8.92968750
0.93033937
3.31640625
1.87792969
5.27018063
2.98177249
19.31151596
6.50260749
0.49544686
8.95961880
3.14975620
0.57177734
7.70735594
3.49772218
13.11718750
0.32910156
1.13183594
8.98079344
6.76269282
1.29069343
1.56250000
8.22053081
8.58025044
6.74609375
9.08691406
6.66015625
0.66064453
4.36539672
4.73437500
0.99788453
2.13900328
1.57226562
1.75292969
0.98010254
0.24597168
3.51292886
2.26636801
1.66275876
2.48958499
5.75781250
4.25423094
3.51334718
7.83333001
5.54948249
3.82031250
9.07714096
11.88167110
8.88493794
0.78320312
5.71484375
4.02108821
0.45742741
2.33430907
3.46695797
3.20019780
4.28125000
5.95222961
0.74471008
18.72183954
2.93034186
6.07031250
1.37760251
9.21451906
8.28544573
5.10937500
14.69513520
0.03923980
17.30305408
15.92741467
4.30468750
1.32128906
5.82812500
2.72070312
1.16406250
7.95767066
3.63119653
1.59375000
5.34375000
10.85502106
1.33931488
12.81673094
12.88525266
0.92887577
8.71875000
3.11132812
8.26806516
4.05248650
12.06120124
14.60872562
2.16992188
12.17610594
1.06022218
6.63548279
20.79036126
2.82877936
2.21875000
3.57617188
14.05370346
3.06844802
0.39176453
9.50781250
2.15689938
5.71028812
0.90527344
2.74185783
5.27572030
6.50781250
11.26887190
2.38347185
2.23046875
13.97729492
2.45898438
3.79492188
0.19154783
1.28125000
10.10905031
8.79687500
1.92610594
2.15787843
14.88899158
4.27661569
0.93009585
12.37840426
5.00831449
17.35269767
2.84017342
2.88085938
5.07031250
0.19897461
5.41406250
14.30533688
4.43685062
2.90820312
13.03906250
3.18945312
6.96484375
4.33203125
0.05164931
2.53108765
11.05500222
1.83952903
12.17389694
8.91927748
1.91178468
1.99511719
10.12500000
3.63281250
1.22346673
2.60416999
10.67610594
5.81998781
11.93977532
4.79948249
1.40625000
11.52766844
1.23600343
1.47363281
7.18073028
4.00286347
1.97656250
13.72900391
9.86782837
21.25813719
5.92155031
10.66048094
4.40006344
13.40918218
17.94921875
4.42968750
8.33801270
21.04719969
8.17968750
5.65067597
0.14465363
3.85742188
8.04328347
9.46648215
1.20214844
6.83984375
0.38549555
2.37402593
15.34375000
9.67512938
8.36295656
3.78125000
4.24511719
1.18945312
3.27148438
8.69497784
6.01205341
1.65136719
0.41108880
-0.05574212
17.86873289
4.24527829
11.38330327
26.59081782
7.45605718
6.05078125
5.55859375
0.01637268
12.47656250
1.95703125
16.34146720
2.87548987
0.26033785
4.20312500
0.87890625
7.38281250
14.59863032
8.57324468
8.51469656
1.75553468
1.82128906
16.78971188
7.21451657
7.73307624
11.62888580
5.07138151
11.18714233
5.80468750
2.56608156
3.20703125
6.58203125
2.78125000
8.31673094
0.49039797
0.03881836
0.24262326
1.93099124
2.95930907
6.03092531
4.97786126
12.56494016
1.78727670
1.80354610
5.34912234
7.32600953
11.94482048
0.67545905
8.28483156
3.20703125
8.37629876
2.69433843
17.01562500
3.31022218
1.47753906
10.61718750
16.89192376
4.34668218
1.43131593
0.25048828
14.63281250
5.72167720
5.09310062
3.29492188
7.17936281
17.40234375
2.48567376
0.60026374
1.22656250
14.07973848
4.00684840
2.87044437
11.00781250
2.33984375
15.06380125
14.93844915
14.83271054
10.34375000
1.80859375
2.43945312
14.85286126
2.43814938
7.59961436
2.58593750
14.39746094
9.56958008
5.98437500
11.93302305
6.04744570
8.23973737
2.12940325
7.63799763
14.56021720
5.06466073
14.92805408
3.54069592
15.19563719
7.51139406
0.01387024
1.58886719
7.27734375
9.43750000
6.33593750
1.89939911
3.89259308
7.31640625
1.65429688
0.52099609
0.53125000
1.98151091
2.75978058
7.96875000
7.83679199
3.79068346
3.01856216
7.99267578
11.99129211
4.23112000
5.01708112
1.79151263
2.95344969
3.81217531
2.76211651
0.54101064
15.50586436
7.24609375
2.54296875
12.73860594
2.00162843
1.86360594
9.74104610
8.64176640
9.76334718
5.84375000
2.76838237
0.71013325
1.58203125
3.45703125
1.55447990
3.01009530
5.63281250
11.25781250
2.62109375
3.77376219
7.83984375
8.24218750
1.26627687
3.01562500
5.81640625
0.12353516
3.91406250
10.48468972
1.94109153
8.77220427
1.34733654
12.96875000
2.81640625
14.16406250
2.59570312
0.81298828
1.13802000
2.93131593
7.88915891
1.53955203
1.81347656
1.89009571
11.01562500
1.97949219
6.93814938
0.76839359
9.17447252
0.08382826
3.92771848
7.49252216
4.62500000
7.46004211
3.97745789
6.93641151
0.13430747
1.69018555
0.88557984
10.29687500
1.38671875
9.86651818
5.82879432
0.22167969
3.02148438
0.08587646
9.37500000
1.85416251
2.55501717
11.06250000
6.89062500
8.80468750
7.86328125
10.27343750
13.17051624
5.98991467
9.66406250
4.42610345
11.65495124
3.61718750
0.00356293
15.16015625
8.03906250
1.97265625
1.71875000
10.07454344
4.81998781
3.08593750
0.15004393
3.48795656
5.30273438
14.51562500
10.14460993
0.22599554
2.35742188
7.70947141
5.30615359
1.92187500
10.28906250
8.91421986
0.15658092
6.46484375
8.16829344
5.35221188
3.33301030
5.29296875
2.05419174
7.83631119
4.67578125
15.91406250
3.62695312
2.02766844
4.09733156
12.39843750
1.71484375
2.04101562
7.36718750
1.64941406
1.97363281
9.27408688
6.08528812
7.91406250
12.17187500
2.43750000
4.94986813
0.71224124
4.43147205
1.98600842
6.36978502
1.48568373
1.36914062
10.85937500
5.44280087
0.34626163
1.79882812
2.73965807
6.59896498
1.67773438
0.24902344
2.08007812
9.36718750
7.06282469
7.87467531
0.40189450
11.78060062
1.91308594
7.60969969
12.33235594
1.92984985
1.24137577
6.17578125
6.34313965
16.53515625
6.31640625
4.00000000
15.65625000
0.48754883
4.76953125
4.56444814
1.35840342
5.46093750
4.42187500
3.55859375
0.03500366
0.40673828
0.02651978
3.67773438
8.32812500
5.97655752
15.57772988
3.83984375
14.44303468
2.86645508
2.89062500
1.89746094
7.13866689
6.59961436
3.58984375
1.61751219
6.68326906
1.79199219
1.50520750
0.89957765
1.66699219
5.99869127
12.64843750
3.42741467
8.44531250
11.18391844
9.11653812
9.25129876
23.16764406
2.89746343
1.86587379
18.20932153
2.54915282
15.84895252
2.57552748
11.60579344
2.44791501
1.80892093
13.15625000
15.42252438
13.12076906
2.59505374
0.06988525
2.43554688
1.01464844
6.58691157
1.95589110
4.53385749
14.99185284
4.94955341
0.96484375
4.16015625
4.94596188
8.69466312
4.18782469
5.60905031
6.66176252
0.94663591
1.48632812
12.39062500
5.60156250
1.52832031
14.29101562
5.96948242
6.97265625
3.00390625
8.66650391
8.31070922
0.65462281
5.76424071
3.12775488
1.46567043
9.92771942
2.37306183
16.04181738
3.41683981
4.78841312
3.83593750
2.77343750
3.34179688
11.68750000
0.37532469
3.21451906
7.93391844
7.03483156
2.23632812
6.30468750
1.90722656
4.96759863
59.52849512
5.78906250
3.22265625
6.39453125
18.80598538
10.68879876
4.79426751
6.24976396
1.66398133
13.43391844
2.11490968
4.93098377
21.08967642
3.24656470
18.77656140
6.74739251
11.56706809
4.63151374
7.53515625
13.46342645
5.09635749
3.05664062
4.92968750
6.27376219
4.49967531
1.62402344
12.32031250
2.63704095
6.38358894
5.92399047
9.12744016
7.45442376
4.36523936
2.27734375
10.86653563
12.39843750
3.71647218
8.50000000
13.96433258
3.69726562
2.58203125
7.97356918
2.44358322
16.29077244
5.70963376
3.19856937
5.61002438
1.44173343
0.91601562
10.71875000
23.10937500
9.78906250
3.06054688
14.47096128
0.73047000
1.67643063
4.99576906
0.61686281
6.84114500
5.92109255
3.53125000
12.07031250
2.27148438
0.77978516
2.72850316
0.88770777
8.30171629
5.71451906
1.53417969
11.20800781
5.71289062
2.58203125
10.05891844
5.74186281
12.16894531
2.83398438
6.97265625
44.88085938
4.25184294
3.42936281
11.07454344
4.75781250
15.93717406
2.97135500
13.05354610
10.18905551
2.06998781
7.64062500
1.80761719
3.63281250
6.23730469
5.46695922
0.55550172
4.05468750
15.31379876
6.30484486
1.44971575
0.82714844
11.79296875
13.70966427
10.85514406
3.84342531
10.05175532
2.68001219
3.97264130
4.71852393
2.01066101
21.76477051
9.75195312
3.33007812
9.05891844
12.92545656
4.07031250
3.83593750
13.46695922
3.89632203
9.88769282
7.57161624
6.62679078
1.13362672
7.73209220
19.40136968
2.78450687
9.91829344
2.33951906
12.16992188
11.39843750
2.24218750
14.67317376
6.77995124
1.08593750
10.56054189
13.16634530
1.40494875
13.35480940
6.02019060
9.76985594
7.47460439
5.47624279
4.19140625
3.76171875
17.04329344
7.80468750
1.08951906
0.86865234
4.58984375
5.51659907
8.11490968
8.43685062
13.53222656
2.94368407
7.42203859
7.99901845
3.56868905
3.68033688
10.55761968
16.44156735
3.53678468
6.69108156
6.03727172
1.05940797
7.49771969
2.74804688
2.38558109
5.43001219
10.49706782
10.96810062
6.59375000
17.15625000
14.91471188
3.66471686
7.54719969
5.32389406
11.07046986
10.63720080
2.63835715
8.56608156
11.79329344
6.74186281
10.10805630
2.80209995
10.26318359
19.83203125
7.01562500
2.99609375
3.18847656
4.93750000
18.06054688
2.07617188
13.90625000
18.17578125
3.58072751
7.69709684
17.60954379
3.54947252
4.05534685
14.62808954
9.35237921
3.96093750
14.14518063
11.46875000
10.58235843
9.95312500
2.56054688
11.98502438
10.36685284
4.97234153
0.55810547
11.96126219
8.56411348
3.61134308
1.98535156
10.99609375
12.10253664
10.14615968
3.49023438
13.10221188
5.29533023
0.69669617
8.18391844
4.36328125
2.07780031
7.63118407
16.90981162
13.48573771
16.70206664
0.41487672
0.61474609
17.25700188
11.37564938
3.81966312
9.10301862
0.89014544
8.52115719
3.72200687
15.22980940
10.67839372
3.90039062
4.64453125
8.06250000
9.37020376
2.28727670
5.52132203
4.60546875
11.84699690
10.05925310
4.46484375
9.40445922
4.58760621
2.42968750
9.11360594
1.31395986
1.64225842
7.99674313
5.48763187
6.26674646
16.91359042
3.28011234
1.30468750
6.31070922
11.99218750
4.07096313
3.98698000
3.44140625
6.46484375
8.89843750
6.88671875
10.97169004
1.42612089
2.17578125
7.88443595
2.66829842
3.52978516
3.76367188
2.52734375
16.00210550
2.33968888
2.48340093
11.18391844
2.35709718
4.82812500
6.66015625
12.91015625
14.42610594
1.28776125
31.06770501
9.02724513
5.43450908
12.02522828
0.21667480
4.77018063
9.97981937
20.57323970
13.66456267
7.89713874
0.71793454
4.40266844
10.51855718
16.71158688
14.51171626
11.57389406
3.48893561
13.46289062
4.31640625
2.32421875
15.87313843
1.87792969
0.36669922
10.68685913
1.26269531
0.29687500
14.09375000
1.18066406
0.37451172
6.20947266
3.57649657
2.16764406
0.73193359
11.08900710
23.54788375
5.53873781
1.65722656
8.25032220
12.95573249
12.21484375
6.91015625
10.54329344
8.97135500
10.83414672
2.15218140
1.81054688
14.98320433
5.80989251
1.16634530
10.77343750
14.55110594
13.45767066
4.48731715
5.16406250
10.49218750
14.61002438
1.37923343
2.93651845
11.25977061
9.90625000
4.32421875
12.91601562
1.55859375
8.52343750
7.69954344
0.08134035
13.47265625
4.56282469
12.65983156
13.25781250
0.47485352
22.59845302
18.74806183
7.27651707
7.47071808
2.12109375
8.16471188
9.86807560
0.36914810
16.19596188
5.82031250
1.15006593
2.96061281
12.81444814
8.20117686
21.58184398
11.88299977
1.58886719
7.86783688
0.84017093
19.68945312
7.89094969
4.57389406
12.59798094
0.35563234
11.04296875
2.14648438
5.74218750
17.50423094
8.90804078
0.35091187
11.59342282
7.49544437
6.87109375
6.44726064
7.20898936
3.33007812
9.48079344
5.51530031
20.11962891
3.09456048
2.44401374
3.12695312
15.18945312
4.19140625
15.47330563
4.25716312
21.26953125
17.67415282
3.90218140
2.84554078
6.90997895
2.31853667
0.93457031
12.00488281
14.36718750
0.74658203
16.39453125
8.25878906
16.79329344
3.63444093
7.30468750
2.43813941
6.99545434
16.37141844
13.48046875
18.86588625
17.68001219
7.30468750
12.58170656
9.57031250
6.82421875
9.31314938
11.97233156
22.16617672
4.30761968
1.40722656
12.87923094
10.23339096
1.32097185
5.06250000
18.39483600
1.60321087
11.84002686
5.46875000
16.72622784
12.96550310
9.64420656
3.46289062
10.23144282
1.79980718
1.86914062
9.52912456
0.33415669
4.14111328
1.85091063
4.89420656
7.11901188
0.22806793
3.08638519
24.46353502
5.45052748
3.61808102
10.19921875
3.27083499
13.63704344
5.47656250
2.27897218
6.69596188
7.23013409
2.47038840
2.30664062
11.69726562
18.04687500
6.45117188
2.38427734
7.41048094
0.96142578
1.09244875
5.06997784
16.17275898
14.45182126
6.27278812
13.66829344
6.01953125
3.92838376
1.35840093
7.02343750
10.48162842
3.01855469
18.56953856
6.60514406
9.50423094
8.29101064
3.13835217
2.24837157
11.45963625
4.47298094
2.34342531
7.40625000
0.24389648
19.44921875
6.21484375
10.59863032
12.03613032
10.81673592
9.94889406
5.03125000
11.78201771
18.37990967
6.52051529
1.56835938
0.06616211
13.83280563
11.66406250
1.89257812
11.15754876
26.72817598
1.91896276
2.05468750
14.77961658
1.60710217
4.03125000
6.43750000
0.64599609
7.81119127
8.99740248
8.02408688
7.18294437
4.17187500
10.09928219
2.14778812
8.25000000
12.06070922
8.12679078
12.93750000
4.69921875
5.96875000
5.30110594
3.41569093
11.02831782
11.03938719
12.52124335
0.19913758
7.17233711
10.28697195
8.26204344
3.80078125
3.28255374
7.28514628
3.19922872
11.99283688
7.26888187
1.98925781
18.01724845
11.91276374
25.62662843
22.03157469
10.54264406
3.34179688
10.71093750
1.15625000
14.07812500
0.65355947
3.47070811
25.26525879
9.19173094
1.13834718
14.62564938
5.44466312
1.74121094
15.07942376
4.51465093
9.33951906
8.80533688
12.94238032
3.51432624
12.78417720
0.44596686
17.04329344
5.10235927
1.11606604
11.64062500
11.90038564
0.58105967
16.48925532
8.91666002
8.41439716
6.35546875
6.92008422
1.79866578
9.88281250
0.57324219
1.91796875
27.73893063
0.98567874
4.05859375
11.41113281
3.10156250
2.39453125
17.26904297
15.22851562
7.37109375
0.92268797
18.19458008
3.33365968
11.01562500
8.88883422
3.33967642
3.66211436
6.03515625
4.60156250
1.73535156
0.04296875
3.63476562
2.68627930
13.51204344
1.32682375
13.79329344
5.23111813
3.73340093
1.87695312
10.45979485
5.87760749
7.16829344
13.11155275
16.09016844
12.96451906
8.22094415
5.72046210
15.60351562
21.97963210
15.83091477
4.37923094
1.21801696
7.81095523
5.56802970
0.65657967
13.88507536
2.50554964
3.02148438
4.80924313
8.22949219
9.52400882
7.41015625
13.13281250
13.87500000
8.58300532
6.14746343
24.19498532
0.36067376
3.14713874
17.74413564
0.44385264
2.10937500
17.61328125
4.59765625
7.68750000
14.98079344
4.73014406
12.86783688
8.11295656
5.56608156
3.56738281
7.92968750
18.43424313
14.58031038
4.55826906
14.17560196
5.53727172
3.99007203
14.66406250
9.23339096
7.33692154
10.15445922
2.49202515
11.99234867
0.02282715
1.64941406
8.34798094
6.34863281
21.00195312
13.27831782
15.42475715
2.26757812
11.20050879
12.81576684
7.57242797
8.76920656
15.80875485
6.80826906
11.07180786
0.76725343
3.90314551
1.11443262
10.07770913
0.41106040
7.01755320
2.60744680
17.61718750
13.95735594
7.70280031
0.79833984
6.20523050
2.29672262
10.10156250
5.89453125
10.41829344
2.55327432
0.58311974
5.13834469
5.31575687
4.27343750
11.16829344
11.05045656
8.90038564
5.20150155
8.13737062
13.73893063
2.12825687
11.80598626
2.45573249
9.05663564
2.08203623
3.86914062
8.65820312
4.75813719
2.16992188
7.57486813
2.36621343
0.76074219
15.35229492
10.70531915
0.33276679
9.71875000
11.18228502
12.34016844
10.82942874
12.62435062
15.12435062
11.71386968
0.61523438
25.97688719
13.47851064
7.17350842
1.48535156
4.43359375
9.40625000
1.63183594
18.32844969
5.17155031
0.81738281
15.37500000
0.31591797
1.08593750
15.38757075
48.43522218
2.99153812
11.81769504
6.57292996
3.32812500
13.41177970
6.51237311
2.35514406
8.82812500
2.00813719
7.85546875
2.69303468
12.55891844
3.65983156
0.67773438
19.32421875
7.48468972
15.01172872
6.95735594
2.94270999
10.85937500
1.00781250
11.13117908
3.85319592
5.82031250
2.30078125
13.36360594
8.79687500
13.83951906
13.70616853
2.81941711
2.43448914
10.62043440
18.72591312
7.92068636
0.59087627
12.58430907
2.09610836
2.53222905
15.55533688
3.98372562
24.47395252
11.04850842
6.88671875
4.67578125
1.15039062
1.88670878
4.19141622
15.98534907
11.71354250
2.40950687
8.12141844
5.56347407
2.28971686
1.94726562
9.72264628
1.40235372
7.88346188
3.57584220
16.08366467
12.14062500
2.39453125
8.04719969
1.14225343
5.32812500
12.73632314
3.73242686
12.21695922
1.35140015
11.33300532
3.02051030
1.41894531
24.13769531
6.35432610
2.91666999
10.73860594
6.93326906
12.85221188
5.29622562
15.33747864
5.35383533
3.90788342
31.49609375
7.14973626
1.82096686
9.57031250
0.56445312
1.19416487
3.67253435
11.22801862
2.66846575
7.87629876
7.04557624
17.38623047
0.27148438
6.14550781
0.64013672
8.11035156
6.93090820
3.43489251
2.97363530
3.90200909
5.70313497
5.36328125
3.73437500
1.29687500
1.20117188
1.73730469
12.03319565
2.19239029
23.00781250
0.90966797
15.99804189
0.91602061
7.33203125
8.25846188
2.67317874
2.92578125
11.00064938
6.69075687
7.37532469
7.73795656
0.18591309
6.73437500
3.19335938
6.89127438
0.20687015
5.18359375
15.47786126
16.34162456
10.16666002
3.87713541
13.49218750
8.73209220
6.13541999
6.80374997
3.59863530
5.87955563
1.05892093
8.39973626
2.19987311
12.71613254
1.47364527
5.52311281
3.50585938
14.37070553
1.92089844
5.11295656
2.86295656
1.21777344
11.91275876
11.91251773
5.42277039
5.82812500
3.76367188
9.71093750
2.41601562
13.90754876
3.44987311
16.51456664
2.20296265
5.41113032
2.31933843
1.99218750
6.77766844
22.41471188
2.60840093
4.94921875
1.83984375
5.16438719
11.69108156
7.42187500
7.60156250
9.29071470
2.49186281
16.09990936
1.64986176
15.48339595
4.39811281
7.63216312
0.32936600
0.91526291
4.14062500
8.14062500
5.03538232
15.47275487
3.44889406
19.40526596
12.38916514
1.95605718
2.92773438
1.15689689
17.93325323
5.37500000
9.23079344
1.73014406
26.47298094
7.94889406
4.42219969
9.77473626
11.75358156
2.62565436
6.88736813
4.10872562
10.40266844
4.12109375
1.78971437
21.96516844
11.23884987
3.32537012
11.35579344
6.29655031
14.76151115
4.18197030
5.85546875
0.94042969
3.56510251
2.31770999
8.34375000
2.38476562
16.57031250
2.73242188
0.70507812
6.78580563
-0.08689206
0.34106445
11.52343750
9.69531250
2.22656250
5.42187500
2.36429466
0.20015846
10.58658688
9.31867908
5.58626219
7.73112810
0.99609375
6.97688719
4.91958722
13.84443488
8.06152593
9.24511968
2.30599124
8.06282469
1.74186281
4.64094969
7.08886345
4.30485483
2.86034409
20.04314034
5.19971077
3.54687500
9.21093750
17.43359375
6.92187500
3.86375333
9.34750886
8.04752687
9.82958984
13.65104001
5.66341312
9.75488032
3.23405031
1.94466312
6.33984375
3.53320312
9.21093750
1.40429688
0.02166748
7.56087157
3.65201906
14.61002438
14.15625000
2.68505984
8.77619238
3.66700465
4.18750000
10.59375000
13.34863032
2.46468265
5.52311281
7.15625000
2.35351562
4.99316406
2.00911375
4.38248781
3.66406250
8.60823360
1.31266484
11.41959220
2.87142342
5.19384766
3.17773438
7.12792221
3.66146498
5.00390625
5.59927970
4.40039561
5.56640625
19.41713210
4.38169602
5.02343750
5.10937500
16.13606439
6.71566046
12.26383422
4.82389406
1.09277344
3.05468750
11.59977172
0.94669617
1.26652039
12.93945312
4.12890625
1.25292969
4.90234375
8.35562611
14.42594858
3.60319093
7.82551751
8.30875360
5.48389295
0.19519043
2.74804688
13.53613032
6.85449468
6.75015238
2.75375387
9.51472961
0.24698914
23.11360594
3.37890625
3.11100343
1.20214844
10.99706782
8.66340315
2.65788840
2.54687500
4.74462766
6.73128048
3.95800532
4.34147717
3.72200189
3.83073249
0.33520508
12.89363586
0.39347351
2.74713528
9.79745941
6.02018312
13.80826906
16.93293440
1.36394060
6.00781250
15.25064938
5.39778812
13.01602119
9.35519940
5.39453125
1.32714844
2.66796875
1.44596188
5.36295656
4.89420656
2.61685783
1.20703374
8.53483156
16.33561281
4.35074828
6.93147330
2.71679688
11.03353280
4.35026125
0.87695312
2.77750610
8.37679078
9.50000000
14.81175720
9.42350281
13.88930630
5.06772495
10.80435284
4.58822030
11.07031748
0.57080078
14.79752438
3.34808151
13.99835124
6.35205078
13.88704344
1.24869875
9.53212416
3.98145279
0.51481203
12.01690382
5.93622118
8.10742188
6.68359375
3.65494626
4.58919437
7.25781250
7.59765625
7.87856162
3.82065713
3.53710938
17.66471188
8.62435062
1.08691157
5.32715093
7.02734375
8.18066406
4.25715814
4.65146699
4.51953125
0.90803953
1.39518312
5.29231688
5.73698000
29.94921875
2.17578125
2.18854403
5.93499113
7.27734375
0.09503174
0.56287636
1.03880821
8.90803953
6.92545656
8.48925532
7.51855718
14.42187500
5.83007812
6.99820922
1.72054078
10.33235594
17.29198030
3.63281250
9.58398438
8.48583984
4.84765625
9.86441268
1.16683732
5.37500000
3.05664062
9.97947474
6.48927526
10.37141844
4.90983156
8.01367188
7.11328125
13.72851064
5.09961436
13.78125000
9.17610594
2.78483156
5.12011719
1.49023438
5.54363060
3.07421875
1.09082031
3.04947751
2.86653812
9.78906250
4.02376219
4.57389406
19.63313719
9.21256593
10.99283688
-0.09427731
2.93945312
10.67610594
4.40201906
5.31640625
3.94140625
4.66247341
0.21179417
12.90266844
15.15787843
4.82031250
6.86328125
5.19173094
9.65477394
5.74724512
2.75195312
9.12554932
4.28515625
3.01757812
0.81347656
2.66601562
5.54687500
3.31673094
12.17545656
4.77978391
1.07275515
0.64794922
5.96875000
3.45458984
6.23437500
4.99218750
3.39257812
0.63401545
4.70605718
3.75416732
4.37109375
19.26204344
6.30436281
13.55769836
7.16105164
9.82812500
1.41406250
1.48730469
8.27864251
0.67155280
3.54101562
6.45703125
4.79101562
3.81314938
1.52767093
8.55468750
1.88476562
8.20312500
4.26577377
9.66731799
4.38787012
6.91015625
10.69905142
4.71891733
14.87923094
5.92936281
1.91992188
10.32812500
8.50423094
16.75585938
12.36116578
14.85660517
8.99870124
2.70507812
3.79638298
10.14534796
18.77782580
21.29932014
17.14355718
14.43782469
3.96810062
5.41438719
8.08235594
11.98372562
8.83593750
8.32031250
0.58105469
14.89257314
17.55469248
3.10546875
1.91601562
7.62564938
11.30403812
3.24414062
12.64467864
3.10532136
2.16015625
4.86359099
18.81804964
3.13297485
2.74397828
7.96191157
4.71483877
2.24903091
8.74815369
7.82942376
2.60840093
9.42024158
2.59701185
1.67773438
11.17187500
6.13671875
6.15234375
1.08789062
2.22320763
8.88476064
7.70900431
10.21484375
6.45394171
12.36083112
13.68067154
3.30599124
8.87857907
5.62858156
11.34098390
0.10449219
1.17675781
2.07617188
1.42968750
3.11718750
17.59016844
7.72233156
17.36800312
7.54850842
10.16656494
4.97900266
2.99560671
10.75000000
0.08618164
10.69238032
10.27832280
3.05664062
10.97656250
8.60156250
8.70312500
4.67968750
15.35184567
13.61312015
2.75781250
5.95703125
2.15039062
18.40661621
16.41829344
6.16373781
7.81331297
2.94108156
15.64644285
1.81217531
2.79296875
11.86718750
23.04360816
7.17156028
3.72233156
7.14062500
6.70307922
8.99641844
7.86295656
0.44213867
0.31668942
10.97330812
20.88639406
7.76953125
10.95735594
3.08593750
1.90787843
20.44531250
7.34407469
5.09342531
1.20507812
7.18912345
9.56632757
6.57088320
0.82649781
7.67187500
4.25560340
2.45728723
6.96800200
13.51246675
3.67968750
7.56673094
10.12076906
0.17797852
1.19042969
2.20898438
3.22277832
0.49710841
5.44869237
3.22070312
7.41829344
11.30110594
2.65983156
11.01139406
8.30468750
15.52017066
3.80795434
12.10156250
3.51953125
9.62500000
0.10577818
16.10074454
13.79557624
8.81966312
14.80077128
16.11394060
12.51920656
4.05436281
2.87857658
4.40853280
4.80078125
8.65625000
1.47020487
2.47494403
5.05045656
1.08593750
2.83203125
4.44367908
4.70475842
1.30468750
5.91015625
0.17932129
6.18408203
4.55078125
6.17089844
10.05468750
4.74039672
9.86897828
5.89062500
0.48437500
11.98323360
0.55908328
10.79069093
8.52343750
9.93212766
3.41813110
8.13997562
1.76790282
4.15201906
14.97656250
2.64876219
4.54655031
16.66113032
13.44824468
0.73193359
8.96875000
7.71093750
4.03432459
9.88429354
20.22151610
2.42676030
10.37532469
12.86498407
13.65689938
3.39615968
0.39371828
3.87109375
9.14078236
16.10832225
11.41316711
4.80257203
6.16406250
2.92578125
13.70442376
5.14355718
1.49479250
12.59016844
2.51725343
3.58984375
5.48079344
2.65983156
14.54817625
3.44889406
17.48860594
9.88281250
5.38313719
14.26139406
11.51627438
2.10254155
6.12500000
9.25682846
0.67188248
11.10937500
26.73430443
6.21484375
4.71875000
12.55468750
10.12500000
7.01428192
0.47985871
7.49674313
0.63411624
3.91959469
5.06217531
7.73014406
24.40234375
18.24121094
5.08006816
0.26954122
4.77766844
2.63248781
0.60351562
7.53612035
2.42286402
1.48339844
16.85546875
6.12109375
14.65266844
3.64811281
6.87500000
8.84016844
5.90983156
6.92578125
6.78125000
12.85156250
13.67024158
8.15788342
11.84472656
16.71875000
6.58658688
5.11084109
1.35042359
8.48877804
3.82356937
9.97656250
6.65208879
1.82715591
2.54101562
10.30240470
6.08040780
7.11213985
12.99658328
11.31741850
2.29854580
4.76432624
6.53906250
8.88281250
4.68001219
4.17936281
14.61783688
5.73632812
2.90560062
10.38281250
25.28906250
13.13232048
2.30517952
6.85221188
6.02278812
7.71337766
0.81836062
4.23046875
13.25097656
0.89880269
3.56282718
6.79687500
11.92187500
14.92606606
3.18395832
9.37255984
10.42187500
0.39567016
11.57633422
5.05224734
10.36539672
0.50472047
6.35156250
3.75390625
4.90331782
6.29377549
2.81853169
2.95751330
0.73584607
1.06250000
8.70166016
6.85188719
7.31395612
5.37712544
9.51562500
11.98437500
3.11523438
18.35579344
18.19889406
12.16307846
4.04004654
8.70735594
8.96875000
12.06058211
7.85677748
3.40006593
8.81673094
2.02375721
11.74414561
3.28645999
11.75423094
5.72656250
1.04166750
1.93261719
6.92578125
2.37764185
0.25272925
3.32421875
7.68196033
2.40983654
6.91959469
13.43391844
29.59016844
6.96745124
7.22265625
9.45442376
7.07715093
3.95670656
16.37141844
1.91080314
12.66813608
0.13240601
6.58203125
18.94139628
4.97266622
3.42382812
8.07812500
4.92578125
8.50781250
29.56237646
11.99218750
1.96972656
6.58626219
2.31966312
9.03125000
5.37890625
20.67024657
24.66862062
4.75000000
30.55370845
12.78588867
2.54394780
10.08902704
2.60693484
1.45247562
10.56250000
12.77245346
3.78614029
1.31542969
10.35579344
3.86686032
3.00879155
7.48828125
8.66406250
7.33235594
7.03125000
3.22623781
2.53320312
1.89957641
11.71093750
23.70979669
14.83854074
0.29419070
6.13191711
0.88614930
22.02864251
8.36229721
7.67156028
14.35156250
5.68424313
1.76424320
6.03125000
6.29361813
10.96875000
5.60302859
15.38757324
0.57063844
0.00939023
2.12125610
0.45052125
7.12890625
2.88149629
7.77963652
6.80859375
9.53189938
7.45149158
3.48291514
12.08170656
6.08138187
18.69578458
3.08937167
12.55891844
5.11295656
1.82421875
13.16666002
5.91537123
14.21516844
8.01823000
1.37695312
12.49641844
2.83951906
11.80018792
1.25651374
9.85969969
17.15690187
16.68570922
0.91487672
15.65282580
5.74951795
21.11734486
5.76937389
8.12060547
19.13346188
5.14062500
10.53483156
7.53483156
4.47265625
9.04752438
10.84504876
2.14486092
9.65201906
2.25781250
3.67382812
0.00405502
16.80859126
2.12793218
5.27734375
19.32633422
7.76969360
17.83658688
6.67090093
1.82690430
12.19531250
1.54654782
14.35798396
4.68978280
15.18456782
17.38965093
9.64908688
3.92122562
15.77831782
5.60481937
2.49576906
28.65102505
13.54949246
3.61735358
3.56640625
8.49039672
3.65413453
5.12890625
4.77734375
0.98974609
4.61425532
6.89355718
9.34977172
3.81819205
1.26562998
11.79231439
8.73307624
2.58593750
12.83593750
9.08235594
1.44010500
9.57324219
2.29101562
17.39093972
11.01531028
8.17610594
19.64062500
5.95280031
5.86718750
0.04263306
5.77734375
9.53906250
7.45703125
0.01090240
9.94954344
10.46972656
6.49609375
3.55257203
21.04490692
6.13657136
6.80859375
12.63281250
9.48079344
8.56608156
0.64550781
12.54687500
13.14550532
4.06933843
12.24218750
3.07031250
7.38883422
8.60335328
0.28377196
0.15726808
12.42187500
5.82617188
2.02766844
4.76530031
12.42968750
9.44954344
1.61132563
8.80338874
10.78906250
23.90898494
8.20820256
2.10546875
12.34276596
11.91504654
7.78994792
2.16317708
4.34375000
11.90445922
0.03843201
2.67016290
6.44995117
5.28808843
7.18359375
4.31217531
2.45703125
4.11328125
3.14274047
2.82796265
13.93225067
2.14001496
8.04687500
4.16796875
25.77961349
3.14127438
12.92903812
1.89746094
12.45075355
0.70012411
9.11590592
0.42706408
8.09375000
3.22656250
3.38476562
6.16406250
0.09960938
10.58967642
0.73649545
1.13475815
8.65723404
6.50943595
4.08431405
3.83007812
4.16015625
9.89908688
3.20540531
6.00000000
10.15625000
2.06054688
12.95654297
1.80371094
15.35090814
12.66585328
2.48909796
12.60693359
4.33593750
0.62670898
10.89062500
2.03125000
12.48339595
5.85449468
3.39062500
7.86002438
3.33658688
0.32194343
0.02391052
0.05319214
5.17101802
9.40918218
6.91162109
14.96582031
3.08203125
7.88972961
4.07248947
5.72154251
11.21093750
3.20117188
3.95703125
6.29296875
0.09308478
0.11747316
7.27734375
6.57031250
25.19458008
1.71907469
7.94661126
0.39779061
0.46362305
5.69531250
10.48950133
0.53002992
0.78759766
13.44855940
18.96224623
0.63117908
4.13929869
5.71875000
5.82031250
1.54003906
15.42968750
4.57812500
1.55045407
12.23860594
1.90527593
2.56558206
8.55258200
1.06835938
6.30078125
0.77750485
6.15950687
0.43750000
2.28662109
1.18049798
2.56185062
4.47298094
0.34179937
3.99023438
0.02487183
0.68310547
1.91894531
5.03125000
3.26497064
12.00268617
0.13761663
3.37337157
0.82438234
3.66601562
10.37613891
7.64274047
12.51252674
5.48210217
5.69173094
5.91731937
2.40820312
10.52343750
0.37817383
0.08042358
0.10445191
2.15429688
1.72753906
1.45410156
6.82161375
3.31087157
-0.07511227
0.01107025
0.04193115
6.42968750
4.87500000
4.23013908
10.08822030
5.67187500
9.17187500
9.39843750
4.33203125
4.76562500
7.95703125
9.03971188
2.92528923
9.09115123
0.51123047
5.24218750
10.90266844
8.89127438
5.94433843
2.34875488
8.05501219
7.60905031
0.26831055
1.98632812
6.65104001
2.04264406
2.05631593
5.63973820
0.89639461
3.52612305
3.64257812
10.91406250
3.28662109
14.18018627
12.93750000
0.21691895
13.03042332
1.84652980
0.81505717
1.81168827
0.55680297
2.96679688
7.83471742
0.46573914
2.04036375
6.15983156
1.31054688
0.18538328
3.65673330
7.53288342
2.80273438
10.91613770
1.10430908
2.19205563
11.04622562
4.00878906
8.39843750
6.17610594
11.45475343
22.80218506
17.85623213
13.36393063
5.09700687
3.51920656
3.48046875
13.59570312
0.81671143
0.48046875
13.71939938
9.51301751
2.48307624
7.57545174
3.30729499
15.69139628
4.82781028
3.51627438
2.50130374
6.85156250
1.07897451
11.27002452
2.01008782
7.55819427
12.61881593
3.59504876
8.94401374
2.18068502
4.79990580
3.18164062
18.41829344
3.21875000
1.98632563
3.72526374
4.78515625
4.53080231
1.67134613
3.79882812
1.38867188
1.14969723
5.57747562
14.55956782
1.79036624
8.34375000
0.73193359
8.83951906
8.64843750
5.60546875
2.19140625
0.08581543
10.00259752
2.40976458
8.03906250
2.24902095
12.41882573
4.11197751
7.38216312
1.91340814
4.92482844
7.38281250
8.72656250
0.96370360
1.75846437
29.45019282
0.75000249
3.56323242
3.52636719
1.07324219
9.99218750
3.63281250
5.12923094
5.49576906
1.63102172
1.08382203
0.13917967
0.87369875
2.70214844
3.86914062
0.80175781
16.21516844
4.43066157
8.38997562
10.49348626
6.79102061
16.18456782
6.10481937
11.80826906
13.34375000
6.97265625
5.64876219
2.37076906
5.64843750
3.26793099
1.99577903
4.25390625
22.50911126
7.24870124
4.84863281
7.63801751
3.51041999
6.41470191
3.66765403
3.44921875
2.69889406
15.53511047
17.30615234
11.69448076
2.69724287
2.60742188
3.64648438
0.19559692
2.40965177
3.94663120
6.96972407
8.69238032
4.75977061
3.54687500
19.17187500
0.19494629
35.96646720
5.74447030
2.81367779
1.72366363
2.09343777
3.26953125
3.54427249
7.58365470
3.58431405
12.30468750
0.01511383
1.97802734
9.77050532
5.93745763
6.00590424
2.89965571
10.82324468
5.61328125
2.00976562
6.90445922
34.07633422
3.45084718
8.13281250
3.90624751
13.29980718
0.70328361
6.31087655
1.48730469
1.61197501
9.83040780
2.17578125
2.56900017
2.44499640
0.40299562
4.84016844
12.59733156
1.44954344
4.32452778
4.09765625
4.29296875
3.22785628
5.68815935
5.60546875
9.45898438
6.93001219
11.87076906
4.16796875
7.14184508
0.24585023
4.68961547
14.62679078
3.10318595
2.46972905
2.96647218
2.85384032
13.23109920
10.43391844
3.60709718
16.22818844
3.27343750
4.80826906
2.92545656
15.99283688
3.74544437
7.35546875
10.25129876
5.12109375
7.58105718
3.24593140
0.69368531
12.49023438
5.69531250
6.40299313
4.60872562
1.72013180
6.55403812
8.51953125
7.37500000
5.39550532
5.22591312
8.14811281
1.82502175
7.72527122
5.99609375
8.78906250
6.41796875
2.66048094
29.07031250
1.23356078
5.86116578
0.92545656
1.55566406
5.83786570
5.59182180
2.66098022
19.07474357
7.61165780
7.75976562
31.87500000
11.11002438
3.38997562
12.00000000
0.96500236
4.84993905
0.80224609
10.68750000
1.58632323
5.50358156
8.01985594
8.44954344
5.83970316
4.46484375
8.50585938
2.45930907
1.53548094
7.13997562
4.19140625
4.53515625
5.31250000
7.80078125
2.97330563
2.27474124
2.85839844
4.20344969
6.15983156
1.10058594
1.81640625
4.72607048
6.54736702
10.91829344
1.21158937
3.40722656
17.00781250
8.07812500
4.28125000
0.04647827
0.36486244
0.64257812
3.58072751
1.61556156
4.38248283
8.58040780
6.13834220
1.16341561
4.41828846
1.97819592
0.48388672
0.63232422
7.17382812
0.64290282
9.36100343
3.23697751
4.33528812
3.18619626
3.22851562
4.90202959
7.12500000
8.03906250
6.59195922
1.33186890
1.67642814
1.48470467
2.76790282
3.08854250
2.31119626
3.44075687
4.42578125
7.50032469
1.07975343
12.57812500
15.04329344
26.05078125
5.39811281
8.75000000
8.73079344
12.54394282
2.56510749
17.32812500
2.79101562
6.27734375
0.94042969
0.29345703
0.01905823
2.70764160
1.84350337
9.37011968
2.52148438
7.25390625
4.12109375
14.00911126
3.52799811
1.41503906
1.27094585
1.61963763
9.27701906
16.06086658
14.40430186
3.73014406
6.61751219
6.27701906
16.12695312
3.41796875
1.78953832
2.80762965
2.42187251
4.19075687
8.25358156
2.16568844
4.77669437
3.78206173
6.88639531
12.65625000
3.25390625
1.69238281
5.57470703
4.92578125
12.07840391
5.37581297
7.49544437
4.08333001
7.02213874
11.62923094
1.48502687
5.59375000
6.62109375
6.17675781
6.17187500
1.83398438
0.43945312
5.50390625
5.71093750
8.28548094
3.45767814
7.67773936
0.14990234
3.76204344
2.96125721
5.56380873
1.80996434
1.75310449
14.99283937
7.23437500
2.59960938
3.59765625
2.57031250
5.07031250
0.04397583
3.55889850
4.01141400
5.08853502
6.10482435
2.62629876
1.08463874
33.38556738
3.85662012
1.02734375
0.44543208
20.66316649
11.34635500
3.16243407
16.18228502
10.26660904
3.90625000
11.48079344
0.13529543
14.03596798
9.96207890
14.55110594
5.68391844
1.85074704
5.65234375
8.51074468
5.72623781
25.67252438
17.08170656
8.67545656
17.81445312
3.11328125
6.94921875
2.37337157
3.09342531
8.18456782
2.34668218
10.85156250
4.30859375
1.56542969
4.91210439
9.19141123
18.18391844
4.38281250
5.22233156
11.20312500
12.92968750
4.53189440
2.47396498
3.22459941
2.28711934
6.48388672
2.98632812
11.57454344
8.68750000
9.51920656
6.20312500
4.15625000
3.63476562
1.32128906
7.98583112
3.44206560
2.02555297
8.70377687
6.17187500
14.45117188
10.89843750
7.69921875
1.01757812
1.15625000
0.69433594
9.88593858
4.23747451
10.29231688
3.11881593
11.26269282
11.40332280
3.43554688
4.48530531
9.71358747
2.55794935
4.15299313
5.67122562
2.76953125
6.20084220
2.79525155
5.06640625
15.27603502
5.93522717
3.74576906
10.82812500
0.46923828
2.59570312
8.34741211
2.19531250
3.73437500
8.34146720
2.48275155
19.63964844
3.48046875
10.24414062
12.45735594
6.04980469
3.17545656
12.04103661
2.95312500
1.19628906
8.73095080
1.14014295
7.80326168
7.61750222
4.53151867
0.24571547
15.12663651
3.99511470
6.43652593
14.12500000
6.26594969
16.66715578
8.26985594
22.21744875
3.77028319
3.97363032
9.14355718
11.44221588
6.48241689
3.23568373
0.70361328
22.03287594
29.01220703
12.64964899
7.24553413
2.41178468
22.65722656
19.48111813
12.92545656
2.33789062
5.40787843
6.57518285
5.26856715
3.65234375
7.87335661
8.15398714
21.98045878
6.95930408
8.11915558
14.24576906
5.00390625
8.43196532
14.68750000
13.85768304
6.88183843
5.63997562
7.79296875
13.21711658
2.88249279
9.03047356
1.18034186
16.70507812
12.85156250
3.90625000
3.12532469
6.37858156
1.74804688
9.80476306
7.61594433
3.11458499
23.07844969
0.90543703
15.80631095
2.04525155
12.69339635
4.06836436
3.97656250
2.41243407
29.42187500
11.36523438
8.17545656
11.38964096
5.18067154
8.67805408
2.04655529
6.79687500
7.49641844
14.84260860
16.16878546
3.28906250
2.35156250
10.59016844
5.91845080
1.66325576
21.07453347
6.51531028
9.49218750
9.29394282
3.29199468
0.18908691
3.36295407
33.54720218
15.38115914
5.11102836
2.19628657
9.43054448
4.09977172
0.67708375
7.87857159
1.20345966
8.88574219
3.88085938
1.06640625
8.74576657
12.87044437
2.92187500
5.96321033
10.16276623
2.87890625
29.39843750
7.81640625
12.07454344
1.44596437
0.94042969
14.46857270
2.98487699
11.64990234
1.45751953
8.35871565
13.51725842
1.86393561
5.26517731
0.18086762
7.06769504
6.87761746
5.30468750
2.14693965
5.52701906
4.48763187
24.09895750
5.74967531
1.60058594
13.52722146
5.28711436
1.52539062
5.56721299
1.66520888
15.29394282
6.88574468
13.35624145
0.69124390
8.96939938
2.06770999
9.32226562
1.65527344
2.82617188
9.56673094
2.42155031
0.10296631
20.89888617
3.77408688
17.37207280
4.82421875
3.07226562
1.61914062
6.55244903
0.22147676
4.45377438
3.87044437
14.34798094
5.01658910
9.44792996
3.76171875
4.05918741
10.51562500
4.63476064
4.76758311
3.79915282
9.91005120
12.46810062
5.23730718
15.49511719
9.67024657
0.61051515
10.85156250
0.11511230
12.89127438
6.41764406
-0.02309080
4.51334469
31.07161624
3.78742908
19.58935173
14.99431294
2.65396720
14.56478280
31.08203125
7.79719969
6.68326906
11.13281250
2.08593750
1.36914062
0.48543211
6.12402344
3.35351562
0.97330812
10.72656250
9.28125000
3.34375000
6.63313719
0.08683351
6.10758422
10.17757203
3.54687500
1.18652344
18.36718750
4.60744294
9.46875000
2.95507812
10.52799562
3.27929189
0.09912608
10.52090454
5.59765625
12.60221188
28.73469969
2.70083722
2.49740746
1.25390625
10.91406250
4.76334220
1.27962655
13.96105957
10.42983174
6.83984375
5.31250000
13.89958998
0.05387453
4.28872784
3.93002216
1.85644531
10.13085938
4.15657469
6.82421875
16.80872345
18.14843750
6.03092531
4.43750000
1.21191406
6.93260971
5.92513436
5.90104499
2.47493407
13.21875000
13.32031250
4.74186281
13.41113032
2.53841312
1.92936281
1.59082031
9.32421875
3.79882812
10.16406250
1.77473875
9.89615470
15.37435062
3.08854499
9.39094969
32.15592282
3.43294437
12.38639406
6.05403563
4.35514406
10.46875000
4.76627438
5.38606937
0.67773438
14.50976562
3.68619626
11.16921660
11.94629155
6.69531250
6.03548094
6.64420656
3.79296875
0.57226562
1.00292969
1.21777344
6.31640625
3.32421875
22.78352283
15.84928967
4.56282469
3.90006593
9.40234375
8.42968750
5.43359375
2.43359375
6.66536126
3.65885749
4.44531250
15.10579344
23.46158688
7.38443595
1.65365248
2.58789062
1.31119626
0.07771976
4.33626219
2.99772218
5.90234375
4.94888409
2.90463153
4.26594969
5.47623781
6.14453125
1.78124751
1.37977338
1.63292442
5.58626219
11.95670158
3.56055186
3.49021942
1.82228058
6.36621094
10.16829344
2.30631593
10.67707004
2.23113308
35.55273438
8.70312500
3.19726562
4.98046875
6.11328125
1.08470932
11.96582779
8.75781250
4.99218750
7.64843750
18.32096188
11.25358156
5.59765625
14.34765625
3.26334718
4.29296875
7.34145723
1.93002714
2.11523438
5.77343750
8.42902815
2.90495622
7.42187500
2.32812500
9.88411126
1.78581061
18.68651596
7.85254654
10.58300532
13.82616191
12.45818262
1.83284547
3.85708722
3.25635638
3.19319703
8.43750000
2.23827377
2.93262466
11.05468750
8.72493407
2.41015625
2.26334718
3.73828125
3.57063719
1.39323000
7.38281250
20.73382319
9.60481937
4.62500000
3.01725343
12.35156250
3.64648438
8.19173094
12.88639406
15.98061614
8.64926418
3.06933843
0.00686481
1.09495041
8.73860594
8.23795656
41.51269282
2.18847905
6.54687500
1.15756226
4.01171875
11.39843750
5.57421875
14.45043883
0.62475648
9.80468750
5.42968750
11.89062500
12.04474956
2.71892231
3.11718750
22.60177550
3.84245124
2.34179688
11.93875548
2.52386308
2.89927415
16.38491800
3.81495013
21.10224343
3.65919215
4.71875000
1.48339844
7.85156250
21.75097656
8.07838865
1.82290504
5.53451684
2.19889406
14.35703117
2.48275155
10.72656250
1.91027832
1.62402344
16.52343750
6.68001219
0.83805422
3.90625000
12.73828125
17.65656472
31.75359153
6.15966797
6.42578125
3.50195312
1.68066406
13.79296875
12.82324219
15.35839844
9.89062500
3.29101562
4.77376219
16.29687500
3.82975343
5.45344969
1.24674562
1.17895446
0.07824769
6.29328347
16.45052748
6.94401374
5.66284242
0.53076110
18.61295656
12.49820548
9.04557624
11.14420656
6.19608557
2.19597185
7.15234375
14.11002438
6.04882314
13.16926985
3.99940667
6.46549313
6.65430186
4.17675781
34.04394531
7.37500000
2.72640991
13.17610594
9.72233156
2.04492188
3.68602394
8.00245262
1.56380125
12.71451906
2.65716261
2.55731493
0.00683975
0.82437985
7.05143063
4.91702905
11.15625000
6.48469969
9.86295656
0.66007321
8.12435062
47.11718750
10.55224609
2.91601064
2.33158941
8.49088874
9.92968750
6.93782469
3.90983156
15.06673094
10.62076906
9.73437500
4.84375000
10.12141844
15.56217531
9.73079344
2.76155640
15.15804078
9.19954344
6.68001219
1.95833499
2.24804688
12.19482048
7.68799202
16.43750000
2.29947501
2.53939217
24.39062500
3.84375000
0.28979492
2.25032469
6.73405031
1.14452627
3.83789561
15.82328298
11.13216312
9.62370124
4.95865719
5.67903812
3.69905516
6.76139406
12.77343750
5.11238586
0.32006774
2.68131593
9.65625000
11.35221188
0.57910281
3.30843140
9.33593750
0.04403687
14.93130098
7.28614527
5.17155031
2.85644282
3.51432624
1.55078125
1.48177000
3.08756593
27.39013672
4.65625000
2.75008117
3.16511899
4.33138187
7.13378657
1.48047124
44.48111813
9.51692874
7.05110594
3.42284907
8.02995124
1.66992188
2.83789062
11.39485594
3.92057375
6.50781250
4.39843750
5.89412062
8.88997562
3.94726562
2.38330078
6.32812500
2.45898438
0.38598633
13.98860594
16.89420656
3.69140625
15.81135860
1.23161015
11.60579344
4.41373781
2.16015625
2.93066406
0.00000000
4.97656250
20.08626219
2.00944093
1.53808594
7.75064938
11.90950687
7.58593750
11.73677208
4.40629432
0.00939178
4.96215820
8.44091797
12.35156250
8.77831782
2.02246343
15.82454344
5.06115262
4.59867894
6.66573028
0.24174043
16.80891844
19.37923094
11.99064273
0.23937926
10.78483156
8.64941157
3.92090093
9.33593750
2.65657469
7.64811281
10.85187722
12.49187278
2.94954344
8.28483156
3.25195312
0.79599352
2.80599623
7.94531250
15.20019531
15.84285399
3.71647218
12.44441223
2.17643063
7.49022939
10.47306959
1.50480164
2.20146942
9.14794673
3.13965093
3.51432126
4.32844969
5.24511968
3.25227782
0.70035890
0.25122070
2.09830563
5.64550781
4.10221188
0.64909186
6.10937500
13.08626219
14.41267509
1.12313303
11.78352782
0.16227297
8.87923094
1.21109735
2.06885139
5.30289672
2.65120484
3.16210938
2.31054688
2.51562500
10.40686004
0.40051301
11.51966183
5.08170656
2.60123781
10.92187500
1.41210938
1.43481196
7.79199468
1.53613281
5.94921875
5.41406250
3.53938719
1.42740968
16.19371033
4.00390625
13.89843750
1.52372036
0.13277378
3.27864500
5.88248781
6.97265625
7.96875000
1.55957031
12.03727172
4.25960328
13.58886470
8.76855718
2.01367188
2.83593750
13.05228512
2.84114749
9.08593750
0.03167725
2.72623532
7.73763187
3.56445312
7.37727782
12.08593750
6.03515625
2.73014406
1.61132812
7.16176973
6.96811308
2.65429688
2.83789062
7.69921875
6.54687500
9.17691268
1.72168716
12.80712766
17.70670656
6.35514406
6.14094969
14.34798094
10.07747562
0.29418945
1.57910156
2.60156250
12.51985594
5.19498781
10.86718750
11.15752836
15.91406250
15.35937500
8.87076906
19.84375000
11.19596188
6.17122562
1.28027344
9.02766844
4.91373781
6.19205563
3.44075687
1.85449219
6.84016844
5.35969969
10.62435062
5.06412345
6.51432624
3.84537843
14.66992188
1.10839844
2.65039062
9.89518063
3.11653812
6.78515625
2.36718750
0.55517578
2.52407317
1.77329011
8.64843750
4.32031250
0.57080078
3.40429688
8.80729001
3.68489749
11.42610594
17.63313719
14.09081782
2.07454842
7.89453125
6.91406250
2.01757812
13.57942376
6.19010749
4.89062500
7.42578125
3.43554688
2.77148438
8.60156250
7.79361813
2.72200687
24.51171875
19.53157469
0.23657227
9.23795656
3.30566157
11.87793218
1.02734375
6.96093750
1.18066406
1.24414062
5.38281250
15.64810284
7.94694592
19.45297490
11.97477297
9.61425532
13.17236577
6.87500000
1.27783203
5.12432861
3.59537345
2.69954842
1.06835938
11.69594194
1.08726118
8.40885251
8.45849734
16.18017204
3.03939217
13.09977172
0.77262328
8.94694093
5.06852172
3.50569703
0.23742676
2.99609375
13.81997784
1.17611591
0.79443359
4.68196532
5.10514406
13.97298094
19.44173094
11.40266844
5.14355718
0.34724852
1.48307375
3.02994626
1.08528812
11.63281250
8.84195922
0.95052125
2.82812500
18.75097656
2.88867188
3.00390625
15.18994016
1.07967226
0.91105164
5.98046875
8.67968750
8.89062500
9.92773438
14.74998006
4.03517619
17.38736813
3.60872562
15.86181516
1.65413453
15.24576906
8.47265625
4.33984375
8.20312500
4.85546875
2.89453125
6.81282469
8.04850343
2.74804688
15.15625000
16.16747673
2.65088264
6.22265625
1.00390625
10.38281250
7.98925532
1.72395252
4.94597185
5.70703125
4.79508422
13.24039672
3.20018784
8.00456560
2.69839581
9.06706560
12.42218972
1.92123559
3.44335938
5.06444316
8.41016622
0.72216797
3.43016332
5.24122340
13.06250000
11.50000000
1.89453125
9.06314938
3.44661624
6.00585439
19.79492686
11.63281250
10.52050532
3.76855718
8.34114251
5.18229499
4.77667942
3.17839871
15.42056627
5.44271498
8.64843750
6.92187500
5.21093750
5.03906250
12.18750000
9.18456782
12.70832004
2.41179964
4.95735594
4.15592531
1.78987049
5.27507092
6.04540891
8.79052859
4.37500000
26.20043945
2.79492188
8.10579344
9.95491578
2.85921265
22.88873291
8.70312500
4.07421875
3.41796875
11.53909686
0.60543439
19.53774380
10.85484387
4.13314716
5.99576906
14.43750000
0.54508547
15.30305408
5.06022717
2.82812500
3.13475566
1.87533466
4.11295656
6.45116689
3.71289561
1.60937500
4.88411375
12.42187500
1.54850343
7.21484375
4.72295538
15.01660904
3.16796875
7.29329344
3.51334718
4.34765625
0.62890625
17.45938485
4.63997562
11.61718750
0.03900146
3.11132812
8.15852283
9.25781250
4.86056072
0.90083832
7.64876219
9.57226064
5.46647717
0.12597656
11.34244626
16.23795656
3.00358156
8.48437500
2.50976562
14.03125000
3.42219471
1.92936779
8.80468750
2.12500000
0.11638304
1.27604250
10.23079344
4.19627162
9.69240026
2.11132812
8.74576906
2.64257812
2.36914062
1.88378906
13.44848633
15.45377438
2.80045656
1.31705812
15.89583001
9.14127438
2.68555186
6.34375000
6.05077876
7.78450687
11.30468750
3.23990968
1.13476562
2.12857907
3.30794437
2.23242188
9.13704344
1.62272218
16.63842010
10.15625000
9.35156250
0.05139160
3.44140625
1.56355774
2.92454622
4.71111480
9.57812500
13.03125000
7.29329344
1.17545656
9.57812500
11.43651596
3.24707779
8.62500000
6.27520834
13.99822916
10.89160156
8.68342767
7.05729499
5.32519531
3.20898438
9.03027344
6.22265625
20.19596188
11.53841312
3.24023438
11.54394282
0.54736577
5.48990470
2.47493905
17.49145446
0.39217953
6.74576906
8.12435062
7.26594969
14.90201906
5.07909907
4.06152593
14.95312500
9.42187500
4.51562500
10.54947252
2.18099623
6.69921875
5.22314204
10.63216312
0.99772218
10.78823582
7.94613918
16.16948986
12.13704344
11.00358156
3.79231439
4.80729499
12.37336658
1.24382092
8.08886470
0.04508422
5.22444703
5.41406250
16.32128906
2.26562500
15.41048094
8.20670656
18.16944548
18.65592531
19.05859375
16.52766844
11.69661126
2.40657967
7.17016602
9.63012571
13.49755984
7.61816406
3.00000000
14.00064938
3.78662234
1.33479859
4.45735096
8.41569592
1.64746094
6.41373532
5.64811281
13.75358156
9.44123892
2.36735483
10.58789062
2.74023438
7.51716977
0.24503726
9.53515376
7.40136968
12.63117908
1.58757092
4.25000000
5.56379876
1.31706061
10.74673316
4.49545434
1.40625000
9.28384752
7.03937722
2.33693151
3.33353668
1.67890100
14.12597905
4.46842531
17.68750000
4.03515625
6.03125000
5.14868164
3.17803955
11.76985594
8.09960439
7.66569592
2.57551751
9.30483070
1.75292969
11.51041002
15.30343275
9.99218252
13.20809397
12.16970264
2.68555186
6.37858156
4.32421875
4.55468750
11.72265625
1.74023438
4.12109375
6.62141844
1.98795656
2.53710938
9.72477172
0.70817016
5.20280031
6.18750000
3.27148438
6.47656250
14.50781250
12.45768063
2.54036624
5.52083001
3.24121343
12.18750000
1.92968750
3.02897218
12.20800532
1.82129155
5.90722407
2.90136968
7.86848626
2.52213874
9.03125000
8.65625000
3.52864251
1.63249030
11.36360594
4.89030031
2.93293939
6.06543218
3.36686281
7.62109375
11.74283688
8.24153812
13.96581782
6.94433843
2.59179688
13.54882314
7.75586436
5.32421875
8.94352172
5.11181516
4.29655031
5.18033688
0.75683843
2.38476562
12.51985594
11.56250000
2.73209469
6.88183843
2.61360594
6.37467531
5.87923094
7.25748781
0.25463867
0.77539062
4.12141844
12.80354610
2.04703485
0.58561779
4.52945922
1.70539908
6.38086436
6.61718750
0.17211914
1.42049071
2.93131593
12.40625000
9.42610594
15.00358156
0.23901367
15.35054016
3.35351562
12.08593750
15.98339844
9.43359375
1.76290321
3.01562500
11.82031250
10.76009032
4.25390625
4.55436281
3.81009918
0.89546723
1.89355469
6.86820465
1.29149956
2.27734375
8.98079344
6.93326906
1.56933594
2.68750000
7.58593750
2.09635925
12.95343972
6.13640403
12.28906250
1.54117797
0.31652047
6.79687500
13.80767822
6.90168939
5.17057624
6.55847168
5.52376219
9.70670656
2.81640625
8.10156250
9.38346188
5.57259032
4.60058843
8.17968750
12.52587891
6.84586547
14.32210328
4.70914672
7.55647828
12.94173094
1.31445312
3.69889406
9.65625000
6.78515625
0.30126953
3.49414062
0.77343750
0.00869751
6.50781250
11.71875000
4.77734375
0.10998535
5.19302970
7.52995124
8.81314938
0.63183843
10.68750000
2.28320312
0.01191711
4.66796875
5.14257812
0.98974609
7.36718750
0.27514648
4.99218750
3.36946532
6.86295656
2.47070312
0.80289547
0.22355226
1.57194093
5.14127438
2.26106937
2.01757812
13.49299299
9.96924576
3.93587157
8.37076906
7.64030031
9.16804743
0.55167913
13.00561513
9.44425975
2.03555090
2.77157801
1.19531250
6.19368407
1.83414797
2.03873532
3.58919437
0.24023438
10.55891844
5.28483156
18.15904236
10.80110594
15.56527519
2.34157137
0.51757812
5.07242797
3.02132203
5.88681637
0.54921878
8.14062500
2.17578125
4.80859375
0.03765869
2.16015625
11.33430408
14.48242686
4.98405031
9.42252438
4.65950687
3.18977782
3.49381593
11.98437500
7.30859375
0.67919922
5.00000000
10.54492188
6.92578125
9.20735594
9.92243573
0.36239583
7.00878906
1.68652344
6.62890625
6.40234375
6.45312500
6.88183594
2.32421875
1.54996703
10.41829344
1.46338015
1.90332031
6.87500000
0.04364014
0.12866211
12.76985594
8.10432860
3.88997562
18.41227172
9.57633422
13.15168939
6.12760749
2.37858156
2.72688719
4.73860594
0.57552249
5.07031250
8.42187500
12.88281250
8.20703125
6.57031250
11.47566711
0.44913758
3.21500610
4.67757203
0.87369626
8.06185062
5.28971188
11.71028812
10.84179688
4.39062500
0.41202758
0.50585813
1.03450687
0.06658936
9.08203125
5.06250000
19.96516844
7.79264406
2.31835938
7.43212766
0.21850711
10.61881095
0.94173592
19.84212157
12.50781250
9.14843750
9.98437500
3.07616938
10.74088874
4.28059564
6.67838874
13.40266844
5.82780031
1.94238281
7.32812500
3.58495346
5.00879654
4.86328125
12.76627438
16.68130098
8.26466090
2.17448249
12.82454344
1.77929688
0.56461672
1.34179688
5.94742797
2.51415891
6.82356937
18.53383755
4.76303745
2.57910156
3.69140625
4.26204344
26.75716063
4.52734375
4.41162234
11.01383422
6.68750000
10.64875721
2.35091810
7.78906250
0.50537109
3.39257812
7.42219969
7.49519836
0.68172304
5.32421875
2.82599208
5.03891511
5.44248615
0.52268478
11.13704344
0.04105715
8.41308594
9.16536126
2.68620124
1.25585938
7.91210938
2.06640625
3.94726562
18.34488891
6.36181516
13.95670656
5.01562500
2.11523438
3.21484375
8.56429078
1.48518423
4.24137702
3.09310062
4.40429688
3.95898438
8.75064938
7.67122562
0.01213837
0.16572996
9.55045656
15.44531250
8.28125000
0.05224609
6.55859375
16.12141844
11.02946047
13.79687500
0.17297363
2.16782358
0.99721548
1.51855469
5.33861370
5.48951130
0.64794922
15.05889850
3.52752728
0.77978516
9.00000000
0.19494629
0.05566406
11.44173094
8.36165282
5.81998781
5.74804189
12.97427970
7.76595966
7.15641359
5.76171875
2.81445312
8.20914672
11.26047873
4.91805740
0.67286402
3.16406250
2.83164303
5.55794437
8.46093750
11.38346188
1.03645999
11.41959220
11.22884530
4.30078125
9.47656250
5.43961547
23.18147828
2.21484375
9.71289062
7.23632314
14.02148936
4.89453125
1.62890625
11.65625000
1.79199219
18.19855940
4.91830092
6.40950687
3.09179688
18.63767288
1.32163618
10.62076906
4.32877438
4.57356937
14.76757812
7.70983887
2.45117188
4.44531250
4.21875000
0.03723145
9.13378906
13.05468750
2.80273438
13.00109863
9.92610594
7.54719969
3.67122562
0.73372313
9.48925532
8.21745124
2.98046875
3.81835938
9.81331297
3.39811281
8.68814938
10.47832401
11.88476064
-0.21532705
3.86555408
0.76432873
11.36716756
5.93751994
1.49023438
7.86979001
1.98177249
15.30859375
4.27734375
1.53808594
5.71889739
2.00245511
6.93685062
2.26757812
1.76724845
13.01432624
1.82877687
6.54361813
3.88997562
13.04134032
6.51530031
16.15234375
2.10351562
2.07031250
11.89062500
0.37792969
2.73242188
7.48469969
3.68065659
12.95180930
7.30437278
1.25683594
4.80859375
0.02825928
13.40625000
9.87500000
6.42968750
6.85384032
4.00748781
3.81835938
6.31250000
7.95312500
13.95845457
1.70768312
17.40266844
2.64322003
4.27690602
0.70992035
12.62368130
2.93914339
4.32389406
10.75781250
2.09570312
1.83821532
0.34025148
14.16503906
6.65625000
6.25032469
9.38370789
0.38818422
0.33081055
9.95540282
5.08170656
10.01293883
0.87133851
2.01953125
14.87500000
1.09041196
0.35579531
12.48030640
6.44140625
11.65625000
2.25195312
7.06705563
1.39778812
7.98437500
3.02539062
5.69921875
4.86718750
8.74348626
7.10612311
10.77164672
6.04866578
0.35912837
0.75439702
5.20703125
4.57812500
6.30468750
0.06292725
0.82861328
10.43261719
8.41048094
7.78873781
0.90470505
2.32617188
15.19531250
3.18945312
0.73974609
7.45768063
8.68685062
9.01985594
5.08170656
5.33235594
4.60546875
3.40592531
0.71972656
7.22964207
0.70199855
15.28027344
5.11328125
5.48364258
16.00390625
17.45800532
7.03841312
2.60319093
7.76171875
7.41048094
7.05631095
8.83398936
14.73258422
0.50976438
6.42545656
2.28873781
1.16601562
5.12141844
13.41829344
4.59342531
5.02311281
5.00423094
3.55859375
15.66373781
5.03076597
10.33561281
8.26562500
4.40234375
0.09106445
4.37369626
11.27278812
10.33260070
2.06957946
5.92643312
6.30078125
5.17187500
15.16113032
0.27360109
16.79231937
5.51562500
1.88769531
4.42578125
7.89094969
1.18326906
10.15689938
1.32405765
8.10546875
6.08203125
5.23046875
9.34375000
4.74609375
10.87889628
14.62370622
4.34310062
9.87304688
6.18359375
2.08007812
7.46596521
4.23715979
12.38769282
1.04297124
12.80924313
3.03255374
9.42187500
4.30859375
10.59179688
10.42187500
9.48674224
0.93196656
0.07397461
7.08911133
5.75000000
20.99251219
24.06314938
19.02636968
5.14062500
1.34114500
6.44108156
0.66796875
2.80110594
13.64566268
8.19515514
5.54948249
16.89160156
8.12141844
21.82487062
4.66796875
3.05468750
4.97265625
10.71875000
18.74852394
6.62256981
17.55533688
7.96810062
10.61791992
2.81250000
7.30533688
12.62076906
0.74251219
6.24967531
0.46793703
11.38541002
6.47428967
6.01139406
14.76562500
7.63736813
6.29655031
6.03483156
3.88899657
4.07454344
13.83300532
6.86556405
9.67431516
1.52392703
5.10937500
6.93359375
0.31127930
0.12239500
6.38313719
5.45312500
11.48372562
1.49218750
9.72492908
6.75846188
3.72364029
3.27734375
16.75158691
14.61425532
9.50293218
16.92382812
14.41227172
0.85530640
10.75781250
8.59891789
1.65889461
9.39664672
8.57991578
1.57519531
3.72692871
12.36669548
1.05713264
4.98046875
12.76030570
5.45540780
2.32421875
13.88281250
3.35579344
0.94791750
14.87597407
14.30354610
4.03532358
17.42578125
11.82515379
6.11360594
5.40592531
14.55045656
3.74339294
6.09765625
0.37695312
0.79589844
8.14062500
14.53906250
4.44531250
8.79687500
7.70507314
1.29297373
3.29915282
0.49381593
7.57339207
6.89926418
3.20898438
10.08770834
1.76580728
8.11051266
