0.32686060
1.43689245
7.06685394
13.70301300
0.96289062
6.46427305
3.88427859
5.85156250
11.96093750
0.51757812
7.16730940
4.00757646
6.45402039
6.78409353
3.63387522
3.99808622
2.48433566
11.07031250
3.18945312
11.49218750
8.48920601
3.23930961
14.93614695
9.57307413
4.17187500
1.15625000
10.69062390
2.33086048
4.95019531
2.64603668
3.29886747
1.14978058
3.06547152
2.85697418
1.61275238
7.37064606
2.02539062
8.13936060
3.70048315
1.59517426
4.64603170
3.63676307
0.84033328
15.72310394
0.61226410
1.89062500
7.03478724
1.44393007
3.19901706
5.91752106
1.03951019
15.17255874
3.75277482
7.51134974
1.92073858
3.78515625
8.23856162
0.15779477
5.27535128
1.58003754
2.66992188
8.88102172
13.18660461
5.28393617
2.89328885
4.18941378
7.24910461
1.28116883
17.12756317
11.69067321
5.16336880
9.00472296
7.80423981
4.13410129
6.87326351
0.80025238
2.97265625
4.76216644
0.97416168
4.67232269
0.06304932
9.17879211
13.86527372
0.86804355
14.53816711
3.97314329
5.45503878
7.82018950
13.99068207
8.85514406
1.50195312
23.99216508
5.97441267
16.67757203
4.16060394
2.82470579
2.88818484
0.93212891
20.61025045
12.75196808
7.06242132
8.18830674
7.20691821
0.94970703
10.45747894
0.85791016
9.51127106
1.12109375
0.52290863
6.22733489
3.04414949
2.48046875
5.12845856
11.93074025
1.06189494
16.75137744
0.43957115
9.98860594
2.13928690
15.02974457
12.38838653
2.41572985
1.08229720
0.05255646
0.81125366
7.21528148
6.17188497
2.24218750
4.04732269
10.27343750
3.42919548
0.14746468
7.32481384
5.21290558
10.94531250
0.33361848
8.24347629
1.02214871
7.65234375
6.35546875
6.70413592
4.63053967
6.28934785
7.25736481
0.85396332
1.77494293
0.91556793
2.37589539
7.65311614
5.22143617
6.65669769
0.86376953
15.06595856
0.51367188
3.89497894
6.31595856
0.22237152
5.10508977
2.88709773
10.75410295
6.95833998
5.69771332
2.25691711
0.29854340
11.87845856
8.12845856
1.63024933
8.51179743
7.29289007
1.88880920
9.89318817
6.95446808
2.70230829
10.54328846
13.72517509
6.45406471
5.74218750
2.91841644
4.79642731
11.76562500
7.33894836
3.80318207
2.15039062
17.25000000
4.66105164
13.71350067
8.79759582
3.13212876
1.66353363
6.44921875
2.65730774
8.61372894
4.20312500
11.31595856
6.03995789
10.17338043
6.18404144
3.36523438
19.61816157
9.85014073
3.14408356
4.61808289
5.93705231
11.03906250
17.78080231
15.76924092
16.94274933
4.42505319
7.42757203
4.24487367
6.94877106
1.24458832
5.49609375
3.64257812
4.83113586
7.30558289
12.49873560
7.95349401
1.11612976
5.28861481
18.62694814
2.13086436
1.47115082
10.80036791
3.77775709
2.05078125
9.11478668
3.94140625
7.73828125
17.41267509
3.73621010
14.69026236
0.66263824
15.60724956
16.51733710
2.69572584
7.45703125
2.22656250
2.23286957
5.61909630
4.29602393
0.58589691
17.00000000
8.80097344
5.29602393
5.27042664
12.00044769
1.67195617
3.97745789
7.17399047
1.42464234
13.90746117
0.10040283
11.77298482
6.68420877
1.79777039
14.33799225
7.43481383
1.08606050
8.33789062
6.53125000
2.38431793
13.37117243
0.66833776
0.78820770
1.50089539
4.14107269
7.19531250
10.05468750
0.92748525
7.82572916
3.34525543
6.92187500
4.87711547
0.65625000
7.77286680
10.99349124
4.77689606
5.52298981
7.57421875
6.15279144
2.06205231
2.63956726
1.91015625
9.97131317
4.78971188
20.85282441
1.54728335
5.33039783
0.05635528
14.14562833
13.62959995
10.11694149
7.32100620
4.03204677
5.49920323
0.22875977
8.00958334
3.56463541
13.01692376
12.92794104
5.48649047
9.72912567
5.44498781
1.39941406
13.80599743
5.62919658
9.56160461
9.68135528
3.20581117
1.05468750
6.28625083
3.11857491
5.51171875
0.65633117
3.57812500
2.68794769
2.03454621
14.56791043
1.60205203
8.89485594
0.66906832
10.28381317
7.69352172
8.36897828
14.31339539
9.69083555
3.95804964
10.78844748
6.59391733
8.18750000
13.84285461
5.38761414
1.43599457
15.36132314
14.22392065
6.00805851
6.77209442
12.75667110
2.49707280
5.59813830
3.97998670
7.37722851
5.74341755
2.17818207
6.96109486
11.94445396
9.69906693
8.60782525
1.57068151
6.50313386
4.21886802
4.75166778
13.18852571
3.39487588
4.26517731
8.85066711
18.76997894
4.18526153
10.95837433
2.87483765
10.23819759
11.95516179
1.25488281
13.69494349
0.95837683
0.70267731
10.33825466
8.74641844
6.54423315
11.08149491
11.23982695
1.16879044
6.75000000
3.86523438
9.95978925
3.28459552
5.00337738
3.11718750
7.71427305
5.96207575
3.40625000
3.19620789
25.33885971
3.09668716
4.51082336
4.07857269
1.84322113
4.45658356
6.50976562
7.42097961
9.86181516
6.18973847
2.48449800
4.16451019
3.38976397
3.64201490
6.53247008
3.99532136
16.22489192
7.72519948
5.26511856
21.65758810
0.02254211
11.29073028
3.18074524
4.22220856
5.52746675
5.57466644
1.30859375
3.08007812
7.24173981
0.07411713
6.95507812
8.87064606
2.85591644
2.98437500
9.47823028
1.12776734
10.15535461
0.09855164
9.82633422
5.69681295
13.42737034
13.98384862
7.03483156
1.99910461
4.01261414
8.24475067
1.46911652
0.01841736
4.23994903
8.40311357
6.06900377
4.45398603
10.81636193
3.00049202
10.15189606
2.56981051
10.16501218
3.99356842
2.43314107
6.61133311
3.03951019
4.46773161
4.72367464
10.65012577
2.12777980
7.44620789
9.89408356
5.86283356
8.22131317
3.37235566
7.53381317
12.04943817
4.17366578
3.20141290
1.09634877
1.39848681
9.50772634
0.77770280
2.31364638
2.43404144
16.79925412
11.82133089
2.81445312
4.21740692
11.14408356
7.92232269
3.27718140
24.58378845
12.15970856
9.66743988
7.69140625
1.41743988
0.10626221
1.64941406
16.62426758
6.69551419
5.53886081
19.00740415
11.67700133
0.89628269
10.35925200
10.56152095
9.16789007
21.21850399
5.66878546
1.71484375
1.62304688
3.42671598
9.00447695
5.21138519
2.37636747
4.87318483
4.61328125
7.21740692
6.59358267
17.04956117
3.63163674
19.74881926
3.36641511
10.78792110
5.01619570
0.52689730
10.72460938
1.84818512
13.36718750
2.47851562
3.67744903
2.32405640
2.99894226
8.95914672
7.65448361
5.24040669
0.74388963
17.08325694
13.78600732
2.49158244
6.14762328
5.68933137
6.63313719
3.31066988
6.93359375
2.44531250
2.88161722
5.47164782
4.97367464
2.92142731
6.57556183
0.32743316
5.98514739
1.36979250
7.31250000
13.86104278
6.86263062
15.27990692
10.94173094
1.98885195
4.25512633
1.47977754
3.54431183
1.90950438
2.02266511
7.77298981
6.07120789
0.95800781
1.16308594
0.02091980
0.98783356
9.96797263
6.31689827
4.39794548
2.52767342
7.98482269
11.04943817
10.74975399
3.59578679
9.24552305
0.74621675
2.46187223
10.31005984
8.53470856
5.57543883
7.92456117
2.68945312
7.25390625
1.03515625
14.85298676
5.60358683
0.21415005
2.02173038
20.29528591
1.55508735
7.26172872
0.65039062
8.22220856
6.01997894
22.83391867
2.41813608
2.45747894
15.89139739
6.33414672
9.77445589
0.08526611
13.68810755
4.02547429
4.65022828
1.82271332
4.95780364
15.16239472
1.83683289
5.86673981
17.91573028
6.84643617
6.48371565
3.17989915
6.41841644
3.68371177
3.70886635
1.07812500
11.92187500
6.00776319
2.64022661
10.89037899
2.43624058
6.93814938
4.84220523
4.17968750
6.30488919
2.10030308
5.96093750
14.06595856
12.50482603
3.11146608
3.95837433
21.72220856
15.59810394
1.13598571
2.22098847
7.00557403
1.04858461
13.03914367
23.16715204
0.03381317
10.37410461
2.10017945
10.49295989
14.17830009
8.15340647
5.65926086
8.76150710
0.80339372
13.03125000
1.38228363
4.09753325
0.96887300
2.33593750
2.09784485
4.62607269
2.01607269
11.13191711
0.09397400
12.39578818
5.94177526
10.67033023
3.08487976
3.83789062
11.39871787
3.77706338
0.98152399
0.77246343
3.84631317
3.20926972
3.46004211
5.74263519
10.09810394
9.50865360
12.75457058
4.33203125
7.44396942
4.93538453
8.93660461
12.92567932
5.15747008
4.15637300
10.80122894
1.77539062
3.62304688
1.48046875
8.89754211
0.42936219
1.89667609
3.30058953
5.48002106
13.03816711
10.09980857
0.49592642
11.75212045
3.41166168
11.97310394
14.92097961
1.93029754
15.00077239
3.84089650
4.34025709
7.59285461
14.94698028
9.50704011
11.37605275
23.40027705
18.47445846
0.76660156
1.14400238
6.28905253
10.13920822
2.55968385
1.34525543
7.23091644
2.00195312
0.06147247
4.23091644
2.22265625
14.77384087
3.36722186
12.63823415
3.00390625
1.89355469
0.10660797
3.30859375
1.69868988
0.03104126
16.01652039
2.30273438
1.99067054
10.20728474
11.89176640
3.08548981
5.81213348
6.66495789
4.99194149
18.66911015
6.68750000
20.90002441
2.24369293
6.38122341
8.38224492
2.66210938
10.88537567
20.73477837
0.04508422
15.32800200
6.67378878
6.84134918
11.13972961
3.68493683
10.97529810
4.94657690
7.11673981
2.76021332
5.47032913
1.99842087
3.70312500
15.07812500
14.46439606
10.62500000
6.32857269
4.19531250
4.53515625
2.74218750
0.39550781
11.17187500
0.21520996
5.21093750
6.69347740
0.81628823
3.94999114
6.42427084
6.09359264
12.77803559
5.27734375
19.28168773
8.23882009
14.10119349
5.73083776
9.01127106
4.16841644
0.20312438
0.49727449
5.23046875
14.28381317
3.52282746
2.44352172
0.15767457
6.55033356
7.42578125
10.15510860
4.13004765
4.91361481
14.01818817
4.05603058
1.29972351
20.30093861
1.62303192
11.81987976
14.93404144
2.76367188
6.13627106
9.14741911
4.04834109
1.56640625
4.73437500
14.51472961
4.33459442
5.45188840
9.07006649
9.57926640
13.04162567
4.90759308
0.81184283
5.86625775
4.43036874
6.87724844
4.26639739
3.02852449
2.42549590
1.71077515
8.68750000
3.05122894
1.75292969
10.07979278
11.01395722
9.30833777
5.29322473
10.30468750
2.01171875
9.94644393
13.18644725
3.64595800
6.84195922
9.61116578
6.23322363
1.25896387
3.85396332
8.56099426
5.13045102
6.29968417
14.96004211
12.91841644
0.77339691
7.86888963
1.93624556
2.76757812
10.31595856
1.37837738
3.13646513
2.86284797
24.06850356
2.62532967
11.53548094
4.37121675
3.22656250
8.93750000
0.10135895
9.79252106
11.17187500
4.39453125
4.02388519
8.35201019
3.97265625
6.09765625
13.95389739
0.92598543
14.61104278
9.71853835
2.03671099
16.96158688
9.79276706
0.62646484
4.73046875
5.45385306
2.95089151
10.55200133
2.20341035
11.12935394
0.01965332
10.03523493
4.80460882
1.34525543
13.76216644
5.48493132
6.39623837
2.09232823
7.48258422
8.54687500
10.12679078
5.36673981
2.55708832
13.30021055
1.95523798
4.45496010
1.23632812
6.84858600
5.21737256
8.67622894
6.22656250
10.90823748
12.86530807
3.45500443
6.91361481
8.05700466
1.14559148
7.12735151
5.39909685
8.03906250
8.88956726
5.45434508
0.72534242
5.92187500
9.97220856
3.16646332
4.48347961
9.12763188
16.75468860
12.74703346
3.78951019
17.08593750
7.35892731
11.80468750
5.20747894
2.30965149
0.00775665
20.47310394
33.79329344
9.54234749
20.05604055
5.15035128
2.76216644
9.94095856
14.47397614
4.60546875
10.05200133
3.33097351
1.56571504
3.19531250
0.05728149
0.86914062
7.97590315
1.50651872
5.71679688
11.17968750
4.75736481
7.69185394
2.17773438
7.48303192
0.69958527
0.00817871
14.98872396
0.01127106
5.14107269
1.66699219
8.11283356
13.65572113
8.51562500
0.43387848
13.23347961
1.53942902
1.99121094
1.29703485
5.12882757
6.64798981
1.99190215
4.24833222
0.50394684
9.78649933
3.52193207
11.19787567
6.55948914
3.67427582
10.35412567
6.34073914
0.46211762
3.34179688
1.17533356
4.94872673
0.98584358
8.06490082
10.38972961
11.87980164
10.24385528
5.06339539
8.48527039
0.34989410
1.09952820
2.51639739
0.38716707
12.48502438
3.70043883
1.33536680
19.87894559
3.14665170
14.39575133
5.24532136
10.12845856
0.59517426
0.07568359
14.48326796
0.52845079
3.72151236
0.11191803
2.10351562
13.94352172
14.01517731
18.47924867
1.49023438
6.64408356
0.13203949
8.28616810
10.57343640
1.68315104
10.46549088
10.40535461
6.31685394
1.89062500
21.43404144
4.42317376
9.54903479
4.05561226
9.72999168
7.60803192
15.25756649
18.54801640
5.45943145
2.58471742
5.91137633
0.25903383
1.30468750
12.35477505
0.33227726
7.82750748
20.15711103
9.67456117
5.89107269
2.86673981
6.16060394
1.94238281
1.67639129
3.51607269
6.16105164
10.85066711
2.50435394
9.40677638
5.11275487
17.10201019
4.98828125
2.34375000
1.64379803
4.81678523
4.31685394
1.81086845
11.77826353
12.03757202
1.14465425
7.69877106
6.15323914
2.18314606
2.22025543
13.46964539
7.25866357
4.13699912
6.09261857
1.02343750
11.39257812
8.14062500
7.07812500
0.10296631
5.77384087
4.58088985
1.70732158
2.44576019
16.94664334
7.71268894
13.40189606
6.09810394
14.60502106
10.36653952
6.83175088
5.10749557
8.99842087
7.41707336
8.61808289
3.40616634
6.58406804
5.75826019
3.21439606
4.78006428
7.00944592
6.42601729
3.07744126
11.68045989
8.75704011
7.78853363
15.20222961
1.87198914
8.42631012
2.17187500
14.63972961
0.47058137
6.59492576
0.00000000
7.19925934
16.40445922
1.33915254
6.73046875
0.01011658
5.91796875
0.24676327
1.61698581
18.92682403
1.29705230
9.63114472
20.32197529
8.80453014
2.93644226
9.86718750
2.34224457
3.57031250
6.48828125
8.12255859
3.59330231
9.39408356
2.04732269
3.39453125
5.20312500
0.20760102
14.14306516
8.87080342
6.32943373
0.64302582
12.02420989
3.76809952
4.69117021
4.57767731
8.60245789
2.04927582
0.74511719
9.33158356
13.19877106
7.99564606
2.04431183
13.99104610
3.09879765
9.27217310
10.95995346
4.44365469
11.30725067
9.05277372
3.99426114
0.28177638
3.09908300
19.93830674
11.40711103
1.53747341
0.49650335
8.32169493
6.44230164
10.32735261
9.58414672
18.59554078
6.26802582
7.06160461
8.40189606
15.78267177
9.87101507
3.33984375
11.55712766
4.71134087
4.40686502
2.24068207
18.93504489
4.79603390
1.82633422
3.36356660
17.14843750
15.61396872
3.33370401
13.09875333
10.40445922
13.84334507
2.30574524
3.72582946
13.42110261
1.96529144
17.69815603
6.30005319
8.06774933
6.81827571
7.90575798
1.74471631
8.77689606
2.27974457
10.24104610
1.03186253
0.75150543
15.84813830
14.11433899
0.02254211
5.05904144
15.62410461
4.93884308
8.71439606
2.47896332
0.44970703
7.13474556
5.23763187
9.22937167
9.69006317
5.39940160
15.02861812
5.65669769
8.03759641
6.25101839
3.48872894
16.62064606
5.02811614
12.95222961
6.64900820
5.69038786
0.60510347
6.84073914
11.56327239
3.36792054
17.68827239
21.25435394
3.14961824
3.48828125
13.70735594
15.81901125
9.12064606
1.57954926
7.68570922
4.32140958
10.87450798
3.91345744
7.86853058
6.00345856
3.55904144
0.83638519
12.80545989
4.95837433
15.13069703
8.70914672
0.18440797
6.86331561
3.85990138
8.10591644
3.54785405
3.25781250
14.20914672
8.04854278
5.36340425
13.44441711
2.26652039
13.40294881
2.11267619
7.90625000
7.51953125
0.76371246
6.20066490
1.82322029
2.84375000
2.98437500
4.44140625
1.28108516
4.67692265
4.74519836
1.72159851
5.96101120
5.58366467
4.32011081
11.71439606
4.56961880
4.80192265
9.64062500
6.87455231
9.81685394
2.87154144
1.09863281
14.29162567
13.05431849
10.41186835
0.04943848
0.03984022
1.27648017
7.24585771
17.63932624
8.90825737
4.74609375
5.83203125
5.05078125
0.48258209
1.98094383
0.02254211
13.68448914
9.32454344
1.65104250
7.26908356
19.40936793
13.60795323
3.11034409
3.66203568
3.96732574
8.29341644
3.24414062
19.46004211
0.08652771
6.84525045
8.78583999
4.05986812
3.64693207
10.92097961
8.21964539
9.34260860
4.52848515
6.17578125
1.83129821
9.36893271
12.32099624
21.42359707
8.47566711
6.14107269
14.98726410
2.38191711
9.24987700
10.07735261
4.36897828
10.64032324
6.73418328
2.38867188
2.86372894
5.40165005
2.17602726
3.44771332
2.44726562
8.93314606
9.13281250
7.89986176
15.10366800
1.85486868
9.05944108
0.41702904
7.01432624
12.29508422
5.57434175
0.11102295
0.40551758
5.98046875
1.78613281
2.47460938
17.49564606
14.48002106
4.89542664
2.74759918
6.91361481
8.44620789
11.71723959
5.87606272
0.76558441
5.33124890
6.27421985
0.91800934
8.65279144
3.98197418
13.92968750
3.17773438
18.56506317
11.04777039
8.44506649
8.66520390
0.12365723
12.99218750
1.97265625
6.98046875
0.69828277
5.58593750
9.58223294
3.79276706
2.05859375
5.68404144
1.02103668
5.90625000
24.24432998
11.82287567
6.79520722
22.50244016
3.13060215
0.11271055
11.32478945
1.59525543
9.32466644
1.29838043
13.44966644
1.76855469
1.09330231
8.72656250
5.46919769
16.62756317
8.90120235
6.18127659
5.30513519
23.23738088
2.87048869
6.41828347
4.07345633
1.94380707
3.44824219
12.37231383
4.59598847
9.03727172
14.84631317
5.65660905
3.62431626
2.79882812
10.84316933
10.17268174
2.53403479
10.02779144
3.17818207
6.57006649
5.40214206
11.01562500
4.60485373
-0.02355490
9.63716644
11.84375000
4.13582336
4.00947529
5.24849955
4.32514850
23.81765820
5.26530031
1.30924251
0.74388963
11.87931959
5.22054078
7.36751219
3.90787843
3.36193817
4.68493683
6.19250333
10.19812167
2.24921765
5.01551196
9.73527039
0.51611328
7.98437500
7.93554688
7.01127106
0.32417816
11.66418052
10.60974526
6.02343750
9.60123688
5.39107269
1.21484375
3.80619293
1.35262024
14.59631317
8.39587433
3.76261414
6.89664672
2.99442597
2.28710938
4.85111481
4.05423981
0.82267273
9.33504211
5.52388519
0.77339691
4.45555519
4.05917442
10.37500000
9.04341644
1.73384613
4.30033356
10.13972961
0.59899933
5.10029560
0.02254211
12.72566711
9.16149933
4.83638519
11.45914672
0.73268678
8.01562500
14.42879211
3.98498504
11.25401929
3.19699024
10.22029477
1.27917636
3.04687500
2.24759918
0.01715088
12.03906250
9.94531250
2.32710785
10.11718750
1.58353668
9.78950521
9.57535018
0.96371730
7.97265625
4.64129877
2.22588873
12.07767731
1.83398438
5.67622894
9.53381317
2.97521942
6.27612367
2.00320507
4.97734485
9.66841644
10.56314938
2.49003269
12.55277372
13.31883644
1.12598902
17.04950688
5.84547207
9.40177305
3.07755181
15.43305741
3.66557291
5.27592198
4.60937500
7.06294769
9.12910794
7.67948581
2.82767731
5.77734375
10.37935394
2.18631988
6.03951019
12.27343750
6.24369293
8.35937500
5.29296875
10.10733821
10.11141179
5.35634794
6.37619569
3.77892786
7.38903591
13.00765514
9.92879211
9.22887966
2.51029698
0.52539062
1.80427167
2.28565325
10.21529144
9.14843750
0.03664154
3.47070312
10.26729278
4.06685394
8.44179119
0.02885437
9.17443817
7.04283578
7.79053856
0.91699219
3.89171709
-0.04357256
2.08414142
0.02254211
12.08247894
2.70747894
10.99385528
2.31290337
2.43738198
7.00000000
2.71927139
5.00879654
9.26562500
16.15075466
3.22322695
14.91943484
3.53832946
3.69409242
12.51472961
12.21825798
0.82149324
3.63301917
0.52587891
7.01517731
3.41646332
5.12410461
5.55078125
4.21964539
4.65234375
4.76562500
4.26953125
18.44461880
0.67061558
9.11282608
9.16504654
12.89306516
19.32222628
5.03080231
10.15669769
4.74564606
6.87935394
0.20434508
2.49247285
1.41601562
12.47989805
2.46984209
10.26387854
0.11271055
10.21797761
17.49308289
15.54199219
12.03625333
5.28796542
5.28169769
6.34375000
2.04882812
3.23152649
5.12174313
0.71806003
1.12642426
4.11957835
6.40581227
8.86718750
6.49674313
16.12780917
0.20784516
2.12121695
1.76401650
21.26619072
6.32951241
18.04152067
3.53855502
1.82865387
10.28816711
19.93269836
10.86873227
12.27754544
4.73006538
3.85245789
4.60546875
13.26500998
3.29358377
2.35156250
0.24621582
0.06055526
3.50809785
3.96484375
7.53905253
2.12696309
16.15368185
0.02254211
15.03462738
4.35546875
17.14888519
6.61673981
6.08203125
0.45796723
0.24902344
8.07287567
10.02868683
12.69877106
7.02343750
8.01191047
0.55103723
11.68570922
5.19710328
9.47771085
12.29516290
7.22387633
8.36295656
6.50529366
5.32466644
11.12914977
15.13895722
2.24458832
9.57287567
2.86249640
2.36638574
0.87548828
8.40429688
3.39257812
5.76171875
3.10306793
4.87935394
12.36795989
4.99141511
10.06250000
9.39571625
6.86104340
0.22827148
3.99804688
15.17923981
5.32564052
0.52973959
11.59871897
9.83939606
5.62219083
3.43143894
3.95361204
10.78437390
2.09555075
10.50667110
8.87604278
1.90439549
1.74654144
9.73347961
1.52628601
3.46679688
0.06626373
11.42805907
9.75358156
2.31331173
5.96972407
0.25553842
16.48384613
8.01127106
9.43955619
3.09755318
10.52180408
13.03088971
7.74238919
6.71073581
0.23352051
3.53969817
7.99399323
16.55898715
4.11667109
0.94348238
3.06054688
7.64664672
6.07556183
4.71138519
10.68916778
7.09699939
0.02254211
16.02677305
6.14990359
2.06250000
13.75256317
6.92712433
0.23453703
0.47579011
5.31205231
1.29829926
25.04597961
15.54679383
10.68314606
0.31420898
9.60937500
5.36840758
3.68237367
0.05850220
11.86718750
8.61636082
1.09697750
6.04296875
13.78669105
10.38762411
14.05574025
4.54557624
2.87386358
4.10982269
5.56640625
9.75166778
18.24743683
0.70495637
2.91015625
15.89387190
1.83854997
10.10224624
7.42705064
16.90625000
10.89578569
7.60270390
11.39554964
1.60048981
12.87928523
5.97334995
6.17533356
4.70703125
0.03078217
15.70267731
6.46919769
12.31636193
4.96911901
2.40983156
4.02494293
9.72310394
10.27831782
3.95125554
0.66398133
13.59871399
6.21126219
1.82141207
3.09179688
14.42728170
0.79484569
7.61445701
24.72631649
20.34884197
3.59269226
7.29341644
3.11328125
8.63102172
6.63011636
5.25314383
12.60412567
6.63940492
5.48482269
1.45410156
1.52050781
1.46910437
8.95293328
1.41548676
4.11913315
0.23669216
13.15538897
9.67261303
14.03328679
2.85123781
15.46674757
2.84965868
7.76928524
3.48807956
3.09090149
14.03565550
1.39583499
2.57031250
12.84008478
7.36499335
3.18900543
9.00435394
0.01290894
14.02322585
0.93966478
3.83007812
17.15066601
9.49829787
4.86621343
15.51908356
0.73917664
1.27884918
12.85863697
2.33036846
14.25000000
13.64754211
5.29777039
7.24859265
4.29002215
6.95011414
2.21724457
0.01670837
0.47904449
7.15185173
0.34940271
6.24890292
7.38952792
10.97387633
4.23706117
0.60103363
3.39603668
0.78556087
10.65393284
11.99905032
19.68153257
13.69095856
5.97431406
17.14979055
3.65128601
8.54341644
0.81298828
5.65860650
4.83800865
2.83842697
10.22566711
4.27087433
3.68208832
0.01290894
16.91137633
0.38574281
9.75781250
7.56205231
6.36372894
2.85989639
3.20846298
7.22574579
0.16683233
5.81986481
3.56978363
2.45312500
13.94441711
6.41451019
2.07271332
12.42715869
1.35111481
5.12967864
6.45280031
13.25256317
5.50134308
6.13281250
2.58593750
7.04553192
1.46341949
4.32946808
2.02148438
1.47896332
2.70072418
9.85298676
3.30037290
10.12345523
17.05814606
4.60164118
12.91052526
3.66796875
6.01908356
11.67879211
5.02478058
5.92826324
9.94966644
13.88692044
14.08280613
14.79597961
3.28800476
11.28983489
13.58711824
6.72342864
3.01647357
5.09237256
3.12182679
6.02298981
14.64107269
9.15344083
7.22632712
5.48437500
6.99486869
0.10143950
6.41809175
8.63435727
2.34220523
9.83939606
0.08424896
0.87797027
9.86527496
0.16638059
4.56095523
0.03585815
7.51908356
5.53730608
8.81861037
0.07238770
5.19140625
8.35847961
0.95499695
1.56250000
4.07230497
0.43355441
5.04252106
10.13809619
2.64608350
10.90165005
4.63338320
5.15813391
2.73046875
2.56640625
8.28816711
5.22610484
2.84074911
4.57857269
5.03125000
7.00955397
21.04008588
5.08573581
11.49308289
6.35591644
8.43878174
3.90189606
4.42187500
2.42622894
19.78967254
2.23181183
2.76383048
0.42830009
12.43453346
1.19531250
5.20312500
9.33068817
14.60758422
11.28637633
17.57633422
5.14432956
1.46626801
7.71101618
12.50296944
8.72751218
2.35502106
3.69380707
11.80767910
5.41931183
2.80855441
4.53818402
5.20888629
4.87064606
4.19928248
6.32610815
7.10201019
5.12064606
21.22973321
2.71069647
18.45621454
3.44612921
7.57031250
8.32787899
4.22977878
1.94997805
1.12790281
9.79162567
8.58772828
4.31685394
12.34285461
13.48400599
1.79561558
5.27746675
1.65669769
9.59285461
2.19230164
17.05537124
11.01386963
0.32686060
13.50126440
3.54252106
0.08601898
0.02421570
5.70703125
17.74641844
2.51680574
14.47952904
1.15816628
2.54927582
4.05859375
13.87141844
1.98363697
20.62830119
19.32869570
4.18013519
4.06640625
12.62500000
16.44726562
5.54642731
5.32076019
0.08044434
17.74641844
15.12744016
1.90587600
2.18722462
13.86283356
17.42515937
7.64914117
9.46390404
19.68886062
6.75704011
0.03128052
6.87109375
9.12698592
3.42074357
6.03125000
5.34375000
13.60066711
3.36999169
4.90629432
7.32767731
4.04732269
4.18545910
5.03931848
13.93338459
6.54862146
10.46195589
4.56754765
6.24609375
3.11132812
21.78458555
4.76184175
3.29609514
13.28646498
3.68839539
10.58581450
5.91809175
4.95210661
7.39510195
2.91841644
8.78470856
4.67720302
13.44824468
16.99129211
10.74564606
5.09810394
7.13582336
0.27522828
3.23242188
3.52534630
14.52514462
6.53465313
15.62336658
8.48600842
5.53515625
7.13614805
4.52010195
4.95703125
0.58203125
1.33100600
4.19763962
3.17232269
10.33247894
4.04642731
2.55924313
5.94511081
14.98681516
0.48486453
7.83203125
4.93314606
4.38671875
5.06762633
3.63118157
0.02254211
5.99173981
4.75557403
3.30045656
8.25345856
1.18668578
2.66194703
9.88281250
1.31099457
5.81070922
0.16308625
6.47656250
4.65469028
4.68275265
3.30558289
11.05725067
9.27433289
10.05098294
2.84790226
9.56595856
5.69653258
0.16206941
1.32519531
11.13102172
3.40954621
10.63972961
0.04919465
1.33593750
9.94201131
5.44771830
2.63716644
6.39798981
4.29955619
0.20280405
1.10253906
8.45043883
11.04760804
5.63236481
4.69140625
11.34106383
5.21362367
8.81685394
6.60854832
3.99256648
8.52534132
0.99073138
5.55203818
0.18033688
6.55652011
0.93965481
14.87524601
6.26171875
9.51806516
0.11259066
4.69576019
5.21093750
0.20483336
6.77868683
0.10880555
1.66060394
4.90742576
0.04472268
6.23392731
1.81077793
0.85177914
4.22003879
2.17253933
3.15811572
8.70911236
10.95658356
5.98046875
4.42744903
10.63204011
0.27006012
26.62158203
6.43521720
7.99882424
8.75000000
10.73246122
10.48193484
0.15010590
3.27148438
13.57775599
2.26794714
8.09659353
6.21200022
9.47721188
0.17708499
4.57136525
13.99805186
2.69185394
8.77693041
2.20398603
4.92399047
0.15266969
6.20157275
0.13525266
16.94188830
10.94611706
5.66973514
0.00817871
3.34765625
10.12543350
6.39017731
0.07120789
7.16364574
1.42374197
3.08504709
0.12176514
2.62646484
16.17008422
8.37679078
8.02420989
8.47579011
13.30078125
9.93736111
0.67604221
5.35937500
6.85847961
7.15600399
3.70425892
2.90288009
10.66060394
1.87508117
0.40128539
8.49105569
11.00273651
4.01464844
4.42053192
8.38806183
6.24985992
1.17081726
12.36258755
0.62129917
4.93705231
9.76374557
2.11711380
2.56685394
5.71875000
0.03022766
11.59720856
0.31197113
2.32397274
4.17671100
0.44848633
6.60892731
6.54341644
9.96785461
12.88321587
3.11169714
3.27612367
6.13370789
8.46093750
2.15234375
9.60591644
2.82499114
1.68086824
0.94482422
15.06070922
4.26020584
3.54138962
7.56416778
3.97489472
6.22656250
0.28784180
12.89750808
11.07317597
4.99129211
0.55607117
6.89306516
7.56396609
0.07804352
5.70703125
10.80308844
4.94345301
0.34008789
11.91095302
2.60332889
3.63024933
10.31835938
6.06351715
1.12304688
4.25435394
3.20482962
14.91455452
7.20710993
7.65495124
7.04988586
5.91752106
0.10864289
0.25769012
0.05761750
11.95498678
0.13525266
6.53348847
1.90157136
6.32812500
0.22019439
15.53906250
7.12845856
4.89542664
11.20658356
4.77388519
1.19140625
0.17004363
0.28430207
5.68660461
7.88289118
4.65661901
6.51562500
0.04036469
10.86629211
1.26607269
3.66600971
19.03890514
8.53304078
0.53556336
4.56372008
1.78959137
9.14766511
14.20389739
6.48579677
5.96220190
7.42622894
0.77494293
0.01090240
0.80660004
5.66726009
4.08424534
3.18990082
6.38613808
1.97323692
0.17016602
1.45996094
0.00555038
2.61283356
0.15979886
0.23038882
1.50157508
5.43384973
2.09960938
4.57812500
2.76468092
0.07889739
11.41524324
12.51973294
2.50130374
3.11568207
2.26517731
1.04927582
8.48783356
0.18074555
0.37231445
5.15787345
6.27962655
4.86328125
9.10156250
0.00852203
13.55159142
16.13883422
3.05216866
10.82377106
9.54341644
0.77339691
3.63989196
2.51245179
7.25781250
4.88411126
1.19499030
0.08728027
1.95910645
2.00345856
15.64664672
6.67411347
11.75781250
3.58789062
10.09708555
2.00057070
5.54195036
12.34387300
11.22656250
8.54732269
7.46529144
1.58113586
6.87980164
9.82454344
7.18672761
10.75435394
3.55814606
6.82421875
4.23091644
10.00345856
2.67578125
9.21211326
0.02254211
3.11027039
7.46785461
9.25691711
3.33337433
5.10982269
3.87844859
4.25000997
0.80664062
5.09720856
1.81294769
8.94331879
7.89139739
2.55391511
14.86283356
9.59828569
9.32033244
11.01497562
11.42882647
1.38172041
5.93111176
2.29838043
11.76997894
1.86523438
3.29492188
6.55859375
1.44388824
8.66751109
2.17623891
4.71209830
1.34499002
7.69982879
1.85697418
7.10221188
3.21749058
14.71773161
3.35302859
4.70410156
7.18359375
3.12215149
2.18448914
14.62650543
4.52779144
5.77689606
12.14062500
8.71032248
2.11825022
5.80423981
9.71093750
2.58007812
1.36177582
9.31827571
5.63464262
0.15779477
11.19546986
8.01392287
3.50781250
7.09586547
3.80257203
0.27176910
17.02689606
4.90714539
4.36149047
3.02327515
10.30814606
0.71870941
5.90189606
6.03072113
8.07377106
5.49819427
6.32842530
14.66406250
7.44396942
13.09582551
2.36328125
0.01721191
12.56904311
4.96326462
9.20225400
2.61895389
7.89664672
11.16585328
2.58593750
0.04586792
8.13281250
0.71923828
1.53637384
0.58960272
3.78125000
9.54508422
6.69396942
0.26119051
0.55078125
6.12500000
5.67187500
0.00399780
13.79764739
13.08426972
5.18598959
3.13281748
3.43208832
12.95633941
1.58540863
7.33146055
0.13387148
0.00747299
15.11400931
10.36543108
3.71224623
2.05904144
7.60803192
0.16617828
0.19201691
5.83203125
5.69486481
0.04540009
5.89213043
8.43404144
4.69994307
6.65955119
4.15836275
2.26562500
9.09183622
1.37691378
2.69726562
7.19531250
7.77652704
0.17513312
9.15387855
1.54053856
3.55536625
2.70138851
6.64453125
8.61869293
3.60937500
3.99523770
4.59700687
5.21048981
3.98929466
13.96288564
3.15479388
2.79581726
17.61091977
4.98238253
10.15279144
6.51517731
1.04439301
0.00907135
5.97659686
4.01168439
1.34179688
5.01333223
5.18499113
6.13761414
10.41752106
4.07031250
1.30228668
-0.00273620
6.04877882
0.98442431
3.65013963
0.02254211
4.62141844
0.52498476
0.07026153
9.48091644
1.78177887
10.72131317
4.91975953
6.12455231
5.21236176
14.81762633
9.31864472
3.32701796
0.88347185
12.59810394
7.57421875
0.16243500
3.69140625
10.55033356
0.40653410
3.60620179
13.66491357
5.32414007
6.44543550
4.26517731
1.21980774
4.27868683
0.54268340
6.63309785
2.39709442
9.50524933
8.58593750
1.15588348
8.45121122
7.12902925
7.88262523
6.73920156
6.88281250
7.55122894
3.25581505
4.02303413
8.82031250
7.38236481
1.85441101
0.92696074
2.54748504
0.04537019
5.63867188
7.14453125
0.76851410
6.55664062
8.53816711
2.34659851
13.78100399
4.36743351
1.49593680
0.13525266
1.67529421
3.56798538
4.13513962
10.84977172
11.66316711
13.24051972
9.97131317
0.30501344
2.26562500
8.46081450
3.41418550
6.99173981
8.24206450
2.31501822
4.19515514
20.86027039
5.99173981
4.87544769
0.02822876
6.13671875
5.50683594
3.62109375
6.71862700
6.00793550
3.24609375
38.84035393
7.30279365
5.18200216
2.58940104
7.30847075
3.85514406
0.16304535
4.65189606
4.93001219
12.23449800
2.76908356
2.00435394
5.29329344
6.70670656
10.35912899
0.22827335
13.15266844
11.69600122
2.77197639
2.87711547
7.06270169
3.94254765
8.58247894
4.98872894
3.92773438
8.89664672
1.90218140
3.57031250
8.33158356
5.41356799
12.61457503
8.11267619
9.33720190
10.98028148
11.74628102
5.60713653
2.44364472
0.52685485
18.18693086
5.15669769
5.09330231
8.53951019
5.66528258
2.62137910
7.44576019
6.78470856
5.74654144
5.04703236
4.49593639
5.32421875
6.13236481
0.12731934
19.17789672
8.59838431
10.51920656
20.10306793
2.42566323
5.38281250
6.91060394
3.65775543
1.89587402
8.67879211
2.19291168
0.64925172
8.63281250
1.50638824
16.83098451
5.16725066
5.01562500
9.40331782
3.69975011
9.53515625
12.98298759
9.40763741
5.37154144
1.89379821
8.37768617
0.06842041
2.88476562
0.58109527
14.14497894
0.99755859
7.81640625
7.93321685
0.29703797
6.52184841
10.04545323
13.94095856
4.44620789
12.66724640
15.23242188
18.55252771
