0.04508422
19.11507203
14.09195922
8.68909480
9.80289672
1.97640015
7.77766844
3.14823488
4.19685727
1.61759585
1.47753906
10.34439938
6.20638187
7.40625000
9.33094276
0.29967247
6.64453125
0.00503922
24.62713623
2.67219969
6.85815492
11.94246274
0.97314578
18.96695922
16.49885362
10.29004654
0.70784547
2.01953125
8.11718750
12.09016844
3.50748781
8.85937500
5.01171875
8.98502438
0.36865359
0.71728391
0.51644046
9.34016844
10.14420656
5.02343750
4.28125000
2.24804688
12.40625000
1.36425781
15.25032469
2.68131593
1.71777344
0.90576172
2.94205563
1.80599124
1.85449219
1.70653549
3.47364029
15.31673094
54.96419188
22.28060062
2.11523438
0.92187500
7.83203125
0.04879761
3.18945312
16.12141844
7.81801973
8.24675310
4.69873670
2.34749390
8.61718750
8.37923094
2.33365968
2.81250000
5.19531250
5.88541002
3.60287123
12.14843750
2.51297817
0.22579136
19.11499023
12.14826020
0.75213042
11.41726875
10.36783688
11.49726546
13.80681294
9.21725503
1.20866905
8.65266844
4.93538453
1.64143922
8.78702571
0.93416570
2.17578125
6.47656250
5.26953125
7.69140625
2.20540282
8.21711658
2.23958998
4.09651360
35.65990962
3.27734873
2.72819093
7.96126219
1.05159547
0.32991578
1.67773438
11.28544067
4.69938683
1.21763230
3.61979748
12.65234375
8.06250000
17.69107658
11.04817376
6.27051529
8.36360594
3.16634032
6.50325687
4.59765625
6.17610594
10.12916807
8.10937500
5.28125000
2.21289062
6.93750000
8.71875000
18.20133422
0.44588258
1.02180309
4.79029255
2.26171875
8.18098626
1.15983405
11.91406250
13.81485151
0.81991411
12.51204344
4.20312500
9.15034441
5.78906250
1.35253906
0.11993408
6.82421875
6.71939938
1.39095218
1.04296875
11.46695922
21.18343140
6.21093750
4.55078125
3.12695312
17.35774158
4.89828014
7.32665891
2.56656486
9.06413342
3.16707336
0.44425476
8.32031250
0.37304688
4.30891844
1.40917969
1.43131593
2.57031250
1.11621094
1.82031250
13.79475828
12.79459718
4.74674313
3.60693484
1.33609985
3.63248781
4.65234375
8.66048094
1.82324219
-0.01234862
5.94173094
1.29166750
18.52766844
7.00846437
13.91177970
21.78498892
1.10205950
31.29443359
2.78710938
11.25210550
5.37680075
0.77255804
0.64003961
1.75000000
11.86228724
18.34083776
0.15368652
5.71875000
16.72900266
2.65576296
3.49023438
5.23162842
0.00776672
1.70605469
10.00423094
10.21289062
4.69108156
8.98860594
1.72550539
6.13659668
0.65820312
6.54687500
16.00519504
12.90170434
5.11653812
10.72656250
2.22265625
1.64746094
5.08788564
6.24414561
9.89843750
21.04329344
0.58837891
1.71647218
1.99902344
1.32747313
11.36295656
5.36328125
19.51846292
2.02360483
5.73600842
4.75781250
7.23437500
9.27343750
1.80468750
1.60774657
4.73014406
5.93879876
0.55493476
7.04386414
21.11816157
20.00000000
2.88769780
2.33007812
6.78548094
3.71061281
2.08984375
11.60156250
6.24283688
2.19791251
3.43522717
2.28906250
5.10156250
2.55859375
0.99267578
12.64843750
1.25878657
4.03808843
1.16113281
12.35156250
1.40152704
5.44222296
7.65200909
1.94792497
0.81949953
6.99430297
3.52555297
5.51920656
0.67626953
2.96093750
0.87890625
0.02442932
5.27734375
3.18359375
6.30598626
5.44791999
4.13191711
0.46394836
3.84944703
0.36669922
2.38281250
3.49023438
2.34375000
9.93960550
8.73002106
0.44756094
0.63936278
8.99218750
1.18229250
5.36328125
6.96484375
3.33414672
0.97737672
5.88281250
7.18994016
4.77099734
4.90478391
0.11743289
3.55664062
2.07259032
14.01293883
2.79533023
0.65429688
9.89485594
0.07072023
3.61328125
10.91829344
0.76578859
1.16601562
8.12923094
11.08463625
4.51562500
6.08593750
3.31054688
0.27490234
1.70205293
0.50357435
0.15631119
8.40625000
3.09993407
0.77180657
2.83236092
10.10847961
0.57665829
0.36295781
11.85168457
7.09863281
7.70068359
5.59588110
6.27376219
2.95670656
7.80468750
0.06414795
17.55533688
6.75877660
2.15463652
13.46321532
15.92610594
2.49349124
6.38606688
2.13671875
6.38576845
5.70312500
12.84798094
3.99186281
2.51562500
8.88281250
4.49804688
9.69905142
2.43376108
0.26119232
7.35937500
8.03906250
10.16406250
0.78564453
4.04296875
1.97656250
7.91861813
13.13052970
11.38444592
1.74022939
5.10954233
1.36311890
7.27148438
3.51367188
1.97363281
4.27539062
6.59375000
11.85351562
13.71321532
4.33024172
5.25781250
5.41177970
2.24837655
5.14062500
0.89306641
11.70312500
3.22298094
0.44303468
8.08593750
2.33007812
7.27734375
0.54459594
0.18294312
0.15649414
6.66113281
3.53125000
6.55501219
16.67838625
5.54296875
8.75732422
17.71875000
7.53906250
13.65754876
5.42057624
3.24804688
8.35156250
0.42431641
0.69416985
6.66699468
4.64453125
4.33170656
8.00000000
3.10791016
6.13671875
5.99218750
21.45019531
9.68750000
4.67187500
10.37141844
1.23013908
5.99511968
2.94677361
5.64750775
0.45479340
1.65332031
4.69563719
12.31640625
18.88346188
9.46451906
5.21256095
2.61491467
10.55468750
4.37500000
3.34033203
3.50585938
5.63281250
4.65625000
4.07031250
1.28515625
4.31551086
17.45434508
6.19986813
0.75683843
8.03125000
0.02456665
7.12695312
8.71439606
0.23921723
14.38281250
1.84863281
6.11328125
17.70930907
17.48079344
3.32161624
7.37711547
3.94124390
7.06314938
9.88216312
10.75976064
3.01758311
1.49511719
15.50911126
10.38151374
4.18093695
15.18820367
14.06738032
1.99121343
13.52441406
11.42796543
0.43238613
7.37890625
1.99121094
3.49609375
10.37500000
2.30273438
1.24511719
3.41829344
9.65022828
0.82161500
0.05737305
1.22167969
1.00066479
1.03158466
2.74804688
10.03906250
7.18359375
2.03515625
2.42578125
5.16015625
5.08203125
6.40510985
6.64274047
1.39892703
2.14453125
12.29394282
24.42903812
13.04264406
3.32812500
6.97721188
12.06932846
2.15463153
5.80098192
26.72175069
2.08561032
4.25748781
12.46875000
2.25358156
5.73925532
3.10872562
4.78483156
3.60351562
5.08593750
15.66959220
6.14681405
13.06201172
0.96923828
2.02734375
6.49609375
8.54687500
0.13574219
0.02087402
1.21516844
9.23990968
16.24641844
7.03580812
2.07356688
10.20581117
0.01383484
2.10156250
18.07421875
1.14160156
11.92675781
4.76821754
-0.03384254
8.99380098
1.44565214
0.57025998
4.74153812
6.76171875
1.78906250
1.58105469
16.55577938
13.95687015
12.88191711
13.38012633
1.91959718
11.08723626
6.49377659
0.28666293
2.75781250
40.66511961
14.03727297
1.88769531
2.02734375
10.99218750
0.05099487
3.97070312
6.70735594
0.16202883
2.92773438
11.73079344
17.35351562
6.93814938
12.31543218
19.78774380
17.73959995
11.76383422
13.19775266
11.09310062
2.73046875
7.14485594
12.85644282
3.17252936
6.93359375
0.97998047
7.29079178
0.09885666
0.63935904
0.62028452
1.04003906
1.98339844
1.79101562
7.35969969
10.81673094
6.90169437
0.11590576
13.45658356
12.92866911
1.70654421
0.34082031
6.22265625
0.83234940
1.14628830
2.58203125
12.17008422
3.92757203
10.11425532
11.86832890
1.00569703
6.40787345
4.57650155
1.64746094
9.97363032
1.89746343
4.70312500
11.77734375
6.95344969
4.24918703
5.39876219
1.45670656
5.17187500
8.84439938
2.41145999
4.04687500
6.35717524
6.75929536
7.13086436
3.94531250
6.44531250
8.95312500
1.43512917
2.53288840
4.28515625
3.34765625
7.11718750
0.13588377
4.87076906
2.24804688
0.91601562
0.01498413
8.55468750
1.39550781
1.38281250
1.65030670
3.39290282
6.03170351
3.53710938
12.19531250
14.82096188
0.04122074
0.15966797
3.72265625
1.22200438
3.31445312
1.95084718
4.89843750
9.53125000
2.55859375
7.54687500
6.28742908
3.47819592
15.89973626
4.27604499
0.54638672
7.35057846
4.04395279
13.52912456
1.32829731
12.69514891
4.47233156
5.33593750
5.28157469
4.97623781
3.79882812
11.61360594
12.68212766
2.29817874
2.36702515
12.60847961
0.29687438
7.55826906
11.59375000
15.99069482
4.18429298
8.82714096
4.09082779
10.48437500
4.66015625
0.81607907
-0.06125729
4.32551751
1.66698970
5.97819592
4.91357422
7.28125000
3.62695312
6.00000000
0.09295654
0.76708984
10.88328458
0.75148104
1.91796875
7.79882812
20.56411597
1.90007590
3.89225343
12.89127438
3.75520999
9.50781250
4.86718750
6.41406250
12.90266844
4.63639406
0.27925535
5.46451906
5.32812500
3.50000000
5.83715758
0.17907777
10.16406250
16.40852532
1.43327155
14.25292221
2.76888685
3.81803468
2.75976562
16.32421875
12.27408688
12.30826906
2.22916750
13.62573242
6.15234375
2.56054688
13.65142676
9.23126552
2.76450354
11.76562500
20.25032469
4.21451906
1.07714345
2.57617686
1.77539062
0.95458984
1.96093750
13.78548094
8.00813719
1.04524906
8.76367188
7.92488274
1.76627936
6.16406250
8.96875000
4.42967753
11.51954122
6.86360594
3.31127992
2.79191101
5.45312500
15.58689451
0.90155029
1.31640625
7.01690658
0.68280045
3.47656250
8.16683960
1.12597656
1.73133339
2.13390099
2.22753657
11.24153812
8.92545656
0.92870284
0.26376052
2.11718750
5.35514406
9.33593750
7.05110594
2.27311281
6.24446033
3.58333250
1.87858654
8.78548094
15.02962406
13.95312500
2.77539062
13.78221351
4.45540780
6.56640625
13.00781250
0.73681641
0.35351562
11.29785156
3.28482159
7.78158466
2.92415282
1.82877687
2.85351562
5.78125000
0.32568359
2.50649629
0.95346464
9.47363032
1.29297124
4.11042713
9.54850842
4.37890625
11.19627660
3.51856715
0.00977325
14.12446037
3.29037123
14.85514406
12.66861813
1.48372562
2.72265625
5.16406250
6.58626219
17.33314089
20.16308345
19.65397828
2.76189106
2.77734375
14.16560727
0.17936343
17.34102617
0.75245013
10.26015223
1.32324468
3.65820312
3.64843750
7.94140625
12.73347961
0.13041199
14.01171875
1.44531250
14.73437500
7.20344969
0.54117922
16.98712988
7.82732324
0.08300781
0.59686279
3.25341797
2.22688719
5.19889406
7.55712766
1.42399047
5.04231937
6.06282469
4.87890625
4.92936281
0.01799011
4.10057348
3.67091090
12.79401060
19.26399657
1.30436281
3.67382812
9.71451906
4.47656250
5.87890625
3.38476562
3.65429688
10.14664672
0.26765992
1.05078125
15.62581173
18.87646609
1.63737062
8.27343750
2.56640625
1.22460938
6.86783688
18.23475843
5.98936391
2.03108765
6.99316406
5.35546875
10.40625000
14.98925532
4.84700687
15.94954344
5.45670656
4.23828125
0.39689211
3.07421875
12.85546875
5.38704344
5.99186281
13.77896720
4.20540780
0.21032715
11.35937500
3.28515625
16.57031250
10.85466906
7.39437389
5.76920656
8.36734860
36.60644282
7.76790780
5.28157469
11.54655031
2.24023438
14.77408688
7.00459390
0.09680750
39.59667969
3.77376219
1.94694093
7.74902344
2.67382812
1.89728972
10.11295656
4.83626219
14.63769282
3.03385749
12.34960938
2.75390625
23.20883749
9.45654920
0.76742326
18.69954344
6.41373781
13.24218750
4.78417969
4.41796875
21.48437500
10.04068844
2.65950687
2.03743407
7.35611813
7.90918218
7.89363586
4.63175476
7.80501219
2.54069093
6.30110594
19.55784842
2.28060062
12.91829344
8.78384752
2.54199966
4.46093750
15.08210931
3.17057624
22.36815160
3.07716090
10.39257812
4.14062500
4.83235594
3.57584718
3.83984375
5.29296875
3.90234375
9.15785351
4.50832446
0.66390015
1.83203125
11.18391844
3.44010500
5.84375000
16.79295878
14.54720966
11.21239362
19.02499162
8.63281250
0.88395265
20.48437500
14.93750000
11.07096188
2.63997562
9.07453347
3.45671653
2.48242188
10.95800532
6.30761968
17.73437500
10.75781250
7.96875000
4.27343750
0.35961914
14.91048094
2.66600815
1.38347185
3.50000000
4.63671875
0.97021484
6.33837392
9.68555186
14.72786126
16.71810062
3.72005374
4.87890625
9.20312500
17.68391844
6.18717531
0.79105621
2.81200518
4.26725842
1.46213818
4.37076906
12.00000000
7.77766844
1.33756593
2.77734375
0.79589844
0.42700195
7.16601562
7.28125000
10.88844803
0.84055588
8.40625000
4.03254876
2.73535405
14.57226562
0.60807375
2.15820312
9.74055408
3.13053967
4.66796875
14.33593750
0.65234375
0.47656250
11.57339706
12.87386857
1.37923094
1.61198000
6.58203125
6.69921875
25.54687500
6.03727172
3.13655640
2.12532469
14.27931098
11.15983156
2.68882867
3.74251219
7.07780031
12.99153064
2.15593029
5.54035628
11.54680193
4.35156250
1.81314938
6.01692376
5.02222798
5.84504876
17.63932624
4.97477172
10.02652704
5.22916999
7.39045767
3.19743295
10.53883450
3.83431156
14.17024158
6.29573360
3.58871232
3.97656250
14.88704344
10.15266844
8.44466312
3.84049438
13.31868531
5.17187500
3.36619349
7.44240026
0.59094083
2.59192050
9.81835938
0.80078125
8.69726562
5.48143534
2.50264640
15.95735594
2.13834718
7.78125000
16.57812500
15.23860594
2.62272218
0.34399414
1.83319548
4.17742464
2.93798828
30.93546383
4.26106937
10.33658688
7.92903812
4.82649657
3.80436281
4.11354017
9.72363032
6.71777593
0.72591063
1.22428468
4.12109375
6.04687500
0.79768548
0.16813483
2.37987783
3.05831236
1.37583665
10.25000000
2.52539062
0.81461422
2.89974124
12.43407580
9.33936170
8.94531250
2.48828125
1.09863281
4.10546875
2.12890625
7.29195036
0.22880160
1.09765625
7.81331297
7.46451906
16.69726064
21.74576304
6.30078125
2.44335938
11.48437500
6.82421875
5.87402344
6.78515625
3.66243407
19.34796100
26.95672650
9.38443844
8.11263187
2.94433345
6.98307624
0.11059570
0.65462157
3.51139406
2.74218750
0.04052734
2.82226562
8.80078125
13.01985594
0.98575929
7.80110594
3.03873781
14.85937500
10.98437500
1.24902344
1.97070312
2.78970690
1.87239749
4.25586436
3.43570922
0.08260133
3.32250665
1.42204046
3.23527039
1.02725106
10.22573787
0.66569592
4.42578125
12.07942376
13.01838508
6.63476562
8.32226064
5.85352061
3.89453125
11.10156250
11.99609375
12.39754211
1.63045102
11.00358156
1.03857173
6.01074468
6.42936281
9.94954344
12.61116578
10.99592642
9.85384530
10.28483156
1.33886719
9.74055408
3.37663342
4.19726562
3.39453125
3.48632812
11.50423094
8.23014406
5.39485594
7.43717531
11.54329344
32.58854250
11.61718750
0.56933594
9.91406250
3.65820312
9.54687500
2.08235594
14.65201906
7.84439938
6.87075909
2.05046653
10.34375000
1.29687500
8.51562500
19.24543440
1.87370622
0.05947876
4.67508755
0.11983433
2.76757812
6.40869141
4.28515625
4.08203125
4.32096188
7.96191157
2.18587655
0.86425781
12.65364500
3.24381593
10.64843750
1.64941406
0.72900391
3.27180408
4.32194592
3.53125000
9.71516844
2.44433345
15.09277593
26.42464110
9.27278812
6.21695922
3.01546265
10.35839844
9.65625000
0.32519531
8.93586658
0.78581311
8.28330397
0.55214525
5.32226562
3.57617188
0.04046631
5.14062500
0.47827148
6.98901367
5.32031250
0.38012695
7.21777344
5.86718750
9.25000000
10.80014038
4.27343750
2.47070312
7.73599845
8.55468750
12.74870124
0.59196047
1.71191406
25.23742676
8.52560450
4.81814550
4.55110594
3.71613077
15.91213989
7.55859375
9.07421875
24.93253415
9.50716312
1.08105469
10.08593750
8.93750000
6.23347961
5.40714539
0.77180408
0.79069592
5.78938719
2.45280031
5.83203125
5.47102782
3.51139406
14.41829344
9.63704344
9.30663564
1.72396498
7.20703125
6.21093750
11.92187500
13.56909180
5.01171875
1.68782469
5.76530031
13.81250000
1.69335938
11.14062500
12.16048094
6.89030031
0.65429688
5.08593750
0.43635985
0.22477297
0.16674805
3.21256095
2.35579842
6.62923094
6.43619875
5.89139396
7.93620124
2.86198000
10.05061766
8.16959718
15.26953125
6.84863032
2.28352283
6.61074385
2.46256593
17.45312500
5.74609375
12.72851562
8.22980940
6.67448747
6.72265625
2.21483877
15.13688608
0.59326047
2.31770999
5.83789062
2.10546875
8.34504876
3.87565436
4.11328125
13.73079344
1.94498781
0.50048828
10.11360594
3.01530031
4.68424313
8.88216312
6.67219969
6.81998781
3.02571532
3.23209718
6.93163564
10.75268617
0.24927194
6.62890625
5.45312500
10.75000000
2.94726562
0.55322266
2.65966797
13.46923828
28.09033203
7.65071532
14.84016844
8.60481937
11.90234375
1.16308594
8.24591645
19.08627216
20.71665892
10.11305248
13.05110594
8.28060062
2.81835938
13.16406250
25.14237301
8.46810062
2.38867188
10.65625000
8.30614362
14.99659075
21.21093750
1.77636719
3.84960938
2.78515625
1.44140625
4.62011719
8.13671875
7.46679688
1.14257812
22.79583449
4.90106493
11.71875000
4.57861328
5.60083008
12.93814938
2.21451906
0.76790282
4.39095218
6.82812500
3.65384918
0.60135403
17.99738684
13.40843596
4.99967282
7.57959109
8.15445922
2.21907469
2.58919437
8.78279477
1.93790835
26.14288330
7.20703125
8.40462157
5.45409907
1.26334968
1.55078125
7.46646720
1.65657967
8.25935727
2.77090869
5.40332779
2.88476562
14.98860594
8.50357159
4.75000997
2.33593750
1.11010742
1.51562500
6.97721188
3.67708499
0.55517578
15.18359375
9.00423094
4.45392676
4.54770168
0.98144531
8.81314938
0.26668460
18.52766844
0.88183594
6.97656250
7.54142336
15.93750000
4.63281250
6.39501953
7.20856605
0.49748864
3.01171875
14.86360594
11.06608156
0.00502014
10.73079344
0.90616945
10.22656250
3.12532469
2.49163896
6.12456948
2.77213874
2.77929688
11.72004876
1.58073249
1.07226562
8.09049313
10.23241689
18.06836187
6.83431405
1.20019531
8.66536126
7.37467780
12.45312500
6.15265847
16.79656028
3.85742188
9.22949219
7.96875000
11.51627438
4.35481937
1.80078125
7.27538564
2.47005374
2.41276374
1.96984863
12.45531915
4.28613094
4.39868663
7.89062500
3.58789062
6.68945312
3.65917969
6.09798094
5.48405031
1.58496094
7.05729001
0.18033688
3.15592531
6.22233156
7.71093750
19.27180408
5.98600842
1.96582031
15.61132812
4.12109375
2.47884032
7.96451906
8.34375000
16.31070922
0.56526734
4.71875000
6.95930657
2.67090093
1.98600343
4.28125000
16.33658688
16.55403812
8.70914672
1.06233765
2.47298094
19.09375000
19.49511220
2.04492686
4.90201906
7.69986813
4.25716312
17.43944814
4.59961436
7.50000000
16.29882812
16.14697266
1.12695312
8.12792221
1.11328873
1.61425781
8.71585934
23.93750000
7.59649767
2.34914201
6.78125000
15.19352172
1.24300172
6.89453125
11.34195922
3.36879600
12.09522606
12.33269060
4.94921875
1.15429688
21.43367243
0.22990179
0.94384766
16.83755098
1.45151152
11.54457226
3.67808399
7.14062500
8.50781250
8.48990470
3.54915780
3.48583735
4.28418218
15.63411126
11.72347296
13.87808954
3.14518561
25.22558594
5.44921875
7.82844969
4.06608156
0.43562742
8.39117382
7.83203125
11.92187500
7.90771484
11.50781250
6.37890625
19.76252549
18.27458388
11.44921875
3.41601562
3.55664062
3.57031250
23.06225586
1.58398438
2.76367188
10.92610594
9.91959718
8.31250000
7.76562500
9.64843750
13.16601313
13.79590093
3.25390625
15.68750000
14.24641844
2.57812500
3.01139406
4.68750000
10.86913564
32.09138495
9.46851503
23.02308290
10.41309840
3.98536901
1.29589844
20.96939938
7.84310062
4.14843750
7.06250000
3.26367188
4.19921875
15.41894282
13.41308843
3.41601562
0.74462891
5.58203125
10.47298094
2.99576906
2.11360594
1.50748781
18.35611813
1.98763187
2.19140625
6.59765625
0.00237656
8.44107159
11.40658466
0.93661009
0.15112890
12.16079566
7.12468528
4.35546875
9.99576906
2.28710938
3.24251219
11.92740470
5.92383311
5.75781250
0.32478758
2.40592531
8.54687500
2.88867188
6.55468750
4.46060284
3.83627216
3.18424313
3.37630374
14.93683068
2.61785682
10.96093750
3.49446532
6.08170656
2.65266844
1.89323000
2.96907469
2.70035641
9.44531250
2.64355718
19.70881206
5.27197889
3.09668218
4.25358156
14.23437500
4.53125000
10.44531250
0.10620117
6.43001219
5.04085328
4.26779105
0.45331412
8.24870124
4.39030031
8.02555297
0.26639770
1.71061281
1.63281250
6.16340315
2.56901872
10.65819814
2.61556405
0.17252687
10.92610594
1.55044410
2.78028590
10.75976064
1.18457530
2.22265625
8.01562500
17.58593501
6.99902593
7.49609375
4.95312500
6.17578125
7.28125000
10.29329344
11.49772218
0.07244873
2.30891844
6.59342531
0.29736328
3.49609375
13.93033688
1.83919437
15.42854610
1.49658079
1.02897468
7.01171875
8.79508422
0.58626344
3.78515625
6.92187500
5.03906250
12.34211658
9.97200687
13.70182624
0.98014406
7.59765625
4.59830563
0.33382328
3.39453125
0.02452385
1.80460633
10.64843750
13.56827571
5.76017398
3.05240968
14.69954344
5.40234375
1.97656250
8.03483156
12.18521720
10.85807624
15.83788564
6.68945811
12.62467531
10.16404256
5.85939494
6.67698139
14.70192486
3.51953125
3.90625000
7.52734375
14.19173094
19.21484375
4.77734375
3.44694093
6.24283688
15.54622562
13.14062500
3.89062500
9.07096188
3.28060062
3.77929688
4.87483267
7.63688608
18.42089096
15.03711436
10.20019282
8.02930186
3.67773438
9.28514628
12.57566490
10.12387854
8.28093528
7.37500000
16.91829344
8.19108156
2.60742188
0.01528931
0.14819336
0.08367920
7.46305297
10.19710328
13.97656250
1.92350094
10.64192874
6.12109375
10.71875000
19.09765625
3.71321532
8.19108156
3.71679688
15.26953125
13.19531250
2.58626219
9.51562500
5.19498781
5.55109597
6.95281028
2.45898438
12.16307846
3.57520279
10.61783688
9.37532718
3.41992188
0.08441162
0.45350486
10.66634530
1.47070312
9.16406250
1.65168939
4.79834109
8.18864140
1.36914062
0.19262695
2.43359375
2.24414062
7.02164672
1.33870484
0.71191406
2.43359375
1.74804688
10.22656250
2.51594969
6.06217531
11.05468750
12.27766844
5.60790032
0.20476327
11.46093750
2.03906001
4.07324468
10.65539551
3.04231439
5.26465093
2.21647218
17.19140625
5.38801751
5.81510749
5.30078125
3.99609375
3.17057126
3.67122562
13.97314453
0.10388184
4.69531250
2.23079344
3.29459718
11.79296875
6.03125000
13.03125000
7.86751219
10.47900391
1.95084718
9.94954344
0.42008547
4.36718750
6.46516844
0.08036379
14.51562500
8.60156250
8.02408688
3.79622562
6.88704344
2.78287843
11.56445312
5.76367188
13.65454102
11.49218750
5.76953125
3.70898438
10.84798094
6.14843750
1.98632812
6.00748781
8.70312500
1.55501219
17.94108156
0.15999266
5.10123781
4.20312500
2.89322751
1.18294437
4.58203125
5.45442376
6.75293218
1.20573000
2.27928192
3.33009308
5.72656250
2.44335938
0.00225830
1.41064453
15.42838376
0.86751468
3.96484375
3.10221188
3.99576906
0.71158937
17.19596188
1.97005374
1.65917969
9.39062500
7.17834442
0.30017121
4.96093750
5.07812500
6.14843750
8.29394282
1.31543218
4.54687500
12.52343750
12.16438719
1.80729250
4.05078125
6.28548094
2.12662843
4.94954344
5.91764406
3.35968972
3.37891622
3.81803468
0.18457031
0.48120117
1.72314453
3.74218750
11.08235594
5.44000886
0.45800906
2.68164062
3.13281250
13.39843750
0.02818298
0.16292235
7.12858156
0.03108215
4.46484375
0.49462891
0.03717041
2.45898438
2.02831533
3.11328623
6.11328125
2.11718750
9.55468750
8.69596188
3.46810062
4.56640625
6.70735594
3.53092531
6.45312500
3.49803691
2.79493184
10.67968750
1.52539062
4.29329344
2.06412843
9.19726562
2.53515625
12.18456782
6.32324468
11.50423094
0.07401613
2.16406250
4.08235096
1.60514904
15.41270935
0.54386414
2.89062500
12.36787840
0.61735109
11.09439938
2.32714595
2.62337655
11.98437500
3.21484375
25.52717642
0.58219858
13.01627438
1.96028812
2.33593750
13.59765625
5.62890625
5.14843750
2.91992188
1.79785156
11.16406250
9.84179688
0.20715332
2.22086547
1.92073609
0.94189453
8.67968750
0.13745117
12.75488281
10.28548094
11.58332399
12.49218750
1.14583250
4.40592531
1.69335938
14.60937500
2.67578125
1.15625000
1.50781250
9.53548094
6.18359375
8.96875000
11.68846410
2.73308621
2.82421875
0.62613766
4.32356937
9.82812500
2.73469969
3.51725343
12.66912079
1.25000000
0.21732543
0.49153687
5.80891844
3.56217531
6.41959220
6.49349374
3.30273438
0.12638305
0.22664430
12.67187500
14.62857907
8.76139406
0.92431641
4.28515625
6.74609375
9.13053468
7.75032469
4.01920656
15.85579344
10.71093750
6.25650377
5.49317154
3.38671875
12.66666002
3.52865248
2.14648438
15.63411126
16.90104499
6.14843750
11.45312500
0.49267578
7.50781250
5.59472407
4.03418218
1.17871094
16.13509032
7.04866578
11.04866578
3.83756095
5.49447030
10.70312500
3.18037415
8.46875000
6.80590820
18.43521720
5.32650155
12.23828125
6.53906250
0.24853516
6.36341858
7.26953125
4.26733398
10.71289062
4.47265625
17.43391844
8.97233156
7.07617188
14.62955563
1.02767093
7.58007812
5.50390625
4.08593750
1.63281250
7.41796875
4.55110594
13.44531250
10.52343750
9.31314938
3.60351562
3.04785405
9.33593750
5.39453125
2.01953125
35.61653563
16.72004876
11.34627694
8.41421986
13.90218639
6.91015625
1.10058594
4.60188719
12.07389406
1.85693359
12.03906250
4.52734375
2.16406250
19.00880432
8.53059065
5.80534685
3.15580231
0.75386566
3.51104721
1.01239029
3.31835938
12.39550532
6.42903812
6.21451906
5.07096188
5.11263187
0.34667969
0.41935055
1.57942874
1.06314938
0.99405696
0.60197335
6.27734375
2.17187500
12.78125000
1.07519157
0.26953499
14.07452350
6.84735150
19.98469969
7.41715204
4.12667120
15.86799424
13.21794326
5.03125000
7.85644282
1.22851812
14.44970080
3.34977172
7.05420545
18.25472047
13.19596188
23.51692874
10.14062500
0.05050659
3.84960938
4.37963867
5.59375000
2.83821532
1.28385500
19.97103882
2.12597656
11.71093750
2.81640625
8.75972076
6.07621674
3.07617188
8.92968750
9.59700189
22.09635749
9.59863032
6.67090093
3.53971188
1.75228031
9.50781250
0.75357907
1.29720218
3.38671875
2.50390127
1.42122811
10.63639406
0.53906250
5.73046875
8.11718750
7.61328125
8.33593750
0.83479735
6.23729721
9.65210771
1.07242859
0.64990234
9.16048094
3.06640625
13.17968750
16.86851957
0.11459995
7.88281250
2.04296875
11.10579344
16.29490692
7.80242464
10.46875000
5.26106688
3.46647218
4.44140625
12.87923094
5.31250000
12.15983156
0.79727775
1.60579842
10.49218750
9.51757812
13.85579344
11.90006593
3.30891844
5.35123781
6.62890625
14.64485594
14.13899657
12.73958001
6.78483156
1.63541999
3.22656250
5.30859375
7.14453125
6.51920656
6.02018063
5.31575687
12.96939938
2.96647218
6.06249003
7.71062278
7.96875000
3.08609985
1.28597047
13.05289672
2.19189329
3.49153812
7.87271720
0.72982186
4.49543689
3.12468029
8.44954344
8.85514406
3.57617188
4.44335439
2.44922373
2.73892315
5.68002216
7.23437500
10.23079344
6.77311281
4.34765625
22.62727782
11.82127660
21.36295656
12.70443871
10.78255125
7.55794437
2.75000000
8.62500000
3.21484375
13.91019154
19.39828014
2.28515625
1.46289062
8.58430408
5.82194592
4.38704344
9.41829344
-0.08402340
8.36360594
14.15625000
1.79362062
14.47183954
1.96435671
12.77384523
1.34244875
2.37695312
7.96484375
3.60416501
5.53060062
5.63671875
1.98339844
15.27343750
6.40294790
7.21427305
0.56795351
13.26386505
27.93404144
10.58593750
15.32877438
9.47591312
7.50846188
2.60286624
3.67415282
3.84285461
0.17513125
18.00813719
12.70850468
10.04239992
4.48437500
17.01204344
9.44108156
4.61718750
6.11360594
5.42578125
4.84375000
14.19889406
5.50781250
2.75390625
3.23453735
1.78776000
9.94889406
2.91406250
9.20312500
2.21679688
2.40527344
5.90657469
5.16373781
15.33235594
2.72037843
2.63671875
10.10156250
2.05468750
14.40477394
0.84327293
13.60156250
6.82861328
5.30078125
10.27343750
1.97851313
5.32324468
3.80664062
6.48649047
3.77229859
7.39876219
3.49933567
0.10580839
10.03906250
12.50129876
10.39534796
0.16975953
8.24283688
5.38216312
8.07812500
5.80143063
2.38313968
1.06250000
7.61238586
0.62426696
6.25358156
12.48079344
5.53873781
3.32812500
7.03157469
2.76725343
16.48567376
20.80418551
4.77264073
2.61328125
2.87451172
0.46679688
10.88411126
1.91276374
12.06070922
4.83642578
7.99716164
2.86914062
8.73697751
4.96810062
8.77766844
2.56608156
4.41438719
3.90983156
20.17968750
4.69596188
26.22981937
8.79611206
19.62141844
9.69889406
5.37179518
5.46679189
6.65158572
2.50520999
0.45833001
4.79231937
2.55013187
7.34765625
5.81998532
4.66406250
4.42708499
8.42187500
2.28442383
4.00032469
7.90592531
5.41406250
0.00891876
1.12434564
5.70703125
7.55338874
14.26822252
5.61849623
6.56640625
8.51121676
5.34196919
2.79329842
6.67431516
0.40332156
0.76904297
1.45706177
9.97851562
3.72525377
10.58333998
7.06640625
5.76953125
5.95768063
1.57649906
2.34798094
1.65917969
3.56477782
2.58349734
18.16292110
7.64127438
0.65853280
8.27472629
2.38107601
0.27486176
7.43164062
3.83203125
11.37320922
0.44514891
0.58886843
7.85156250
6.38378657
0.83105718
0.95361328
7.31997784
2.73275653
6.15266844
9.80175781
6.13248781
0.80810547
5.16617797
4.11897828
0.89827391
2.61466936
1.51074219
2.01562500
1.13989258
0.25659180
4.41779644
2.10173481
2.15299313
2.30013187
5.86718750
3.92773438
3.64062500
7.29882314
5.55664561
3.66796875
7.47916002
12.62564938
9.45769060
0.93212891
5.28515625
4.91865249
0.53544908
3.15071532
3.21940187
3.41796875
3.92578125
8.80468750
0.39648438
18.98209220
3.08822030
4.72265625
1.26725094
9.02701906
7.42685179
5.21093750
13.70289617
0.14329524
16.11555408
14.55241467
4.63671875
1.35839844
5.43359375
2.79882812
1.13476562
8.02472629
2.65300808
1.33528563
5.05826906
8.32812500
1.17285156
12.18391844
13.16471188
0.95703374
8.71875000
3.13281250
8.79752438
3.94824219
15.53906250
12.70247562
1.05761719
10.18814938
1.41048343
8.81424835
20.91134918
1.45020279
1.53841063
2.49381593
4.50259254
4.43897606
0.55843140
10.69352172
1.64111204
5.91731937
0.83496094
1.92626953
6.13313719
6.49186281
9.65103502
2.88021498
1.87207031
2.94238281
2.23242188
3.26953125
0.20520871
1.00553468
11.89030031
7.75390625
1.28450438
3.32584718
14.29459220
4.34431211
0.82349803
7.77895723
4.71713652
14.27888914
2.64030031
4.23502438
7.16731937
0.12396240
4.68750000
12.43033688
4.28060062
2.69335938
11.75781250
1.93164062
6.92578125
4.01171875
0.01144409
4.34375000
9.62629876
3.97916999
9.94235655
12.64420656
1.24121094
1.74707031
10.41406250
3.93359375
1.72688470
2.15299811
8.46093750
5.44921875
2.52001953
5.08984375
0.70214844
11.61962766
0.87548953
1.63476562
6.20164894
3.25538231
2.60156250
13.24902344
12.83230972
20.18391844
5.91764406
11.45312500
4.51074219
12.51204344
20.14225343
3.14013672
9.73622253
20.35406416
6.92155031
5.10021942
0.15197785
4.28157469
8.41437722
5.90268090
1.33919188
7.79264406
0.43940911
2.85221686
15.64485594
10.67155031
7.57812500
4.32421875
5.75585938
1.48632812
4.25781250
8.88768285
5.60662012
1.50284851
2.23721853
-0.01415517
17.70874023
3.61865234
11.79247475
25.16633533
6.50944592
6.37500000
4.69531250
0.02120972
12.67968750
2.59765625
13.81558954
2.41660849
0.22190353
3.81250000
0.88948485
7.44498781
14.27831782
8.93261968
10.15089842
2.45670656
1.99121094
15.22363032
5.87304937
7.67578125
11.48948669
7.28157925
7.68881870
5.65689938
2.39420656
2.85123781
6.42578125
3.25781250
8.80891844
0.57145265
0.04583740
0.22675412
1.83724124
3.00976562
6.43750000
3.62402095
11.97835328
1.71891484
2.05240719
4.72981937
5.35546875
14.48567376
0.14665046
8.32812500
3.88085938
8.19270501
3.95182624
16.60579344
2.83968140
1.93733765
10.23860594
16.07096188
4.63965093
1.61425781
0.36938477
14.46093750
4.75325438
6.49251219
3.24381593
5.57780031
15.61425781
2.54296377
0.59766123
1.62597656
11.60268396
3.94304964
2.84879765
11.03125000
2.07812500
16.58105469
14.53216842
16.84655473
11.15625000
1.50585938
2.16015625
14.90331782
2.43652095
7.67338541
2.82857269
15.50878906
9.29125977
6.04687500
11.27241911
5.85648714
7.74819925
1.97055075
7.27839672
16.54483821
3.47015630
13.06087157
3.49381593
13.69140625
8.07812500
0.01953125
1.54296875
6.27343750
8.71875000
6.92187500
1.80784762
3.69581449
7.73860594
1.99121094
0.43815187
0.54638672
1.68105809
2.70037012
7.23046875
9.05273438
3.37207031
2.65201906
8.83691406
11.92226119
3.81894974
5.19432846
1.67090591
2.52962157
2.90039062
1.92822266
0.54101064
15.59603280
7.15592531
2.54296875
12.73860594
2.09179688
1.68326906
9.78613032
8.68685062
9.76334718
5.84375000
2.81346659
0.66504903
1.58203125
3.45703125
1.44868646
3.07682624
5.64843750
11.28548094
2.53873781
3.79329344
7.74186281
8.25781250
1.31152344
3.01562500
5.82031250
0.12353516
3.87695312
10.47687722
1.94499778
8.72978424
1.31999279
12.87207031
2.81835938
14.16406250
2.59570312
0.80468750
1.13020750
2.99186281
7.91650266
1.51904421
1.81347656
1.90670991
11.00000000
1.99804688
6.92643063
0.72688968
9.14322252
0.08382826
3.95115431
7.49252216
4.58593750
7.49430297
3.93733765
6.90516151
0.13369712
1.64265992
0.91796875
10.29687500
1.38574219
9.85089318
5.82879432
0.21813965
3.02539062
0.07611084
9.38281250
1.87955314
2.57845467
11.10156250
6.89062500
8.82812500
7.86718750
10.22656250
13.08013418
5.99023936
9.37923094
4.18586907
11.61165780
3.52148438
0.00276184
17.36523438
8.25781250
1.77343750
1.65234375
9.92968750
5.19140625
3.08007812
0.12990233
2.80436281
7.50195312
13.56250000
9.90331782
0.21264898
2.81250000
8.96337766
4.89990359
2.19140625
9.96516844
8.65307181
0.13468944
6.60546875
8.15266844
4.19661126
3.05143561
5.17545656
1.85831041
8.25899916
4.50390625
16.15625000
3.45703125
1.98762938
4.45280031
11.74218750
1.72265625
2.33007812
7.31640625
1.73762938
1.54948000
8.98502438
5.86263187
8.17968750
11.35937500
2.47656250
4.79687500
0.60937500
4.13622175
1.98096575
6.88280253
1.41407247
1.54003906
11.45312500
4.33694593
0.17672595
2.00195312
3.13891103
7.00618905
1.92241495
0.30113731
2.09960938
8.80468750
6.85969969
8.05045656
0.47790278
11.55672429
1.92570008
8.69531250
12.34016844
1.54703735
0.92138796
7.02343750
6.38552856
14.03125000
5.78906250
3.41210938
16.43750000
0.62500000
4.83593750
3.69107658
1.49349374
5.79296875
4.70703125
2.78906250
0.02377319
0.36987305
0.01606750
4.34375000
7.85969969
5.53010735
14.13791099
4.19889406
13.51953125
2.81624266
2.70475343
2.01562500
7.46744127
6.52474623
3.86914062
1.79622313
6.64420656
1.80371094
1.75162594
1.00130374
2.11132812
5.41536126
11.80240470
3.57162123
8.05826906
10.97721188
8.06966312
8.85774158
21.98307624
3.13379155
1.85854957
17.23959496
2.52343750
15.41829095
2.60612311
8.94173094
3.00488032
1.82487311
12.53125000
15.79394282
13.14241578
3.12223515
0.03479004
2.17773438
0.94335938
6.57128657
1.75797609
4.52278812
16.01044438
4.27080562
1.37792969
3.69726562
5.23437500
8.01562500
3.18359375
6.12500000
5.37186614
0.63985261
1.19335938
10.74218750
5.89453125
1.67480469
13.44409180
6.14550781
6.78548094
2.85709718
7.53930664
8.00781250
0.31005859
5.38171387
3.13019753
1.14616965
11.20652926
2.30714261
14.43935949
3.44345301
4.01953125
3.12727782
2.98209718
2.72070312
6.37890625
0.55289547
5.57356937
8.13736813
7.92122562
2.17968750
5.87109375
1.62890625
4.69107159
60.69174091
5.57812500
3.18945312
6.10937500
19.56954428
11.31021720
4.64550532
5.91024490
1.95792664
14.05468750
2.31250000
4.16568844
21.04459220
3.29164892
18.68639296
6.83756095
11.56706809
4.63151374
7.53515625
13.37325801
5.18652593
3.05664062
4.92968750
6.18359375
4.60156250
1.57226562
12.32031250
2.63801751
6.40250983
5.91227172
9.12744016
7.46223626
4.40251108
2.24202515
10.92805907
12.43196532
3.62435062
8.50781250
14.03899765
3.75976562
2.60546875
7.96506786
2.45507812
16.26733780
5.70963376
3.18685062
5.74674313
1.46134585
0.88956726
10.67968750
23.15625000
9.77343750
3.04687500
14.47846860
0.72509890
1.50000000
5.15836547
0.64974000
6.81966063
5.86216310
3.61165282
12.21516844
2.05599124
0.77685547
2.74412816
0.90528590
8.41048094
5.71061281
1.54882812
11.22338867
5.03671265
2.26171875
9.91406250
5.70312500
11.70703125
3.00000000
7.10546875
44.58203125
3.53312683
3.80078125
10.71516844
4.67187500
16.21305297
2.55078250
13.59081782
10.79350530
2.29296875
7.79296875
1.85644531
3.34375000
5.82617188
5.32633422
0.55078125
4.20882203
15.44238032
6.40103502
1.70541278
0.91845703
12.23437500
14.33754481
10.41699468
4.15234375
10.21581782
2.79329344
3.65851286
3.91050088
1.91308594
22.08357664
9.49951172
3.08561281
8.75423094
13.32389406
3.59765625
4.24218750
13.39843750
3.79296875
9.84081782
7.28418218
6.99430297
0.98714234
8.07405142
20.29378546
2.56770999
10.21516844
2.24772218
11.71191406
11.65136719
2.27539062
13.62629876
6.93229499
1.15136719
10.95092275
13.44759530
1.65690187
13.99966534
6.96517841
9.62923094
6.94758533
5.34505873
4.44140625
3.83984375
16.75618407
7.35546875
1.03092531
0.90039062
4.55468750
5.70930907
8.38769282
8.19401374
12.77734375
2.48046875
7.73046875
7.87971673
3.56120124
3.74283688
10.45247562
16.47232907
3.76920656
6.82031250
5.88460328
1.13265015
7.46630610
2.76367188
2.43554937
5.21484375
9.76269282
10.41764406
5.91796875
15.80468750
14.61783688
3.73112311
7.88281250
5.05468750
11.01399158
10.86457004
2.04363807
8.62858156
11.89485594
6.46451906
9.94399380
2.51303745
8.67230225
20.06445312
6.93359375
3.13867188
3.17382812
3.58984375
16.48242188
3.06640625
12.12500000
16.14453125
2.68164062
6.97265625
16.53596798
3.07502549
4.51986591
14.12206782
8.34765874
3.20312500
14.11588376
10.16341312
10.60253906
10.25000000
1.82714844
11.29752438
10.99673316
4.01042996
0.48706055
11.49804688
8.66632536
3.59148714
1.96679688
12.13671875
11.82377001
10.52897218
3.24023438
11.01399657
5.53002992
0.79532898
8.35937500
4.53515625
1.84667969
6.43359375
18.29179744
13.02488347
16.46012328
0.51692750
0.61132812
16.76507187
11.46516844
3.23990968
8.28791113
1.45622949
8.32112547
3.52701906
16.65526596
10.51465591
3.66064453
4.56160461
8.75512633
9.16181022
2.13672373
5.44921875
5.21093750
12.10122784
9.54720966
3.87500000
11.94352172
4.89790894
2.60937500
10.55891844
1.50911126
1.90267342
8.26985594
4.68717531
5.98988975
19.29396276
3.77181156
1.22949219
6.48649047
11.88102172
3.78466797
4.66178468
3.24609375
6.49218750
8.76562500
5.89094969
10.50441039
1.47869292
2.25976562
8.33007314
2.76367686
2.94726562
3.54492188
2.42773438
17.11506206
1.71696919
2.72460938
13.25423094
2.42350343
5.49609375
7.05110594
13.59733156
12.22656250
1.46972656
31.36067376
9.02309287
5.52459884
12.52522828
0.17639160
3.90494626
9.85872562
19.33837641
12.16648483
7.44433843
0.55175781
3.32747064
11.33105718
15.25000000
14.02018312
12.18586658
4.07585217
13.93554688
4.16406250
1.63867188
15.61772156
1.87109375
0.30249023
10.69155502
1.09472656
0.24536133
13.01660156
1.16406250
0.32714844
6.59033203
3.63476562
2.10546875
0.55078125
10.99346632
22.12263399
5.40625000
1.45019531
7.43847656
12.53125000
10.89094969
7.05045656
10.85937500
9.09387207
10.73258422
1.92561890
1.81738281
14.95109984
6.46939938
1.28613530
11.05468750
17.49641844
14.28156472
4.55795434
4.28125000
10.98079344
14.22298094
2.18880374
2.52148438
12.15625000
8.78189938
4.47021609
13.72347047
0.62548828
9.17187500
7.15299313
0.10506351
12.83203125
5.55143063
12.39778812
13.03906250
0.53759766
20.98289894
16.37224263
6.15493130
6.25848182
1.05859375
7.84049313
9.40823779
0.27922318
14.17968750
5.38915891
0.83545046
3.86523438
7.00585439
7.52930186
23.11228724
11.03517370
2.08007812
9.11002438
0.44905765
22.19531250
7.60156250
4.53906250
12.87052305
0.33772890
13.02539062
2.40429688
5.87109375
17.40625000
8.61360594
0.34611086
12.67089844
7.71484375
6.51562500
6.22069814
7.24805186
2.99218750
9.39127438
5.92122562
20.11914062
2.77343750
2.11718750
3.74414062
14.92968750
4.30078125
12.10742188
3.98437500
21.20117188
17.89322751
3.24349124
3.91406250
6.09503879
2.43230496
0.91845703
12.01220703
13.70658356
0.92134613
16.32324219
7.08447266
11.63281250
3.29492188
7.59765625
3.32615941
7.42872340
17.88704344
14.87858156
18.39941406
12.82421875
6.91406250
13.52766844
8.57389406
5.77734375
9.34081782
8.51855718
22.68700923
4.35091312
1.50651125
13.28548094
9.95084220
2.42969248
6.30468750
17.89890958
1.08351229
13.05572172
5.44498781
16.05012190
12.46940935
9.56250000
3.46679688
10.25488032
2.30761968
2.12304688
9.21483378
0.42383809
3.96484375
1.85839844
3.97656250
6.57983780
0.27734375
3.26953125
22.86343861
5.01937389
3.26928711
9.77278314
3.22916999
12.13704344
5.43750000
1.68326906
7.14094969
7.37043440
2.44955341
2.37695312
12.57128906
19.01204344
5.66764406
2.80371094
6.78906250
1.01497313
1.01627687
4.83674424
15.45142225
14.33170656
7.94531250
16.41829344
5.80436281
4.48958001
2.13541999
6.97265625
10.63006592
3.00195312
19.45662352
8.17545656
9.77343750
8.05142066
3.06576684
1.77050781
11.08593750
4.13313719
2.45898438
7.29264406
0.38330078
17.29394531
6.13671875
10.23144282
10.89485594
10.43229499
11.44954344
3.95670656
11.51765633
18.21834668
6.31674091
3.02148438
0.07940674
14.64580154
10.24283688
1.67122562
12.01204344
27.17771942
1.90984651
1.74414062
14.44123892
1.39274545
3.91601562
6.85156250
0.85644531
7.75259752
7.84115248
9.00129876
6.76481452
3.53906250
10.00618407
2.25748781
8.27441406
11.32454344
8.10514406
13.10693359
4.36328125
4.98046875
4.23860594
2.73795656
8.20409907
11.53287594
11.27392952
0.44978883
6.69577461
9.53469414
8.15331782
2.74121343
3.50781250
7.23045878
3.36329122
11.24218750
6.59407469
1.94108156
14.12304189
5.97461436
20.16699219
18.19531250
9.41048094
3.29655031
10.98437500
1.09179688
13.76562500
0.71272205
3.15788342
26.05517578
8.30110594
1.27408937
14.56054688
5.67968750
1.94726562
15.03254876
4.45768561
9.51562500
8.92252438
12.66894282
3.11165780
13.32535517
0.32698858
16.75390625
5.39402428
1.19972572
12.07617188
12.69253768
0.65609513
17.48925532
7.77815049
8.74333638
5.26171875
6.81461547
1.56819703
10.93750000
0.33715820
1.37597656
29.57486813
0.69466312
3.25390625
9.28857422
3.26562500
2.05468750
18.34553953
14.12272218
7.21875000
0.79996579
18.65226320
1.79166750
11.12923094
7.72233156
3.41601064
2.76367686
5.16015625
4.93359375
2.26757812
0.05361938
3.81835938
2.43945312
13.95735594
1.47916750
13.65266844
5.42643063
3.85449468
1.66503906
9.39160156
5.56640625
6.71907469
12.28733400
16.13704344
13.19889406
8.30208001
6.56120124
14.25195312
20.71857270
15.58220855
4.75602172
1.03076047
7.13606937
3.86001940
0.86654310
9.48044881
2.64064494
2.91406250
5.12239251
6.24625983
11.89843750
7.48437500
12.59016844
14.07812500
7.25423094
5.91341312
22.23366209
0.36067376
3.23730718
17.65396720
0.44385264
2.19954344
17.52311281
4.59765625
7.68750000
14.98079344
4.73014406
12.86783688
8.11295656
5.56608156
3.56738281
7.88281250
18.48111813
14.58032945
4.56217531
14.14485931
5.45914672
3.97054078
14.73079344
9.05305408
7.49740248
10.16227172
2.49007203
12.02359879
0.02296448
1.70605469
8.36360594
6.44563719
20.90983156
13.20800532
15.35487189
2.28320312
11.12091894
12.81576684
7.64274047
8.69108156
15.72688719
6.93359375
10.93534426
0.87841797
3.86798926
1.21436668
9.94066569
0.41032798
6.97849070
2.58010305
17.61328125
13.95735594
7.62467531
0.81494141
6.28156472
2.30827903
10.17610594
5.82780031
10.41829344
2.56979579
0.58515296
5.07877438
5.31575687
4.27734375
11.31314938
11.17187500
8.78254876
5.28776374
8.09895999
13.72525876
2.20865968
11.70800532
2.44987311
8.97183829
2.17220467
3.88281250
8.62890625
4.75813719
2.05240968
7.71972407
2.40918218
0.77490234
15.47932860
10.77140071
0.26440741
10.03125000
10.99120346
11.82454344
10.86426030
11.67480718
16.56608156
12.29980718
0.63183594
26.08203125
12.38541002
6.91927748
1.45800781
4.07031250
9.07031250
1.55664062
17.76594969
5.01139406
0.87630125
15.80045656
0.31176758
1.02441406
13.88199704
48.85905031
3.43717531
11.90005098
6.48276152
3.17773438
13.77473626
7.02799811
2.46907469
9.27701906
1.96679688
8.15266844
2.46647218
12.48502438
3.49739749
0.70556641
19.08593750
7.38345191
15.18718528
6.68261719
3.30436281
10.78125000
0.96923828
10.36376330
4.01904920
6.13671875
2.34375000
13.94531250
8.77766844
13.45670656
13.11244818
2.96948304
2.57316101
9.16014628
18.72233156
6.79720966
0.52343750
11.81770750
1.87426758
2.83170656
14.25423094
4.01920656
24.11327128
10.50814716
6.53873781
5.21484375
1.27539062
1.96678691
3.39063497
15.19954344
12.41569093
2.37500000
8.07031250
5.93879876
2.38932624
1.71582031
10.75812722
1.33008809
8.06314938
3.62076408
14.96615248
11.93391844
2.53678468
8.39485594
1.12565187
5.77734375
13.31086658
3.72038342
12.56941711
1.34855164
10.87206782
2.81152593
1.34277344
22.69335938
6.97102782
3.18912843
9.90266844
6.55826906
12.11783688
4.85481937
15.72845459
5.78352283
3.65397717
28.96126219
6.86979250
1.88476562
9.69531250
0.45654297
1.27139386
3.55502216
11.13605940
2.36979997
7.49739500
7.42757203
17.56551148
0.28100586
6.28710938
0.45263672
8.48046875
7.11743164
4.15364251
2.44791999
3.48696754
5.90170434
6.38671875
3.82617188
1.01367188
1.15039062
1.77343750
11.40657469
2.24967531
21.91406250
0.96777344
16.24576408
1.27799811
7.08561281
7.94596188
2.48958499
3.14257812
10.84016844
6.01139406
6.48046875
7.12500000
0.11773682
7.08203125
3.21289062
7.56949579
0.15218390
5.30859375
14.55175532
14.40103502
8.62254987
3.67075354
11.80468750
8.79882314
6.09570811
7.15048981
3.81054688
6.48502438
1.30501468
8.76334220
1.93587655
11.65233378
1.19532247
6.09765625
3.36718750
14.10048338
2.35937500
4.28483156
2.30468750
1.60449219
11.33007812
12.99641844
3.85514406
7.44335938
3.63281250
9.61718750
3.16210938
12.45703125
2.40039062
16.25594330
1.76855469
4.39159907
2.52441655
2.23828125
7.10156250
17.98437500
2.59179688
5.02343750
1.88769531
4.99283688
11.46028812
8.07812500
7.11328125
8.35641479
2.56640625
15.42730713
2.17968750
15.98567376
3.53971686
8.11718750
0.24210602
0.94380707
4.19140625
8.69173094
7.50215703
14.36079953
3.69921875
18.78872784
11.42351091
2.27311281
3.10758422
1.08300407
15.82003373
5.25390625
9.06314938
1.12239749
21.42219969
8.93750000
4.47233156
10.75552970
10.10970467
2.76562500
6.16503657
4.08105718
10.21516844
3.73860594
1.86653812
22.48860594
10.46084698
2.98047872
10.22298094
6.28873781
13.86103997
4.24479499
6.06250000
1.02441406
3.77376219
2.10905031
8.32031250
2.56445312
16.43750000
2.58593750
0.73876953
6.22656250
0.04318237
0.36279297
9.29101562
9.85937500
2.40429688
5.35546875
2.45826851
0.18479790
10.12564938
9.52115470
5.50162345
7.22407510
1.36707987
7.43326906
4.81216534
13.30678118
7.66601064
9.36165780
2.09895999
7.89233398
1.80664062
4.12923094
6.04459718
3.53710938
1.92707503
18.04702413
4.29296875
3.71093750
8.92968750
18.05468750
5.00390625
4.53888022
9.34262854
8.68587406
9.65771484
13.36360594
5.32780031
9.81379876
3.22558843
2.30240968
6.29296875
3.71875000
8.68750000
1.63281250
0.02923584
7.41015625
3.33984375
14.68814938
13.28483156
3.14420656
8.25422097
4.29265403
3.88867188
10.57812500
12.71581782
2.65234624
6.19173094
7.42936281
2.14648438
5.60742188
2.02571532
4.27311281
3.30273438
8.12206782
1.21582280
12.25129876
3.10221686
5.12231445
3.21500610
6.49299424
4.10677748
4.37858156
6.32649158
4.59570811
4.90592531
17.22052084
4.58611978
5.54687500
5.04296875
14.81835938
6.80891844
12.26562500
4.56998781
1.23535156
3.00585938
11.65445922
0.86018922
1.41210938
12.73437500
4.04687500
1.07031250
5.47265625
9.36620346
13.29004654
3.36718750
7.62312805
7.63735754
4.94255762
0.08565308
2.85774657
4.88150377
7.41927748
4.27115968
1.89746094
11.46093750
0.80175781
19.69954344
3.75423094
2.79427249
1.86523438
9.80956782
9.05012190
2.95671653
2.86718750
4.27734375
7.67479970
3.25227782
4.29850842
3.44075189
3.49088874
0.44181149
13.59165991
0.60593289
2.19497410
8.51531153
6.08463625
13.96093750
18.13964096
1.57341201
5.69319703
14.46875000
2.72135251
10.22257907
9.56575438
5.52311281
1.50195312
2.48437500
1.23730469
5.66438719
4.49576906
2.77506095
1.12272468
8.71875000
15.66373781
4.00048828
7.38964345
2.54687500
10.36947030
4.48698000
0.37890625
2.63138824
6.77779144
8.69531250
14.44030762
9.97412109
13.43488254
4.51824246
10.13964096
5.12435062
11.18327404
0.53271484
13.38781583
3.22186891
13.59600374
6.91357422
14.24641844
1.62760500
10.31546843
4.02832779
0.53922609
11.33526818
6.02410682
7.55078125
6.53906250
4.05566157
4.80371343
7.10546875
7.21679688
7.12905364
4.42563386
3.30468750
16.89908688
8.27278812
1.06347407
5.57324468
7.03125000
8.28320312
4.26106439
4.38580933
4.64453125
0.77864500
1.42155031
5.42415282
5.96158937
29.90722656
0.67138672
1.56688705
6.52051529
6.39062500
0.10217285
0.55078125
1.01580811
9.50634766
7.78125000
9.84211658
8.42155529
14.42968750
5.32421875
7.00390625
1.90625000
11.48469969
18.22431946
1.72330812
10.43750000
8.72525876
5.00325687
9.28986924
1.37614638
5.43359375
2.75976562
9.77667443
5.77020057
9.11360594
5.15592531
8.81445312
5.69921875
13.50015736
4.21078014
12.99609375
8.54329344
3.12272218
5.46435547
1.28710938
5.91083860
3.18945312
1.02697754
2.65494626
2.54817874
9.83593750
3.85188719
4.78483156
18.84407469
9.82194093
10.68814938
-0.06583493
2.98437500
11.01204344
4.58170656
5.08984375
3.94726562
5.37373560
0.31962378
12.85644282
13.45215093
4.73437500
6.90234375
5.16796875
10.01170878
5.80469747
3.12695312
9.78538513
4.33235594
2.79459718
0.91845703
2.78320312
5.70312500
3.85742188
12.35156250
5.03938719
0.84977297
0.61328125
5.92968750
3.60693359
6.38671875
4.76171875
3.48242188
0.39558411
4.62890625
4.16819751
4.32031250
17.78548094
5.93326906
13.84195922
7.20882203
11.06673094
1.06412843
1.15527344
8.68098626
0.64811530
3.45507812
6.05289672
4.15218140
3.63150876
1.48470218
8.11718750
1.93554688
8.50781250
4.96532580
8.71174424
3.67904809
5.32454593
10.65396720
4.76400155
14.87923094
5.92936281
1.91992188
10.32812500
8.50423094
16.75585938
12.36116578
14.76643673
9.08886968
2.70507812
3.79638298
10.19043218
18.71019947
21.25708444
17.15169437
14.45344969
3.97200687
5.32421875
8.18033688
11.94466312
8.86718750
8.37500000
0.58203125
14.94726064
17.48242686
3.05078125
1.88671875
7.50032469
11.42545656
3.25195312
12.71320036
3.02508089
2.14453125
4.87530974
18.84929964
3.03515625
2.76367188
7.96191157
4.70849111
2.36458998
8.54864839
7.91959220
2.45150155
9.42447252
2.58724623
1.69335938
11.27766844
6.04655031
6.17578125
1.08105469
2.13303919
8.96711658
7.81089150
10.08919437
6.55973515
12.27847518
13.74064771
3.29907413
8.98209469
5.57747562
11.45166016
0.10070801
1.17285156
2.20703125
1.47558594
3.08789062
17.59016844
7.73795656
17.38362621
7.50944592
10.18975830
5.03369016
2.97216921
10.57031250
0.10217285
10.89192376
10.09831061
3.44531250
11.09375000
9.30110594
8.69889406
4.81250000
15.46170895
13.23763187
2.67187500
6.12500000
2.15625000
18.03131104
15.64485594
6.23405031
7.83089110
2.96647218
15.59228516
2.19531250
2.35156250
11.12141844
22.26235816
4.45606715
4.44563719
6.98795656
6.56130981
8.97298094
7.86206117
0.30070008
0.46406731
9.39941655
19.70280031
8.34798094
10.36295656
2.96712157
2.24186281
23.06087157
7.49967531
5.26171875
1.07617188
7.13508533
9.67326241
6.33048648
0.97932984
7.26562500
5.13426364
2.19776761
6.50144615
11.56137854
3.60123781
7.26594969
9.83170656
0.12268066
1.16894531
2.32812500
2.63993285
0.43653694
4.86660392
3.13639406
7.47656250
9.41048094
2.96484375
11.62076906
8.39062500
15.02082004
3.29558621
13.07812500
3.41015625
9.57812500
0.21576779
16.00000000
12.97233156
9.07389406
14.59341534
14.17253435
13.88639406
5.41796875
3.08528314
4.63932624
5.17187500
8.89843750
1.62262917
2.29656028
5.20703125
1.17089844
3.13867188
4.74055408
4.90397717
1.17871094
6.46394836
0.23160828
6.98706055
1.50488281
6.41796875
9.68652344
4.32031250
11.67968750
4.57421875
0.39965820
12.95979610
0.56054812
11.18131593
7.64062500
9.88525266
3.54280640
8.18326906
1.81575438
4.28092531
15.43750000
2.66048094
4.79264406
16.67675532
13.37011968
0.75520750
8.90983156
8.67187500
4.16844083
9.61036776
19.61100094
2.86067874
10.95540282
11.95855001
12.89713376
3.79052859
0.34822633
4.11718750
8.90038564
16.97282358
10.64843750
5.56819703
6.29296875
3.39453125
12.80175532
3.56950077
1.71761109
11.19954344
2.52506593
4.19531250
5.12923094
2.41569093
14.46126219
3.12500000
16.04264406
6.96093750
5.61360594
13.33593750
9.29394282
2.41471686
6.03157469
7.39257314
1.22559092
11.44889406
28.84916687
5.90625000
5.21875000
13.23437500
9.77343750
7.00992797
0.29768922
3.91471188
0.79720218
3.51464844
4.61718750
7.92187500
25.10546875
18.60937500
5.59764628
0.17676778
4.82844969
2.98990968
0.78466797
7.27521831
2.27588763
1.73014406
17.51171875
7.66308594
16.28125000
4.16015625
6.94921875
9.57812500
5.32421875
6.25390625
7.99251219
12.55826906
12.48274657
8.09733156
14.63769531
16.04687500
4.28938719
4.21061281
1.49023438
8.51276486
4.18115359
6.91975953
9.01467250
2.29850842
2.44140625
8.51692376
5.33463874
7.54703236
12.61410045
8.56741041
1.53973680
4.23437500
7.10546875
9.27343750
4.14062500
4.28515625
12.90331782
5.21289312
2.90039062
9.32812500
25.74218750
12.41715204
1.35628546
8.18391844
6.08561281
8.29150266
1.20556765
5.36328125
13.61718750
1.32591717
3.57194093
7.14062500
11.83170656
14.64481606
4.23441488
9.12858156
10.36450133
0.57381164
10.51562500
4.82421875
9.65804078
0.76155640
6.48469969
3.72819093
8.48144282
6.38541002
2.37338153
3.45165393
0.93425061
1.72835328
7.48193359
7.39485594
6.58918440
5.40267841
8.41406250
11.65625000
4.36718750
17.52766844
18.62272218
13.05305408
4.05241467
9.28548094
8.99218750
12.42498607
9.27442154
3.33007812
9.31250000
2.14322252
12.44173592
2.93099124
11.36295656
6.07421875
1.21582031
1.76855469
7.20703125
2.02746426
0.21862949
3.39453125
7.06802970
2.12337655
6.62760251
14.31250000
29.18814938
7.04557624
7.18920898
9.52473626
7.06510749
4.32812500
16.85579344
1.19823970
11.10807624
0.09222412
7.58593750
19.11327128
4.93653341
3.70312500
7.85969969
4.57389406
8.02343750
29.02286530
12.02766844
0.99088625
7.82844969
2.49576906
9.14843750
5.62109375
20.86677977
24.88639406
5.48437500
29.92675532
13.80273438
2.84277593
9.00488032
2.41552859
1.65576296
8.38704344
11.52115470
3.84570811
1.29589844
12.45735594
4.55729250
3.18359375
7.58593750
7.97265625
8.15266844
7.14030031
3.15625000
1.61035156
2.01757812
10.95914672
21.52541469
10.47099137
0.51725343
5.18750000
0.87548828
21.64159907
8.40429189
7.61035904
13.85156250
6.37776485
2.31364140
5.96875000
6.44596188
11.15787843
5.59554078
16.03564453
0.63265015
0.02093136
1.82031250
0.39916992
6.93750000
2.28677222
8.20639184
6.54296875
8.91471188
6.97102283
3.32617935
11.05354610
6.54801640
14.34585550
3.59164450
12.03548094
4.89811281
1.43164062
13.33007314
4.65039561
13.98437500
8.57617188
1.95410156
10.95735594
2.52506593
9.68385491
1.17252936
8.92138672
16.24983641
14.43750000
0.89127687
14.21646720
5.06478280
21.21646720
6.81510749
7.66373781
16.63427610
4.14664672
10.08170656
6.15413453
3.88265015
7.80761470
7.48925532
2.00391123
8.70312500
2.67968750
3.64257812
0.00739670
17.12597407
2.52083499
5.30436281
19.30403563
8.65006593
16.87988032
6.12402593
2.52893066
11.28548094
1.34375000
13.35299008
4.15918218
14.76269282
17.22949468
8.84863032
3.73340093
17.40364251
5.56738530
2.83756593
27.33982381
14.13054964
3.25570077
4.41406250
8.66406250
3.33007812
4.82063719
4.16373781
1.23860594
4.33658688
6.63965093
8.75602172
3.99560173
1.35091561
9.14648438
9.49218750
2.92578125
13.58235594
8.08951906
2.19921875
9.24902344
2.39648438
16.48697252
9.82552748
8.00064938
18.37858156
7.64811281
6.21484375
0.07525635
5.18359375
8.79687500
7.57812500
0.02600098
8.44954344
12.19108156
5.28938719
2.84928468
20.75649380
6.26694370
7.24609375
12.29687500
10.34992908
9.61100842
0.49829102
12.83593750
12.98144282
4.12793218
11.98079344
3.00211672
7.39876219
8.15201906
0.38533446
0.22404054
12.57031250
5.28710938
2.22265625
4.78125000
12.92610594
9.11718750
1.65982907
7.86230718
10.58593750
22.45789673
8.26085327
2.85546875
10.14745346
12.91927748
8.68049424
2.40902482
4.04687500
12.09195922
0.10268127
2.64428524
5.17773687
5.41715204
6.48519171
5.25390625
2.30273438
4.55468750
3.52856383
2.84252992
13.44262633
2.52417054
7.82031250
4.10546875
26.36453673
4.26659907
12.61588874
1.71289062
12.78937722
0.48340841
8.14626053
0.53163744
7.31640625
2.59570312
3.03125000
6.98860594
0.06254152
10.24787456
1.30485981
1.00479479
7.10677748
4.48046875
4.65625000
3.91992188
4.30078125
9.73079344
3.21549562
5.00390625
10.40625000
2.24609375
12.38769531
1.73144531
12.65429688
12.31135860
2.07340702
13.18847656
4.19954344
1.07535890
11.13102172
2.66194703
13.83886470
5.81543218
3.01171875
7.62564938
4.62141844
0.44629155
0.02983093
0.05520630
6.25493835
10.76741578
5.81591797
14.92382812
3.66406250
6.81160461
5.06070922
5.89190736
8.98437500
3.66601562
5.27343750
7.13281250
0.00941467
0.29321289
7.11328125
7.12890625
24.14062500
1.62988281
8.14518063
0.57698734
0.46777344
6.39453125
10.52267800
0.53200950
0.92578125
13.63411126
14.88541999
0.63117908
4.31963557
5.53841312
5.82031250
1.54003906
15.42968750
4.57812500
1.55045407
12.23860594
1.90527593
2.61066628
8.50749778
1.06835938
6.30078125
0.77750485
6.18685062
0.43701172
2.28710938
1.03043454
2.85351562
4.40657469
0.33740484
4.03906250
0.02969864
0.67746994
1.88964844
5.03906250
3.27375970
11.97924867
0.13566351
3.37337157
0.82194093
3.60937500
10.35644531
7.57031250
12.58804674
5.50553967
5.68001219
5.85091312
2.45117188
10.48437500
0.37573242
0.08106444
0.10432984
2.12695312
1.72851562
1.45214844
6.73730469
3.39518063
-0.06192868
0.01097870
0.04223633
6.42968750
4.84765625
4.20670158
10.11947030
5.75390625
9.15625000
9.38281250
4.26171875
4.76562500
7.98046875
9.07096188
2.92919548
9.09359264
0.60384032
5.27734375
10.77343750
8.79329344
6.08528812
2.36427307
8.05891844
7.55826906
0.26733398
2.06054688
6.51302000
2.17968750
2.05631593
5.51300892
0.86199108
3.56142088
4.10123781
11.16406250
3.11962891
13.67220998
12.23258422
0.15620973
9.26544770
1.90252105
0.75049679
1.46142703
0.52962281
2.97102782
8.54687500
1.37369875
2.50846188
6.47591312
1.35156250
0.10205078
5.51269033
7.57617686
2.64257812
10.13247681
1.02372742
1.68326657
11.94466312
3.88574219
8.40625000
6.27766844
11.36295656
22.35113525
18.23634001
12.97102782
4.38606937
3.08007812
3.42382812
13.86132812
0.83996582
0.42797852
13.74283688
10.06347407
2.37988530
8.00871198
3.79948249
15.74673316
4.40561059
3.37564938
2.17122562
5.53906250
1.14123037
11.43506358
1.74869626
7.98414619
12.99023438
4.29101064
8.77148936
2.35221270
4.97804853
2.54492188
18.96516844
3.84928468
1.88899407
3.45182624
4.38281250
4.47047928
1.68088791
3.66406250
1.55859375
1.27910277
5.71451906
14.27050532
1.73860843
8.03483156
0.73681641
8.67187500
8.44531250
5.03125000
1.03027344
0.11859131
10.01464096
2.46796962
7.78336547
2.46012079
12.17863288
4.17708250
7.43359375
2.14127189
4.84212468
6.94921875
8.36718750
0.91943359
1.94173094
29.66471188
0.68213140
2.58471680
3.72851562
0.98632812
9.99218750
3.45703125
5.19531250
4.76204344
1.47790558
1.01591035
0.14668699
0.94173219
2.17610719
3.98632812
0.70214844
15.76985594
4.72395501
8.88216312
9.89127438
7.04557624
16.70800532
5.90495124
10.58593750
13.27343750
7.00390625
5.59765625
2.63085938
5.64062500
3.92578272
2.30860372
4.90266844
20.38639406
7.29687500
3.82373047
8.47069814
3.73633311
6.97622784
4.23535904
3.71289062
2.60286624
15.19131470
17.57934570
12.17533356
2.46016449
2.99804688
3.84375000
0.20926879
2.44448333
3.25945589
6.76269282
9.12629876
5.25944592
3.51171875
18.74430297
0.29744508
37.10107048
4.96142952
2.89810467
1.86497403
1.00994292
2.84375000
3.79231937
6.31867908
4.36882092
10.38281250
0.01016235
1.88464355
9.93344360
5.93042277
4.68300863
3.47155762
9.73437500
5.94140625
1.89648438
6.30680297
34.21337766
3.85481937
7.97265625
3.05240719
12.67903812
0.99303452
5.67676529
1.52343750
1.62401845
9.97461436
2.27343750
2.44140625
2.64094969
0.23966554
4.22688719
11.36718750
2.01009032
3.23203833
4.66796875
4.38671875
3.26398660
5.44499778
7.13281250
10.08984375
6.02376219
11.51920656
4.24218750
7.33805297
0.24495484
5.09586547
15.03304078
3.92708001
2.36165531
2.63997562
3.01432126
14.91849525
10.02343750
5.30078125
16.46093750
3.66340814
5.53027593
3.11295656
15.46158688
3.02669437
7.77734375
10.62206782
4.07259032
6.76074468
2.58561281
0.77978516
14.50000000
5.54719969
6.52701906
5.08984375
1.29345703
6.16406250
6.85351562
7.83984375
5.12174313
5.52278812
6.90234375
2.02863254
6.56316433
6.18750000
9.01204344
5.48112062
2.01562500
30.29329344
1.40332031
5.63639406
1.08300781
1.59212157
5.90818319
5.88641400
2.69970703
20.98640867
7.46093750
7.59574465
34.07454344
10.09798094
3.04850343
9.85514406
0.75691399
4.77995124
0.51806641
9.37500000
1.19927979
5.53125000
7.89453125
8.88346188
5.86768150
3.76497562
8.21484375
2.26562500
1.44238281
7.11328125
4.15234375
3.87695312
5.23828125
7.71875000
3.12564938
2.24349124
2.92431641
3.92610594
6.13639406
1.32421875
1.70996094
4.83397939
5.99447030
10.45670656
2.00390625
3.49755859
14.60546875
8.06250000
3.99804688
0.07830811
0.41431808
0.88281250
3.59049313
1.84700687
4.20507314
8.73665780
6.31054189
1.22331311
4.46971909
3.04590591
0.58154297
0.60693359
6.39453125
0.67456055
8.72265625
2.87955563
4.44531250
3.55696532
3.49186281
4.87850554
6.83593750
7.68001219
6.58951906
1.09765625
1.37694814
1.48437998
2.62532469
5.09635500
2.63801751
2.92448249
5.53157469
7.15592531
1.92903563
12.63281250
13.66406250
25.59733156
5.04296875
9.54687500
8.31250000
13.58300532
2.82910405
16.26171875
2.16992188
6.96695922
0.69515015
0.23522949
0.03216553
2.04821777
1.54711914
7.86328125
2.33398438
7.44563719
4.55045656
14.14192376
3.49674811
2.38867188
1.18903792
1.87989029
8.82389406
16.42382314
11.61165780
3.41764406
6.85937500
6.74641844
16.15885500
2.95117188
1.46621807
2.57064716
2.05224609
4.42219969
8.69889406
2.64518063
4.28450687
3.88346188
6.86751468
13.42187500
3.27148438
1.61621094
6.00537109
4.89843750
13.46084595
6.79687500
7.37109375
3.26171377
6.93555186
12.60937500
1.79199219
5.94140625
6.41406250
7.11328125
5.48437500
1.63964844
0.77978516
5.23437500
6.23437500
8.39485594
2.66764406
9.39754211
0.37593442
3.30013187
2.89485096
5.17741467
1.59813456
2.11133809
12.95703125
7.01562500
2.39713376
3.08333499
3.12500000
3.98242188
0.08258057
2.99282193
3.80209995
5.03742908
5.90007092
2.51855220
1.02539312
32.81346410
3.77637965
1.16210938
0.29498291
20.66316649
11.43652344
2.98209718
16.27245346
10.31169326
3.86116578
11.57096188
0.04512699
14.03596798
9.96207890
14.58235594
5.66739805
1.81697446
5.65234375
8.51855718
5.64811281
25.68033688
17.08170656
8.77343750
17.69547609
3.05078125
6.94140625
2.36165282
3.05631593
8.20019282
2.29980718
10.85758422
4.30647828
1.56542969
4.89452627
9.24414561
18.19954344
4.28873781
5.22656250
11.20312500
13.00423094
4.41047596
2.46029310
3.25780253
2.28321309
6.54345703
2.95117188
11.62923094
8.69531250
9.55045656
6.22656250
4.17968750
3.70914672
1.25862672
7.93895612
3.49886857
1.95410156
8.80468750
6.13248781
14.38085938
10.86132812
7.71093750
1.00878906
1.19726562
0.70361328
9.89399522
4.26481826
10.26399657
3.11295656
11.37988032
11.28645999
3.51953125
4.22327665
9.97140391
2.62305186
4.20312500
5.51106937
2.82031250
6.16568595
2.84798592
5.03906250
15.24869127
5.77474623
3.79882812
10.63281250
0.49414062
2.88281250
8.15216064
2.33398438
3.45703125
7.99804189
2.63672373
19.29296875
3.59570312
10.44726562
11.89062500
6.00911375
3.73665282
11.65753658
3.01171875
1.02636719
8.06054189
0.99316905
7.51452637
7.07453347
5.44781554
0.29381310
14.06714058
4.45637938
6.25358156
14.04687500
6.50846188
16.42626953
8.38997562
22.27962157
2.12163881
4.06965814
8.83463874
11.37550497
6.62694814
3.13086436
0.62744141
21.69824219
28.97997798
12.67301640
7.26269407
2.32552249
23.13671875
20.24706782
13.14420656
1.88997562
5.37109375
7.24705785
5.34278590
3.38671875
7.69757536
8.66179964
19.32746565
6.64322252
8.37696808
13.41796875
4.99218750
7.85156250
14.59798094
14.26080322
3.49381593
6.46939938
6.60481937
11.83788564
2.45345467
8.97631587
0.98893561
16.07617188
12.59798094
3.23990968
3.34179688
6.58203125
2.29492188
9.60627923
7.53606811
3.10156250
22.12955563
0.76058109
15.69400876
2.49739749
13.01843864
3.78654366
4.06339539
2.89094969
28.93522218
11.92350094
10.32389406
9.09798094
2.08528812
8.83300532
3.49935062
5.56608156
8.37141844
14.23860594
15.25358156
2.33756593
2.45507812
11.10937500
4.86555408
1.50749279
15.89387190
6.16472185
8.70377438
9.26204344
2.89941655
0.28222656
3.80566406
32.67822266
17.06760639
3.61989361
2.47525876
7.64833744
3.60156250
0.66699219
5.09244127
1.45866467
8.00699953
3.33939606
0.86079926
8.85774657
13.06071047
3.01627438
5.50194814
9.88998060
2.88867188
30.16503906
7.85156250
11.52766844
1.85221437
0.62744141
13.10008644
2.11671043
11.67242432
1.39550781
8.43032940
14.67773936
2.19173592
4.96785461
0.22172059
5.58364473
7.02182402
4.58984375
1.84249878
5.66471188
3.78060062
23.23331540
6.64388187
1.71484375
12.83565830
5.37663342
1.34570312
5.08072252
1.76888685
13.74283688
8.76106937
12.90055297
0.76350953
6.25097407
1.72754155
8.22460938
1.74316406
2.43164062
10.06673094
2.42545656
0.10339355
21.47859427
2.83561281
19.17675781
2.86132812
2.79329344
1.78971437
7.62013686
0.22312486
4.45344969
4.15201906
13.88281250
3.97524879
8.28093528
2.34147218
3.43589950
8.93391844
5.35839096
4.92644060
3.50195312
9.06201172
12.06314938
4.76106937
13.97460938
7.87337157
0.56705812
10.68391844
0.05387453
12.18391844
6.52701906
0.07952881
3.53906250
31.24804688
2.12206284
18.28385749
13.25228280
1.82909907
11.09472905
35.04492188
7.36165282
6.69108156
10.37500000
2.30468750
1.68457031
0.82682126
7.35140140
2.69140625
1.68457031
10.35579344
9.18326906
4.92968750
6.49251219
0.11979250
4.86930297
9.35335328
3.88867188
1.28808594
17.95149657
4.59625665
9.24218750
2.76757812
11.13085938
2.94465814
0.22477546
9.96200562
6.20344969
13.16829344
28.30501219
2.43619127
2.40267841
1.46386719
11.17382812
4.88443595
0.99447030
12.92407227
10.39861000
6.41406250
5.28515625
13.75572968
0.21594238
4.10253159
4.41114029
1.75097656
9.94726562
3.58789062
7.37500000
14.89134642
18.57877438
6.31152593
4.63671875
1.20703125
7.08918440
5.94548357
5.72688719
2.28678468
12.62500000
11.86751219
3.84375000
13.20019282
3.06347905
2.20865968
1.67675781
10.93359375
3.44531250
10.38704344
1.83268312
8.94302970
15.54622562
2.70410405
9.22265625
30.91292110
3.84879765
11.84375000
5.84407469
4.56998781
9.71875000
5.59439938
4.39778812
0.54296875
14.81477782
3.55696532
10.39828242
9.90613198
8.30122894
5.96907469
6.66015625
3.88639406
0.58886719
1.12613891
1.21663453
6.17219969
3.39811281
21.13720080
15.45459607
4.63313719
3.62272218
10.00390625
8.67187500
5.10546875
2.54101562
6.79068595
3.33626717
4.64843750
13.94531250
23.62271720
6.56705563
1.41960217
2.37109375
1.01529782
-0.07230465
4.81958008
3.12500000
6.54296875
5.99770723
2.69760527
5.23469969
6.71061281
4.12890625
1.10465329
1.49153812
1.37988281
5.72167969
10.80630846
3.42708998
2.45311254
0.82520777
5.78613281
9.37141844
2.61686281
8.20050754
3.28386746
34.26757812
8.09375000
2.54101562
4.84765625
5.73437500
0.88736315
11.75912123
9.44921875
4.49609375
8.05468750
11.14212887
10.28483156
5.59342531
11.12923094
3.54459718
4.25000000
8.77440160
1.90137965
2.66210938
8.04492188
8.86489473
2.93198027
7.82812500
2.32812500
9.58365470
1.50423592
19.36327128
7.01954122
10.29394282
13.77456395
10.82317597
2.69966644
3.54047430
3.15528590
4.05078125
8.14843750
2.39029034
2.93588153
10.38281250
7.97265625
2.59016844
1.61490968
3.67968750
3.36751219
1.34537843
7.08984375
19.32135435
9.98014406
4.45312500
3.11328125
9.90625000
3.94140625
8.00423094
13.52701906
16.09894504
8.70639184
3.49153812
0.02478134
1.02775086
8.64062500
8.11718750
39.55175532
2.04785405
6.90234375
1.29699707
4.01562500
11.25423094
5.01139406
13.81852172
0.80680297
9.15983156
5.33235594
11.69108156
11.38003768
3.00895888
3.38444093
22.71712384
2.73698249
2.06445312
12.61642456
1.92613126
4.06202792
16.25145612
3.39730607
20.41264872
3.25749778
4.68750000
1.51171875
7.38281250
21.34505125
7.66983032
1.99119848
5.14714871
2.73665282
14.05228761
3.09765625
10.29687500
2.25427246
1.60156250
16.71093750
6.82844969
1.08170656
4.45312500
11.70507812
17.08804300
31.50570700
6.32739258
6.74674313
3.40755374
1.62011719
14.85546875
12.34159301
13.55745484
8.69921875
3.27734375
5.40299313
15.81608156
4.30436281
5.39453125
1.21679688
1.13411375
-0.00716063
5.36099845
18.13900155
6.59798094
5.55257203
0.44368531
20.25000000
12.51582513
9.49870124
11.13281250
6.55464712
2.63379654
8.09375000
12.64908688
5.32454344
14.59750615
3.97099481
7.05078125
6.83463874
4.64648438
33.50927734
8.32031250
2.66253662
14.15266844
9.80826906
2.08007812
3.52277815
8.12175310
1.66113281
12.28906250
2.23691916
1.96999002
0.00917816
0.92301266
7.23567376
4.25606940
11.27343750
7.16438719
10.26920656
1.05305907
7.11295656
39.94140625
11.22729492
2.72851064
1.98038486
7.38932624
7.48600343
5.96126219
3.45670656
13.08235594
11.14420656
8.59375000
4.12890625
6.94921875
14.29687500
9.06314938
2.75520999
11.32031250
4.45377438
6.05859375
1.95442874
1.49804688
10.92138298
8.21924202
16.35937500
1.29800768
2.41732435
25.03125000
2.85644531
0.31762695
2.25618407
5.88530557
1.32351023
2.93099623
15.06235094
12.75976064
8.87045434
3.81054688
5.68391844
3.09373049
6.63671875
11.89843750
5.14062500
0.19641113
1.57910156
9.70312500
10.21939938
0.67822390
3.71468140
8.91406250
0.05209351
8.59179688
6.67838376
5.03906250
2.61002438
3.57096686
1.71907469
1.33105220
3.60010015
30.20182375
0.67578125
1.62890625
3.85530267
3.55338874
6.07519282
1.13281499
41.74023438
8.61718750
6.28906250
3.34700189
7.72526374
2.07617188
2.98632812
9.71875000
3.51562500
5.75423094
5.29655031
3.44520283
10.27343750
4.05078125
2.31494141
6.09375000
2.76399657
0.40885500
8.48848138
14.27897468
4.03125000
15.57698360
1.02750859
10.65266844
4.35123781
1.78222656
2.69189453
0.00000000
4.97656250
20.08626219
2.00944093
1.53808594
7.84081782
11.81933843
7.58593750
11.73677208
4.40629432
0.00939178
4.96215820
8.54410766
12.32991578
8.82161126
1.88737311
15.77766844
5.08990525
4.68353225
6.56992631
0.24835252
16.87141844
19.32454344
11.94376773
0.23950133
10.76139406
8.67284907
3.91699468
9.31250000
2.65657469
7.69108156
10.73827128
12.66016622
2.82812500
8.38281250
3.25781250
0.70570301
2.87468029
8.04687500
15.30078125
15.83809324
3.71451906
12.37701416
2.19596188
7.49022939
10.39494459
1.50577820
2.17286301
9.12695063
3.13965093
3.51432126
4.32454344
5.23340093
3.23665282
0.69645265
0.24194336
2.10807126
5.76839110
3.92578125
0.75976812
6.03125000
13.08040282
14.40486259
1.11141428
11.79329344
0.16739992
8.78548094
1.16503657
1.71549811
5.32421875
2.70507812
2.77734375
2.25423094
2.24576906
10.49670379
0.38635285
10.59810110
4.63313719
2.41145999
10.70735594
1.57389406
1.48217524
7.43261968
1.41015625
5.87109375
5.68391844
3.88476562
1.54980469
15.59121279
4.08984375
13.56250000
1.47285794
0.14677097
3.65527344
5.62109375
6.56640625
7.82844969
1.61621094
12.00179078
4.14632203
13.38476313
8.82747562
2.03287843
2.79296875
12.90873043
2.96374667
9.26216644
0.02326965
2.58463376
7.46810062
3.41601562
6.65169188
11.85937500
5.80436281
2.97867797
1.39729859
6.97850067
7.48634308
2.75585938
2.60937500
8.19531250
6.63281250
9.61441268
1.70410904
12.37613891
17.93750000
6.13248781
5.73469969
14.13281250
9.76139406
0.32421875
1.84309813
2.22233156
12.43391844
5.07389406
10.86360594
10.97014618
15.27343750
14.62141844
9.10091312
19.70312500
10.46158688
6.50325687
1.43261719
9.34570312
4.98828125
6.31314938
3.63216312
1.83300781
6.69563719
4.94954344
11.13216312
5.02083001
6.61621343
3.77994875
14.01562500
1.27343750
2.62890625
9.68831297
3.17936281
6.87500000
2.42968750
0.62353516
2.49217255
1.75587433
8.84375000
4.15234375
0.60498047
3.27343750
9.48535156
3.80468750
10.92968750
16.61002438
14.78613032
2.09798592
8.08593750
5.85156250
1.97363281
13.58300532
6.35254155
5.17187500
7.66471188
3.33138187
2.63476562
9.01367188
7.33626219
2.54069093
23.92578125
19.22265625
0.13867188
9.07031250
3.11425532
11.38574468
1.48510742
6.95344969
1.04655031
1.07324219
5.17968750
15.14452128
7.94271498
17.59301581
12.14892578
10.79394282
13.22656499
2.26171875
1.72265625
4.85684204
3.21028314
2.79166999
0.87402344
9.98142288
1.21388962
7.67187500
8.32031250
11.83943477
2.13786015
13.80468750
1.04475828
7.75260500
4.49039672
3.78694703
0.16955566
3.08007812
16.25210550
0.79476950
1.20214844
3.80403563
4.82780031
14.74641844
18.54687500
12.10644282
4.64534796
0.30704711
1.59733156
3.08040282
1.34342531
11.31250000
9.13883422
0.99007203
2.83789062
18.73437500
2.50390625
2.91601562
15.87320922
0.88273133
1.03312195
6.03125000
8.78906250
8.30468750
8.99023438
15.44288676
4.74461324
15.74902344
3.20312500
13.74820922
1.44417359
16.57421875
8.30273438
3.88085938
8.23437500
2.76367188
3.28320312
6.31282469
8.45475343
2.59570312
11.55468750
16.58137689
2.87370124
5.60156250
1.11035156
10.31673094
8.44173094
1.78661362
4.86556903
6.52766844
4.71272828
12.89306516
4.03417221
7.69564716
2.17517090
8.89062500
12.30500222
1.81804465
3.68660461
3.56256871
8.87582668
0.99316406
2.70052000
5.06250000
11.68750000
13.00358156
2.20117188
10.15689938
3.19270999
6.07226064
19.98242686
11.76562500
11.10644282
3.60644780
6.74413564
4.25586436
4.32875943
2.54038120
11.72509766
4.78515625
7.87174313
5.04231937
2.56054688
4.68359375
11.41406250
8.27896720
12.74738254
2.67677526
4.80891844
4.19140625
1.12093016
5.63997562
6.39485594
8.13248781
2.41796875
21.12609863
3.17578125
7.64094969
10.60335328
2.58968140
23.81097412
10.78906250
4.42578125
3.36914062
12.22017177
0.64799230
18.02749114
9.04933011
3.92903812
5.47656250
13.56070922
0.59016969
13.99055408
4.78288342
2.75781250
3.48094332
1.82504543
3.45670656
7.00976064
3.16211436
1.42089844
3.81103516
11.96695922
0.95589234
6.20312500
5.47641475
14.96615248
2.75000000
6.75032469
3.51139406
3.29492188
0.62500000
15.09550858
4.76171875
11.27343750
0.03741455
2.53515625
9.07649158
8.96093750
4.45821697
0.96431488
6.84798094
9.41242908
5.83333998
0.12487793
10.76562500
14.95833250
3.05436281
8.75000000
2.68391844
13.76562500
4.11197252
2.00489029
8.52343750
2.32031250
0.03176880
1.34082031
8.69531250
4.28055852
9.32328180
1.88696289
8.33235594
2.10091312
3.01171875
1.95410156
13.86421629
14.01204344
2.35091312
1.54882812
15.59700189
9.34863032
2.77311779
6.80810547
5.86458250
7.89420656
12.22721188
2.81966312
1.40429688
2.72525876
3.44075687
2.50000000
9.21939938
1.83919437
11.07741928
9.88281250
10.75000000
0.33105469
3.62695312
1.72070312
2.97101535
4.61589871
9.31250000
13.60156250
5.81673094
1.21842531
10.05110594
11.37694814
3.62272717
8.13704344
5.90704677
16.20981604
12.10742188
7.50683594
6.10221188
5.18978031
3.53710938
8.36279297
5.99218750
16.16471188
12.50716312
3.28515625
11.51269282
0.55566655
5.16113281
2.52929688
16.13387024
0.21608907
7.68750000
8.48372562
6.94140625
16.23437500
3.27408688
4.36653812
14.92187500
9.64843750
4.31250000
10.23110816
2.25717309
6.80859375
4.23925781
11.14908688
0.87532718
10.71662456
7.97087544
17.04178333
9.95735594
11.36295656
4.49771720
4.85775155
12.44009752
1.40593029
7.86295656
0.04508422
5.22444703
5.41406250
16.32128906
2.26562500
15.41048094
8.20670656
18.07927704
18.74609375
19.04589844
16.43750000
11.69661126
2.49674811
7.17016602
9.63012571
13.49755984
7.62207031
2.97851562
14.04752438
3.85123781
1.28190187
4.43000721
8.41569592
1.63281250
6.44010251
5.63639406
13.80045656
9.41177970
2.42415780
10.54589844
2.72265625
7.45466977
0.24406070
9.47851313
7.47168218
12.55305408
1.57975842
4.18750000
5.55989251
1.31706061
10.84829566
4.49154809
1.42675781
9.22916002
6.98648050
2.38201573
3.26322418
1.58867152
14.16927249
4.46061281
17.78125000
4.17968750
5.97265625
5.00488281
3.21209717
11.79752438
7.97004876
7.74023936
2.58333001
9.32819953
1.76074219
11.63964096
15.18146500
10.07641103
13.20898936
12.20747303
2.69043467
6.41406250
4.23405031
4.58203125
11.71972656
1.78613281
4.10937500
6.58235594
1.98795656
2.53515625
9.68750000
0.74007078
5.34375000
6.11295656
3.80859375
6.37890625
16.03125000
11.91861813
2.58724124
5.45409907
3.65560062
12.38248781
2.16634032
2.97819093
11.98144282
1.73926030
6.23144282
2.86230718
7.53645501
2.70768561
9.25000000
8.57031250
3.53092033
1.91666999
11.27343750
5.09342531
2.72167720
6.05761968
3.48632812
7.98437500
11.62174313
8.70312500
14.04687500
6.65592531
2.52506593
13.78319814
7.52930186
5.48437500
8.59977172
5.38720579
4.08528812
5.04426751
0.63053718
3.04101562
12.20735594
11.71093750
2.92415282
7.03841312
2.91829344
6.12076906
6.43001219
8.42277039
0.34594789
0.65039062
4.78906250
11.90396720
2.97167720
0.74251967
4.64274047
1.82177361
7.02181405
7.22656250
0.22509766
1.78784180
3.26953125
12.21516844
8.89843750
14.98795656
0.27514648
14.57272339
3.40039062
12.16601562
16.49023438
8.48242188
1.73678970
2.89648438
12.40625000
11.68066406
3.80658234
4.58013641
3.95312500
1.35644531
1.50195312
8.57828735
1.71670129
2.36914062
8.35579344
6.62858156
1.62597656
2.92187500
8.72656250
1.51956940
13.96418440
5.44987810
6.67773438
1.89086852
0.37402788
6.25390625
15.11134338
7.30891844
6.15983156
6.63403320
4.41796875
10.70312500
3.01757812
8.14062500
9.55110594
5.71289062
4.82063719
8.03060062
13.72314453
8.49641844
15.08170656
4.07031250
8.40625000
11.85579344
0.88330078
3.52506593
9.09375000
7.60969969
0.53718992
3.49935062
0.56445312
0.04595947
6.18750000
12.65625000
5.28157469
0.18253664
4.19563719
7.82812500
8.79752438
0.92187749
9.87141844
3.20865968
0.03942871
4.46093750
5.31152344
1.04882812
6.29899047
0.25154664
4.58984375
3.06054688
6.42968750
2.63671875
1.27636345
0.14404671
2.10742188
4.44238032
2.69629155
2.85546875
6.26187985
10.26285890
2.73274657
8.02701906
7.81640625
9.07519282
0.49088874
12.96527639
9.25203679
1.99755236
2.47315325
1.50195312
6.63736938
1.99080445
1.87207031
3.71875000
0.44474118
9.63216312
5.42578125
17.88775635
10.84081782
14.01587926
2.01541901
0.61376953
5.16048094
2.68554688
5.99698914
0.67553773
8.12923094
2.14225343
3.65820312
0.06158447
1.72265625
9.93830674
13.26904920
4.70280031
8.48632314
4.63477061
3.79882812
3.31445312
12.30468750
7.60156250
0.69189453
5.63671875
8.92578125
6.35156250
10.28125000
11.02118906
0.43779532
6.88525391
1.69238281
6.76171875
7.16796875
6.06250000
6.21093750
1.84407469
1.21549562
11.87923094
1.67350343
2.79329344
6.96061281
0.20467039
0.10197023
11.64062500
6.70572751
3.31380374
17.75000000
10.52408688
12.89615968
5.81998781
2.42773438
2.50390625
3.63736813
0.72835453
4.99218750
7.84375000
12.73437500
4.36230469
6.08593750
10.82812500
0.46142578
2.84960938
4.66796875
0.60546875
9.10156250
5.36783688
11.42513187
10.87500000
3.60742188
0.36612914
0.45060055
1.08610234
0.05966187
10.12174313
5.17155031
13.40201906
8.14843750
3.13085938
4.82454344
0.28165773
1.38329580
0.96810311
19.03483156
11.72298094
10.20491578
12.47900266
3.48730469
10.24153812
4.63866689
7.36556405
13.82031250
6.80826906
1.28710938
7.80078125
3.53059065
4.85222185
4.60579344
13.70312500
15.33625222
5.49284685
2.10416999
12.83593750
1.64111204
0.73193484
2.36132812
7.77294548
2.26807014
6.17187500
12.34975178
4.02524822
2.60986328
3.65820312
6.17252438
25.05875734
4.00618407
3.92936281
10.15983156
5.04752438
11.49608877
2.38412123
8.58593750
0.21191406
3.31835938
9.50846188
7.52490359
1.03011109
6.13313719
9.73663786
5.73601839
5.88421709
0.63254807
12.25512633
0.04321351
11.35449219
10.57584220
2.39095467
1.12304688
8.42578125
2.15039062
3.89453125
22.59895750
6.29329344
13.37076906
3.50748781
2.31673094
3.10319093
8.44954344
1.81086907
4.39241952
2.82617188
4.58251953
5.02343750
10.95865470
7.07650155
0.00490189
0.27555172
8.15560062
17.80859375
8.33593750
0.07232666
6.62109375
16.21516844
11.00822023
14.02343750
0.20898438
2.31017786
0.77282995
1.59472656
5.91779145
5.03923980
0.77539062
14.52878990
2.88185463
0.82470703
10.14843750
0.27587891
0.10845947
12.69954344
8.15299562
5.57063719
5.10301862
10.99820922
7.35547872
7.71630859
5.21875000
2.69921875
7.92488586
10.24778591
6.23869459
0.67652426
2.64062500
2.67321777
6.80859375
9.36718750
11.84504876
2.44010749
10.73632314
5.36914561
5.26171875
11.29687500
5.64518063
21.91341312
2.39843750
10.67968750
7.39257314
4.68164561
7.82812500
1.57128906
12.39062500
1.52832031
16.63605940
3.95476091
5.95735594
3.73990968
18.27829788
1.91733931
9.50000000
5.03515625
4.75748781
13.19042969
6.40112305
1.16015625
3.64843750
4.40234375
0.02412415
2.64904785
12.45312500
2.56250000
15.52197266
8.91048094
6.83593750
3.52897218
0.97053953
9.28548094
9.43685062
3.47460938
3.84602782
10.32405516
3.46810062
9.44173094
10.48460726
14.32470080
-0.18456408
3.26626940
1.05404310
8.64679411
6.77117464
2.04101562
6.59765625
2.27734375
15.65625000
4.43750000
1.69628906
5.26723848
1.59799589
7.31640625
2.48437500
1.83170158
12.47526374
1.54948000
7.42643063
4.26497562
12.09375000
6.42968750
12.31982422
1.78515625
1.92578125
13.15625000
0.58593750
2.60937500
8.06282469
3.82063221
12.44368876
8.18002216
1.36718750
4.94140625
0.02854919
13.84375000
9.76562500
6.30078125
4.84667969
2.55273438
3.60937500
7.86718750
7.81250000
13.49238586
2.14062500
15.71093750
3.40233378
3.93533300
0.55637619
11.35691490
2.86215979
4.61686281
10.62141844
1.98990968
1.48893063
0.38851078
14.97851562
6.91015625
6.55891844
9.07120789
0.55037414
0.32828859
10.04199219
4.10156250
10.76806516
0.77636843
2.37500000
12.25000000
1.56770501
0.78792608
8.45589234
6.83203125
10.66048094
2.32975343
5.77799313
1.70638187
7.54687500
2.30696532
5.46842531
5.85969969
7.46516844
6.71614749
8.70312500
7.66406250
0.31058622
0.58223605
8.40625000
5.08203125
4.78515625
0.04879761
1.13476562
10.33789062
7.88281250
7.72656250
0.52246094
2.77343750
13.66406250
3.53320312
1.01367188
8.79394282
7.47168218
8.51562500
4.71875000
3.62727782
4.83203125
2.45084718
0.90234375
7.90281583
1.14601229
13.83544922
4.91015625
5.06118774
14.27441406
19.62988032
7.23763187
2.83756593
6.89843750
5.57242797
7.14143174
10.04427748
14.48014406
0.85424306
6.46354499
2.85693484
1.51448609
5.00813719
12.11751219
4.46093750
4.65592531
4.78515625
3.61002438
15.97558843
5.13865324
8.74381593
8.28125000
3.68554688
0.12902832
3.84667969
12.24218750
10.89359527
1.82824551
5.17936281
7.82780031
4.24609375
16.36783688
0.11824710
15.85156250
5.35156250
1.74804688
4.06250000
7.69954344
1.79948000
6.82031250
0.94726562
8.89062500
5.87890625
4.38671875
8.80078125
4.37890625
10.69432846
14.75912123
4.17155031
10.49609375
6.27734375
1.97851562
6.47036348
4.81869902
12.79573360
1.31266484
11.97851562
2.97493407
9.22233156
4.19173094
11.47819093
9.78906250
9.93900512
0.97737672
0.13049316
6.56494141
4.70312500
21.46126219
24.82877687
18.41992188
4.20312500
1.26660156
6.21093750
0.61376953
2.27962157
9.70458112
8.83496966
5.21842531
9.98046875
9.16048094
21.86100343
4.47656250
2.91601562
5.61718750
10.84375000
15.84601286
3.24806183
16.62141844
7.96028812
7.75012207
2.20703125
6.41406250
11.78189938
0.84326172
5.37255984
0.85042359
11.76106439
7.00651374
5.63671875
14.84375000
6.67252438
6.00716312
5.75000000
2.28157469
3.26464844
15.24771720
5.82617686
9.42610594
0.91178468
5.26171875
6.87109375
0.46875000
0.13341185
6.44238032
4.46745124
10.90266844
1.81315187
8.36913564
5.19205563
4.12630873
2.93554688
14.12418028
12.85156250
9.12858156
16.16796875
14.30289672
0.82698609
8.26204344
9.57957115
1.59979166
9.04508422
8.55647828
1.41210938
2.37683105
11.42317376
2.13541999
5.15234375
12.04580953
5.63477061
2.44140625
12.11718750
3.60384032
0.98307375
14.70540282
13.14371454
4.21142952
16.24218750
11.83089110
5.70768312
5.73437500
14.46093750
2.45053864
5.65445922
0.29915406
1.23665282
7.64811281
14.02343750
4.37500000
8.96875000
7.50682846
1.35059341
1.81477782
0.37443117
7.98598848
7.57651152
2.26171875
10.09666224
2.16505651
7.90543454
