0.04508422
19.11507203
14.04687500
8.73417902
9.75781250
2.02148438
7.69140625
3.19885254
4.19685727
1.61759585
1.46777344
10.30533688
6.20638187
7.40625000
9.35937500
0.30224609
6.63281250
0.00468445
24.64367676
2.68977782
6.87679078
11.93115110
0.93099124
19.07096188
16.38524768
10.29004654
0.70882203
2.01757812
8.25423094
11.92187500
3.53092531
8.82031250
5.03906250
8.98502438
0.39111453
0.70361204
0.50179203
9.27343750
10.21093750
4.99804688
4.28125000
2.32031250
12.40625000
1.36425781
15.12451047
2.58935671
1.55957031
0.79394531
3.04915282
1.81022218
1.69335938
1.99983142
3.66960217
13.87320922
54.77197141
23.20247562
2.50195312
1.04492188
6.46875000
0.13530394
3.13639406
15.71516844
8.08755098
8.65365248
5.12386857
2.36116578
8.88704344
7.05436281
3.21484375
2.87109375
4.45312500
5.90982159
3.25033466
12.44531250
2.65591174
0.17611951
18.38964844
12.83409243
0.70106382
11.74559402
10.72721188
11.70197986
14.18067154
9.45346069
1.44595337
10.48502438
5.13248781
1.87662843
8.59146720
1.26448983
2.09765625
5.98437500
5.17968750
8.29597961
2.17309508
9.51464096
2.32683122
6.26008782
35.72428344
1.46533577
4.20703125
10.54752438
3.92033023
0.15494812
1.70214844
12.74080321
6.04730531
3.25328649
3.93197030
11.66992188
11.86718750
21.33853502
10.74592642
6.19288231
11.53971188
4.97656250
7.09700687
3.71289062
6.65689938
10.87036808
8.66406250
5.67578125
2.15625000
7.19563719
16.20670656
19.56852172
0.53841187
0.78001206
4.16325576
1.83300781
7.59114251
1.12858405
11.55891844
13.98876330
1.12809951
12.72591063
4.48828125
10.15784029
6.00781250
1.13085938
0.08288574
7.29687500
6.85221188
1.64290531
1.11816406
12.32031250
21.01562500
6.01171875
5.17187500
2.74218750
16.94009752
5.85677748
7.21158688
2.61815908
9.23869459
3.15801003
0.39366661
9.35156250
0.29174805
4.83235594
1.72265625
1.50651125
3.63118407
1.22428468
1.51269531
14.44645141
13.09944703
6.19921875
3.48242188
0.64453125
4.14453125
5.79296875
8.19531250
1.46907469
-0.00905272
8.34195922
2.41780640
16.73388298
8.20573249
13.24657829
21.75259752
0.89031028
31.97216797
2.57617188
12.43846410
4.90951684
0.54103249
0.41018090
1.55078125
11.61945036
18.25750276
0.11138916
5.83984375
15.85579344
2.86295656
3.51171875
4.46536064
0.00366211
2.30859375
11.63150876
10.94286860
4.15072030
8.94954344
2.37565187
6.31106567
0.74316406
6.96484375
14.54978724
15.72788120
5.65201906
10.63281250
2.04492188
1.49902344
11.77180408
6.08757092
9.23437500
21.96093750
0.74771969
1.16438968
2.00195312
0.88899657
10.56608156
4.95703125
18.86872542
1.36556156
6.57162123
4.65625000
6.55468750
10.02343750
2.63118407
1.04003906
5.90201906
4.63313719
0.89453125
6.15983156
18.46874502
18.34245124
3.07356937
2.56054688
10.14485594
5.21451906
2.54492188
11.07812500
4.51692376
4.39908688
2.65625498
2.51562500
5.99218750
2.33398438
1.30957031
12.21875000
1.03694329
3.61784186
1.20410156
11.60156250
1.47135251
4.40950687
8.81281472
2.94320700
0.77083375
6.17142731
3.73905364
6.01139406
0.59130859
2.69140625
0.50683594
0.01161957
5.54687500
3.47656250
7.11881095
5.88900155
3.28808594
0.36637328
2.94124390
0.26098633
2.40039062
3.15039062
1.55273438
12.56883644
9.42749335
0.26148271
1.53018541
9.29427748
1.07503172
5.90592531
8.24218750
5.71093750
1.68750000
5.58984375
7.85624114
5.50704011
5.10969969
0.11112551
3.88085938
1.51464844
15.98079344
4.85026125
0.76220703
8.40625000
0.08489990
3.50000000
11.94954344
0.71793703
1.65722656
6.85156250
11.29394282
4.67090093
5.96875000
3.86824524
0.46061219
2.26161826
0.68198525
0.24096680
9.47656250
2.60546875
0.90518790
2.82259530
9.48437500
0.33143917
0.28922734
12.94238281
8.01269531
8.34228516
7.98456001
5.41015625
3.91601562
9.10937500
0.05933593
20.39371454
8.74689052
2.15024822
9.50227283
13.02995124
2.01465093
6.87988281
2.46907469
6.44446901
6.63671875
13.34798094
3.44303468
1.96679688
10.17968750
5.22981189
10.31608156
2.45508311
0.61706543
7.65266844
10.44531250
10.44108156
1.04492188
3.62695312
2.73046875
9.62500000
9.59504876
11.80338874
2.54068595
5.37158577
1.65804078
5.83984375
3.29101562
2.17382812
3.47753906
7.11718750
12.13118407
19.56966063
3.47786624
5.18359375
6.39240581
2.43962544
4.88281250
0.72998047
9.52343750
2.45914672
0.47884156
6.83203125
1.25195312
7.64664672
0.38289367
0.19555726
0.16406250
3.58349609
3.63281250
6.65625000
20.29231688
6.46484375
15.33073000
17.29687500
5.67968750
14.49771720
5.34212655
3.43750000
10.32812500
0.55224609
1.35383782
6.96745124
6.50781250
4.60546875
6.53906250
5.28938470
7.38216312
5.31575687
23.09863281
8.67187500
3.97265625
10.89908688
6.34276596
7.67415780
5.44238032
6.55868240
0.72257508
1.95637938
3.10270265
11.22851064
16.83886968
12.97656250
5.11881095
3.87240248
10.89062500
4.03125000
5.92984611
4.04915780
5.76953125
7.42219969
4.99186281
2.70344969
4.08951906
14.63118407
6.03971188
1.11718999
7.76171875
0.03747559
7.70312500
9.88281250
0.14575195
14.96695922
4.97835328
7.36539672
19.30191268
14.79785904
3.89615968
8.38281250
3.41796875
7.44986813
9.19466312
11.61913564
2.55273936
1.31738281
15.86067376
11.27636968
3.99288343
13.89155751
15.68033688
2.37630374
13.14941406
11.80911016
0.47213984
6.34244626
2.08170656
3.66373781
11.65625000
2.22656250
0.73876953
2.17805907
9.87858156
1.00097656
0.03280640
1.32474762
1.17047067
1.40398215
2.85351562
9.96093750
7.11328125
2.27929688
3.78141235
4.15022828
5.32812500
4.17561517
7.27034796
1.23323609
2.10546875
12.40689938
26.53125000
8.06185062
2.68945312
6.62141844
8.31997784
1.38672872
5.28285103
26.98521745
1.79655031
4.50748781
12.98437500
2.08203125
8.02408688
3.79069093
5.87288453
4.11116578
5.04687500
16.17675532
9.11132812
12.57470952
1.21191406
2.31445312
7.67968750
8.85937500
0.30297852
0.00668716
1.28808594
11.87597656
15.62988032
11.92903812
2.06250000
10.11987367
-0.00581848
2.72070312
21.45703125
0.96386719
10.51562500
5.95701131
0.17384806
7.81248006
1.84376994
0.73754634
6.36653812
7.02311281
2.58308899
1.21769226
15.27432295
13.67545656
12.85758422
14.60823360
1.57617437
12.61067376
8.60795323
0.10937593
2.68554688
38.34407469
11.93456533
1.94499279
1.98372313
11.55045656
0.03460693
3.89062500
5.76562500
0.14550781
2.91015625
15.53125000
22.56444814
7.30371343
12.90739140
16.94121898
16.98667275
17.94515514
14.64013298
9.74447030
3.36523438
8.83235594
15.49771720
3.77181405
7.46842531
0.64257812
7.70312500
0.18509887
0.69213369
0.52523326
1.16210938
2.99609375
1.92871094
8.18750000
15.66894282
5.92480718
0.11553955
15.65625000
18.14192376
2.44206061
0.46484375
6.57031250
0.48779899
1.71842282
2.45085217
12.47656250
3.42968750
13.47069814
11.91724069
0.65600648
11.10416002
4.61849623
1.85449219
13.50552970
2.75228280
4.08984375
15.34830563
7.47233156
5.00089601
5.80891844
1.52311281
4.73437500
13.79394282
1.72851812
4.13671875
6.98653074
4.31084564
6.38656139
3.97054078
5.13281250
7.93359375
0.97464430
2.83464372
4.53515625
2.98632812
7.99218750
0.08274291
4.84944703
2.13671875
0.74511719
0.00862885
8.38281250
1.22558594
2.19726562
2.77803216
2.23535405
6.49425888
4.13248781
13.07812500
16.60221188
0.54150515
0.14278199
3.72298094
0.90185547
3.41992188
2.56803468
3.99804688
10.50781250
4.23046875
6.07454344
2.98339595
2.70768561
17.27050532
2.55078125
0.87500249
4.18911847
3.86752216
11.78384752
0.47884779
14.06787109
4.71923330
5.97852061
4.92578125
6.78125000
3.27343750
8.45312500
12.61181516
2.21932070
2.00284851
9.10156250
0.11401367
8.32031250
15.55468750
21.19621305
5.14802523
9.99966534
3.26986591
9.16137633
4.05737367
0.67374508
-0.05472653
2.88508533
2.05533688
4.28044326
6.40999390
7.27734375
3.36132812
5.18359375
0.11572266
0.92285156
13.46767731
1.00497894
1.79492188
13.46418939
20.60920019
1.76482324
3.98242188
12.89127438
3.84537843
9.41764406
4.86718750
6.41406250
12.90266844
4.63639406
0.18139648
5.60937500
5.31250000
3.48632812
5.84887633
0.17907777
10.15625000
16.38508782
1.45670905
14.23908799
2.81397107
3.81803468
2.75976562
16.32421875
12.34081782
12.14778812
2.23795656
13.69319578
6.09944703
2.50374390
13.64752432
9.27032802
2.80747229
11.81250000
20.23437500
5.10156250
1.01773673
2.64681405
1.83723875
1.03190187
2.35351562
15.23860594
8.11360594
0.89485843
8.06933594
7.91414056
2.13379155
6.14420656
8.96875000
4.44270003
12.36817154
6.59342531
3.44921875
2.97460938
5.63671875
15.52481842
0.91284180
1.39160156
6.94300823
0.72007771
3.69173094
7.61237291
1.23925781
1.89062500
2.15625000
2.43814938
11.03841312
9.23437500
1.05162640
0.23560505
2.06835938
6.04296875
12.72656250
7.06314938
2.31575687
5.21321033
5.03922609
2.42415780
6.28483156
17.54687500
14.80566406
1.51464844
14.41155845
4.22884530
6.16015625
12.50000000
1.59667969
0.29199219
12.40722656
6.02798316
7.94857934
3.38899657
1.97037843
2.79296875
6.08203125
0.34033203
2.27521208
1.11883089
10.74462766
1.13916140
5.87678455
9.64225842
5.27734375
10.71597518
3.78011857
0.02232361
15.33001174
3.02035294
14.89062500
13.30729001
1.61165531
2.58626219
5.86686281
6.81852172
15.97557618
18.18261470
19.75330830
2.59457169
3.39843750
11.90433622
0.21724582
17.07127212
0.84717918
10.39464657
1.89583499
3.16210938
4.35156250
9.83593750
12.13972961
0.13028992
12.66601562
1.87109375
14.22656250
7.57421875
0.38256836
17.16681738
9.57170801
0.09375000
0.50172424
1.84240723
1.59375000
5.54296875
8.97298094
1.96289062
5.81217531
6.68750000
5.28515625
5.45312500
0.01049042
4.85871067
3.18230496
12.24167486
18.77734126
1.56803718
4.36360594
10.41764406
4.66796875
5.87711547
2.83968140
4.61718750
7.90791778
0.20536347
1.01464844
16.29166501
20.18164062
1.68782718
9.98437500
3.41601562
1.21875000
7.41048094
17.07615692
6.23992464
2.51757812
5.99609375
4.91796875
10.34375000
16.42675532
5.60514406
16.10579344
5.90527593
4.12052305
0.26985781
3.56640625
11.89062500
5.37500000
6.14453125
17.45930408
4.33757092
0.38671875
11.08414672
1.59651734
19.07421875
12.76056987
7.56462544
5.54687500
13.48876455
32.50683843
7.60840093
9.50000000
11.38085938
2.20703125
13.55533688
8.87629876
0.15625498
38.59472656
4.02376219
2.77115968
9.60156250
3.31640625
1.25654602
11.01204344
4.77311281
15.57942376
2.43815436
14.73437500
2.16601562
24.36639501
14.07586214
0.91569592
16.03125000
7.00390625
13.78125000
5.75976562
4.81640625
22.58850067
13.03942404
3.93587655
2.33626219
4.60546875
8.06185062
5.72656250
5.39355469
8.49641844
2.79459718
5.94921875
19.07444132
2.44043218
13.30110594
7.40673205
2.76677138
4.53515625
17.05403314
3.15299811
25.13377660
3.87012965
10.36718750
4.71484375
4.09765625
3.84602782
3.34147218
4.32421875
4.25032469
8.69659132
4.53208665
0.72070437
1.93847656
11.87141844
4.33105469
6.71842531
20.02277815
14.57194592
11.21239362
19.02499162
8.63281250
0.88395265
20.48437500
14.93750000
11.07096188
2.63997562
9.06281472
3.38249778
2.48632812
11.02831782
6.29980718
17.82454344
10.66764406
7.92187500
4.26953125
0.35546875
14.96516844
2.60123033
1.47559341
3.48242188
4.55859375
0.97021484
6.35497548
9.68555186
14.57519282
16.87467531
3.72200687
4.85546875
9.32454344
17.60937500
6.13248781
0.78959137
2.86433182
4.14583998
1.45539093
4.38248781
12.16406250
7.70312500
1.38671875
2.83203125
0.76367188
0.32275391
6.64355469
7.74218750
11.14062500
0.78906250
8.49641844
4.00227532
2.80924811
15.45084718
0.61181641
2.23828125
9.95214096
3.43848404
4.75781250
13.51562500
0.98681641
0.42163086
11.18684314
13.25781748
1.74121094
1.61002687
6.89062500
6.88671875
25.05110594
5.45882203
2.98421265
2.06054688
16.27312442
10.43505984
2.25311945
4.14062500
6.65136719
11.76285267
1.88460826
5.09422956
12.21029435
4.00748781
1.55436032
6.31054189
4.97850256
6.71614251
17.90495124
5.14664672
10.23811392
5.20117686
7.29751940
3.43880873
10.54820428
3.33659186
14.09724291
6.10847961
4.39974623
5.46093750
13.42610594
9.77766844
8.67122562
7.61181516
13.23697875
4.51888187
4.57289257
7.59605274
0.72802610
2.15112429
9.63085938
1.10351562
9.33463376
4.98924784
2.64829209
16.52766844
2.19108156
7.46093750
16.40625000
16.21516844
2.56803468
0.42651367
1.88411831
4.41928745
3.03808594
31.04605081
4.20101950
9.76627438
8.81966312
6.66633782
3.57942874
3.88623793
8.43456782
7.98730718
1.08430907
1.42740968
7.60937500
5.64843750
0.97753657
0.03515874
15.46548316
17.79683428
1.46815131
10.42187500
2.25585938
0.51554196
2.67513187
11.51065603
10.74325022
9.48437500
1.83707641
0.85530640
3.57031250
2.79687500
8.40185173
0.30517952
1.62988281
7.70344720
7.61784186
16.78742908
22.69821240
3.95898438
1.77539062
10.71386719
5.32324219
5.64843750
7.07421875
3.72460938
16.43195036
26.75164339
9.40070784
8.95801529
2.79589595
7.85807624
0.13024902
0.91878172
3.26823000
2.47851562
0.06094360
1.51269531
8.35774657
12.63639406
1.34317992
6.68017454
2.74153812
16.33984375
11.55468750
1.34960938
1.46679688
2.37645612
1.38037483
3.73242686
3.86344360
0.07293701
3.35676751
1.43668827
14.34798094
18.01497562
9.97563524
1.04102310
5.01953125
13.18895612
13.21119036
6.86450195
10.50976064
6.00618905
4.03092531
12.26171875
12.50195312
11.91316711
0.87019711
11.12076906
0.99316157
6.56706061
8.14062500
11.32877438
12.79533023
11.77628103
11.48730718
9.91699468
1.90625000
7.26789783
3.54850842
3.52539062
2.37890625
3.81054688
13.46516844
8.87076906
4.50032469
7.41764406
15.69433095
29.78467295
13.69531250
1.00390625
9.67968750
3.56250000
9.97477172
1.67268922
13.14485594
8.59863032
7.07420878
2.58855496
10.71875000
1.08593750
9.28548094
18.49901596
1.68815935
0.09289551
4.83992243
0.08512640
2.92773438
7.09195548
4.26400155
4.43391844
4.41373781
8.90754876
2.14909186
1.10937500
12.48762938
3.50162843
10.27343750
1.82031250
0.53515625
6.21027815
4.75065935
3.57031250
9.41227172
1.78369016
16.71255846
23.11829361
8.78483156
5.67578125
2.04296875
10.69531250
8.46093750
0.12493896
9.81021720
0.38460702
7.43128948
0.57701130
5.75000000
3.83593750
0.11462828
4.78873781
0.48681641
6.64172363
5.81640625
0.55322266
8.73697252
5.62240248
8.86718750
11.22261810
3.63867188
2.35742188
10.18895612
8.91943484
13.45410904
0.51123047
1.82910156
23.55238342
8.49849679
4.77494071
13.03075798
17.17432014
15.68273926
7.71093750
6.93326408
23.07031499
10.71810062
1.00488281
9.74609375
9.99218750
7.22656250
5.55468750
0.96632063
1.22526872
6.27734375
2.50976562
4.57421875
4.65201408
3.19173592
14.69596188
12.36360594
9.20572252
1.81283466
7.02343750
5.00000000
11.96875000
15.22287838
4.99153812
1.54719969
5.05436281
13.93750000
0.73876953
12.07161126
13.03060062
6.59521394
0.84603121
6.04687500
0.40388914
0.21915773
0.23828125
2.94579206
2.53565325
6.82063719
5.44401125
6.07791740
7.82259530
3.20800781
11.07877189
9.06478280
14.95703125
7.43847407
2.36848377
7.58325279
2.63671875
17.91829344
6.08170656
13.47884032
8.53026596
6.47136247
7.06673094
1.93261470
17.48567376
0.85840093
5.82650155
5.87744141
3.62109375
10.59798094
7.44401125
1.98535156
14.14843750
1.59525543
0.59224457
11.01090204
3.74691046
5.73111813
9.00748781
7.12467531
6.54687500
2.91048094
0.97037843
7.64354721
10.50358156
0.30599623
6.47656250
5.25000000
10.28971188
3.60481937
0.27124023
3.41064204
13.62011968
28.48797607
7.19335938
13.20930408
10.67741467
11.45703125
2.08984375
5.90412456
17.52328014
20.73779644
13.44851161
14.08951906
8.17968750
2.78710938
14.43391844
23.48260498
8.32389406
2.33398438
9.07421875
11.12515736
13.96859264
21.43750000
1.34082031
5.87890625
2.13226826
1.50738018
6.24316406
8.02246094
7.45703125
1.04492188
21.61055345
4.14915114
12.03906250
5.00341797
6.38281250
12.35579344
2.29069093
0.94889157
5.02083499
7.65429688
5.52734375
3.71289062
16.58103724
24.52052526
10.13801003
6.67937278
8.16406250
2.92935783
3.10189217
8.90600399
1.81274601
26.08129883
8.19531250
7.81445312
4.61360594
1.55533937
1.63476562
7.73209220
1.80306405
16.42104832
16.86348044
5.74965092
3.08789062
15.10579344
9.94920878
6.17546653
2.32617188
1.00732422
0.92724609
4.85546875
3.27148438
0.53173828
12.84375000
7.97330563
5.54507425
4.79412012
0.99169922
6.88557735
0.24503788
19.56250000
1.15706048
16.00667110
20.70101451
15.86718750
4.26171875
7.43359375
8.05776707
0.59067043
3.35546875
15.31673094
10.33170656
0.00424576
12.90689938
0.84761722
10.22656250
3.51171875
2.53515625
4.62206782
2.69433843
2.94726562
12.38834220
1.43595772
1.04581726
11.12825189
11.87711547
17.57088258
6.13151374
0.91357422
10.02050532
7.90625249
14.32812500
10.03677970
16.12142342
3.72167969
11.92578125
6.63281250
11.19596188
3.73958499
2.45898438
8.59927970
3.40625000
1.85775155
2.26275635
15.17024158
16.35319093
4.40378306
8.36718750
2.99218750
6.70312500
3.72395750
7.79296875
5.90625000
1.26627687
8.46092753
0.18033688
3.06575687
6.40266844
7.62076906
19.27180408
5.98600842
1.96582031
15.61132812
4.12109375
2.47884032
7.96451906
8.34375000
16.34195922
0.56136109
4.75781250
6.97004876
2.67676030
1.95084718
4.31250000
16.47363032
16.50293218
8.72477172
1.07796265
2.40039062
19.18391844
19.47606923
2.01725842
4.95312500
7.51171875
4.30078125
17.31021720
4.69759530
7.52734375
16.35351562
16.15681945
1.10245789
8.07681627
1.10775404
1.57812500
9.42664425
23.78727172
7.31530917
2.58274385
7.34765625
14.79508422
1.19222047
5.94824219
14.20133422
3.16542748
11.03232269
12.86947030
4.83984375
1.09863281
22.12092642
0.39518686
0.81787109
16.24225621
1.77141566
12.08453015
4.23187610
8.62500000
8.00000000
7.91210439
4.86133311
4.91047845
2.66276374
15.56867908
11.91032358
9.85693484
1.95312500
14.14510008
6.84733156
3.97493407
2.65201906
0.56689453
5.94496363
4.65625000
4.81250000
6.45336914
10.72656250
3.59179688
9.91406250
12.61816406
12.23046875
3.26953125
3.36718750
4.44921875
22.72851562
1.02929688
2.59570312
9.95312500
10.87109375
6.27734375
8.54687500
9.07031250
11.59553704
14.27441655
2.97037843
13.80891844
14.75358156
5.93359375
1.77929688
6.84765625
9.53254876
32.13336717
9.95924641
22.59421211
9.36378324
3.50863918
2.08007812
21.62597407
7.81543218
4.75064938
7.22591312
4.42578125
4.21093750
15.44238032
14.00293218
3.37890625
0.60253906
5.91015625
10.32633422
3.92008422
2.29655031
1.54882812
18.41829344
1.67350343
2.10156250
6.00000000
0.00171471
9.57714096
11.43067154
1.01080748
0.10441164
11.65656472
4.67611591
3.18880374
9.34375000
2.32421875
2.83789062
10.85709220
5.23275155
7.89664672
0.14241578
1.52734375
9.19531250
2.93359375
6.04687500
3.70897441
3.69141622
3.44140625
2.96679688
14.91160240
2.80356604
11.69889406
2.73242188
6.51953125
1.54427000
1.64518312
2.78320312
5.04622064
9.98730718
2.95084718
18.88605940
3.21094248
3.64551030
4.87858156
13.82812500
4.67968750
10.17968750
0.10784912
8.24218750
6.92008422
3.86436726
0.36283097
5.78808843
4.60123781
15.67805408
12.62305186
1.41569093
1.05761719
10.08072252
4.08333998
9.72786126
6.36230718
0.08475832
13.48860594
1.67751680
2.56056183
14.86620346
2.11035904
1.80859375
14.09798094
16.77831782
7.83463874
9.21875000
4.96875000
5.52766844
7.08561281
10.79687500
10.96061134
0.09244750
1.63850953
6.36238586
0.28141297
3.17773438
14.46939938
1.23226078
14.46939938
1.74739500
1.16894780
7.18359375
7.67187500
0.57568359
4.16796875
5.79296875
5.75781250
11.20084220
11.25683594
11.39892952
0.78206422
7.17968750
3.05501219
0.10184816
2.76562500
0.00146103
1.22412109
8.60156250
11.56738032
10.62011968
2.02343750
13.85156250
3.42610594
1.53971437
8.37500000
10.94661126
12.09245124
17.60351064
7.73665780
13.44010500
9.51951131
6.98439494
4.35638354
15.32785959
3.34114749
3.61328125
6.50390625
13.97721188
18.55501468
2.89876219
2.59342531
6.21549313
16.22591312
13.26562500
3.63281250
8.64127438
2.76497562
4.07031250
5.31770501
7.19043218
19.06151596
16.34115248
10.19238032
8.05697030
3.71679688
10.18065160
11.72980940
10.75163342
9.19174340
7.41666999
15.57812500
7.94531250
4.57421875
0.00917053
0.13171387
0.12335205
7.73258422
8.86116578
14.65625000
8.84798094
12.68814938
6.99902593
11.83235594
17.67936281
7.07812500
8.69173094
3.13834718
17.09960938
10.84375000
2.56477782
9.00358156
5.42578125
6.41600067
6.93946808
1.80468750
13.66860816
3.40561059
9.67337046
8.61992298
4.90592531
0.09149170
0.36245713
11.27213874
1.26660156
8.78906250
1.43000970
6.69058954
6.42920545
1.29492188
0.33740234
3.88313719
1.94498781
7.75000000
1.51074219
1.15429688
2.25781250
1.64746094
7.47265625
2.09228391
5.36474734
9.09375000
11.30110594
10.85514406
0.11096191
8.86718750
1.18082267
4.41634530
11.14788818
2.71809564
5.55729499
2.59570312
13.30664062
6.36881095
5.87728280
5.60774657
3.64615968
2.90429688
4.22265625
13.93017578
0.08172607
5.51985594
1.39908937
3.21484375
13.67968750
6.30078125
13.51562500
6.09375000
9.15625000
2.41243407
10.37858156
0.55696532
5.15983156
5.64094969
0.06547121
14.12500000
12.71093750
10.21223626
3.78776374
9.07031250
3.86523438
6.90350342
3.78417720
18.46484624
12.26562500
5.46484375
3.06835938
9.65625000
3.13085938
2.82454344
7.82780031
8.01562500
5.82812500
18.62500000
0.09252930
5.40625000
3.02343750
4.90299313
1.31575687
5.94140625
5.18131095
7.29134530
0.77832031
2.19497036
3.40366245
6.11328125
1.45019531
0.00089788
2.90828367
19.20173759
0.10164866
5.20312500
3.29915282
3.81608156
0.84130859
18.35221188
1.79329593
1.43750000
11.14485594
9.71875000
0.74088625
7.50781250
9.27929688
5.61718750
8.25846188
2.32942874
4.96907469
12.78125000
11.95280031
1.96093750
5.02734375
6.30468750
2.25781250
4.89062500
6.37890625
3.19790504
3.96843528
4.15234375
0.06864504
0.56689453
2.94897461
3.40039062
12.67610594
6.58769089
0.46525210
3.35514406
1.96093750
14.36718750
0.02008057
0.06896973
6.79687500
0.01480103
3.29882812
1.27148438
0.01808167
3.99804688
1.99185533
4.39193373
6.91015625
0.90722656
10.32812500
4.42252438
3.07747562
4.33593750
7.32681129
4.07357934
7.01171875
7.17398050
2.61508200
13.33593750
1.03417969
6.53906250
1.88378906
8.00195312
1.09895750
13.46516844
5.91731937
10.50846188
-0.07608883
2.35937500
9.79166002
0.94662123
12.96020477
0.28649933
2.55859375
18.54292723
0.22599367
9.71646720
4.18814938
2.81413342
12.19531250
6.73697501
22.63883422
0.86670296
13.76562500
2.03092531
1.78222656
10.92187500
5.81640625
6.39062500
4.10156250
1.68261719
12.50781250
8.01855469
0.12017822
2.27571532
2.37618074
1.01314301
8.42187500
0.09722900
20.40201408
10.29557624
13.61176637
11.71093750
1.40559813
4.41796875
1.86979250
20.51757314
2.68555186
1.23535156
1.54882812
10.08593750
6.05078125
9.16829344
12.50649380
6.13771276
2.69335938
0.76432126
4.82747562
9.94531250
1.97102782
3.35319093
16.14916754
1.24511719
0.16019652
0.34139039
5.48437500
3.76171875
10.86978502
4.42464857
3.62890625
0.15150877
0.06302980
12.78906250
14.19520994
9.90201906
0.76269531
3.49414062
6.40657469
9.42252438
8.40983156
2.99739749
17.65625000
11.88281250
8.00617908
7.00553967
1.86132812
12.63541002
3.65365248
1.64160156
15.19661126
17.91438719
6.15462655
11.22477172
0.33748414
6.81282469
3.52408688
4.49121343
1.04980469
17.88118407
10.08951906
10.79687500
3.02506095
5.20540780
10.62320922
3.57954957
8.85156250
7.07885742
19.65038564
5.26367686
13.91601562
5.80078125
0.24890137
5.32911682
6.71875000
4.28552246
11.01660156
5.08593750
15.57812500
8.85156250
7.97330563
17.31250000
1.09505374
8.34960938
5.84375000
4.06250000
1.67382812
7.21484375
5.09016844
16.08072252
11.76660904
8.59016844
3.55533688
6.72770390
9.40804078
5.69140625
2.10546875
34.59456297
17.09146720
11.03516123
8.98144282
9.66731937
6.87109375
0.65153078
4.50423094
12.64420656
2.27245845
11.94922124
5.67187500
2.26562500
18.97386595
9.49966534
5.17188497
3.30859375
0.59749266
4.24032663
0.83112602
3.04101562
12.22786126
6.60872562
5.55403812
5.10278258
7.51350953
0.33048523
0.40071532
1.89648438
0.98974609
0.29418821
0.41032109
7.29296875
2.21289062
12.95312500
1.65104001
0.51546390
12.22215426
5.45362699
15.39110830
7.37206782
4.17175542
15.86799424
13.21794326
5.03125000
7.76627438
1.31868656
14.40461658
3.30468750
7.14437389
18.25472047
13.19596188
23.53255374
10.14062500
0.05050659
3.84960938
4.37768555
5.57812500
2.83430907
1.32877687
20.01204681
2.13964844
11.71093750
2.84781860
8.63048982
6.13692596
3.01171875
8.96875000
9.60579095
22.07487311
9.59081782
6.66699468
3.43782469
1.79948000
9.50781250
0.74479001
1.29622562
3.39257812
2.50097158
1.33105967
10.75000000
0.49731445
5.87109375
8.24609375
8.48437500
8.64485594
0.81217531
6.16340315
9.58614915
1.10225434
0.68066406
9.70735594
2.87076906
13.21093750
18.33773728
0.08310394
7.28515625
2.18359375
11.34798094
16.93195036
7.85288120
10.08593750
6.50553219
3.45442874
4.66796875
13.76985594
6.17187500
11.82389406
0.92732166
0.90300061
11.23437500
10.39257812
16.36425532
12.48340093
3.30468750
5.40625000
7.56250000
14.89062500
14.75976064
10.59212655
6.59407469
1.41471437
3.40299313
5.76074468
6.91015625
5.60546875
6.14843750
5.48437500
15.05598626
2.71028812
9.01464096
7.06283466
8.11718750
2.65234375
1.32324219
12.80289672
2.45328735
3.94108156
7.47427970
0.56185311
3.94416985
3.01237311
7.26562500
9.16406250
2.98632812
4.26903923
2.42627327
6.04002660
8.95216090
6.99218750
11.50423094
7.19108156
4.23437500
20.10091063
12.69139628
21.22542110
12.00277980
12.63248283
7.88151374
2.35514406
9.81070922
2.98616578
14.63760978
20.62728280
2.54492188
1.56542969
8.51155142
7.74626108
3.39843750
8.14062500
0.05886841
8.82812500
13.60579344
2.24772218
13.22119016
1.67106078
12.24983890
1.14941406
2.27539062
7.39876219
3.71712157
7.56966312
5.12109375
1.36132812
15.39843750
7.74225819
7.67981909
0.31993677
15.34829712
27.14062500
10.85156250
14.91048094
9.43326906
7.17822141
2.08545046
2.78548094
3.95261580
0.15887591
15.47005125
13.89675344
10.08213630
3.98437500
13.43750000
12.93750000
7.43750000
8.25423094
4.83984375
6.19498781
14.10937500
5.02734375
2.91048094
4.03304078
3.15608765
10.44954344
3.07194093
9.66406250
2.45507812
1.90917969
5.25423094
3.91764406
15.60156250
2.09960938
1.91503906
13.26985594
1.98014406
14.78660240
0.75441322
11.29296875
5.95971430
5.35840093
8.99218750
1.41959469
11.88997562
5.11393063
4.84700687
4.61914062
6.72265625
5.29716729
-0.03642510
8.43750000
12.41113032
9.90918218
0.10717773
10.05598626
5.41927249
8.48795656
5.81640625
1.96744875
0.75146484
9.80468750
0.60266113
5.50390625
9.41406250
5.71484375
2.96484375
6.98860594
3.73404782
17.29101064
22.64850621
4.62021830
3.30257203
2.86108398
1.02148438
10.82942376
1.85612311
12.96093750
3.83719692
7.12967339
2.35351562
9.05078125
5.75602172
10.63460328
3.15820312
9.44531250
2.32031250
18.95117188
6.00780253
25.50782247
8.73608398
20.78125000
9.59375000
5.57866427
5.24804189
6.63159126
3.30794437
0.35632075
5.01139406
2.46826296
8.54345579
5.48209469
4.23730718
4.35807375
9.42610594
2.37052492
3.92024657
8.25358156
4.33984375
0.00570679
0.94937985
5.75781250
8.15560062
14.28384752
7.13021498
6.50781250
13.77211880
4.74610372
3.26498060
6.39697141
0.39795046
1.77636719
1.70577240
11.65429688
3.08593252
9.24023936
7.80468750
6.11360594
7.66829344
0.97884281
7.23046875
1.77050781
5.14518063
3.87646609
19.84813830
5.19100288
0.28833319
8.70782802
3.13201573
1.42382812
10.26902926
3.87550199
12.72477172
2.66467254
0.26363191
6.51953125
6.49022939
2.27930186
1.37337157
7.24901596
8.41081560
6.05859375
9.30728502
5.99740248
0.95751953
5.53515625
5.17968750
0.92203610
1.96686701
1.10807375
1.54687500
0.94506836
0.42016602
3.41267011
2.63420489
1.55794188
2.84928468
5.80468750
4.10579344
3.18131593
7.23599845
5.65853280
2.85546875
8.13703347
12.95914672
8.48585106
0.85449219
5.57421875
3.67181641
0.32134765
2.06998532
3.86620595
2.57357435
3.18164062
7.74218750
0.86572266
17.93879876
2.73698249
14.31250000
0.99251219
9.58170656
8.38327861
6.55468750
14.09122119
0.19491162
17.93700798
16.63721077
4.03125000
1.10351562
5.87890625
2.79296875
0.99121094
7.82160129
3.27312527
1.32324219
5.39453125
10.59720856
1.00109832
12.87320922
11.77587766
0.95426640
9.10937500
2.76757812
8.81673094
4.29166251
12.16276374
14.03060062
2.08007812
12.28548094
1.40299562
6.35031128
22.72199690
1.38151872
7.06250000
4.68750000
14.77375222
5.52133200
0.80599000
9.40625000
2.55924313
5.30403812
0.82421875
2.47363032
6.31185062
6.01139406
11.76464096
2.75098404
2.79687500
10.39990234
2.27343750
4.36718750
0.39957516
1.52115968
11.69921875
8.45670656
1.91341063
2.41373781
14.49413564
4.21745124
1.60091312
12.61407802
5.01092198
17.22655752
2.30664561
3.79492188
9.73347961
1.14379821
5.33561281
12.72363032
4.09277593
2.38281250
14.67187500
3.99609375
7.53906250
3.48632812
0.00494003
2.19140625
10.16746676
1.79542386
13.36878521
9.04118794
2.31250000
1.94140625
10.10156250
3.88281250
1.38508782
2.84049811
12.03906250
6.55468750
11.85367423
5.36556405
1.69921875
12.08414672
2.07015015
2.99609375
5.56712434
4.55396941
2.90820312
11.30834961
11.41479492
19.89094969
5.76139406
8.62500000
3.18253415
14.78483156
18.23795656
5.75048828
10.86152130
19.36795989
8.94954344
5.33829898
0.15836609
3.81835938
8.36424535
8.96387965
1.17382812
7.08203125
0.39544429
1.73340093
15.46516844
8.47525876
8.82747562
4.64811281
4.08789062
0.86230469
3.79296875
9.22110151
5.81405474
1.52441406
0.22058957
0.06502445
17.02734375
5.07356439
11.04455878
27.48363697
6.99772717
5.63671875
6.05859375
0.02110291
10.91406250
1.77050781
15.91666002
4.05208998
0.16882324
3.96093750
1.29231688
8.33170656
14.36848626
9.20003546
8.07404137
2.33382203
2.45117188
17.71158688
13.22477047
7.99870124
11.71873962
3.62494815
10.82984707
6.66048094
3.22005374
3.07617188
6.73046875
2.63085938
8.48437500
0.57958984
0.05532837
0.35119380
1.70019780
3.00390625
5.93359375
7.32161126
12.83902704
2.18701795
1.97070063
5.47949468
7.77164672
13.85953236
1.77897717
7.21875000
3.89062500
7.67708001
2.28776374
17.05891844
3.47233156
1.54882812
11.12141844
17.98209220
4.11947030
1.92936281
0.17907715
14.08593750
5.43358877
5.25977061
3.98665282
7.33170656
17.86718750
2.00455314
0.61263436
0.91992188
16.00161348
4.40137965
2.90169437
11.69954344
2.55826906
13.46582031
15.01608337
16.06643616
10.55468750
1.89648438
2.57617188
15.07226064
2.44807735
7.85767287
2.64542664
14.34521484
10.04125977
5.90625000
11.20389739
6.15938386
7.46165559
2.58131316
8.68012261
13.97492908
5.39317395
14.09048815
3.84505873
16.31250000
8.77343750
0.00456238
2.10351562
6.16406250
16.07454344
7.47233156
1.77700411
3.82651152
6.45703125
1.68652344
0.38134766
0.53955078
2.33868740
2.56593417
7.73014406
7.76000977
4.60725205
2.62614638
8.73339844
11.20735594
3.66666750
5.81159464
2.26278645
4.25569703
8.00781250
2.77057839
0.54101064
15.50586436
7.24609375
2.54296875
12.73860594
2.00162843
1.86360594
9.74104610
8.64176640
9.71451906
5.89062500
2.75568706
0.71013325
1.57519531
3.49609375
1.55399161
3.02572030
5.65234375
11.25000000
2.60546875
3.79329344
7.80045656
8.34798094
1.27115968
3.01562500
5.78906250
0.12316895
3.91601562
10.48468972
1.94109153
8.77464806
1.31706311
13.02441406
2.85742188
14.14843750
2.59570312
0.81494141
1.15169188
2.98209718
7.97900266
1.46248476
1.21280945
1.62744808
12.60156250
1.84863281
7.80956782
0.69385015
9.19367908
0.25700451
4.28658096
6.70395168
6.17187500
7.60367797
4.49007203
6.64453125
0.10990356
1.17822266
0.87679078
10.20312500
1.37890625
9.37270723
6.38901152
0.33276367
3.89062500
0.07989502
8.42968750
2.23860345
2.49870124
11.50000000
6.48046875
7.86328125
8.28125000
9.00781250
10.39475515
6.34180186
8.75000000
3.58984126
11.91699468
3.28515625
0.00290298
15.88281250
9.09375000
1.71484375
1.67675781
9.96093750
5.31640625
3.10742188
0.12572142
2.86718750
4.61686281
15.63281250
10.89920989
0.37333160
2.20865968
8.56314938
5.61263187
2.06054688
10.63281250
8.52001330
0.19141248
7.19140625
7.76562500
5.62239251
3.59245124
4.91015625
1.93374986
7.86678725
4.70703125
15.65625000
3.39257812
1.94466063
4.40983156
12.47656250
2.09570312
1.66406250
8.23437500
1.60481688
2.49772218
9.91113032
5.23730718
8.10937500
11.84375000
2.39453125
6.31640625
0.82226562
4.39948963
2.01139904
4.85806627
1.24154310
1.26074219
11.02343750
4.17829012
0.12542082
1.81445312
2.66780017
6.85319592
1.34863281
0.21362305
1.90917969
10.38281250
7.78971188
8.48372562
0.67651118
11.46386968
1.20800781
8.85156250
13.28971188
1.73046875
1.50716312
5.64062500
7.13305664
19.79687500
6.10937500
4.44954344
15.48795656
0.62744141
4.85156250
3.50748283
1.52864999
5.42968750
3.66601562
3.64648438
0.03552246
0.42065430
0.02984619
3.69921875
8.42968750
5.62613517
12.44374290
4.08951906
13.90429688
4.02709961
2.91015625
2.17968750
7.51822252
6.48373060
4.49251219
1.53971437
7.04508422
1.61409547
0.94905516
0.97819093
2.01562500
6.81998283
14.62076906
3.63769780
7.09342531
10.61783688
12.11653812
9.70149158
21.74511968
3.26041999
2.17690894
23.07357934
2.25781250
15.62402095
2.77246343
14.16406250
2.26366938
1.45801030
13.46516844
14.34016844
13.24104610
6.13330452
0.14611816
3.15641235
0.95247437
7.76448360
2.14664672
4.43652593
12.45181627
5.35287123
3.57291501
4.08138187
8.55110594
10.63639406
6.86328125
5.40625000
6.80110594
1.10612062
1.39453125
11.81250000
5.54687500
1.43750000
13.33349609
7.83154297
6.97265625
2.94140625
8.50341797
8.13281250
0.42382812
5.29573485
2.59943706
1.23617575
10.04002660
2.32130152
12.84520612
2.80567029
5.02246343
3.80468750
3.73046875
3.60156250
12.50000000
0.35164305
5.11686281
8.66861813
6.92122562
2.00390625
6.46484375
1.51855469
4.84618019
61.23585106
5.32421875
3.39453125
6.67219969
17.11551666
11.72427970
5.68879876
6.33960771
1.59171570
13.10937500
2.48046875
5.76268784
21.08967642
3.24656470
18.77656140
6.74739251
11.67579122
4.53353280
7.65266844
13.30962886
5.06510749
3.07226562
4.97265625
6.20312500
4.59765625
1.57324219
12.32031250
2.63801751
6.36845222
5.96126219
9.09798094
7.55240470
4.27116467
2.27539062
10.90510985
12.43391844
3.55599124
8.57454344
13.94101671
3.72265625
2.58203125
7.90039410
2.46788536
16.61994362
5.82389157
5.81998781
6.74641844
1.63118656
0.92138672
10.57454344
23.07421875
9.86295656
3.19726562
14.81279355
0.74650210
0.73779297
5.63492797
0.80891969
6.49381344
26.07600953
3.29443484
11.13281250
2.62500000
0.83251953
3.22736426
0.92888574
7.97456785
5.67936281
1.09082031
11.32584469
7.52565677
3.71875000
9.84439938
5.15560062
13.05957031
3.75000000
7.18359375
45.12109375
4.02368164
4.87109375
10.05110594
4.34342531
16.99300047
2.97086547
12.97542110
9.68257390
2.89062500
6.94889406
2.12695312
3.88085938
6.16048094
5.54508422
0.63525515
3.92187500
14.82161126
6.00764517
1.18050919
0.92919922
11.15234375
13.93031487
11.81543218
4.10514406
10.10644282
2.79296875
4.03139739
4.89340979
1.72265625
22.10034180
10.18098875
2.84928468
8.63704344
11.85514406
3.51171875
3.23437500
12.85937500
4.30078125
10.05175532
7.28483156
6.80224734
1.43440797
7.68521720
19.21745124
3.98795656
9.83235594
2.46061281
13.66829344
11.54459718
2.35156250
13.59081782
6.70247562
1.27799562
10.31017568
13.74023936
1.40429688
14.11262190
7.35612810
9.78125000
8.37369127
4.52669935
3.59765625
3.94726562
16.15462157
9.36718750
1.09147218
0.68505859
4.52343750
7.54784658
8.65560062
6.96745124
14.33105469
3.74218750
8.42285156
8.36522939
3.99447030
3.36751219
9.88216312
17.34960813
3.80061890
6.36686281
6.13102172
1.34944703
7.69075438
2.49251219
2.53645999
5.78906250
10.85644282
9.75358156
7.70280031
15.40625000
14.96516844
3.70345218
6.35579344
5.96061281
12.32763298
11.39859486
2.69564716
9.02343750
10.08235594
6.72233156
9.82973848
1.93393339
9.33044434
19.80273438
7.09375000
2.80664062
4.29816254
4.51580230
18.94921875
1.97688719
13.07389406
19.15234126
2.51855718
8.08504211
17.06404477
4.14256816
3.49545434
13.80598626
11.27832280
4.01530031
15.21581782
11.19889406
9.61263187
10.35156250
3.13867188
13.03971188
10.30728502
5.14836058
0.51050189
11.24218750
9.09991911
3.66179964
1.83691406
11.66015625
12.47354456
9.39648438
3.51171875
14.00585938
5.87768617
0.68107117
8.12923094
4.54655031
2.71875000
8.69823970
16.66811614
16.03179175
15.75496399
0.34806336
0.49487305
18.52094269
11.79329344
3.44303468
10.70458112
0.56592669
8.74967033
3.17806405
15.96776596
11.16114029
3.60937500
4.57421875
8.46093750
11.25194814
2.01953623
5.93359375
4.03125000
11.03742908
9.07194592
5.83984375
9.63102172
5.85335328
2.76562500
8.64664672
1.26024768
1.75912123
7.90689938
5.65169437
5.27562168
15.68205895
2.84659976
1.36027039
5.50211547
12.87500000
3.92203735
3.74576906
3.27343750
6.24609375
7.97867797
6.64274047
10.79194716
1.20834995
2.42968750
9.59992908
2.33366467
3.60156250
4.33984375
2.41992188
14.68228502
2.43099124
2.71094248
10.75423094
2.50553468
4.94531250
4.85937500
10.59765625
15.99039672
1.10921265
31.21939938
7.81264739
5.39373448
12.06070922
0.16328980
5.19986813
13.20247562
19.87434688
14.06552674
8.03841312
0.79101562
4.34700189
11.19401374
16.55533688
13.25748532
11.40201906
3.44629155
12.63476562
4.44140625
2.13085938
15.10638428
1.85937500
0.35498047
11.84692383
1.19531250
0.28686523
13.72070312
1.27050781
0.30810547
7.75537109
3.27376219
2.41959718
0.68847656
10.70684398
23.42405780
5.93326906
2.19921875
8.29931391
14.02246343
12.98437500
7.43359375
9.67187500
8.85058594
10.09375000
3.13085938
1.78320312
13.33818480
5.26838985
0.85921515
10.40625000
14.82031250
15.06574690
4.67644060
3.86328125
10.30468750
14.90869016
0.95361453
3.19010001
10.93197030
9.47721188
3.93505984
12.59358765
0.92626953
9.31250000
8.62923094
0.05277590
13.94921875
4.40299313
12.17122562
13.74910461
0.42789734
23.32924646
18.37843417
6.61750222
7.77247340
2.84375000
8.10579344
10.02062365
0.54606826
15.70768063
6.10221188
1.55859624
2.87076906
12.10709220
8.31478280
22.20147164
11.37665336
2.41210938
7.55175532
1.17480718
18.69335938
8.52343750
4.05468750
12.42905100
0.35049001
11.12402344
1.69759032
5.33170656
17.96093750
7.73258422
0.26375367
12.06998532
7.21419437
7.06640625
5.62271720
9.63509530
3.33007812
10.10221188
5.37044437
21.68164062
3.23307126
2.51888187
2.47460938
16.34179688
3.86914062
15.38932126
4.63997562
21.81250000
19.35579344
3.77311281
2.86914062
7.56102394
1.97608543
1.14648438
12.66943359
13.68250526
0.76573692
15.24121094
7.81103516
17.29329344
3.95670656
7.67578125
2.60676003
6.45671653
16.77766844
14.86751219
18.49056156
16.82877438
6.72233156
12.80045656
8.53906250
8.42187500
8.52050532
11.21028812
21.86327876
4.51041999
1.40982907
13.01920656
10.15331782
1.82096686
5.41406250
17.49852394
1.16749168
12.01775023
5.72623781
18.60480940
12.77246841
9.20670656
2.80273438
10.35644282
1.83496343
1.89957641
9.30191268
0.77735123
4.85905031
1.40852782
5.57780031
7.19754601
0.21520996
2.77539062
24.34602283
5.51725842
3.38752923
11.13574468
3.05631593
13.00781250
4.78515625
2.13281250
7.05110594
7.23436503
2.13640403
2.42382812
11.97460938
15.29687500
7.04296875
1.51904297
7.55078125
0.84960938
0.74365234
5.16527261
17.60499106
15.01692376
6.23307624
15.54329344
6.27311281
3.95409907
1.19238530
7.17578125
11.32656860
3.22265625
17.78767821
5.95670656
8.84375000
9.04524158
3.67350842
2.31445312
9.90136719
4.08984375
2.34179688
6.75211547
0.17818238
20.21679688
6.60579344
10.41829344
11.92252438
12.06087406
9.13216312
4.63671875
10.54764843
17.96614090
6.79785904
1.25781250
0.07653809
14.09939194
12.64485594
1.81998781
11.26220080
28.84560949
2.37688940
2.35123781
15.62271720
1.13924569
4.00781250
7.06250000
0.73388672
7.37727283
8.56413342
7.84016844
7.58024172
4.20312500
9.48567625
2.33951906
8.63037109
10.92008422
7.93538453
13.60742188
11.37500000
4.72265625
2.32031250
2.86523438
12.19302970
10.48225828
12.71680186
0.25341797
5.39027040
10.23049617
10.34016844
6.45215093
4.46093750
7.41666002
3.04232435
11.10937500
6.99218750
2.15820312
19.13117908
10.62663342
25.78743407
23.03125000
13.74576906
3.68359375
9.64843750
1.23242188
14.02343750
0.52805167
2.98079842
26.03222656
9.18033688
0.96712406
19.32682126
5.80013187
1.52539062
17.70442376
3.63932624
9.07454344
9.20377438
12.87500000
2.92676030
12.90136470
0.42285405
16.64876219
5.56524990
0.99497229
11.93782469
13.46581782
0.44157233
18.15575798
7.37515736
9.56771747
6.31640625
8.04508422
1.37093140
9.45312500
0.37589477
1.86995484
26.76415891
1.44287234
5.08203125
11.12695312
2.59000610
2.83772828
17.08789062
15.10156250
7.26562500
0.59488891
20.10058594
3.53108765
11.47477172
9.80289672
3.41015127
3.19499279
6.16601562
4.11328125
1.15136719
0.10382080
3.67773438
2.57226562
13.43750000
0.83349609
13.88704344
5.12955563
3.91308843
2.10156250
8.66080314
7.01432624
7.97233156
10.61729857
15.42187500
13.63639406
7.23764905
4.78969470
18.43359375
22.30775710
15.94028977
4.60758422
1.47021360
7.78450687
5.41625665
0.56225897
12.74469637
3.12639738
3.30859375
5.00032469
8.98958250
9.20670656
7.37858156
13.00390625
13.72656250
8.76269282
6.30013187
24.26735350
0.36067376
3.14713874
17.74413564
0.44385264
2.10937500
17.61328125
4.59765625
7.66406250
14.91406250
4.82031250
12.90494626
8.05045656
5.55826906
3.59667969
7.84375000
18.41471188
14.61154512
4.56608156
14.36570446
5.27880984
3.96272828
14.60937500
9.24120346
7.32910904
10.07812500
2.50000000
12.04703391
0.02281189
1.68750000
8.38704344
6.34472656
20.98046875
13.25488032
15.36277595
2.29101562
11.16877051
12.84701684
7.47835328
8.78515625
15.85611813
6.84342531
10.95060304
0.85644531
3.94806738
1.02849512
9.97579441
0.40848293
7.29668773
2.61346852
17.69531250
13.37923094
7.73795656
0.85791016
6.60968972
2.10710715
9.57812500
5.52343750
10.48079344
2.63248781
0.68847656
5.65494626
5.76106937
3.57226562
13.69173094
10.03906250
9.91894282
5.54655031
10.43652593
14.26627438
2.21810062
11.94661126
2.29166999
8.45165517
2.02734873
3.43164062
8.98925781
5.28157469
1.76627687
7.70800532
2.25683843
0.80029297
15.21321532
10.62898493
0.37557319
10.28125000
10.81444814
12.59798094
11.08365719
12.48665780
15.85514406
11.54109929
0.56388367
25.63281250
14.14322252
7.46615248
1.19628906
4.26562500
9.96516844
2.01920656
19.53938719
5.24576906
0.99169922
16.83658688
0.09114749
1.34114500
17.08854001
49.15820312
2.99739749
11.33625222
7.01107934
3.46875000
13.93163564
7.86328623
2.92773438
9.69531250
1.81347656
8.20312500
2.83593750
12.53189938
4.12825687
0.58349609
21.42578125
7.15819814
16.97103280
7.25862547
3.10872562
10.78125000
0.83105469
9.27961658
3.76725842
6.62890625
2.27343750
14.12500000
10.36718750
14.36718750
14.64806911
2.50268617
2.99894226
11.45767066
19.07324468
7.77377216
0.79394531
13.11132812
1.85977775
2.18978280
16.13801751
3.63737311
23.40054549
11.08871232
7.19531250
4.14062500
0.97412109
1.74722393
4.50814716
15.95409907
11.85384032
3.02604499
8.52408688
6.45800532
2.42415780
1.41406250
10.62531472
1.56999778
7.98502438
3.89452627
16.58724623
11.80110594
2.27115968
7.82063719
1.27604250
6.10156250
13.30728502
4.23958998
12.24820922
1.53694703
12.54817376
3.52995124
1.15332031
25.13704344
7.27945548
3.17187998
11.60579344
7.37500000
13.60156250
4.59733156
16.07574125
5.25194814
4.10710217
33.22851562
7.14224845
2.09049811
10.30826906
0.39868164
1.14623276
4.43067154
12.46881871
2.23821254
8.01171377
6.73844858
16.27644898
0.29345703
5.67675781
0.89111328
8.04418883
6.43042054
3.44530752
3.30469248
4.07453347
5.76531028
5.07812500
3.79492188
1.32714844
1.19628906
1.95735594
12.03547346
2.46908466
22.59375000
1.17089844
15.64582752
0.92155529
7.42578125
8.06347407
3.12793218
3.53320312
10.54752438
6.35156250
7.03450687
7.99218750
0.15576172
6.42008422
3.17561890
7.13442951
0.27035565
5.20703125
15.50129876
16.29996454
10.05614362
3.42774933
15.58593750
8.04849845
6.27962655
8.96100793
3.35221686
6.91471188
0.90560062
8.02115470
1.95540780
13.30207004
1.27800808
5.71875000
3.36523438
15.19142576
2.53271235
5.24121343
2.64615968
1.06445312
13.30208001
11.72436835
5.10245789
7.25390625
7.57421875
7.25781250
2.45312500
13.93196033
4.20150155
14.55810671
3.38069703
4.98925532
2.75293218
2.47460938
6.52734375
20.51659907
2.72168218
4.68359375
1.69238281
5.25423094
10.95670656
7.71907469
7.12467531
10.61765377
2.67317874
16.23031616
1.81152344
15.38801751
4.49479499
8.44531250
0.45125305
1.00773133
4.69921875
8.36718750
4.89459498
15.53704565
3.68554688
19.86327128
13.69955092
2.11393561
2.63085938
1.28270986
19.12427614
5.71875000
9.37141844
1.26237062
24.00813719
7.70280031
5.25781250
9.91666002
11.92903812
2.69922373
6.80175532
3.79590093
10.70735594
4.06868407
1.67122562
22.39485594
11.50426000
3.60027371
12.20735594
6.31217531
15.04418447
4.12695811
6.30468750
0.89257812
4.26562251
2.52832280
8.72656250
2.83007812
17.64876219
2.31412843
0.91503906
6.57812500
0.05618286
0.44140625
10.60156250
9.08593750
2.69726562
6.01953125
1.93261470
0.14428960
10.50846188
9.41959220
6.79817376
7.45345966
0.84472656
6.83203125
5.15168440
14.44185976
7.42838874
9.32324468
2.11263187
7.75537109
1.82617188
4.99218750
7.45018784
3.80990248
2.54328596
19.39288214
5.04052859
3.12239749
9.47656250
17.66992188
7.80143063
3.32925145
10.13298980
8.47265625
9.03857422
13.52148188
5.79199468
9.91536126
3.66341312
1.78060062
6.62890625
2.16796875
10.10937500
1.18945312
0.01641846
7.19107907
3.33138187
14.84619016
13.62320922
2.99739749
9.52082004
4.33464871
4.77734375
10.59375000
13.38769282
2.36914062
5.22591312
7.29655031
2.49609375
4.18261719
1.79915282
4.61295656
3.43750000
9.78010860
1.25016484
10.06021720
2.93587655
6.90332031
3.50585938
8.53742908
3.36133311
4.66764406
4.88866689
4.43164561
6.07031250
18.35691490
5.15089760
4.78515625
5.14062500
16.15656971
6.51937389
13.61539672
5.95280031
0.85498047
2.33398438
12.96516844
1.07975343
5.73437500
12.97070312
3.86328125
1.61425781
4.29296875
8.77205009
13.96232491
2.94726562
7.08316517
7.41064578
5.66455452
0.25919555
2.41210938
12.07877438
6.75293218
6.77781583
1.60890292
9.62500000
0.25854492
23.73860594
3.64030031
3.25390625
0.88916016
11.03189938
8.41226175
3.26677637
2.24023438
4.54361813
6.78206048
3.91015625
4.23242686
3.76692376
4.02213874
0.49479001
12.58919437
0.61279297
2.94903896
9.98911042
5.96224124
13.77343750
18.78872784
1.91635028
6.02343750
14.50520501
6.50260749
12.61167845
8.86401429
5.17187500
1.17285156
2.60546875
1.25976562
5.57812500
5.16015625
2.70800532
1.03190187
9.29264406
14.71061281
4.90026731
6.85692986
3.55110594
12.89225842
5.58593750
1.07128906
2.47965453
8.18929078
9.71875000
15.20494064
9.80592787
15.43748006
4.31219525
10.75454566
4.59082779
12.41154366
1.07218445
14.13435727
4.19325079
13.64344983
6.61621094
13.08235594
1.08951906
9.27156552
3.97754654
0.60921390
12.58363476
5.65464649
8.78125000
7.52799313
3.80924313
4.59635749
6.98046875
9.34765625
7.75567709
4.02199135
2.88834718
18.44596188
9.13997562
0.76000727
4.72168218
8.20312500
8.34375000
4.17122064
4.86238804
4.01562500
0.92512938
1.31331422
6.30094360
7.36033661
32.61980745
4.02734375
2.74249724
4.94695589
9.14485594
-0.02632567
0.53271484
0.97753906
9.11621094
7.28125000
7.91894282
7.67383062
14.88671875
5.70703125
7.69921875
1.98242188
10.63899657
16.98321108
4.40234375
8.94140625
8.52359860
4.49935062
9.24608378
1.47885028
5.57780031
3.22265625
11.37627882
6.62372118
10.33235594
4.78873781
9.20052000
7.18717531
13.67561392
5.12126108
14.09781860
9.30289672
2.89420656
5.70068359
1.87792969
5.88349676
3.51953125
1.19335938
3.21418939
2.55534186
10.10156250
3.99218750
4.78906250
21.28548094
11.51139406
10.88281250
0.07226562
3.15820312
10.28906250
4.87890625
5.29687500
3.76367188
5.43501552
0.20243566
13.93033688
16.18294437
4.30859375
7.31640625
6.70703125
11.05744238
5.92302637
2.85937500
8.80110726
4.31510749
3.25781250
0.83203125
2.35351562
4.71386719
2.73828125
13.19531250
4.60278258
1.03295961
0.57470703
5.74430297
3.80452515
5.71875000
4.08203125
3.76367188
1.20832326
4.27930186
5.48881102
3.97265625
18.64485594
5.68717531
13.71687805
6.72355164
9.37141844
1.60612062
2.11132812
6.07161126
0.50065436
3.56445312
6.79687500
4.78125000
3.95800532
1.55859624
9.88281250
2.16796875
7.46875000
5.74411846
8.95997064
6.04200465
7.06933345
10.69905142
4.71891733
14.87923094
5.92936281
1.91992188
10.32812500
8.51204344
16.75585938
12.36116578
14.76546016
9.01855718
2.65429688
3.84537345
10.12972296
18.77180408
21.30713264
17.11621343
14.39876219
3.97591312
5.32421875
8.24283688
11.98372562
8.83593750
8.34375000
0.57812500
14.99413564
17.55273936
3.11328125
1.91992188
7.55110594
11.46093750
3.13053468
12.69757536
3.02508089
2.12304688
4.80076630
18.81446808
3.21875000
3.36132812
7.89159907
4.43717033
2.17318373
8.98343658
7.82942376
2.33073249
9.47134752
2.53841810
1.81933594
11.06673094
5.10514406
6.11328125
0.98974609
2.24086631
9.47557846
7.61558399
10.20312500
6.80761968
12.35122784
14.94271498
2.78613530
9.90510860
5.86474734
11.83365968
0.05377197
0.59082031
1.77636719
1.46093750
3.97070312
17.10579344
9.94889406
16.18701818
5.69727061
10.87259762
4.31819703
3.69091921
10.75691711
0.09116639
11.87629876
9.59831061
2.33789062
10.99218750
8.91829344
8.12858156
3.81054688
15.06351559
13.87565187
3.31022218
5.78906250
2.20312500
19.12396240
16.82063719
6.09944703
7.32470329
2.27181405
15.22094727
1.60449219
3.55859375
11.35937500
23.39353724
4.71193151
2.91275876
5.72981937
6.55086899
8.53548094
7.55257203
0.35286500
0.39892329
10.65917969
20.81738530
7.66015625
10.84375000
3.08235594
2.00553468
20.58658688
7.12858156
4.90983156
1.19335938
7.35839096
8.90788342
4.96630984
0.91438844
7.62500000
4.59060118
1.89377382
6.80295546
12.27126329
3.61523438
6.82421875
8.09375000
0.05947876
0.92480469
2.74218750
2.34985352
0.37957592
5.31044603
2.96647218
8.07812500
10.38704344
2.59733156
11.25000000
8.06250000
15.35252660
3.89747340
14.87500000
3.93554688
10.21875000
0.28442897
16.22200189
13.98665780
9.84733156
13.97622784
15.32683122
11.84733156
4.96451906
2.75325189
4.55338874
5.01204344
8.62858156
1.63231425
2.34180684
4.56640625
1.14778563
3.29655031
4.08885971
5.10645279
1.26562500
6.17488586
0.19657410
5.69165039
4.80859375
6.49121094
10.83789062
5.51953125
8.14062500
8.72656250
0.72900391
12.36246454
0.33366093
12.24576906
8.56250000
9.19954344
2.94954344
7.17513187
1.88802000
4.31217531
14.23437500
3.62125610
5.57210328
20.25667110
13.73551640
0.88916016
8.54687500
8.35937500
4.65859154
9.78354464
21.19303468
3.18685062
11.82454344
15.23340944
14.45930907
2.87483765
0.39974000
3.34765625
10.40998892
18.39778812
10.12972296
4.95703125
6.83984375
2.27734375
14.52050532
5.47949468
1.23339844
12.55891844
2.66992188
3.31022218
5.35156250
3.20117188
4.54850094
3.34700687
14.07031250
5.09016844
6.49218750
15.90266844
13.13052970
2.37858654
7.23469969
9.45995346
0.78776872
9.95312500
25.60142708
6.08626219
5.73828125
13.58170656
11.50781250
7.23130264
0.77065049
9.23502438
0.95833499
7.12564440
3.74349623
7.48469969
24.72623781
19.78613281
6.86262190
0.13835466
4.74641844
3.72819093
0.93701172
7.25551973
2.61557402
1.64453125
16.64453125
5.80957031
14.13281250
3.32421875
6.81250000
12.92610594
7.92545656
6.91406250
7.92968750
12.47656250
16.42577377
7.85254654
16.72070312
16.43750000
6.94173094
5.41674867
1.13370789
10.40921872
4.34310062
10.45312500
5.73720001
1.81413342
2.43359375
10.82161126
5.32682624
7.18066157
13.18945562
9.12360282
1.51663396
5.78841312
7.49609375
8.39843750
4.94921875
4.00781250
14.98144282
6.17545656
2.62435062
11.16406250
24.66796875
12.21492243
1.86906194
7.53580563
6.06575687
7.69083555
0.97420351
4.72265625
13.39208984
1.05326000
3.14241578
6.53060062
11.26562500
15.75873672
3.20643172
9.37858156
10.42097961
0.46777281
11.97298094
7.95247562
11.30289672
0.45638062
6.07031250
3.33007812
12.20442376
5.67952017
2.84066544
3.37271720
0.58057014
1.54280640
8.00634766
6.94140625
5.93585661
5.81414339
10.72656250
12.16406250
5.02636719
19.34016844
20.63053468
14.77668440
3.99284685
9.07454344
8.73795656
17.74210437
7.18946060
3.42708499
10.25781250
2.26724596
11.93587655
4.38606937
10.81868407
5.73763187
1.16048094
2.00553468
6.73437500
2.51259198
0.15977130
3.04101562
4.01497064
1.57682624
10.45214595
14.70735594
28.84016844
6.73275155
9.03662109
9.05598626
7.09635749
3.64843750
16.82454344
2.23469720
12.23665780
0.08972168
6.68750000
18.57714096
3.77344498
3.24609375
8.55891844
4.63639406
8.04719969
30.15494061
11.69108156
1.21223875
6.64453125
2.18717531
8.96093750
5.53515625
20.90527344
25.64290282
5.30436281
30.63997064
13.14176515
2.46191655
10.85644282
2.18929078
1.46696171
10.44531250
12.49852394
4.31788231
0.81835938
11.85937500
4.12938955
2.94922373
8.49218750
8.66406250
9.07454344
10.37076906
4.31640625
2.18164062
1.43961547
12.56429078
23.30740309
15.20012634
0.31770999
5.72656250
0.84033203
22.47965204
10.78758644
7.57651152
14.73437500
6.08268063
2.25667484
6.20312500
6.38346188
10.16992188
5.55403812
16.10367797
0.53450562
0.01200283
2.35937500
0.58593750
7.00390625
2.93097380
6.86134308
6.60905031
10.15689938
7.51399158
3.31494639
11.26562500
6.18261968
19.48895502
4.24541998
12.62141844
5.24576906
2.13085938
13.15038564
5.65430186
13.41406250
8.05371094
2.00390625
13.36360594
3.30240968
11.82018794
1.48242437
9.47037594
17.35579593
16.47900266
0.53173953
14.38296986
6.18734264
21.02359486
5.60921764
10.21728516
19.08268063
4.63671875
10.05403812
7.13281250
4.24218750
10.16113032
14.18994016
2.30127327
10.41406250
1.97656250
4.01171875
0.00240898
19.26171377
1.76758311
5.55859375
18.75602172
7.30647828
16.67675532
5.43261968
1.62182617
13.44531250
1.96972656
13.00897246
4.49837655
14.74462766
18.07568484
9.95377438
4.66731937
15.31168329
6.48356327
2.38053468
28.18309176
12.49008200
4.03776374
4.10188719
9.22233156
4.00781250
5.37532469
4.19108156
1.21386719
4.49283688
8.08528812
10.00602172
3.58349236
1.18197030
14.50781001
9.69824468
2.69726562
14.46093750
10.12923094
1.45280031
9.67187500
2.08789062
15.42870346
11.10254654
8.30110594
18.98437500
6.83170656
6.52734375
0.03256226
5.82031250
9.10156250
8.04687500
0.00468445
10.90266844
10.06021969
6.28418218
3.64843750
21.36277926
6.43409574
6.30468750
12.72656250
10.00000000
8.21875000
0.79882812
13.30891844
14.30533688
3.90918218
12.72656250
3.71484375
7.36149047
8.46272828
0.21219817
0.25215730
12.53548094
4.36490968
1.77669188
5.18326906
12.57031250
10.48079344
2.48111813
10.71386968
10.97656250
24.73587989
7.92037011
3.09765625
11.94432846
12.16927748
12.10595080
2.09684951
3.02929688
12.20914672
0.35607941
3.69445645
7.44091548
5.55729499
5.96842531
3.93164062
2.24218750
2.73046875
2.54719969
3.24576906
16.35630264
2.06361924
7.35546875
3.78515625
25.70472336
3.24283688
13.35872562
1.92773438
12.55638963
0.92440381
9.53214539
0.28491273
8.17187500
3.20117188
3.38671875
7.00390625
0.11315918
10.88028369
0.76815381
1.25918682
8.78939716
6.58690908
4.99805186
4.74218750
3.90820312
9.80533688
3.05013187
7.37500000
12.80468750
2.65625000
13.61865234
2.11523438
13.58951408
13.97233156
3.07682624
12.36083984
5.73046875
0.47692871
11.41406250
1.82324219
14.53580563
6.93685062
2.75585938
8.94791002
5.11848626
1.64649434
0.01432037
0.05035400
5.14343687
10.98795656
7.17041016
15.04345703
2.97851562
8.11629211
4.24436447
5.92370621
10.55468750
3.44335938
4.85156250
10.71785461
0.12996399
1.27262328
8.77701906
7.13574219
25.72033691
2.11328125
8.25552970
0.42198083
0.47947189
6.40266844
11.71964539
0.50805726
0.83837891
14.88865692
18.08692652
0.63117908
4.13929869
5.71875000
5.82031250
1.54003906
15.42968750
4.57812500
1.39648438
12.38769282
1.91113530
2.56460550
8.51351950
1.06152344
6.31250000
0.59765625
6.36718750
0.43920898
2.30029297
0.99674313
2.75390625
4.32844969
0.32910405
4.00390625
0.03185013
0.67795822
1.90234375
5.04687500
3.29329095
12.00268617
0.13712835
3.41845579
0.78955203
3.66601562
10.35156250
7.68782469
12.57160877
5.41537123
5.76627438
5.76888187
2.45703125
10.41752106
0.36592621
0.04089355
0.15014648
2.00976562
1.74804688
1.61718750
6.65885251
3.07356937
0.10839844
0.01546478
0.05371094
6.41406250
4.66796875
4.17545158
10.66634530
5.92187500
8.80468750
8.83593750
4.23046875
4.65625000
8.10937500
8.95735594
2.98599845
9.71436045
0.39306641
5.29296875
11.08235594
9.11002438
5.21386968
2.58004761
8.45735594
7.28092531
0.35286375
1.98339844
6.79427000
2.77115968
3.08561281
4.55322141
0.90478640
3.85473633
4.37500000
10.66406250
3.95019531
12.34425592
13.21093750
0.22473145
13.31948582
2.32699855
1.21698849
2.33935671
0.47151734
2.86360594
8.85514406
1.85546875
1.48567625
5.96061281
1.84570312
0.20727539
6.27603751
7.09603280
3.01171875
11.81866455
1.31402588
1.74869626
10.66341312
6.75781250
8.85156250
5.92187500
11.42968750
24.04980469
18.19862410
12.57486813
4.78060062
3.94498781
3.96484375
13.31835938
0.70434570
0.72086422
13.03125000
9.87434314
2.71257092
7.91104274
3.80371343
16.92577128
9.55437278
3.46907469
2.43522218
5.41796875
1.47476549
11.59750014
1.94661126
7.65534988
12.18945312
4.13346188
7.47200687
3.02672674
4.91327570
2.75976562
17.98079344
4.29199219
1.71223875
2.69466312
5.49218750
4.96657303
1.60862228
3.71093750
1.58105469
1.57584220
5.93978280
13.88769282
1.61751468
7.66373781
0.77050781
8.92968750
8.94531250
5.42578125
1.76953125
0.08551025
10.17447252
2.74562197
7.87109375
2.25650876
12.00673587
5.10872064
7.66308843
1.90917720
5.26860466
6.56640625
7.70312500
0.84944578
2.28678468
28.76692376
0.69987311
3.66394043
3.65917969
0.85725828
10.10514406
3.75390625
5.46875000
6.03938719
1.64835633
0.37451234
0.06903076
0.89957641
2.50276734
4.05468750
1.05371094
16.03548094
4.30891844
8.65689938
10.56314938
6.79525155
16.14908688
5.99544437
15.36295656
13.66048094
6.52701906
5.39094969
2.36295656
5.52734375
4.16702653
1.92546653
4.78515625
22.18293939
7.62370124
4.86523438
7.52147939
3.63867686
7.90526596
3.96615248
3.09147218
2.87304688
15.55642700
17.21899414
12.21439606
2.45003266
3.55078125
3.58398438
0.16176268
2.50551724
3.70834995
7.59049313
7.94628657
4.47916999
3.28255374
14.99100676
0.20064363
36.95507314
7.01758311
2.39227295
2.30628749
1.83676543
3.39323249
3.09765625
7.79426751
3.54166999
12.71093750
0.01867676
2.09826660
9.38871122
5.59122439
6.01371674
3.23119868
11.87793218
4.92968750
2.15039062
7.03727172
34.14306516
3.66927249
8.14062500
4.12206782
13.43685062
0.71793204
6.21680186
1.68945312
2.73274158
9.63444592
1.93847656
2.62672928
1.95237228
0.47631836
4.89485594
13.01562500
1.52148438
4.94224405
3.95670656
4.46484375
3.18976785
5.80046653
5.85937500
8.39843750
6.54329344
11.26139406
3.97851562
7.71394836
0.14420594
6.12711547
13.81070922
2.92219969
3.05208250
3.20638187
6.68782469
16.07123859
9.98860594
4.83951906
14.51041501
3.96809564
3.91211436
3.02343750
14.96939938
3.99739749
5.83203125
10.05533688
5.71875000
6.34733156
2.73405031
0.54931641
14.33398438
5.23828125
6.12109375
5.05468750
1.44327633
6.35091312
8.83984375
8.13281250
5.49283688
6.29622562
8.56347656
2.00438082
6.65675199
5.73437500
7.81250000
6.71289062
3.04296875
28.59439938
0.89876344
5.88248781
0.93147828
1.73274657
6.37025212
5.96731382
2.82427979
19.29137685
7.19727061
6.43579102
31.63313719
10.88281250
3.37076906
12.06250000
0.92512689
5.83463874
0.77539062
12.35156250
1.42238280
5.76530031
8.53548094
7.85188719
5.70274909
4.34375000
8.98437500
2.64094969
1.74999751
7.20182624
4.32421875
5.38671875
5.87890625
7.62890625
2.31900876
2.05403812
3.04671141
4.20312500
6.50358156
0.98193359
1.88085938
4.66715204
6.08675421
10.18750000
1.25292969
5.23828125
17.36718750
8.52343750
3.78515625
0.03924561
0.29329300
0.80029297
3.46321532
1.49186281
2.71093252
9.60742686
5.81770501
0.90202155
6.27635971
2.16309341
0.58935547
0.38745117
7.04296875
1.63760729
10.49496107
3.10807126
5.37500000
2.95865968
2.96386470
4.39349141
6.88281250
7.05078125
5.76171875
1.42968750
1.60920767
1.52165170
3.91601562
2.77864500
2.23665282
3.42317874
4.67968750
7.75032469
1.20768312
12.47656250
14.16829344
26.18326906
5.51562500
8.23437500
8.41406250
13.01871454
2.86019171
17.59082031
2.92578125
5.59765625
1.40917969
0.55322266
0.01933289
3.16577148
4.34431634
10.09049811
2.60546875
7.62890625
3.67382812
13.66894282
3.63574468
1.32910156
1.24730448
1.21127216
9.08951906
15.48632314
14.72103280
4.25748781
6.63671875
6.84798094
16.22558594
8.11295656
1.99314911
3.06056183
2.68603266
5.18685062
7.40983156
2.28189938
4.44856937
3.92585993
6.02872991
13.37564938
3.46614749
1.62402344
6.45751953
4.68359375
11.80546570
5.59635001
7.92415780
3.58658688
7.96810062
12.14843750
1.66992188
5.58593750
7.23046875
6.26660156
6.31250000
2.17382812
1.38378906
5.58593750
5.36328125
8.38704344
3.37434564
8.41544991
0.22538269
4.05468750
2.87499502
5.02539561
2.06329926
2.02947417
12.84472656
7.25390625
2.46875000
3.74414062
2.45898438
5.68750000
0.04644775
3.40004849
3.11069370
5.48209220
8.33040780
3.02831782
1.13672124
32.83511082
4.14926418
0.78662109
0.58360467
20.66316649
11.34635500
3.16243407
16.19009752
10.27442154
3.90625000
11.48860594
0.12540773
14.06331173
9.99332890
14.41796875
5.77799313
1.80484860
5.63671875
8.51074468
5.72623781
25.83300532
16.94466312
8.76562500
17.72574953
3.05078125
6.95344969
2.27734375
3.10709718
8.17675532
2.34668218
10.85758422
4.26741578
1.56347656
4.93651845
9.27539561
18.01204344
4.48405031
5.49609375
11.23437500
14.62141844
4.76399158
2.21810560
2.36034159
2.19727559
5.67919922
2.99023438
11.01985594
9.38281250
10.81608156
5.56640625
4.56250000
3.47070312
1.24804688
7.73729721
3.56771498
2.08170656
9.69059079
6.14388187
14.30273438
10.78906250
7.60937500
0.86718750
1.27636719
0.70605469
9.67931381
4.10254654
11.50000000
2.52734375
11.98925532
11.97591312
3.21256593
4.39226627
9.45576055
2.62565686
3.85709718
5.83626219
2.65201906
5.99022939
2.91016123
4.71875000
17.56867908
6.06803967
4.12890625
11.00781250
1.21386719
2.61523438
9.03051758
1.76074219
3.32226562
10.31021720
3.13314217
21.04003906
3.42968750
9.28906250
12.20312500
4.94352047
3.03841312
11.41573238
3.13102172
1.22542359
9.40705674
1.29411513
8.00229733
10.23175754
4.59917663
0.24117035
14.24709845
3.99250721
6.47428967
14.26562500
6.85221188
15.89371828
8.04264406
23.32454344
4.41440920
4.15038564
9.70117686
11.57931416
6.00194814
3.36849623
0.69531250
21.61230220
26.53727297
15.81070922
6.92610719
2.23177249
22.66796875
22.55663564
12.57682624
2.13997562
5.49023438
7.54067598
5.42026152
3.34375000
8.21287567
8.44728058
22.17186503
7.44497784
8.24643838
13.48828125
5.36328125
8.96093750
13.91829344
13.47525377
6.66504654
6.37500000
7.55078125
14.02180408
2.78874279
9.16251212
1.16243905
18.31445312
12.65625000
3.85156250
3.20930907
7.01139406
2.20703125
9.89643787
8.42817519
3.78678468
22.69807860
0.73258547
14.85090814
2.47135749
14.22227743
4.41992686
4.06250000
2.85579344
28.40039062
11.95279782
7.24121343
12.86880098
3.67026152
9.47134752
2.28451185
6.90266844
7.35937500
14.47183954
16.87549202
5.20312500
1.43261719
10.85156250
6.61425532
1.29492437
22.53937722
4.62077903
11.93391844
9.12923094
3.23958499
0.22326660
3.49267329
33.85644780
17.21286570
5.01369680
2.46126219
9.92216066
3.46679688
0.67187500
8.90705674
1.32276014
9.11848875
3.75325687
0.99755859
8.69954095
13.42741218
3.02929688
6.76122673
11.49463264
2.53125000
30.27539062
8.87320922
12.49820922
1.91569093
1.05273438
15.35553746
2.34172816
12.40797850
1.38834469
8.95620956
12.78402482
1.89941655
5.32332336
0.12015809
7.94725067
6.75196808
5.37109375
2.27831284
6.25944592
3.93294437
23.99885985
7.46272828
1.26350953
14.01233644
5.68490248
1.25292969
6.22411237
1.24268450
15.42252438
7.46028812
13.12532531
0.70646180
9.44954344
2.18912843
9.37500000
1.73046875
2.44531250
9.92252438
2.36084109
0.03890015
21.87026501
3.29101064
16.13232920
6.63281250
3.37304688
1.54101562
5.80680297
0.13960816
4.29361813
4.22591312
12.55468750
4.54230442
9.48699246
4.09765625
4.52457428
10.45312500
4.87336658
4.68132092
3.53320312
11.09744865
13.34733156
5.11588874
17.07600828
9.02034547
0.59016969
10.35156250
0.11639404
13.24641844
7.42366578
0.04555299
4.46321282
32.02051030
3.52538564
19.77799313
14.93067154
2.52213376
15.21419437
29.63476562
8.21874751
7.10481937
10.50358156
1.73437500
0.98388672
0.59732907
6.26204593
3.63281250
1.33398438
11.50000000
9.15445922
4.93538453
6.54329344
0.10843996
5.65926086
9.12394226
3.89453125
1.15625000
18.50227782
4.42197868
9.74576906
1.87207031
10.49430422
2.99511470
0.29150640
10.45233917
5.87890625
13.01985594
28.19628657
3.25161597
2.74806183
1.36132812
10.65462157
5.69726064
1.25260998
13.65515137
10.61377760
7.18717531
6.19531250
12.90469786
0.21696047
4.22362534
3.98926529
1.58105469
11.30078125
4.31282469
6.12467531
17.19081116
21.15266844
6.41764406
4.03906250
1.81933594
7.25227283
6.38997562
6.04557624
2.69303468
13.77343750
12.95735594
4.40592531
13.80598626
2.76106937
2.09895999
2.09179688
9.41406250
3.86523438
9.45312500
1.69726562
9.90038564
16.14420656
3.24251717
8.55143063
32.21223875
3.11426030
12.75000000
6.85644282
4.42871343
10.14485594
3.60351562
5.57780031
0.55615234
15.41796875
3.74251219
11.25254147
11.52278812
6.59733156
5.67610594
7.89420656
3.96093750
0.64046141
0.83073000
1.10839844
5.94140625
3.21484375
24.80793440
15.38347185
4.51562500
3.68750000
9.62500000
8.34375000
5.49609375
2.46679688
7.81200798
3.89502327
4.42578125
16.61783688
21.77343750
9.18586658
1.61035904
2.37109375
1.15169188
0.10990480
5.46646969
6.99544437
5.44921875
5.05370346
4.42318373
3.72233156
3.94140625
6.64843750
1.02343501
1.63965093
0.73242188
6.24837157
13.22363032
4.54557624
3.09895003
1.65137466
6.71451906
10.89485594
2.52506593
9.53091534
0.85970966
36.64453125
8.96679688
2.59602782
4.45670656
5.90625000
0.90066881
12.46224623
8.71875000
5.69954344
7.86686281
17.23502438
13.07747562
5.19921875
15.61522441
5.94532247
4.53906250
9.14126441
1.48568871
2.04492188
8.27343750
6.75650377
2.42513685
7.42610594
2.35123781
8.90754876
1.73698249
18.72264628
8.53516622
12.61490470
14.56313941
12.45086214
2.34195922
3.65737645
3.67449246
4.08984375
11.38281250
2.51626690
3.60189716
12.22656250
7.70963376
2.38053468
2.44694093
3.45507812
4.55501219
1.32194093
8.32031250
22.37121333
9.17090093
4.43359375
2.82812500
12.50000000
3.97493407
7.90201906
13.05468750
16.17169770
8.80551418
3.70442874
0.00112724
1.16333008
8.80468750
8.29687500
43.77831782
2.32519780
5.96907469
1.76139406
3.77539062
11.68750000
4.56640625
15.42008422
0.61263062
9.88281250
5.41015625
12.46337891
12.75568706
3.16260638
3.15234375
22.71520120
4.25977061
2.10742188
12.33274841
2.64886183
7.59247118
16.26593972
2.99838153
21.31077731
3.69158355
4.59733156
1.35156250
7.69921875
21.60156250
8.48370787
1.20433823
6.93067154
2.70475343
22.09788668
5.00831449
13.50781250
2.57846069
2.00000000
17.88704344
9.24218750
0.98014406
3.08593750
12.29101562
18.27440160
30.68083887
6.07039430
5.49641844
3.61881593
2.93945312
12.99218750
13.61409422
16.23795656
9.45312500
3.54524657
5.00032469
15.49576906
3.85546875
5.38281250
1.31217531
2.16503408
0.20020030
6.07274269
16.87874889
6.92415780
6.38562167
0.61405364
20.64420656
11.99857169
9.53776374
11.12076906
5.15987089
1.83398936
6.81461547
13.65836547
6.20507314
15.01958920
3.81273916
7.07909907
5.66895279
2.79882812
32.84830563
7.71419437
2.81881714
16.90625000
10.82812500
2.54101562
3.28303081
8.11443013
1.16210938
12.58593750
2.09747584
1.60540502
0.01171875
0.62874266
6.00552970
5.02570436
9.83593750
6.13671875
10.12500000
0.39168211
8.03125000
46.47884032
10.55037601
3.02538564
2.77490289
8.47949468
10.19889406
7.01204344
3.51725343
15.52766844
10.36295656
9.14843750
4.30468750
11.07454344
15.29655031
9.80891844
2.58561281
14.39062500
8.36783688
6.13671875
1.57552249
2.50390625
10.87694814
7.49023936
16.46875000
2.85351064
2.58984873
24.69531250
3.22558594
0.21520996
1.93457031
6.73392731
1.12300130
3.18945811
14.41711265
12.14843750
9.36947030
4.13118157
4.74870124
4.09716797
6.16015625
11.45312500
5.37500000
0.09204102
3.78906250
9.67968750
9.97119016
0.54297000
2.79882812
10.09375000
0.05953979
15.93146831
9.81527482
4.76594969
4.05371343
3.60969969
1.99967531
2.38899657
3.32181886
28.27050781
5.12109375
2.42675781
3.22062008
4.13248781
6.49283688
1.39355718
43.66210938
9.37988281
7.29687500
3.50260251
8.21028812
1.68652344
3.06835938
11.00423094
2.72770265
6.75781250
4.07421875
3.45129248
9.17545656
3.81835938
1.36352539
6.73828125
2.66210938
0.55224609
15.12597407
15.25683843
3.55078125
15.38167110
1.34782109
11.22298094
4.45280031
2.07226562
2.36832516
0.00000000
4.97656250
20.08626219
2.00944093
1.53808594
7.75064938
11.90950687
7.57812500
11.75386193
4.40629432
0.00933075
4.96093750
8.48193359
12.37500000
8.80598626
1.93424811
15.76985594
5.04693650
4.59336381
6.71868850
0.24859666
16.81477782
19.32844969
11.91251773
0.23901305
10.76139406
8.66503657
3.90136968
9.28125000
2.65657469
7.71484375
10.64029034
12.62891622
2.97460938
8.35937500
3.12304688
0.90184799
2.87598404
7.94531250
15.65820312
16.61934324
4.42545656
11.22619629
1.33137938
8.26334220
11.19246897
1.84269226
1.88786316
8.39745845
3.09082280
3.11328125
4.66894282
4.78613530
4.33626219
0.72819093
0.36596680
1.96549313
6.71614251
4.38932624
0.65999515
6.29329344
13.08854001
15.61913564
1.49512466
13.61946532
0.15140871
10.33300532
4.73111813
0.86556405
6.35156250
2.26855469
4.30468750
2.92187500
2.56054688
11.72931769
0.33562372
10.41070594
4.85872562
2.78287843
9.79687500
1.24707031
1.56473380
7.55908577
1.19515015
5.27343750
5.38281250
3.73079344
1.46549562
15.57546234
3.62304688
12.53125000
0.81339414
0.13460390
2.70605469
5.58593750
6.28906250
7.88281250
1.60351562
12.61539672
4.61539672
13.65722407
8.90136968
1.97623781
2.35156250
11.79638423
3.36944814
8.72528092
0.03228760
2.43847407
7.83797429
3.37003601
6.52962157
11.16406250
6.39030031
3.06477782
1.80729250
7.37173316
6.63021996
2.24804688
2.80859375
8.60156250
7.02734375
9.09813830
1.69678357
14.48469720
14.98307624
5.83984375
6.45703125
9.19954344
10.55826906
0.45678711
4.38671875
2.82421875
13.97656250
4.39453125
12.75781250
9.98628749
15.67545656
15.29264406
9.12076906
19.70312500
10.11718750
5.26171875
1.15527344
9.48600094
5.33919437
6.03157469
3.55826906
2.08984375
7.06705563
5.89062500
8.82747562
4.36848626
5.88786015
2.68831422
14.76139406
0.53173828
3.42187500
9.11718252
2.72266123
6.58626219
2.03092531
0.56689453
2.39565645
1.95346464
7.94173094
3.89436890
0.75992797
3.54459718
8.95865719
3.38606937
12.79329344
17.04296875
14.18277704
2.50830452
7.87109375
7.16406250
1.86914062
16.59863032
8.01920656
4.48372562
8.42187500
3.58398438
2.70703125
9.42024657
7.29361813
2.68457280
24.07812500
19.11002438
0.14237551
8.56608156
2.63932126
12.22591312
1.55053462
6.32747562
0.94596437
1.34277344
5.03906250
16.92805408
8.36165780
23.61469108
14.12337655
8.05045656
14.34733156
5.50781250
3.00422845
3.61134162
3.54557126
3.20052249
1.23632812
10.00047208
1.06984042
8.93358877
8.05273936
15.43570424
4.22249889
12.97477172
0.66178344
9.97005125
5.26920656
4.30045656
0.24377441
3.09375000
14.00682846
1.12891373
1.09960938
5.26790282
5.47623781
13.73079344
18.07454344
10.62923094
4.10840093
0.25537109
1.55957031
2.33854001
1.23958499
11.53906250
8.87500000
0.91943359
2.82812500
18.00585938
2.78743407
2.91959718
14.41829344
1.31518617
0.88566101
5.92968750
8.91406250
9.39843750
10.29492188
15.54943540
3.78650210
19.34211907
3.00065436
18.27717642
1.50439827
13.46647218
9.34179688
4.44921875
9.57633422
6.79085328
0.84521484
11.26269282
6.18554937
2.53515625
16.07812500
15.01838985
3.74528202
6.85847961
0.90714539
10.55110594
6.71907469
1.32421377
5.08822279
5.32421875
4.89274047
13.35758422
3.41568595
8.59180186
3.60725081
9.04004654
11.81151596
1.51823747
3.58398438
4.47980940
8.91862810
1.10839844
3.35285628
5.58659685
12.73860594
12.51139406
1.97851562
9.42610594
3.36100343
5.49348626
19.67838874
11.83593750
11.02050532
3.68652593
6.77473626
4.56120124
4.64646942
3.42384308
14.52082752
5.49382092
7.71484375
5.87109375
4.99218750
5.03906250
12.96093750
10.15754876
12.57599956
2.19027980
4.64843750
4.13313719
1.64175768
5.83692154
5.75032469
10.90397218
5.21875000
26.20996094
2.44921875
9.03548094
9.67366578
4.22835328
21.83984375
10.40625000
4.58593750
3.42968750
12.52399823
0.96037677
22.51446366
12.45148827
4.53939716
4.97981937
13.58414672
0.53059937
16.19546986
5.47249889
2.82421875
3.71711160
1.13054465
3.80078125
5.93554189
3.54883311
1.23339844
4.65136719
12.88525266
1.11474734
7.07812500
4.86090969
14.72038342
3.00390625
5.93001219
3.48014406
3.73046875
0.55664062
19.61174818
4.87467531
11.71875000
0.01831055
2.52929688
8.22851064
8.87255984
5.13330452
1.13378906
7.47298094
9.27538564
5.34147717
0.10296631
11.20995845
16.18099124
3.11881593
8.34798094
1.98990968
14.42968750
6.54882314
1.96484873
9.86718750
1.81054688
0.02172852
1.30566406
10.85579344
4.83746732
10.30511081
2.46809813
9.33528812
2.70312500
1.95507812
1.82910156
12.78948975
13.86002438
2.22005374
1.06933594
16.28677970
8.36360594
2.91992686
6.25585938
6.05859126
8.13395390
12.06070922
3.01530031
1.46679688
2.41471188
3.37044437
2.87890625
8.72721188
1.26009281
17.29959106
10.22656250
9.28906250
0.02824402
3.56250000
1.62207031
2.69969332
3.42237699
9.65625000
12.14843750
9.71158688
2.15755374
9.92968750
12.27115470
3.12142342
9.43750000
5.83999114
14.47641511
11.06445312
8.70393548
7.17871343
6.20475343
3.51562500
9.14746094
6.83593750
18.77408688
10.92903812
2.34375000
10.28714872
0.75582003
6.63150377
2.13802748
17.72867797
0.37952387
7.69889406
6.48763187
6.66015625
13.85514406
5.44661126
3.65136968
14.70670656
9.35156250
4.49609375
10.88476064
1.80664561
6.66796875
6.27604001
10.76562500
0.95540531
12.01634309
8.46803191
16.22683665
12.54687500
9.93326906
3.55956782
5.12793218
13.26757314
1.28060311
8.10123283
0.04508422
5.22444703
5.41406250
16.32128906
2.26562500
15.41048094
8.14420656
18.07518005
18.69140625
19.05859375
16.43750000
11.76334220
2.40657967
7.20007324
9.58471555
13.57177859
7.62109375
3.02539062
13.97721188
3.72037843
1.27018312
4.34179189
8.52148936
1.63964844
6.39908688
5.64811281
13.79264406
9.39615470
2.50456061
10.45573000
2.71093750
7.45076352
0.24576968
9.44042720
7.45996343
12.48632314
1.66992686
4.21484375
5.47363032
1.35547124
10.61457004
4.44792996
1.88964844
9.43651596
7.61994238
2.41229166
3.98933899
1.90176080
14.16471686
6.26594969
18.66373781
4.48437500
8.42968750
5.86816406
10.83752441
11.76806516
7.33935173
8.51009530
2.66894282
10.54598823
1.59179688
10.91307846
14.69947037
10.76464345
12.98153147
12.15074874
2.68750748
6.49609375
4.08951906
4.32031250
10.38769531
2.19140625
2.70117188
6.25602172
1.88753297
2.08593750
10.50691711
0.64640320
6.34375000
6.17187500
4.05078125
6.83593750
12.55468750
9.66080563
2.14974124
4.46191157
2.93261968
13.76953125
2.41829344
2.71061281
11.65689938
1.87435062
6.95442376
3.21745124
7.68033688
2.37825687
9.62500000
8.29687500
2.62011470
1.77832280
10.86718750
4.08203125
3.00715814
7.58073249
3.41210938
7.21875000
11.50772946
7.58561281
13.94596188
7.45638187
2.54264406
14.49413564
8.88086436
5.25390625
9.28906250
5.48502438
3.25520999
7.16177970
0.90088264
2.55843140
13.82877438
11.25781250
3.96158937
7.93326906
4.39127438
6.37435062
8.61002438
8.83235594
1.41211187
0.60839844
4.67968750
15.47443706
7.64729610
0.91342309
3.84016844
2.18245110
6.93620124
8.20312500
0.22847566
2.00752777
3.22265625
13.69173094
11.33951906
13.13281250
0.23547363
16.72573853
2.71679688
15.57812500
16.21679688
12.36816406
1.42153454
2.70312500
11.93750000
11.10286375
4.16060394
4.67891511
4.18596382
0.68632265
2.19656118
8.99173981
1.27550835
2.17382812
9.59016844
7.43717531
1.15722656
2.56640625
7.99251219
1.97997621
13.42691268
5.88168107
12.94140625
1.13867188
0.12755013
6.65625000
13.59191895
8.17545158
5.59603280
6.58618164
6.96093750
8.48437500
2.63671875
7.46875000
13.66048094
7.98632314
4.98210217
9.07031250
15.44189453
6.92187500
14.35156250
3.35351562
9.35937500
11.82454344
0.71842531
3.98632812
8.39843750
6.28906250
0.47998047
3.43554688
1.49902344
0.00987244
5.56640625
11.75781250
5.26171875
0.08837891
4.45572501
7.68620124
8.59439938
0.53174077
10.40625000
2.12304688
0.00946045
5.38281250
6.17187500
0.81738281
8.00301086
0.29557312
5.12500000
3.40429688
7.28515625
2.30859375
0.90852782
0.10917238
1.82910156
7.11360594
2.53287843
1.77050781
15.79768049
11.42603287
3.52506593
6.83593750
7.71875000
10.93994016
0.51806765
12.17970878
8.28776374
1.21516346
1.50716810
1.79589844
8.53531860
3.01936890
1.68750000
6.08548981
0.48531098
12.08235594
5.69889406
21.16247559
10.84863032
15.63505466
1.94738344
0.45800781
5.07543883
3.49682679
6.30507369
0.47471146
8.53548094
2.48437500
5.28483156
0.04016113
2.07226562
13.17268174
13.95231826
5.28906250
9.62564938
4.87044437
4.07031250
3.82031250
11.30468750
7.20703125
0.53027344
6.21484375
9.77343750
6.74609375
8.17968750
10.08674424
0.38688857
6.86035156
1.38867188
6.32812500
8.57031250
5.31250000
7.58789062
3.17610594
1.36490968
11.16048094
1.93522218
2.05859375
6.86328125
0.14110228
0.05411867
13.31250000
8.60790268
3.46582779
19.18750000
10.70735594
15.30533190
6.30208998
2.78483156
2.63867188
5.72151270
0.24780613
5.31608156
9.74218750
13.40266844
5.43424562
7.12500000
10.99820922
0.43172242
1.71891235
5.27132203
0.89127438
11.63216312
4.86816157
10.65527593
10.47884032
3.17936281
0.28190063
0.44376461
1.02457890
0.06246948
10.14876219
4.59733156
14.73079344
8.32031250
2.03483156
9.33430408
1.73014904
13.43554189
2.71094248
16.15039062
11.61360594
8.59733156
5.85546875
2.80663564
10.59961436
4.81347407
7.22949468
12.94173094
6.40625000
2.48079344
6.53060062
2.93830674
5.83903701
4.87109375
12.19173094
13.63964096
6.79069592
2.11230718
11.89062500
1.47997922
0.59814578
1.55859375
6.66015625
1.88708247
6.14746343
17.17316379
4.97527371
2.41284180
3.32812500
5.20735594
25.04622313
6.90983156
3.39241578
12.57991578
6.76204344
13.43000721
2.19271498
7.75390625
0.46272703
3.43522218
8.39550532
7.47981937
0.77018312
7.15055297
6.43829677
5.65756870
6.50249307
0.46446739
11.56070922
0.03255250
8.41080563
13.19954344
1.49902593
3.11718750
8.13476562
1.98925781
3.83789062
16.73575805
5.54150266
14.65560062
8.78906250
1.78125000
2.97851562
9.05891844
1.04377923
6.20198734
4.49902593
15.68847656
4.47265625
11.59146720
8.61165780
0.15710449
0.19862791
8.51139406
16.77148438
8.57812500
0.04034424
6.59765625
17.78125000
11.65087891
13.35937500
0.17622863
2.27133921
1.15924368
1.55273438
6.38684037
5.78676390
0.61838791
14.67657802
2.70965245
0.93359375
10.06390888
0.20305889
0.08776855
11.76985594
10.21712157
5.30045656
6.91389517
12.46581782
7.60433732
12.48388672
5.08593750
2.84375000
8.72003158
10.66609653
4.33127742
0.38611009
3.56400543
2.75884854
5.09310062
7.03906250
10.94417110
1.02457890
11.23925532
12.88216312
4.19889406
9.21093750
7.63736813
22.87825687
2.34765625
9.79394531
10.80663564
14.47103280
5.63671875
1.61035156
11.76920656
2.00390625
19.22980940
6.45801529
6.92578125
3.06217531
19.63767288
1.35288618
10.72233156
3.85221188
4.24544437
14.83691406
10.19287109
3.00000000
4.14062500
4.12109375
0.06146240
8.76782227
13.51562500
3.30273438
14.07275391
11.32454344
8.29329344
4.08821781
0.65917969
10.00552970
9.42057624
2.39030031
4.21875000
10.17887204
3.50325687
8.93391844
11.02628282
11.99169548
-0.11791618
3.49983267
0.63786264
13.71678192
6.63478058
1.08691406
11.58268063
2.34733156
17.07063719
4.15169437
0.87792969
5.31183567
1.77865746
6.35872562
2.28515625
2.37369626
13.23974734
2.08219360
6.54752438
2.79004155
10.56900876
6.88216312
19.89062500
2.69335938
2.21484375
11.18660461
0.23356141
2.61718750
6.31640625
2.78384503
14.98996302
6.98829122
1.14257812
4.96484375
0.02960205
14.06250000
9.04329344
4.76139406
5.32975094
3.38606937
3.35351562
7.24641844
7.41764406
13.94152832
1.93261719
16.54329344
5.50178081
5.12244680
0.61910004
12.26902926
2.88722074
3.83007812
9.31250000
2.00390625
2.58626219
0.37589601
14.63899657
6.66764406
5.66438719
10.19262633
0.45255679
0.36499023
9.05305907
5.06998781
9.45914672
0.78808594
2.02718140
15.12500000
3.17822141
0.44596437
12.60140015
6.54687500
11.38704344
2.22819093
5.99641844
1.77408937
7.57812500
2.73860594
5.83951906
5.32063719
8.92252438
7.09082280
10.94531250
6.49609375
0.19763059
0.48291140
8.47298094
4.94108156
7.32812500
0.09863281
0.85449219
14.48209469
8.17903812
7.42187500
0.99437332
2.20507812
15.00423094
2.93912843
0.56689453
7.32128657
9.29199468
9.28125000
5.10937500
5.39094969
4.79687500
3.19889406
0.76513672
8.22768396
0.98553135
14.06054688
4.75358156
6.12377930
15.31445312
17.48925532
5.95638187
2.32975343
8.25000000
8.05712766
5.89468861
10.88802748
15.40445922
0.58422727
7.63639406
2.17740968
1.21777344
5.45312500
12.49739251
4.81933843
5.07031250
6.35579344
3.85123781
16.64420656
7.54114621
9.71419437
9.05468750
4.69531250
0.07385254
4.22330314
11.83822030
10.10302734
1.13411375
6.99381593
8.86718750
5.31250000
10.27050532
0.28515874
16.67578125
5.46875000
1.46484375
7.10546875
7.66048094
1.27897218
8.97363032
1.42187749
7.81054688
5.94140625
6.21126219
10.94303468
4.52343750
8.61620346
15.30241467
4.51106937
10.04589844
6.97265625
2.05664062
7.01512301
4.46925199
12.60400266
0.49609500
13.78417720
3.12011968
9.07031250
3.28515625
14.37304688
8.93391844
10.38320954
0.82157441
0.10321045
7.49511719
5.94921875
19.58430907
25.52538564
18.02409436
5.52343750
1.26171875
6.66796875
0.66308594
2.30696532
12.84032580
8.47037968
5.47884530
14.89811281
7.37320922
21.96761109
5.00781250
3.09375000
5.40625000
10.85156250
19.50617908
7.24772717
18.28971188
7.55794437
10.72851562
5.08593750
11.41406250
12.82633422
0.96728391
6.24365359
0.33821656
12.09602283
7.65430186
5.53873781
15.86718750
6.75813719
6.50748781
6.39062500
3.89453125
3.76073970
12.50064938
7.94759530
8.94173094
1.37760500
5.75390625
6.11328125
0.29248047
0.02758789
6.64518063
5.27278812
12.67187500
1.40820312
9.21288564
6.89127438
3.57943373
3.34765625
17.05792236
14.90852532
8.69401374
17.98828125
14.02164672
0.99983765
10.28906250
7.55613365
1.63917885
9.33593750
8.60156250
1.92968750
3.49975586
12.85709220
1.55892342
5.42578125
11.90846429
5.29948249
1.86914062
12.47656250
3.60937500
0.98535156
16.28319814
12.96451906
4.42806405
18.64062500
13.98799559
6.23079344
6.62825687
15.28125000
5.16889381
6.12711547
0.52815797
0.83056641
8.07031250
15.21875000
4.48437500
9.29687500
6.69367908
0.84245373
2.34244626
0.50960453
8.29360816
6.14991356
3.60921265
8.82957115
1.38136635
7.83414547
