0.36067376
0.99577155
7.18359375
13.64655113
1.03027344
6.43994016
3.07959109
7.44531250
13.92187500
1.95800781
14.42675532
7.83105718
7.97265625
5.00000000
3.64257812
2.96907469
4.44889406
17.84195922
2.67757203
12.98079344
5.14029283
3.54395279
5.29036126
5.32703498
3.08593750
1.83300781
15.02180408
2.32975842
5.83007812
2.57226562
5.35188719
0.53922609
4.68750000
2.35156250
0.96435547
5.13671875
3.45703125
4.54036126
3.37760749
0.80078125
3.64875721
4.86523936
0.49332765
11.98437500
0.63281250
1.77050781
3.82323970
2.40169437
1.89518312
7.43750000
3.12500000
12.59764628
2.72494403
9.52115470
1.04395030
2.84570312
3.22981439
0.18033688
4.62825687
1.56152344
3.02343750
9.46516844
11.50000000
6.02311281
8.75398680
2.15592531
15.64485594
1.99186281
16.51562500
15.04329344
6.40266844
5.72981937
3.39453125
3.67544161
3.02003324
1.11507203
2.58593750
3.56640625
1.24804688
4.31250000
0.08831787
7.47070312
10.86873227
0.10490054
10.38281250
2.18391844
6.97623781
5.76562500
3.21435547
6.44140625
0.81347656
17.45912860
2.32780529
13.13232422
5.66796875
1.98079344
3.94108156
0.82714844
22.44139628
12.23730718
6.60677748
3.91329732
8.29731549
0.76806641
12.11718750
0.93115234
13.60579344
1.04459718
0.13928223
6.24251219
5.29264406
2.45898438
0.44873047
2.23762439
0.42057873
15.34081284
0.63117908
9.86409796
2.52620733
15.08203125
13.28336547
1.29517572
0.29625526
0.12306732
0.11840820
1.08675047
5.82780031
1.20996094
3.23437500
11.21875000
5.26041002
1.08919935
9.24185284
4.92611591
11.18660461
0.32609070
7.33348737
1.75049700
7.69140625
5.36328125
4.73339595
1.64974124
5.15006593
6.48046875
2.22656250
2.48453735
0.57845094
2.61132812
8.61783688
6.11995235
5.57471077
1.24902344
12.55379211
0.79093445
4.49609375
5.18359375
0.12072754
4.10545380
3.46290558
8.79133284
7.43425310
5.55468750
1.43750000
0.19421387
4.35546875
4.74251219
2.06217531
7.05566157
7.46777593
0.48461914
6.27734375
6.96939938
2.97591312
7.47786126
14.85823360
3.02067265
5.94921875
2.69726562
5.10937500
11.71289062
9.94954344
1.60514406
2.27343750
13.95312500
4.69140625
13.45735594
12.17736816
5.69889406
1.56347656
4.72656250
1.00292969
5.23046875
3.41601562
13.56250000
6.49609375
13.28125000
4.50000000
2.20898438
14.33837641
9.75293218
3.48543274
0.72257508
7.35546875
1.48730469
18.77343750
14.47298094
12.15429438
1.86588874
6.47688719
4.30045656
8.92187500
1.77359985
2.90999390
2.81054688
6.65625000
5.25781250
8.60644282
0.96883366
0.27970398
4.73828125
17.62336658
3.80241467
2.42968750
9.24233489
5.35922761
1.32226562
5.87109375
3.95930907
7.03873781
18.26334220
3.16634530
17.27147939
0.09393311
17.89402926
16.55599748
3.13835217
8.19531250
2.70898438
2.83984375
4.33137689
4.95182624
0.39721680
18.32812500
6.56290949
2.38574468
3.42382812
4.60156250
1.40820312
4.33203125
6.93782469
1.81998781
16.50695801
0.09088135
4.27115470
5.46712655
1.61621094
14.04144713
5.29361813
1.25390874
6.96679688
5.07031250
1.36914062
10.92740470
0.88802499
0.79231688
1.44694093
2.58789062
6.89062500
8.70312500
3.36261692
6.40496121
3.17773438
2.60351562
3.11132812
0.03518677
5.47883533
8.71061779
5.07031250
7.22427970
6.54948249
5.33561281
0.74055907
1.62174562
2.02929688
8.62500000
2.51399657
10.34699337
1.05228917
1.66641931
0.09016844
12.62744016
9.52099734
9.69302970
10.08398936
4.63458833
7.95330230
0.62939453
5.23745457
3.22738918
13.19775266
9.62679078
3.42545656
13.92968750
7.00390625
2.87695312
17.29411520
5.81152593
10.28125000
4.31250000
2.08984375
0.59228516
5.77115470
3.49447030
5.31160461
0.58390320
4.38281250
2.87695312
2.29687500
11.84317868
1.84505374
5.77766844
1.09635500
4.66076660
3.69759032
10.85937500
15.59733156
8.23079344
3.33561281
12.82584220
5.56868905
10.01562500
15.34375000
3.02539062
1.31445312
15.65591534
7.78549091
7.26985594
5.48437500
15.17187500
1.94694093
6.34407469
6.91373781
4.07942376
7.71745124
2.36718750
9.63834220
11.52262079
5.54466856
9.73307126
1.49739749
7.18359375
3.82876940
5.29931516
15.36273880
2.74643838
5.51530031
9.39843750
15.57812500
4.36328125
8.27343750
1.43261719
8.87206782
11.58707890
1.01546265
8.39998227
0.45304507
1.49804688
11.43033688
13.10644282
5.66243905
9.43033688
6.79218982
2.55371841
5.64843750
4.83203125
9.21686746
1.75749778
4.31966063
2.28287843
4.07031250
1.93898678
1.49218750
5.55468750
21.30240221
4.29427748
4.91406250
1.30240470
1.03548592
4.81250000
6.72070312
2.04296875
5.82031250
6.35611813
1.68099124
1.91796875
1.24739251
5.08756843
3.18375610
2.13460328
13.31369870
7.96467642
4.88188275
20.38488365
0.00000000
10.61360594
3.01171875
7.11181516
13.58349734
6.99186281
2.84765625
2.87141844
7.43717531
0.07293701
5.46289062
8.17187500
3.50585938
2.89453125
10.69531250
2.03320312
9.91662567
0.12182648
5.68750000
2.86100094
8.75000000
12.41764406
7.53092531
2.34960938
3.15641235
9.27945922
2.86490968
0.04821777
2.76578735
7.97482707
4.49039672
0.39485719
10.97363032
2.23730718
7.08203125
3.69887911
10.67026152
4.59428215
2.13557610
4.74088874
2.86914062
3.34993407
4.73795656
5.76133208
3.30095855
6.68326906
10.34375000
5.49251219
3.21484375
1.72233156
4.91438719
5.97265625
5.20312500
2.73730220
0.16471686
4.28906250
4.53409415
1.17218972
1.83366965
2.87890625
17.26480954
12.70638187
3.81054688
2.87711547
12.12744016
8.19287234
4.95882203
22.87809563
13.84016844
8.48795656
8.75781250
0.89941406
0.14025879
0.92089844
12.34008789
0.28072020
3.89615968
17.76399657
8.94748947
0.21771318
7.09375000
6.18000970
8.55761968
18.94238032
4.02213874
1.67675781
1.05566406
1.17643063
8.40470523
4.36027039
0.87503404
4.99740248
5.69921875
7.96126219
7.84992908
7.80501717
3.32519780
18.65222043
6.06429078
5.40592531
6.72387633
0.49780336
18.48437500
2.65039062
10.10156250
1.88964844
5.29719969
2.87662843
3.04296875
8.73437500
5.96514850
2.78045198
0.54101064
18.56726323
11.95800532
2.92969248
5.74918578
5.53548219
4.17219969
2.15787843
9.09375000
6.25390625
3.10896228
6.11882092
5.39062500
2.61718750
7.04296875
1.07503172
7.40022828
2.58968140
6.39648438
14.25000000
6.33642578
10.15234375
7.99251219
2.89030031
3.09993407
2.04850343
3.50195312
5.34407469
1.13444093
7.44563719
1.41569093
4.11328125
0.52392578
0.02355957
1.45019531
9.91796875
3.43554688
4.88281250
0.86523438
5.84375000
11.52343750
9.34619016
4.77880984
5.34049313
0.73323734
4.72656250
9.98437500
7.67187500
5.75423094
2.39030031
2.36718750
5.51171875
1.07910156
11.52386475
2.27499317
0.54101064
2.07768229
20.37967864
1.71217839
14.01260417
4.05039782
12.06445312
12.50488281
28.03759641
1.27425172
2.65592531
16.98079344
1.81901125
9.23437500
0.14428711
15.58333250
3.18977782
3.82389406
3.02539062
6.62109375
13.28483156
1.25000000
6.30110594
14.55273438
7.59733156
8.17805408
2.67350842
5.74609375
4.70149158
3.18913342
2.05078125
10.01953125
8.19172845
2.89323249
9.62336658
2.43718029
4.63704344
3.90787843
5.44531250
6.13313719
3.27115968
7.15234375
12.90625000
8.77831782
4.71810062
3.13053468
16.39062500
11.88281250
1.36914062
2.59375000
9.00000000
2.59570312
11.09820557
10.15085441
0.00000000
11.80110594
1.72941164
10.51204344
15.12271720
6.99414561
5.49218750
8.97801862
1.00147357
14.25781250
2.20703125
4.42643063
1.63313968
0.40356445
2.42669635
3.25750775
1.29980469
13.46875000
0.08636475
9.55565908
1.85807624
9.57747562
0.86230469
3.52734375
7.74169548
6.46924202
1.27359735
1.03597296
2.65429688
3.35937500
3.83593750
4.89843750
6.96484375
3.77375222
4.03679465
2.81250000
8.97477172
5.20491578
4.27343750
11.28597927
2.06119626
4.37825687
10.28906250
0.98201477
2.39152039
1.20507812
4.03816711
0.15848816
3.64452128
3.77735372
3.61718750
9.92780807
7.61303898
0.49592642
11.09196420
4.67578125
12.59798094
18.31608156
1.07519531
18.39322252
8.95010417
5.09417331
6.46484375
15.36181516
9.54052859
11.67317376
18.47980940
10.31188318
1.14794797
3.89355718
10.83072501
7.47428468
2.36244454
1.54394531
7.69921875
1.99804688
0.06567383
3.67968750
2.00585938
14.36848626
1.08691406
14.98698249
3.11433899
2.57511414
0.00697708
2.58789062
2.35937500
0.00474548
10.81640625
0.89111328
2.17007861
10.62394476
12.26432624
1.11629211
5.56632508
6.57812500
5.62597407
21.30761968
5.05078125
19.89807129
5.46484375
1.46842282
8.74928958
1.96093750
9.22656250
19.34765625
0.04508422
16.30354610
8.19824468
11.82812500
10.97656250
3.86523438
11.29996454
3.53011358
5.83203125
1.87207031
5.10057846
1.75098404
5.10156250
12.14843750
12.78906250
7.89086914
7.04296875
3.06835938
4.50390625
3.53080231
0.35640473
9.38102172
0.06496217
5.46516844
3.46549313
0.92871343
3.73828125
7.96197530
5.85670877
8.02994875
5.04296875
13.54984247
7.60530890
8.96695922
1.34651734
8.46093750
3.12455231
0.06785033
0.30741426
4.03906250
7.16796875
3.27343750
3.76367188
0.15783691
8.32031250
7.94531250
3.80956782
4.05761968
1.88216063
6.93717531
1.75585938
3.06640625
9.77211880
1.57794770
10.14470855
13.42187500
2.62500000
7.46093750
8.24316157
5.18652593
1.55078125
2.88549805
13.67008422
4.37679078
5.05132151
2.65689938
8.34310062
14.07877438
5.71419437
1.95507314
5.64258311
4.13068706
4.49821919
3.40657469
2.88248781
1.73893063
2.68099124
5.42187500
4.77734375
1.87109375
10.56852172
10.86897828
8.82030253
5.09375997
8.38281250
0.46948242
5.85312543
12.89052193
2.24609873
2.36132812
8.50781250
5.46841534
1.25814716
5.10937500
8.29541441
4.20441878
5.82878435
13.97656250
8.47579011
0.59517426
3.82452849
4.25554964
1.21972656
8.51562500
0.74121094
2.03754558
1.44269504
23.50017107
2.28711436
12.70377438
3.44075687
3.34765625
6.40266844
0.04911379
9.57812500
10.96875000
1.53125000
0.65755125
9.32487062
2.82812500
4.69531250
13.37500000
0.51757812
10.45735594
11.68049424
1.49496232
14.59798094
7.44889406
0.71142578
4.23046875
5.78938221
3.06608654
5.47688719
2.07031250
10.24576906
0.01344299
10.29329344
8.04085328
1.53890015
10.24414062
6.64299818
7.07193595
1.84570811
6.63671875
7.59798094
7.97233156
6.17219969
1.94498781
11.50064938
4.78548094
3.58886968
2.99804688
8.66959220
3.39290780
8.58593750
3.28320312
6.10611315
14.76235816
1.16342309
7.47265625
8.68879876
1.60709968
7.40949690
17.00277482
8.69352172
13.77311281
4.48437500
1.48632812
6.93359375
7.77164672
2.60921265
3.12695312
11.87059176
21.08318262
9.85872562
3.36523438
11.41406250
4.42578125
12.39843750
4.12500000
3.97656250
0.02940369
15.75390625
32.22688719
8.37722383
14.42462553
1.86783937
2.06054688
8.75423094
10.96650270
7.25781250
9.75846188
10.36002438
2.70573249
3.99218750
0.88525391
1.11328125
6.88068706
1.23650044
5.97119141
14.73079344
2.44954344
9.10872562
3.52539062
7.31640625
0.75146484
0.05191040
6.32323222
0.00000000
4.60156250
1.93261719
8.03906250
13.98632812
9.38704344
0.76285890
12.92610594
0.86442140
2.90234375
0.79775326
4.75325687
6.96484375
0.39086914
4.53125000
0.36010742
9.75781250
3.75390625
10.75000000
7.14453125
1.46386719
11.44954344
4.28304078
0.15865113
3.16992188
2.27343750
5.78971188
2.37044437
7.08691406
5.78906250
2.68261719
0.95458984
4.41796875
4.67187500
0.71875000
2.55859375
3.39876219
0.16422609
9.56494016
0.90527219
0.68668703
3.57714096
4.45345966
9.65689938
5.27278812
13.67968750
2.23152649
0.15360535
17.20343972
0.53777122
5.94318332
0.03143311
2.49023438
14.04687500
14.08528563
19.09733156
2.67805907
9.66764406
0.07830811
9.02473875
2.14615968
0.09035441
9.74696974
8.07031250
5.38281250
1.55273438
22.84765625
4.93163564
10.52930186
4.26366689
5.42187998
5.06250000
15.14843750
12.50309203
6.19015378
2.55208499
4.73828125
0.56152344
1.51757812
12.54854278
0.10343476
4.36132314
11.39404795
8.64843750
6.83593750
5.26204344
5.32389406
3.15625000
1.63004516
3.07991578
4.84765625
6.93782469
1.55240968
5.91568595
5.23665780
14.06835938
3.20898438
0.55859375
4.71348353
3.39161901
8.39062500
1.54293325
11.11277926
4.82895168
1.25944093
6.80078125
5.85742188
1.75000000
1.78482907
13.05403812
9.55793440
6.32909907
3.94890403
2.22884032
9.98209718
9.57031250
8.96875000
0.20642090
5.17447751
4.60481937
1.03710938
2.80078125
14.21767851
5.95475343
19.09016844
4.36295656
14.85351562
9.73701991
7.46810062
3.04036126
10.03353280
7.91796875
7.07377106
2.84110442
6.42936281
5.52343750
2.18164062
3.39810783
7.69759530
3.72818595
2.66829842
14.92610594
7.82389406
7.26660156
16.40266844
3.33951906
9.58886719
2.23242188
7.80110594
0.81217531
7.25260251
0.00000000
7.98632812
15.42187500
1.62011719
8.02343750
0.01531219
6.04687500
0.30004758
1.45849734
17.25031472
3.81218528
10.96093750
17.15982907
8.10872562
3.43750000
9.39062500
2.31835938
1.67512938
6.26530031
5.70410156
4.04687500
6.67968750
2.13671875
4.88281250
4.07031250
0.10101318
5.28938719
7.44498781
6.88671875
0.73535156
10.57031250
3.07332336
0.83634461
3.31282469
9.00358156
2.38281250
1.05566406
9.21093750
8.41406250
10.34375000
1.68945312
10.49413564
3.69336436
3.48860594
9.43227505
3.32521276
5.87109375
9.24413564
4.46980960
0.13525266
3.13037234
19.60660018
12.06169326
1.30826657
0.25927984
6.45019282
4.50895390
9.15022828
8.24218750
16.59179688
4.82617188
9.22656250
9.62320922
17.32633422
6.96451906
2.04492188
10.51204344
6.07974845
2.70508311
2.72851562
15.27342255
0.82423370
1.33886719
3.77343750
15.90234375
11.40339837
3.37760749
12.53548094
8.69954344
15.91463382
2.35937500
4.24674313
15.64599734
2.25765015
21.67349845
3.55697030
5.89453125
5.13085439
3.80956782
2.49903091
9.56673094
2.61490968
9.87564938
1.05066074
0.37764496
15.98567376
8.88379155
0.00000000
6.59765625
17.38883422
9.46272828
6.73046875
4.77734375
2.01367188
18.69840204
8.57991578
17.32385418
23.40449910
11.38525266
7.99739251
5.16927748
4.10269892
2.50228155
1.83593750
16.03125000
2.72265625
10.55110594
8.25358156
10.13281250
0.86914062
6.63671875
2.30078125
3.46875000
18.85221188
18.50537234
1.61702515
4.10156250
14.17968750
9.25976562
5.31640625
1.49023438
8.67968750
3.38899657
7.14745346
3.04948747
6.59765625
6.56461547
1.78898133
0.89542664
11.31852172
4.62711547
7.35709718
8.84732159
0.43978778
2.68375236
5.79215204
9.22835328
3.50879155
3.80664062
16.38346188
5.92155031
5.39420656
17.41829344
5.69108156
13.68244238
1.13005762
7.24218750
11.18391844
3.64030031
5.76984597
2.42969747
2.62467531
3.57617188
4.08203125
2.82812002
3.02930186
5.18359375
2.06445312
4.00715814
2.68685062
5.49935062
11.99218750
4.30143063
4.32356937
9.23437500
7.63671875
6.48828125
3.15625000
1.29980469
14.13281250
9.05956782
11.95951573
0.33492035
0.00058419
0.00195312
2.63671875
16.49641844
6.48823813
8.05468750
7.23046875
2.68750000
3.32925415
2.21179940
0.00000000
14.26953125
9.94954344
3.41764406
8.99218750
20.16446774
13.96451906
5.36913564
5.77116467
2.34570312
8.35156250
5.46484375
18.35758422
0.16609742
6.64550532
6.03091534
3.87045434
3.43164062
8.53548094
7.05436281
9.72363032
3.51465093
5.91796875
1.92871094
9.76578111
13.06290337
21.14934286
3.79524657
0.41080812
16.13476562
4.31282469
11.65201906
15.45312500
5.18359375
15.14461180
3.30436281
3.11328125
3.74804688
9.65900488
2.14763574
3.22753906
0.93489500
10.40625000
9.09733156
5.25244141
8.50259752
2.60677748
3.14680159
0.45084220
8.77995124
12.85937500
5.44108156
0.46411133
0.66015625
6.21093750
1.27441406
2.56054688
17.43750000
8.80468750
6.88671875
4.03125000
3.38085938
8.49218750
10.72786126
5.63932624
1.49023438
7.47085550
7.43539450
0.81933594
7.67968750
2.75585938
15.64062500
4.27734375
14.68554688
6.14843750
3.90559564
8.01432624
0.23474121
11.70312500
1.32617188
9.41406250
0.87402344
4.65625000
4.87694814
4.72461436
0.96923828
3.87109375
1.02148438
6.89062500
26.94756889
3.81282469
10.40397218
19.68660461
2.59605729
0.00000000
12.79687500
1.65722656
8.16406250
1.80664062
9.63476562
1.51464844
0.82080078
7.43359375
4.30289672
16.68570922
6.34570312
5.66764406
6.02343750
22.16926751
3.08854499
7.00430962
6.73397163
2.45930907
0.85660890
5.85156250
3.26367188
7.23437500
8.56250000
2.58398438
5.42968750
2.75000000
10.44173094
10.21093750
1.33951906
9.30468750
6.47656250
3.96158688
8.07747562
8.64843750
5.78401485
0.68424687
9.03125000
13.19531250
5.05078125
1.33593501
5.46451906
4.06250000
31.40499027
7.28515625
1.02213376
0.54101064
10.18555186
5.16406250
7.50032469
3.27506593
3.45703125
3.63867188
6.40689938
10.68685062
3.82421377
4.13477061
11.74218750
0.70996094
8.67968750
6.12304688
5.14062500
0.63769531
8.85513908
8.99886483
3.56445312
10.40795898
3.12695312
0.50439453
6.41406250
1.58121703
16.11962766
8.28662234
4.32600953
7.23567376
2.53385749
2.75390625
4.92968750
4.44531250
1.31933594
8.90625000
4.06941711
0.62784851
6.77993130
1.80633089
9.62076906
7.64843750
1.28222656
3.03125000
2.04101562
0.19226074
3.43204337
0.00000000
14.12141844
10.64843750
4.47623781
11.67496454
2.08968390
9.71093750
13.23437500
11.87923094
10.13281250
2.22428468
11.84260860
0.66520390
3.92578125
2.30273438
0.01837158
8.46875000
6.68359375
3.16455078
11.00488281
0.91943359
8.61173336
6.85245789
1.24943179
5.47656250
6.64988365
2.22511635
7.73632812
2.16796875
7.41829344
9.69531250
4.78515625
5.26530031
0.57763672
3.84375000
3.32812500
7.37597407
0.98665531
10.48567376
8.47427970
0.49772966
18.86049646
5.51059729
6.62564938
2.13899657
13.45751330
3.64534796
8.06120124
3.14469360
7.73616578
11.56673094
7.58561281
5.37109375
6.56640625
10.00000000
9.93945312
6.26171875
15.17187500
3.99902344
8.21093750
2.69531250
10.20312500
0.46069336
3.73749142
3.11895389
1.79459469
4.11263187
8.50781250
6.92187500
6.66829344
2.90592531
1.04785156
1.19124017
4.29557624
6.92578125
10.58593750
0.01943970
3.64062500
11.05891844
2.85709718
8.67211443
0.01126862
8.24218750
11.08073694
12.34677359
1.06467697
8.52473626
0.06510749
3.20562577
0.00000000
13.67187500
2.94531250
10.21516844
1.93294188
6.20638187
7.52734375
4.43814440
1.79281264
6.49218750
12.55468750
1.95800781
14.99218750
4.01953125
3.02929688
13.08593750
10.35286126
0.74234985
2.91260139
1.27832031
6.61149047
3.34456422
5.15625000
7.13281250
3.78515625
2.59570312
4.90625000
4.78906250
16.23453735
0.17342164
5.98990221
8.64583998
8.33658688
16.59733156
7.29264406
7.22265625
5.85156250
6.68750000
0.04409790
2.89648438
1.57617188
6.56494016
2.72036597
11.84456920
0.04508422
11.58772828
18.62141844
14.91178468
14.95377438
5.31966312
7.27734375
7.34765625
1.91015625
3.26953125
7.36522939
1.14160655
1.01367188
3.34470912
5.09474401
7.02734375
6.55924313
15.08349734
0.29402711
2.73203562
2.09662344
21.97394753
6.48796653
11.61528866
4.61653812
1.67382812
10.37564938
14.82161624
10.62141844
11.85579344
2.72623781
2.03678468
5.45703125
5.77734375
2.55664062
1.85546875
0.22583008
0.16231199
2.07584718
3.92578125
4.64062500
2.39453125
22.02033051
0.00000000
15.71386719
4.72477172
20.31819703
6.74609375
10.14626053
4.31858322
10.62500000
8.86718750
6.40234375
15.36539672
1.70296265
7.45555519
0.82374168
10.42187500
4.61718750
10.88114166
10.15982658
9.34798094
9.34180186
7.48437500
5.57454344
11.25634766
9.84733156
3.99023438
10.67187500
2.20343972
5.24187278
1.37109375
3.32812500
1.16503906
5.63281250
3.05468750
4.26562500
7.84016844
1.47233156
5.07031250
11.70434570
5.52719116
0.14175415
2.85351562
8.88183594
4.92870346
0.22542110
11.15348515
11.45735594
4.65299313
3.70801030
3.80468750
11.87434065
4.66472185
15.37141844
8.85770017
2.74174686
2.41390015
11.46516844
0.95768312
5.83203125
1.19042969
14.28548094
10.83951906
7.15266844
5.41959220
0.22559092
16.22851562
4.89159907
3.97720690
2.67220966
14.17610594
14.29296875
6.13704344
10.90560062
0.30078125
6.53586936
9.06374002
18.22264628
6.76986591
9.89973626
10.97103280
11.55598626
4.62370124
5.62890625
15.61360594
14.44725815
0.00000000
16.73079344
8.47233156
4.37890625
13.90625000
14.71875000
0.36804075
0.57568484
5.24251219
1.67350343
23.62304688
16.85156250
12.19531250
0.83544922
8.42187500
6.43391844
1.82487062
0.03918457
10.64729610
7.26243684
1.26018893
4.48046875
12.85709220
7.85384530
12.52554549
2.77263076
2.09537843
5.59765625
7.85156250
9.15266844
15.29687500
0.75309328
1.93554688
11.17805408
3.90397717
11.57942376
4.15983405
21.49641844
8.22037345
12.15396720
17.67969248
1.39761082
19.98226950
7.25683843
6.31250000
5.41406250
0.02972412
16.90625000
10.69775266
19.32485816
5.68474512
1.33854250
6.78320312
4.40234375
10.44596188
3.84371066
0.60925324
12.44856688
7.76480829
1.39892952
3.48242188
13.49938498
0.16614237
6.30696033
25.77376219
15.00163342
4.42187500
7.28873781
3.44140625
8.65625000
4.71646222
6.63347185
16.87141844
3.96810062
6.60546875
1.69238281
4.59765625
1.37792221
9.00098404
2.41015625
4.64517315
0.13525266
12.02847518
7.12989029
12.97054078
2.15966921
13.70408910
4.26856715
12.37792720
2.11816655
2.85156250
13.86044067
0.98859125
2.87500000
8.71712157
8.17366578
3.20882203
10.20312500
0.04492188
8.85351064
2.24805186
2.52734375
13.43407580
2.17953014
6.30045656
10.61718750
1.25683594
1.12109375
7.32714096
1.96810560
16.59375000
10.94108156
0.47094727
5.09616274
4.15872007
6.53906250
3.08593750
0.01270294
0.78662109
4.18375236
0.31558954
6.92724734
7.63997562
11.08235594
4.47054078
0.82747437
5.13671875
0.78808469
3.26904421
14.59634752
17.38802748
9.37500000
3.23924535
19.00684840
4.36328125
7.00390625
0.51074219
3.80110345
4.93196033
3.34017841
9.40266844
4.33561281
5.95703125
0.00537872
9.62013686
0.52097642
12.99218750
7.54719969
3.85709718
3.88638908
3.26790780
6.35676751
0.06828132
3.37923094
2.59708742
2.25000000
11.76562500
5.57031250
1.57324219
9.29426751
0.41235352
5.19563719
5.81998781
14.22298094
5.73014406
6.72265625
2.99218750
7.93359375
1.44531250
8.69238032
3.31738530
2.08593750
1.63964844
10.73950195
2.17415032
8.30338874
15.60156250
3.87760251
13.85091312
2.69140625
6.12500000
11.86718750
5.92219969
6.58170656
11.42968750
4.93603391
11.34326296
11.10156250
1.76953125
12.60156250
6.28710938
6.33626219
4.26334220
4.71289561
4.20312500
6.46484375
11.68750000
9.59439938
4.01182330
6.21028812
4.06868157
0.09016844
8.92545656
8.41829344
3.68912843
13.18391844
0.47631836
4.91373781
15.13964844
16.50846188
10.25537234
0.25252320
8.18391844
7.51627438
7.97949468
0.01268005
6.75781250
7.50000000
1.49316406
1.57812500
4.26774047
0.27693726
5.79296875
10.62385860
3.56364140
9.35156250
2.15462157
5.96172479
3.06250000
5.28515625
5.94173094
3.30858877
3.98600842
5.66015625
5.40625000
4.40233627
17.88346936
2.85514406
8.35514406
5.37890625
6.18805599
7.38671875
3.65516151
4.57140099
14.90625000
2.18750000
12.47655004
0.18033688
14.81185062
1.02636719
5.60156250
9.13704344
14.46451906
10.63704344
12.63704344
3.94856937
3.03125000
8.56200798
20.66520390
5.17513187
1.32324219
5.25390625
13.32625242
7.67578125
2.22623781
2.73274158
8.89648936
5.47623781
1.72362534
16.11344858
8.70003546
3.83203125
19.44888658
3.23177748
12.65754876
2.76237311
9.13281250
8.65331782
8.64355718
12.67024158
3.54460217
13.10579344
12.62076906
6.06250000
12.22656250
8.60286126
1.63932624
5.50781250
2.26367188
6.39453125
1.55371094
15.69531001
2.30741453
0.36067376
14.51432624
3.05501219
0.05912355
0.13354492
5.15234375
18.18391844
2.99202515
10.74885860
0.97168218
2.24218750
4.56250000
14.48437500
1.89916743
20.02457890
17.19124390
7.21875000
4.41796875
8.76562500
10.07812500
1.72070312
3.20312500
0.04687500
17.69954344
15.91267509
4.09246390
1.25033466
11.66406250
12.57539552
4.74887854
2.50031971
18.73859145
6.27343750
0.08337402
9.19531250
6.75164649
5.07748559
3.41601562
4.86523438
16.65266844
2.90396720
1.52474374
7.24576906
3.55078125
6.48914004
5.98406028
10.66031236
4.47265127
12.15136968
5.75293218
4.91796875
4.81640625
21.49641844
3.05631593
3.38183095
14.06657358
3.28890015
9.09798094
5.11686281
5.26985594
6.27311281
3.91015625
7.12500000
1.93457031
6.52734375
14.12141844
6.77221742
4.13370789
4.52427139
0.68031846
5.57812500
4.76301751
13.86002438
6.53348277
16.12500000
9.51562500
2.22656250
0.75000000
1.55273438
1.71191406
0.67578125
0.85937500
1.41406250
5.59765625
12.69531250
6.67968750
3.45930907
4.35123781
6.72688719
0.63590578
7.41796875
5.80859375
7.63671875
4.67187500
7.07681627
0.00000000
4.97656250
5.03336547
3.29085328
8.37500000
1.05794188
2.98405031
10.48437500
2.04101562
6.81250000
0.15466309
6.95312500
3.58495845
13.97859929
0.61612976
10.46093750
3.79882812
7.75032469
3.87076906
9.09375000
5.86149047
0.08638551
1.23144531
9.48194343
3.36961907
8.40625000
0.06506348
1.63183594
12.97363032
3.15364749
3.20312500
4.36328125
4.06160461
0.10018007
1.24804688
7.91829344
5.95670656
4.02180907
3.47623781
4.57063719
4.58951906
7.41015625
4.46963044
1.59677581
8.30060395
0.71111480
4.94596188
0.00000000
8.55664062
0.52628415
9.74153812
6.16015625
11.54707024
0.64824226
4.88671875
0.08459473
0.25439453
8.78906250
0.08166504
2.87304688
4.02709774
0.09839054
5.58593750
1.92763887
1.05339871
4.12775488
1.16684230
2.96825923
3.67676030
10.89843750
2.86734985
2.74397828
10.42187500
0.30464598
24.11596680
7.51009032
3.83528812
8.30468750
5.73079344
10.54264406
0.05422974
3.40625000
13.88704344
2.73600343
7.90087766
5.43115359
7.18570922
0.11287476
6.38411126
11.94401374
2.91406250
6.80078125
1.08593750
0.90714414
0.28206484
3.10269767
0.04508422
16.81330674
12.47873299
11.50830452
0.10467529
1.99316406
15.41731497
6.80045656
0.02842712
5.31822205
2.11783190
2.35482435
0.13562012
0.87280273
12.50000000
8.49218750
6.79687500
3.97656250
12.54296875
13.70865096
0.14437638
6.27734375
4.05078125
2.21891235
2.78417595
2.72493905
10.77343750
5.45735594
0.24780273
15.37118915
9.50921631
10.12695312
3.77929688
6.23828125
2.61377309
1.33089234
8.25262026
1.60758920
7.46093750
7.80711769
2.67953512
2.56022218
1.34342282
-0.06119626
6.22656250
0.09308837
5.34977172
2.06900626
0.05651855
6.75000000
5.46484375
11.30468750
12.81867908
3.80273936
4.85905031
7.19921875
4.97656250
1.56250000
7.46093750
0.19897461
1.14355469
0.98388672
3.65234375
2.24983392
4.21745124
3.87141844
2.32975343
7.07421875
1.01269531
5.40701977
10.52246841
4.30078125
0.17730713
3.89485594
1.18619875
0.00165939
4.03515625
4.82746565
3.67644060
1.36914062
10.30163676
3.81164449
3.15039062
9.33398438
2.03808594
1.03320312
6.27343750
1.99624986
10.18490248
0.99348875
8.15983156
6.02945922
8.26741578
0.04525757
0.39965820
0.07238770
12.17442498
0.04508422
7.07633422
1.95084718
6.39062500
0.36230469
19.53125000
11.10937500
5.61718750
13.21004211
8.12410461
1.38265015
0.26188110
0.21516969
5.18359375
10.04036126
2.94206061
7.98046875
0.00713348
7.90836547
2.30017121
4.26802333
15.95801030
8.49129211
0.64298523
7.14127438
2.83789062
8.06966312
11.31250000
2.05859375
4.13281250
6.88671875
0.47509766
0.01509857
0.92480469
0.28059813
1.29362062
3.00585938
3.14630458
2.14959385
0.09472656
0.75878906
0.00173664
2.71679688
0.10421416
0.11747316
2.39465399
5.91101008
3.17578125
3.07617188
1.85968253
0.00000000
13.84521484
12.80533688
3.37044437
3.73860594
2.21842531
1.55273438
11.17533356
0.25288910
1.12890625
1.55630721
16.88216312
2.71045545
11.71875000
0.00322151
12.86323973
17.26383422
1.00732546
9.70222961
7.78995789
1.04785156
1.12532469
0.83756593
5.50000000
6.33626219
4.28483156
0.34545898
2.44726562
2.20312500
12.86360594
6.19498781
5.16406250
2.80859375
7.20735594
3.90201906
4.64843750
11.08593750
11.28906250
5.79882812
6.64453125
2.16210938
7.67578125
5.42219969
6.03092531
9.00781250
3.99804688
6.95524047
2.89469360
8.46093750
1.93912843
4.57356439
0.00000000
3.62304688
8.63281250
9.03727172
4.68147828
4.84765625
6.01399158
6.63265514
0.78450562
5.76953125
3.81835938
10.71907469
6.71907469
3.01302249
16.18359375
11.29947252
11.03971188
1.48308122
8.67870346
1.87012466
3.55273438
3.48828125
11.53816711
0.42700133
2.75358156
6.31250000
0.87841797
7.66047097
2.74968528
5.53335052
1.22250886
7.70703125
2.59765625
6.09863032
3.63769780
12.57096188
1.17317874
4.10723877
7.46093750
3.87109375
4.21875000
8.44140625
2.54101562
5.87109375
11.80468750
4.84000111
0.83578014
4.03125000
8.41829344
2.86100343
2.34765625
5.87988032
4.58170656
0.04508422
11.18700798
7.54525155
3.62695312
5.83203125
4.16015625
0.18933105
16.93391844
5.10123781
3.00390625
6.26171875
12.78125000
1.43261719
7.24218750
5.46875000
5.36328125
5.00032469
19.23412899
13.85539007
8.75781250
11.51684570
4.82421875
0.03994751
9.16633533
4.98600842
8.17251441
2.83920434
3.65462157
11.06608156
1.80371094
0.04641724
8.95133422
0.85091187
2.59317930
1.47518007
4.70312500
7.68001219
4.67091811
0.25527087
1.16992188
6.42968750
7.12500000
0.00264549
11.69173094
10.49576906
4.70490083
3.33611480
4.56250000
12.21826172
2.25000000
9.79490692
0.65821808
0.00577164
9.56379378
10.13052970
2.37728280
3.86914062
10.47786126
6.16520390
0.44091921
6.73828125
6.13102172
0.04244019
5.75390625
6.08235594
5.25553219
8.65136470
5.47916672
2.34765625
13.03254876
2.32682624
3.08007812
8.61718750
6.82942376
0.34928718
8.36977505
2.62241245
3.48110567
3.38119902
4.33593750
9.63476562
0.52083250
3.37043939
3.61165780
7.41015625
1.39729610
12.96044548
1.05339123
3.97656250
18.07454344
3.35905031
5.87890625
4.09375000
0.53173828
0.00772095
2.06005735
5.32177859
1.39550781
0.87678953
1.15299562
2.19531250
8.76562500
0.94628906
0.41601562
0.00916290
1.15221576
6.66223736
9.15820312
0.00000000
4.02945922
0.35579469
0.07696533
9.46875000
1.99804688
10.91829344
6.29655031
7.04296875
2.28808594
12.25423094
4.32780031
1.88606688
0.96158937
11.35937500
7.35367797
1.06233765
2.91406250
7.03125000
0.18847656
1.46386719
7.41861813
2.60156250
4.74153812
1.25000000
0.54231688
3.94018617
0.40047055
6.15071781
1.42350094
8.50716312
3.69335938
0.86458250
2.13997064
1.38086187
2.49428926
3.40691683
1.95635986
5.72957336
2.11710134
5.10742686
9.44173094
1.83471742
1.22550476
0.58919188
3.12467531
0.05212402
5.34069824
7.06282469
2.05631593
5.86914062
9.58723626
2.69043218
2.57128159
0.71159685
2.22870674
0.00000000
1.57617188
3.60721022
4.42208665
11.21093750
11.93391844
16.17545656
12.07275266
0.90397218
1.60237672
7.18001219
4.70280031
8.11718750
8.72656250
2.99356681
4.37728280
19.19140625
6.02343750
4.35937500
0.03062439
7.16406250
1.57275391
1.71484375
6.35188719
8.05826906
3.16406250
34.30988254
5.03777371
6.39713376
3.23567874
8.44954344
4.89030031
0.28320312
4.07421875
2.98079344
8.66373781
1.48860594
2.50162843
6.27766844
6.50748781
12.62092642
0.24284311
9.64485594
8.65396969
2.85254155
3.52766844
7.96126219
2.64811281
8.09733156
5.30859375
5.03906250
5.82031250
1.66406250
2.84375000
4.58984375
3.36588126
16.44090925
13.40479388
11.09375000
11.15782360
8.69373890
5.84977172
1.84944703
0.85872313
22.38541750
8.95312500
8.38281250
12.35351562
5.77734375
2.14615719
5.88997562
6.54687500
8.59375000
3.91112534
4.89160904
4.41406250
3.53125000
0.00254440
13.90039062
4.67708001
13.87076906
22.72363281
2.83691655
5.14453125
7.33203125
3.82421875
2.03662109
7.73111813
1.57267398
0.29923523
7.55680297
2.56038453
16.77405740
2.53288840
1.95117188
10.96353502
3.23763685
8.15429688
5.60546875
0.02534485
5.68359375
0.84960938
8.82031250
0.04235840
1.78320312
0.30712891
17.00000000
1.31542969
9.55468750
8.34905456
0.31233765
8.28727172
9.87679078
11.21093750
4.39485594
12.43910173
8.22851562
11.82161126
