0.11271055
17.28963320
11.48002106
7.70805305
10.09029144
1.13574219
8.11718750
0.96868896
3.93171931
1.00533300
0.58150238
9.46594083
3.61564273
8.36539672
8.31083222
0.05865479
0.84375000
0.02307129
16.54716682
2.33459442
7.43404144
13.16324828
0.57641664
18.36169216
18.64057694
11.67745899
0.58785004
1.28959137
6.60892731
9.85847961
2.72249390
9.25691711
5.14933289
7.94449579
0.41752355
0.68155821
0.58191074
6.00691711
9.15189606
4.23669465
3.94441711
1.73136414
11.66752106
0.79243988
10.52998809
3.02327515
1.13867188
0.59423828
3.24234985
1.40458222
1.10351562
1.55272814
3.34326795
13.07454344
47.58931364
22.15551945
2.39302582
0.61621094
5.58939606
0.05635590
2.32031250
16.06941711
7.01036570
7.63139073
2.98474900
0.96032746
9.27600067
5.52433289
1.06656860
1.75809785
4.33548981
3.63971964
5.80994680
13.32377106
3.53641567
0.08732304
22.65722656
5.77565604
-0.22389822
11.78368288
14.29073028
14.34170573
13.49008200
7.05521393
0.91865540
7.19486481
5.74218750
2.10396332
7.36584442
1.02555359
1.79899047
5.62198914
4.79431183
8.01908356
2.91601562
6.81778369
1.73149213
5.28177388
30.81931705
1.86438331
3.78995789
10.63793883
4.52087433
0.20373566
1.56250000
13.75056945
5.61003388
2.82478337
2.85661264
12.18705231
11.51472961
16.68895612
11.39692709
5.95016843
11.64139739
5.26517731
7.62858156
3.28320312
5.63659575
6.49310968
9.25000000
5.85982269
1.87109375
5.15490692
16.50870789
20.98347961
0.57019074
0.28686793
3.48881261
1.80326324
8.41637966
1.55086491
7.30289672
10.56855608
0.28532607
12.91361231
4.71688054
10.18879868
4.61718750
1.04748504
0.01618470
6.29341644
6.87507868
0.94914007
0.70556641
12.24129211
11.51900238
6.43013519
4.92187500
2.65234375
16.04108932
5.58000443
7.81673094
2.16698596
9.99919326
2.72851562
0.26688629
8.62845856
0.65958680
5.42309508
1.31754516
1.65779726
4.08850067
0.81921418
0.99023438
12.19693969
11.76062043
6.74654144
3.64843750
0.55773895
4.12980164
3.77779144
8.18135528
2.56640625
0.01780244
6.45389739
2.34102449
18.27461326
5.80867928
12.32535517
20.54870014
0.28557208
28.90246582
1.39257812
12.96437612
5.30816599
0.45277763
0.27275003
0.96289062
10.43497119
17.41561475
0.10064697
4.34619141
15.68648161
2.27746675
2.56339539
5.95652443
-0.00233703
1.23588043
9.27909270
10.56912927
3.90373116
10.22464872
2.13273257
6.40328979
0.45658356
6.53560394
15.12266291
11.05677858
4.85962101
10.58504211
1.38761414
1.02441406
9.68562057
5.87297318
7.69140625
23.53125000
0.43985961
1.83247894
2.77478058
0.80879668
9.20056183
3.84615082
19.89534360
0.71573447
7.65788342
4.01607269
6.51953125
12.47656250
0.70214844
0.72871856
8.87333222
5.12097075
1.42818207
5.26530031
18.47619349
18.86372894
3.34562444
3.34960938
8.30289672
3.00569703
0.93111176
13.03906250
6.91573028
0.57494743
1.88916389
2.32946808
5.40234375
2.34855164
1.03373199
10.85156250
1.22778009
5.29903479
0.72265625
12.03816711
1.12845731
3.69421542
10.14211548
2.09437499
1.23811890
7.14754211
3.61824524
6.40804078
1.16796875
2.65625000
0.69628906
0.03077179
4.94966644
3.68359375
3.75800920
7.83769392
3.68359375
0.39058254
3.74393894
0.08831787
1.84375000
3.67728668
1.29439301
9.89920989
9.40152704
0.06230018
1.65559439
9.93721963
0.89546598
6.85302859
6.24519836
5.52298981
1.75134308
12.29597961
5.40913786
5.42769503
5.91125333
0.09387363
3.30273438
1.93465149
17.33402372
9.45715488
0.55033356
8.23347961
0.12402375
3.32812500
9.90791778
0.59061738
1.04740387
8.50602172
11.27005763
4.14579565
6.28906250
3.83247894
0.24918609
2.37965901
0.56146220
0.16235383
9.80814606
2.89693207
1.14615719
2.93685062
11.49218750
0.11844848
0.19991090
11.86584473
5.81835938
9.79545074
5.31897873
4.92879211
3.20402039
5.23392731
0.01829773
19.58865803
6.91551862
1.46546874
9.95857353
14.06966312
1.38191960
5.28027344
2.33805297
4.82491853
5.75736481
10.75512633
3.19799867
1.18111176
9.37756317
3.57010209
10.33964206
2.79716533
0.17083740
8.49039672
9.31250000
9.52868683
1.01118988
4.10937500
2.68359375
7.50679411
11.04317044
11.83284796
2.66975455
5.70719858
1.04980469
4.95898438
2.84134918
2.04732269
2.60795074
6.05122894
21.59375000
22.08829649
3.46350191
4.58247894
7.02656140
1.29765735
6.05078125
0.50390625
7.63627106
2.05228668
0.53605164
6.37500000
2.45507812
9.27254211
0.22766082
0.13309785
0.29296875
4.08105469
4.19726562
5.90189606
21.82035184
6.54744570
15.80599000
17.16316711
7.20402039
6.58133755
6.08618351
2.38130707
11.15881317
0.32653840
0.78926169
7.41634530
5.64843750
4.84375000
4.37500000
2.79886248
6.04671764
5.42981050
24.54732269
9.60502106
3.37349457
12.46671321
7.70458112
9.53751773
3.87736148
5.25668107
0.37028016
1.37646484
2.44042969
13.90832115
18.80582890
13.66072695
5.03974624
3.09095079
10.57991578
3.99654144
5.74433733
5.26949689
6.15413453
7.08894836
5.99654144
1.57535766
5.13505097
17.73738586
6.79662899
0.93091007
7.36417664
0.01142883
6.60156250
10.17533356
0.17272949
15.88268950
4.29085328
8.95222961
16.17553026
16.67261303
2.96358433
4.28515625
2.84960938
9.77665005
7.41821476
13.18651596
3.14250443
0.99121094
15.83556849
6.57580784
3.33311586
12.50017730
15.65344083
2.46224124
12.54101562
11.59357270
0.32687804
8.52904962
1.91292608
3.37003601
12.65535461
1.35778840
0.40820312
2.76700743
8.70491578
1.62154144
0.06058808
2.43660461
1.32139929
1.31922539
1.88407441
9.32377106
6.23482269
1.49902344
3.92728668
4.34419769
6.71048981
2.82852837
6.74479499
0.88907898
1.66548676
14.99283688
24.31351839
3.45100953
2.04927582
8.30366911
4.17333611
0.32133463
4.56203571
24.06344449
2.03104831
4.12589539
11.97220856
2.15323914
10.04662899
4.43294437
6.01997894
4.18359375
3.86568207
17.04561060
8.60844027
13.28076359
1.25789367
1.98775238
7.65234375
9.36283356
0.89542664
0.02656036
0.91064453
9.15962738
14.90946255
6.85990387
1.89538730
11.06429078
0.00757355
1.77787262
23.01509613
1.51420074
11.87154144
5.97926309
0.23903922
7.59214097
1.81065048
0.61881282
6.18640292
6.61641511
1.87402344
1.67773438
13.46019279
14.98624695
12.35489805
15.95633755
1.08923620
13.99043108
5.44483045
0.31201234
2.36177582
22.24516368
6.94286985
1.96732823
1.53523742
13.15368683
0.06036377
3.10591644
5.66707336
0.08622254
1.91752106
14.59375000
20.14119072
6.31274601
15.04455784
20.19149935
17.06435504
17.32682624
15.86169216
9.22359596
2.41210938
9.90523161
16.30790005
4.84745456
6.14644503
0.53027344
8.53125000
0.17781555
0.98953506
0.49158494
1.31738281
2.91406250
1.96386719
10.52343750
12.48799092
7.55888408
0.08282471
15.08158356
15.86046211
2.05990746
0.24633789
9.41406250
0.61006279
1.70259364
2.63143506
11.90368683
3.54492188
12.12629876
9.46566046
0.78450562
9.80280807
3.54049423
1.06542969
12.60119349
2.17419714
2.56880707
15.61482602
8.25537234
6.79972351
6.26057735
0.89327183
3.34375000
14.36885528
1.80932679
3.12695312
6.65987121
3.71056236
4.39636635
3.48002106
5.12544769
3.36718750
0.32677972
1.46228308
4.87935394
3.74414062
9.15625000
0.13658568
3.10514406
0.79248047
1.19824219
0.02283722
9.73872894
0.63281250
0.21801758
1.88763420
3.38383089
7.59046498
4.85892731
13.70658356
12.85245789
0.11759399
0.11454316
2.95222961
0.54882812
3.36946532
2.29744570
2.98046875
9.17968750
4.03125000
6.53035461
1.93175865
2.63749612
13.55521388
3.20775931
0.17062056
3.10590648
3.87065602
17.40193041
0.36662428
12.27917449
4.64415974
5.59436502
5.22054078
5.74397828
3.30708832
13.38972961
18.29483821
1.19096105
1.39009613
9.87064606
0.17883270
8.04431183
18.92232269
16.06893920
2.49490358
8.36970634
2.94234596
8.42354278
3.51049867
0.63203887
0.08378144
3.60631982
2.38390708
7.39942154
8.47070312
8.28470856
2.72115082
5.21439606
0.07393402
0.70947266
12.82106495
0.90504986
1.95703125
14.21268271
18.77725199
2.39588430
3.50435394
12.36527372
3.15966921
9.34452239
3.78483156
5.88281250
13.60746122
4.42769503
0.10286894
5.83862367
6.12154144
2.55228668
5.76908356
0.03068055
10.25512633
15.92769254
2.38065769
17.64570701
3.04016456
3.82930574
2.84810394
13.33593750
12.57071587
12.63318151
1.85274324
15.41499785
4.59944703
1.36132812
10.33508798
6.43073028
2.08843694
12.39062500
18.00976562
5.03861481
0.99544063
2.25984929
1.52298981
1.10156250
1.44087738
13.73783356
5.49340758
0.45284090
8.43802887
5.21198963
2.82422373
7.85123781
8.80033356
3.74665448
11.16785571
6.50211547
3.04130097
5.52734375
2.81896942
10.90380520
2.03214539
1.04687500
6.33548981
0.67085785
2.20133422
2.91272427
1.03275543
0.96236176
1.29199219
1.34293578
11.27433289
8.07722961
1.31265175
1.06291832
2.10998504
6.02823914
11.98437500
13.11783688
1.08475925
5.20336104
5.24552554
2.65426252
6.59419769
18.26066101
15.25976562
0.80228668
13.14172690
4.18286569
5.56416778
11.58862367
1.17390930
0.18013519
12.32401520
6.18044992
7.78349844
4.32511414
1.87687195
3.03125000
5.46875000
0.51513672
2.60378228
0.95725287
8.93737700
0.81994722
6.81758138
9.29057291
4.70703125
10.76386858
2.18685560
0.01622528
16.99685077
3.83366467
15.66841644
12.23986536
1.70011663
2.30965149
5.25089539
4.77734375
14.95044464
21.27441157
19.40412705
1.81808399
2.71529144
11.77600067
0.07995637
17.13167112
1.20964372
12.32348415
1.87614140
3.57226562
4.77823914
8.99218750
13.99910461
0.12801117
14.71919769
1.66796875
15.66316711
9.23347961
0.17806031
14.41827350
9.62786908
0.06689453
0.45588684
1.69901520
1.10306793
5.82902039
8.07198028
4.31551086
4.34643617
5.81640625
7.01171875
5.73002106
-0.00959503
3.94810174
2.63303412
11.70630459
14.05667997
0.83410987
3.66796875
11.55379211
4.60668883
6.89331117
2.99894226
3.78906250
7.68180297
0.31335480
1.45552582
15.24177665
18.43392093
1.73836491
10.58939606
4.78169769
0.74609375
6.27274380
19.66681738
7.27784574
3.17517121
6.93261719
4.96875000
10.55725067
15.18045989
4.60905031
15.49898161
4.57177859
2.76790282
0.24621675
4.03515625
10.72611481
6.31640625
5.46529144
15.46971410
3.70997340
0.16532379
12.78035461
1.92472351
17.64229278
13.62352238
7.04167996
4.44966644
10.73127798
34.64131870
6.98283023
6.39465425
13.04296875
1.87784851
12.74475067
8.47004876
-0.11909630
44.77404754
4.76037567
3.39632203
8.34366883
2.00976562
0.82305908
11.06762633
3.65112367
13.44701463
0.88208693
15.91894531
5.62801086
23.68397796
9.41378213
0.28890514
16.21004211
6.38326019
14.58593750
2.64204926
2.08158356
20.93135528
11.31453056
4.16199135
1.84106383
5.31282469
8.11307956
5.36763519
3.60152191
8.23347961
3.14453125
5.89888519
19.17754784
3.04061225
13.04060727
4.50084608
3.49911458
3.85156250
13.51993462
3.06795600
24.91034797
2.81621453
11.75874848
3.50195312
3.83789062
1.97424285
3.08532746
3.78710938
4.74910461
6.66872120
6.65806072
0.95145722
1.41601562
8.12410461
3.96280945
7.71093750
19.62006539
19.29106493
11.79474956
16.32463458
7.74385528
2.32133089
16.42879211
14.96964539
12.24975399
3.48071476
9.92324247
3.02207003
1.95951324
11.13936060
6.44311835
17.18391844
7.86763519
7.72188386
4.21875000
0.15307617
12.79508422
1.65205217
1.34143783
3.47460938
5.17187500
0.36673981
6.12666279
9.74203014
15.47273493
19.34545961
1.66707585
5.22265625
6.04073028
19.18904477
5.31319370
0.04440308
2.38009903
4.86446697
4.60178342
4.38383089
14.49218750
8.32466644
0.72412109
3.22656250
0.61718750
0.23815918
8.68554688
9.89843750
10.47656250
0.52978516
8.91316711
3.07006524
2.29573858
13.20064301
0.96911652
2.21830231
10.23212656
2.96363364
4.05078125
13.96093750
0.85937500
0.13517242
3.99388963
12.81230330
1.09781860
1.68530336
7.22611481
6.47656250
22.03381317
7.50244016
3.96765292
0.98193359
18.41247536
12.56666223
1.07892729
3.89408356
6.44478363
10.88398327
1.74882923
3.98965620
10.78870470
3.43404144
1.53413786
6.31599291
4.43580719
4.23290891
15.85347628
3.76757812
9.40730275
5.73722850
5.57799452
3.84530474
11.26927486
3.25451878
15.10468640
6.38345191
4.64467419
3.44531250
14.34708555
7.96740692
7.99755984
7.27612118
12.72880222
4.37198914
5.05743241
6.34836989
0.92443817
1.50203492
13.48828125
0.30273438
11.85672817
4.10546252
3.46685499
16.13448028
1.32991578
6.61718750
18.57633422
11.93404144
3.98962433
0.51509613
1.71314026
4.47417663
1.97513824
26.06960633
4.40597960
10.15087766
9.80660128
7.99641221
3.83724623
5.03666634
8.80265071
8.01074468
1.01708860
1.39644503
8.67533356
5.39017731
0.99190215
0.05098543
15.56500887
17.38048413
1.10239915
10.20747894
2.37650543
0.86539423
3.44267065
11.59403037
9.64770944
8.23002106
2.06009918
0.55509461
3.47460938
1.73189301
7.33805297
0.04506471
0.83496094
6.66645834
9.70809397
13.92817709
20.83546946
3.11132812
1.07812500
10.64746094
2.86621094
7.00585938
6.23783356
3.05468750
17.34755763
25.33603612
9.20665476
8.47311391
3.51391290
6.09680518
0.07523590
0.50764953
4.43351258
2.04146332
0.03942871
0.62646484
4.78153473
12.09720856
0.42443848
5.77738309
3.59806460
14.25390625
11.72310394
2.35156250
1.10351562
2.57506234
1.69605053
3.28800975
2.53515625
0.08017943
2.27510278
1.48665655
14.46235927
19.34655917
10.42536254
0.66378712
6.81250000
15.00226286
12.06435639
6.79838105
10.51667775
6.11568705
4.23136414
10.60742188
13.66699219
12.11283356
0.79162442
12.19466312
1.10448533
5.37031389
6.54692929
11.82096188
12.91597628
9.57673759
11.78584995
10.62614140
1.41691101
8.08129322
2.31128490
1.62500000
1.58256012
2.66601562
13.73591977
8.90905917
5.15234375
9.97656250
14.76891623
29.45371195
12.27689606
1.64567016
11.74833222
5.00345856
8.56339539
1.14550781
11.40791778
8.96878436
5.17931849
2.67355274
11.36372894
1.49751801
8.43481383
20.06278037
2.75240580
0.10180664
4.76371122
0.12618136
2.19921875
5.64672540
4.82593085
3.08353668
3.45703125
10.77127771
1.61987616
1.34952820
9.03946836
2.99373476
6.58984375
2.49414062
0.51464844
7.91198139
6.44303967
3.24414062
10.24910461
1.59659851
17.16389517
25.89008887
10.67468417
6.53861481
2.58487976
9.07666016
11.85937500
0.49198395
8.05797873
0.54411264
8.96004211
0.43253601
3.33390320
3.34179688
0.01925903
5.16060394
0.51757812
7.55525695
5.14542664
0.16711426
8.38760916
5.44938608
9.73437500
12.29915799
4.30078125
2.05078125
11.95668662
8.59127548
13.69333000
0.35192840
1.55497285
22.01451778
10.31902816
3.80206559
14.30419548
20.20068733
15.38296997
8.35245789
6.54772607
26.92948581
9.71810062
1.28373199
8.85493988
9.50345856
6.85982269
4.62500000
1.18536356
0.22010305
5.80513519
3.22851562
5.12109375
4.11539174
3.14242076
13.29060727
9.47952904
9.60245789
1.57812998
6.14107269
4.22521942
7.74743683
12.62161494
5.18742132
0.70389739
5.41540558
16.90022828
0.79736328
9.68993767
12.39868351
7.14087101
0.55859375
4.60156250
0.19287078
0.04132111
0.14685059
4.98660351
1.88839649
5.42097961
5.13468445
6.21545005
5.27917885
3.18457031
9.76944447
8.23324108
14.33789062
5.91170102
2.34818013
7.82292692
3.67622894
17.52945922
4.63806183
15.01818817
8.62670213
5.35901595
6.45222961
2.12487450
14.90930518
0.40079586
4.23071476
5.33418731
4.76005097
9.20466977
4.79382480
1.32820617
13.78727172
1.39331117
0.31030273
7.94730497
2.97261691
6.18412013
4.26814633
6.81197362
6.14298648
4.72920435
2.45634253
5.15750444
3.05631593
0.13924756
6.76216644
5.72656250
8.74039672
2.91390015
0.28955078
2.56282344
11.86588749
28.99246979
7.25781250
14.73627882
10.94161790
7.26350953
2.52734375
4.50043773
17.23535904
18.63308165
12.88756993
14.18672761
8.04431183
2.16992188
13.63012633
23.48553085
6.83471742
3.38041168
7.97505707
9.83365470
13.95223397
16.00736481
1.46236176
5.97521942
1.62341340
1.79785156
6.71590149
7.72558594
7.32120789
1.35306793
22.78687921
4.17653922
10.25345856
2.68013519
5.71447754
12.10400266
2.29594027
0.78059564
5.63098487
7.22025543
5.13671875
4.27779144
17.93340648
32.35520832
9.44469249
6.92009419
8.01562500
2.80851009
2.79785405
9.98258422
2.49397828
26.00915008
7.35591644
7.82865387
3.17594360
1.19169160
1.38378906
6.47920435
1.89730108
13.86132314
15.78388935
7.20447805
2.28454621
11.43481383
7.56167332
5.39369015
1.86958832
1.83227539
0.62308746
4.10156250
2.97851562
0.21887207
12.18013519
10.29125665
5.29979223
4.90475952
1.04280640
4.53849180
0.11726992
18.68314606
1.37174251
15.65730275
18.32609818
15.92533356
4.87935394
4.54766846
7.76036570
0.48865774
2.75406860
16.24308289
10.23527039
0.00426102
11.06250000
0.17654419
8.80814606
3.67248504
2.23225953
2.95332669
3.20097019
2.83398438
13.26513298
1.13037483
1.07865387
11.48363697
12.09912234
18.84003755
6.27047096
1.10493988
10.89334553
7.10274822
12.91406250
9.12104943
15.60941932
2.54349762
11.73828125
5.57076019
9.87398161
3.08500277
1.36132812
10.31574690
5.80497783
0.65564245
2.10745239
17.09480275
15.54256289
4.54531258
7.62890625
1.44238281
5.98783356
2.27681488
6.37845856
7.04296875
1.01900238
8.57265903
0.24796321
3.24031804
6.03470856
7.39843750
20.80927749
7.06617021
1.59525543
13.72896332
3.81009918
2.17834442
8.00524933
7.71484375
15.19441711
0.58386262
5.31595856
5.44526693
2.61841256
1.62341340
3.65368683
15.37385860
15.28584995
8.93314606
1.08292664
2.56506317
19.89831450
18.12580799
1.14238142
5.17667664
6.75781250
4.68750000
18.27192709
3.93164561
6.55468750
16.09179688
15.54760742
0.68363434
8.00157913
0.82015763
1.16308594
11.34144800
19.29488253
3.23673648
3.07661957
7.57031250
16.30379211
0.52673371
4.12207031
8.43750000
2.52650804
10.66432845
10.09810394
6.17142731
0.28979492
22.17496454
0.30204565
0.78125000
12.28770945
3.00525930
9.20810839
3.88954786
8.50000000
7.96695922
6.92777372
2.46659519
2.74763603
2.72794991
15.60208888
12.11397495
8.61462433
1.61222351
13.52740425
5.83203125
2.79012024
2.93253601
0.24023438
2.55664813
5.50390625
5.76607269
7.00439453
11.76908356
5.70747894
15.26399657
14.20536379
11.71439606
2.96138519
3.48242188
4.56250000
20.19580078
1.29838043
1.90767426
11.05033356
12.09419769
7.12845856
8.16841644
8.54597961
10.94392634
13.39392370
5.64575133
14.44942044
16.22514073
9.06673094
3.82434175
6.53125000
8.07738697
27.53143121
8.73989581
20.59802971
10.23170877
3.25318816
1.44824219
17.57608821
8.68082890
5.17097961
6.49308289
2.83097351
3.80468750
14.35107048
13.24853889
3.59525543
0.24072266
4.86763519
8.83068817
2.06445312
1.75826019
1.20161957
17.09012785
1.88346437
2.52148438
5.20312500
0.00923157
14.13300422
15.17949578
0.76239828
0.16911264
10.94009752
6.08450577
2.27963652
10.19531250
2.67578125
2.99804688
9.83365470
4.28007424
8.14754211
0.32511289
0.97119265
9.82031250
2.80273438
6.92097961
3.70388243
2.93177858
3.83158356
3.27343750
14.42942155
2.05405806
12.17277039
1.03478973
5.89587433
0.78690520
1.50215730
2.64168274
4.06579123
9.27572030
2.61987367
18.84659353
2.60831726
4.63464760
4.42846742
12.95312500
3.74263519
10.55033356
0.14143891
8.01774047
9.18493683
2.19326401
0.51437292
4.26143838
4.59464539
16.15897053
15.07259530
1.46419437
0.62797027
8.11384198
3.37098071
13.35236924
7.73958998
0.04408814
13.08837766
2.13869626
2.29742131
14.77399823
2.25228778
1.33886719
16.65010528
17.25024103
7.22961768
8.80904144
4.53169769
5.01562500
7.16406250
10.02254211
12.50995011
0.01180023
0.86669922
6.21484375
0.26440430
2.08203125
13.61181516
1.32104617
12.67879211
0.29264281
1.12821504
6.88671875
6.57812500
0.23311371
3.18705231
4.41406250
4.09029144
10.90819814
7.78942902
10.88253213
0.59757508
5.73783356
2.46350067
0.09859254
3.24414062
0.00260925
0.98583984
9.48783356
10.51025266
8.02791445
1.55114777
14.76472961
1.30786071
1.85664949
10.12500000
10.38923759
11.14892952
17.64192376
8.97961768
13.57462586
9.52431295
7.81162455
8.24049979
14.30267065
3.57853335
2.87980164
5.39453125
9.62109126
20.31648991
2.34619016
1.92077792
5.32954677
14.12178745
12.50345856
3.42997285
7.42630763
3.61861425
2.66992188
6.74181849
7.42224401
19.76874890
16.21513408
9.70735594
5.94938608
2.58398438
10.80972518
11.10029810
12.97579011
8.92949080
7.26041999
15.48258422
8.60335328
3.82661957
0.04851257
0.23307312
0.16076660
7.85457336
9.54777039
10.08593750
8.23950133
12.78572197
6.98844858
12.91752106
17.75826019
7.43359375
9.40970856
3.13911957
16.95312500
15.85847961
2.71411071
8.44018617
5.43180297
7.05170103
7.63413120
1.49654144
14.57152261
2.90503989
12.19249336
8.44324883
6.92142731
0.42476410
0.35170869
11.10718085
0.84322113
8.46875000
0.73945950
4.75451131
6.64372451
1.17533356
0.23022461
3.87951629
2.18839539
7.77779144
1.36568207
1.75585938
1.69335938
1.03763824
7.20267731
1.89050200
4.72367464
10.35502106
7.34375000
9.56506317
0.05660035
8.76908356
1.29316794
5.19458444
11.39441681
1.45250873
4.13444592
2.48872894
9.54658996
5.19713764
4.98344525
5.81050255
3.54797706
2.66752106
3.34118683
14.26997863
0.03095520
3.23197418
2.40348017
3.71220190
11.86283356
5.97310394
14.40189606
5.98303192
9.37703492
2.75541168
8.49218750
0.19384734
3.98527039
5.57722961
0.11523469
15.77689606
6.43448914
5.95300200
2.22623781
5.62756317
3.17321808
5.33089203
2.97631649
15.90507175
11.25691711
4.75480164
2.79341644
8.88191711
1.06559203
2.48331726
7.66975953
6.87064606
7.56852172
17.31864472
0.06890869
4.90189606
2.30468750
4.24206450
1.34928468
6.41495789
6.49181849
6.11365026
0.95117188
2.21547818
3.23524600
4.58638519
1.75976562
0.00473404
3.47297969
16.18383976
0.10231537
3.86372894
1.59212157
4.74141511
1.26997894
19.62320922
2.28890015
0.85888672
9.80033356
6.42610594
0.31530855
10.49218750
8.88582336
5.56205231
7.85400266
2.43595523
6.22867797
14.55904144
12.76741578
1.65002410
6.13761414
5.54988586
3.20943207
4.56685394
5.41015625
3.82379544
4.30511081
3.91316711
0.11482758
0.24674500
1.57856833
3.00423592
13.18660461
10.33973762
0.41516331
2.64542664
3.36523438
12.87154144
0.02520752
0.18650237
7.22534242
0.02574158
2.06835938
0.66304535
0.03897095
4.19531250
2.33185894
5.57980274
8.63281250
1.24804688
4.50390625
4.65689938
2.10136081
3.58203125
5.93647164
3.71977836
6.26517731
5.61827461
2.04774102
12.25000000
1.52876801
5.91617797
0.99548371
6.38716644
1.20133422
14.76192044
5.84533909
12.06160461
0.08146180
1.49902344
8.15038564
0.54154948
12.42689239
0.13810242
1.48189301
15.33941619
0.12963898
8.30969083
0.98603904
1.38053967
9.27689606
5.67789423
22.95466977
0.45357643
12.36104278
1.43754183
2.25195312
13.65970856
6.41406250
2.11568207
5.78906250
0.64164215
12.58593750
5.13277191
0.15926086
2.45434508
2.48600343
0.69974762
7.49475067
0.06585725
15.70247064
10.08720190
13.97899415
12.33850067
1.56266235
4.30647828
1.42028840
22.73567376
2.36454565
0.96919769
1.25923676
9.83325133
6.46362367
9.88448028
12.63751552
6.46583776
3.08487976
0.57067715
3.49890292
10.32377106
2.23588043
3.01456726
13.32980061
0.86279297
0.09287506
0.13277191
5.05033356
1.35351562
10.33189828
5.09872520
3.76757812
0.08821594
0.05430115
10.33593750
14.96369960
10.12435062
1.00419160
2.77840149
6.26204344
8.88801751
7.63753546
3.11954898
16.27510528
13.02689606
4.76891623
8.28109264
1.06054688
11.95649491
4.48100509
1.50585938
16.28539229
17.39950022
5.55249335
10.16406250
0.44303406
6.52119903
2.22525876
4.57190159
0.83203125
16.01175809
9.50101839
12.13716644
0.93810755
6.74691046
8.11718750
4.90710449
7.51863586
5.30690521
19.14448693
4.23441932
10.96919769
4.27689606
0.34790039
5.64369202
7.59029144
4.14123535
11.29349762
3.72701019
17.28381317
10.42277039
4.58304715
19.74141511
0.69897523
4.30574274
6.68396276
3.46244293
1.14798981
6.83683289
3.60998504
17.13266956
11.78831005
6.23937833
4.15006095
3.50374889
7.69185394
5.65893617
2.36763519
35.91181333
16.44151929
11.50208516
8.50911126
9.72221105
7.64152039
0.89103211
5.28951019
11.12679078
1.04675106
13.10030308
5.26562500
1.94140625
18.40419219
4.90767177
8.17916112
4.59029144
1.31880707
2.09134918
1.93697113
2.55664062
12.02449025
5.12113807
4.60392398
2.96052915
5.34611148
0.45015473
0.13834625
1.47363281
1.03906250
0.25530819
0.99048038
9.58939606
2.71573914
12.30635528
1.15303496
0.36096285
13.66873117
7.10906028
15.26956561
4.26541833
4.05202552
20.62682514
13.25163342
5.00044769
6.96561614
0.80733308
15.97029477
2.52859819
6.77800310
18.57759613
14.63960661
18.53715121
8.50000000
0.03231812
3.30468750
3.19580078
5.16406250
3.67789672
0.87438996
16.56923432
1.68314606
11.31250000
2.77734375
5.05225677
6.93016510
3.48482269
8.83593750
8.08584885
19.94885970
9.83133755
7.09008976
3.31176696
1.34786043
8.61975067
0.95654172
0.75325687
3.17773438
2.17785240
1.57072335
8.75435394
0.37377930
7.28470856
6.41060394
10.08593750
8.06070922
0.74304230
7.46796765
9.20345966
0.89591492
0.49662262
11.15535461
2.37438996
16.02600067
18.58062645
0.11513131
1.49458832
1.24316406
11.02856383
11.31297208
9.75221409
7.67142731
2.96377854
6.84204787
4.06038453
13.90100067
3.77058899
9.16674867
0.33048336
0.23913730
9.64062500
11.25044769
16.24453901
10.60657579
2.57678192
4.60290558
7.53470856
15.88435727
12.17280973
10.58121952
6.45088653
1.09635500
3.07604887
5.22758089
7.12935394
6.13236481
6.14741911
4.63818484
14.64896388
3.50016235
12.22561282
6.57508975
7.83728058
3.35396332
1.61132812
10.44441711
2.11014739
2.44348238
5.37901929
0.55652759
3.93712974
2.52828346
6.84676086
9.55647828
3.56250000
5.95833001
2.46114417
6.77366357
13.70635748
6.72265625
12.25256317
8.55301972
3.71875000
20.45845426
10.00503768
22.70593417
4.26864334
9.21117853
6.91577460
2.93013519
10.73437500
2.36372894
14.35340445
18.24536569
1.45410156
0.76708984
6.09756760
7.02653701
4.75557403
7.60815492
0.05135102
10.36629211
13.59338099
3.81844304
11.87052305
1.44107907
13.74760261
0.94478363
0.83349609
7.70959442
3.93029754
7.09899933
4.79821808
1.50488281
15.37320922
10.26984983
8.80993683
0.06937684
12.16896057
28.36869293
13.03951019
15.82380541
7.99215314
10.59094083
2.78450687
2.78832946
1.39481660
0.01972961
12.55078063
11.05585812
10.38322179
3.42427582
12.30814606
13.15279144
6.23783356
7.43827239
5.48706117
6.45357269
13.69185394
4.25585938
3.02856383
3.92171265
1.60807250
9.95056183
2.96378601
8.71529144
1.98836242
1.12565125
8.49129211
2.85441101
14.81160461
1.58052582
1.14843750
13.63704344
2.26184175
14.18711105
0.55312333
14.87455231
5.55659661
4.51432624
8.55814606
1.36254571
12.55684729
4.68180297
4.01741578
4.51314301
7.93314606
2.35729638
0.06649116
9.57031250
14.28804411
11.41072695
0.15987152
8.74080009
5.25993046
8.33439273
5.14965758
0.84798281
2.79056793
12.53714872
7.05855441
3.40083832
15.52319149
5.19901706
2.95357269
9.97851064
4.50984929
16.71569482
21.57636359
4.81093084
2.35201019
0.56628418
0.79248047
11.45352837
2.30037788
13.05379211
4.76509364
6.67073827
3.11673981
6.00240082
6.13627106
15.53112700
3.00988863
12.44095856
2.34224457
21.23046875
6.69155863
21.23092641
7.79610230
23.60099180
9.26228945
4.42499023
4.91312279
6.94904248
2.28210605
0.61966513
5.30448581
2.12793218
5.93286071
4.83561032
3.36442265
4.26448609
6.75000000
1.65063477
3.14469360
7.63069703
4.12064606
-0.00462967
1.20739403
4.74666445
8.52982823
18.97341867
7.12033133
6.22265625
12.46283135
3.26112366
3.54752936
5.74405696
0.39412663
2.67142731
1.48265595
9.75345856
2.75642509
7.43152260
7.23437500
6.37756317
6.71651153
1.13106355
8.60156250
1.36665863
5.70096521
5.97827460
20.28869349
6.23718417
0.49654269
6.86782691
2.23959496
1.77343750
12.31789673
3.93076019
12.13716644
2.80619293
0.11889680
5.31595856
4.13573471
1.68111923
0.85742188
9.70600289
8.24276817
6.03169769
10.03641069
5.44361037
0.60644531
5.60367797
4.78906250
1.42765320
2.37837060
0.11968994
1.42382812
0.46228027
0.52490234
4.13467199
2.33273492
2.31506317
1.59598847
5.04296875
5.22176086
4.81774933
11.16165670
4.90084330
3.64843750
11.89847186
14.50268617
9.55977947
1.37650543
5.85937500
4.74881428
0.18620373
2.71866634
4.76790157
3.39770944
2.49414062
7.37500000
1.60209137
19.59325798
3.66846077
16.05122894
0.81021969
9.42033023
8.07594818
5.68359375
12.64794548
0.29492561
15.10042110
12.50940159
3.76127106
0.67085785
7.01171875
4.33593750
1.45560699
8.93654035
5.84418079
0.49418121
4.72701019
11.76562500
4.71875000
14.11014739
11.23425200
0.98034824
9.87154144
4.11718750
5.67830009
2.07258907
11.86588874
14.56197362
0.87788910
12.48669216
0.75598363
9.24859619
22.11778259
5.47596741
9.76908356
4.96875000
14.25673981
6.98455230
0.59611023
8.02901153
1.79630430
4.63997562
0.86767578
2.47700646
6.80115026
6.87032136
11.89260750
3.75237145
1.47070312
9.76049805
2.27884918
4.21138519
0.54931329
2.01688940
13.15625000
8.00781250
2.34977172
2.48270722
15.11490470
2.39864417
0.97916750
13.50596743
6.49749113
21.18989584
2.73287455
3.37890625
11.25000000
1.08939606
4.98828125
11.64782248
3.91858377
1.36840758
14.65112367
3.10786957
8.57812500
1.67089844
0.00446701
1.66699219
13.25393064
1.57720522
12.89366855
8.44447140
1.44238281
2.10546875
10.03906250
2.75240082
1.63122341
2.32190159
15.25000000
8.50781250
13.42288529
4.83032912
1.54243988
12.94095856
1.75240082
3.72265625
7.34202793
4.59937832
2.34916168
4.28316254
12.27335602
17.89172208
4.66731937
9.38627106
2.78165462
14.04020390
14.47843445
3.59126801
9.22538238
17.41182403
10.38268950
7.30749667
0.04724121
3.01171875
7.26016401
4.17928911
1.19734680
6.75870789
0.40429469
1.67639378
15.56237700
7.66194454
8.34322362
4.77522828
3.64257812
0.97070312
3.34375000
7.99058844
6.44300531
2.19140625
0.57152946
0.07324593
17.15014648
5.51997521
11.89591835
13.60581203
5.85417996
4.93013519
6.97265625
0.01504517
10.82377106
0.61132812
16.05163232
2.07576850
0.13700348
3.51562500
0.97867797
9.09554078
15.49975399
9.28495456
9.09295104
2.44213929
2.14213043
20.36169216
12.33923122
8.80863807
13.85781923
4.39938255
10.38348182
5.84395169
3.93518284
2.94380707
7.48828125
1.99308289
8.86283356
0.18758148
0.00927734
0.08108489
0.94230164
2.53951019
5.39062500
4.32051419
15.90249114
2.06605717
2.13631040
5.59130984
8.22220856
13.15372119
0.61963514
6.59375000
2.07271332
6.83455009
2.53609596
16.61014739
3.97188386
1.01509613
10.87231383
19.72619349
3.74044104
0.27945984
0.29858398
11.93570922
6.42483780
6.47665115
3.84029144
8.57991578
16.53365082
4.67708001
0.50012550
1.07421875
14.77338321
4.86968195
2.47412234
13.19006317
3.36657746
11.24951172
16.26202588
19.40136523
9.00781250
1.48242188
1.68066406
18.77717642
1.36377078
8.93620124
1.52734375
13.27709961
11.05448395
5.02734375
10.22823028
6.09643617
4.99978835
4.10958665
6.14996963
13.93855275
6.68710857
22.20299701
3.49817486
17.02119903
7.61897828
0.00746674
1.04492188
5.74910461
12.81250000
6.68839539
2.15777982
3.79685061
5.84375000
0.88037109
0.10847992
0.34423828
2.55067765
1.95339095
9.35245789
9.31054688
3.36221479
2.51612200
6.82600891
12.04943817
4.35819551
6.76248117
3.37033133
1.86718750
2.02103668
3.20227663
0.74388963
15.13355053
7.89164339
2.55513519
11.79329344
0.74580965
1.43599457
10.82405142
9.45015846
9.30977449
4.87890625
3.62100012
0.65837793
1.11124695
3.34375000
1.21361931
2.78369514
5.03125000
12.07287567
2.55212433
2.85082946
7.63505097
9.53125000
1.53169769
1.80664062
7.17923981
0.20540375
2.45658356
9.55728502
0.81035017
5.18947347
0.67777745
8.24397278
2.88102172
10.68147828
2.11523438
0.26196289
1.56550837
1.95499944
7.33255763
1.15482823
1.19816101
1.38665485
12.17533356
2.06685394
9.91983821
0.25887273
5.34948139
0.04895611
2.09865265
5.66200132
6.56595856
7.42097961
5.42321808
6.46875000
0.07403014
0.60652711
0.41414367
10.86808289
1.35937500
8.68922652
6.58030473
0.35668945
3.41601562
0.03289795
9.57377106
1.56058372
2.41109596
11.81595856
8.59016844
6.21150820
7.26953125
7.85156250
7.04646353
5.76969858
8.19006317
5.23852228
11.23743018
3.18945312
0.00701523
14.57767731
7.24218750
1.21822113
2.05664062
9.50000000
3.15686004
1.39782746
0.05987518
3.43298371
4.82128906
14.96785461
11.56673094
0.39514254
1.85786957
8.51896055
6.37902925
1.98677582
7.30423981
7.94994681
0.19507272
7.05078125
7.00000000
10.42484154
3.97404366
4.94140625
1.94839955
7.23446178
4.61328125
15.66406250
4.00496399
2.28324247
4.47847628
11.08247894
2.98677582
0.78959137
8.18750000
0.81196989
3.25537234
10.66804743
4.82759862
9.30122894
13.62845856
1.79589844
5.93269836
2.48917664
5.95816798
3.02531194
2.88398826
1.03300393
1.13671875
8.91752106
3.51098072
0.35274822
2.24414062
3.68639420
6.61682845
0.89550781
0.19742828
1.49947113
11.64408356
8.70568817
8.81774933
0.39843501
9.50984929
0.66442902
9.31595856
12.74820922
0.52506469
0.94445894
7.23559508
6.19195619
9.56750488
5.84375000
3.10323028
14.52522828
0.53515625
4.45357269
3.74677749
1.28162400
3.90909851
4.81205231
2.55904144
0.00630569
0.29077148
0.01007080
3.29101562
9.10502106
4.57628990
11.45064612
5.28483156
12.51021332
3.09057617
2.08984375
1.58105469
5.92487589
6.22746786
4.29296875
1.38830535
8.71183289
0.69038910
1.39868102
0.47827211
0.70898438
8.48282525
14.55379211
4.32772163
7.36629211
11.91536126
11.98051307
11.59761193
22.49246787
3.00607103
2.39980061
25.38462322
4.48783356
14.89811032
2.80403812
13.10847961
2.06941462
1.53996038
13.80814606
14.36311392
13.29878878
3.13045600
0.06640625
1.72460938
1.47798676
6.62744016
1.98189052
4.01912788
12.11433400
5.85095744
1.72281860
3.09944703
6.97688719
9.41764406
6.92142731
4.71529144
5.54418883
0.72200562
1.44034851
13.41406250
7.27734375
0.57958984
13.95410156
8.66141754
6.26562500
1.87231383
10.47969636
7.71875000
0.03102112
4.87666809
2.65867770
0.94040281
10.20538786
2.65008089
15.73196920
2.62821504
4.96110483
3.67639129
5.84944703
3.13281250
11.35156250
0.28763762
8.26216644
15.62564938
6.40047429
1.75000000
5.36718750
1.14941406
4.51728281
57.12680075
5.92968750
2.45161957
6.38537567
16.49831137
8.80944482
4.09708555
4.88656139
1.52050781
12.58760528
1.49442597
3.08918565
18.14481162
2.62862983
21.09020280
6.12764185
8.35734818
3.69490913
7.04508422
12.67557551
5.04724401
3.09330231
4.28169769
4.92700133
1.96272828
1.75675476
11.60156250
1.96939813
7.33158574
5.12813386
7.19640958
8.30643396
5.21981272
1.35005707
11.17093840
12.01338653
3.04248171
8.38102172
13.92024781
2.28710938
2.42834442
7.48668374
1.91743988
12.90637832
4.59256801
5.66251773
6.48681516
1.17895695
0.67777496
10.03458555
19.64554964
10.04252106
3.98677582
16.02600004
0.51770113
1.19234098
7.35469636
0.64876344
8.10518091
18.85644780
4.34899933
12.10156250
1.75240082
0.44478363
3.08787816
0.55087488
7.32614105
5.47489472
0.54150391
9.82944639
6.31066957
2.54671265
10.17264739
3.80977449
13.09179688
4.33984375
5.87064606
43.87223266
3.50743622
5.37634308
8.87320922
6.17130430
18.64013796
5.76049618
12.47745789
11.55731326
3.07661957
7.15893617
2.04101562
3.25976562
6.24064024
5.11181516
0.79793523
3.01127106
15.50874225
4.94156361
1.39584496
0.70068359
11.79252106
16.45004573
6.04321476
2.82556183
10.64371454
3.17850676
3.50433650
3.09043439
1.82031250
19.91605621
8.76122922
2.76363253
8.91023493
9.60103612
3.58052582
4.73783356
13.35502106
3.71183289
10.30252771
9.34029144
6.16052526
1.36462433
6.75239584
16.57169991
4.60514406
11.96875000
2.07466644
11.81644559
11.88134890
1.89062500
15.58723626
5.82682624
0.83882660
11.65404588
13.35677748
1.32023133
15.37645612
6.05668993
11.16829344
5.99246787
3.92126994
3.66601562
3.52974457
16.77282684
12.43135528
1.49186281
0.42333984
4.58984375
8.22822031
7.93291001
6.24271886
14.30904144
2.70703125
8.78470856
7.83703208
3.73531471
3.19836270
9.46118351
17.62589352
3.72216921
6.41495789
4.30814606
0.98331726
7.51961242
1.80517454
2.77872867
4.76216644
3.31555020
9.45849734
9.30545989
8.86897828
16.46081450
3.77286929
5.68269836
6.42321808
11.54947252
8.72863365
3.05111591
8.82222628
10.74129211
6.16931183
9.97947474
2.41941045
8.94724518
19.17232269
6.73002106
2.93705231
6.84935340
5.19166223
22.23872894
2.62365692
13.27433289
16.19522884
2.89371952
8.01741578
19.40628934
2.21878186
4.75827016
14.43981716
10.65547761
3.75085605
17.57352505
12.22835328
9.23771304
10.88716644
2.97220856
10.97887966
9.69009752
7.59664782
0.41573090
12.30484985
10.38328458
3.83334995
2.07031250
12.29101562
12.12504367
11.59423704
2.73026706
14.45646055
5.31217531
0.43009461
8.73783356
4.08593750
2.36372894
7.62178247
19.56702572
12.52458078
16.40189606
0.28776062
0.42626953
18.78237915
10.40689938
2.44270999
11.64093972
0.78581809
9.11148549
3.03695201
16.73814828
11.82116720
4.43245484
5.60546875
8.39408356
11.38198780
2.11926861
5.91060394
4.94051086
11.67373449
5.11097406
5.84899933
8.40445922
5.66731812
1.76660156
7.75642509
1.45348654
2.00546099
8.21695922
3.79235871
5.43676197
17.70003546
2.67615026
1.21582031
6.51607269
14.17097961
3.49715149
4.48767121
3.44966644
6.08203125
8.03816711
5.54252106
4.46284921
1.98923093
2.04536957
8.00923427
1.96342198
1.30126953
4.03515625
1.37304688
15.63532137
2.54537954
2.32471077
11.31494016
2.80420046
4.57857269
5.74955231
11.61568207
14.29943817
0.79577668
27.16515958
7.82997452
4.94102282
11.38281250
0.27193207
6.88793883
13.83951906
22.14314633
20.36942442
7.77636968
0.61234527
3.00284353
10.97347296
16.46976839
13.12162013
11.82645722
2.73083776
14.58443207
3.73828125
1.75000000
13.54434204
1.26757812
0.13651520
9.56754822
1.22265625
0.12292480
12.38378906
1.53027344
0.19213867
5.97070312
3.08068817
2.14782746
0.35355621
10.69825910
22.31349962
5.35079011
1.07076019
2.58231286
12.33712073
12.82421875
7.03861481
10.17968750
15.93501801
11.07722961
1.11027039
0.91503906
12.44746337
5.45153591
0.74353308
9.88281250
14.65010528
16.13828791
3.77756537
3.38716644
9.54943817
12.34375000
0.20300324
4.78165088
11.14270611
10.00077239
4.17891511
11.54634613
1.21972656
9.41316711
7.23783356
0.04654969
14.50435394
4.94864805
12.65547761
12.14933289
0.28686523
24.10870568
19.81532413
8.43520723
6.64707003
1.93750000
6.94148493
5.56894921
0.32182790
15.36458001
6.25114140
1.21887300
2.46618683
12.88398826
7.74101174
22.21709664
7.70921348
2.71919769
6.96728391
0.80322390
18.23392731
6.89408356
4.30122894
13.29687500
0.15608734
14.12890625
1.99910461
5.28169769
18.56640625
8.38191711
0.23645051
17.05558040
7.03930851
6.70056183
4.57372673
9.76265846
1.56107574
9.39229278
4.86942597
21.83369965
2.79524532
2.55342808
2.14994293
16.57316101
3.28186004
15.28743407
4.67635195
23.08638519
18.31221465
3.53153535
2.89648438
6.05304411
2.64226839
0.67431641
12.14160156
14.39062500
0.45092773
12.32177734
7.66040039
17.92879211
2.98677582
8.00000000
2.01309370
5.41171099
14.39664672
14.28336547
14.90832613
16.34757259
8.51330784
13.20222961
8.82902039
11.08158356
7.10733821
12.65739140
23.10127590
5.77457890
1.32332336
13.12064606
9.26448360
0.65674077
6.18705231
18.22162789
1.13729942
12.35945648
5.07857269
16.91474624
15.61455064
11.14408356
2.28755707
11.07954677
1.86576573
0.54150391
8.92919548
0.22949593
4.43168121
1.22469055
3.84899933
7.77408462
0.11678070
2.99023438
24.01639739
4.37422761
4.56046196
10.31933843
3.10469636
13.00345856
4.56730164
1.40376801
6.36238586
4.73729721
1.50232712
2.68164062
12.95996094
18.79943817
6.50427277
1.68855774
6.82377106
1.36275238
0.68741883
5.55617798
11.97291192
11.75480164
6.17012854
15.02420989
6.60905031
4.37821255
1.32198277
6.95312500
11.29058838
2.41654449
18.54886809
7.11295656
9.25000000
9.67218972
2.93327903
1.68945312
8.91210938
3.76729278
1.64241578
4.16841644
0.06137085
19.81835938
5.72656250
9.87731716
8.55647828
7.06292662
15.20080784
4.33292664
11.33974235
17.32471212
5.32406139
0.99169922
0.02942901
14.88565040
11.55468750
1.86816406
11.73091644
26.38002771
2.18593084
2.33638519
14.16548427
2.06791417
3.60306793
6.98046875
0.54732269
6.47529810
10.12626440
10.93277704
7.44372839
4.27298981
8.24251219
1.70174257
10.24369293
10.52343750
11.11718750
16.74804688
9.77343750
5.88281250
1.76277649
1.05362976
12.93086326
6.98291265
14.03495456
0.82857269
4.96077960
13.24063330
8.82133089
6.50358156
5.33650820
7.04357381
2.93343639
12.97566711
7.07722961
1.37386109
17.85094748
12.01188608
23.90279144
21.49129211
13.97765958
2.55599124
10.14062500
0.82226562
11.82031250
0.64269552
2.86239084
24.03320312
9.91048094
1.28304078
16.22892149
6.70503878
1.82857269
15.29227505
3.99678745
9.17789672
8.11559841
12.04956117
3.64673038
13.70133422
0.11905976
19.31852172
5.06338044
0.52780640
11.48612395
12.75679411
0.43819370
17.28356716
7.97391069
8.64441821
6.39107269
9.26127106
0.99165863
9.08158356
0.48067230
1.91166168
19.24865692
0.79378297
4.52689606
9.75240082
2.88085938
2.27884918
16.73933899
17.83337433
7.58593750
0.58231535
19.58622285
3.44380707
8.30814606
8.91227172
4.80293108
1.55672927
5.79687500
4.41406250
1.41414367
0.01202424
4.03125000
2.47477203
13.34375000
0.46187348
11.19083555
4.08048150
2.90251108
1.10156250
6.05854943
6.64848182
8.15189606
8.63072724
15.49475067
12.45837433
7.37186614
6.20581117
17.98242188
20.40961991
15.64551529
3.79899047
1.18143645
7.20760195
6.65087766
0.39400363
13.47777261
3.61898825
3.37003601
5.65254544
7.98079344
9.21382909
7.02254211
13.62154144
12.19787567
7.97407802
5.93306737
24.46418638
0.21415005
3.70487644
17.73697252
0.39380568
1.27832031
17.75683594
4.73783356
8.37935394
14.94441711
5.54296875
12.20198360
8.34745456
6.20882203
3.49898285
8.26908356
20.31237700
13.26666322
2.49983765
10.54755370
5.17968750
3.41540558
14.52742243
7.12707115
7.71615248
7.78080231
3.11612976
5.33994335
0.02427673
0.84619141
8.09016844
4.82653840
20.22432403
12.24116911
14.73721913
1.62890625
10.20502103
13.77117464
9.20056183
10.43884308
15.45226895
4.82153258
12.28659276
0.81201172
1.81232519
0.88111535
9.37935394
0.35127777
5.95485650
1.19944037
15.86673981
14.23771055
8.46976839
0.65576172
4.04291944
1.62895556
11.27343750
5.12500000
10.57543883
2.06909242
0.10638428
4.26191794
4.89201241
3.12438996
12.76025266
11.55045656
12.92585993
4.68762300
8.47131566
13.69775266
1.84423953
10.58597186
1.73584607
10.40335342
2.22258255
3.99369293
8.25195312
4.10713653
2.16825410
8.46748560
2.47632147
0.87646484
13.52225645
10.38769282
0.55285987
11.03381317
9.32046986
15.62361259
12.02034547
11.64225842
19.17956450
10.92940713
0.70703125
30.13305602
6.12104943
5.56087655
0.79443359
4.93359375
9.49654144
1.20507812
19.51558068
5.50740913
0.75874848
15.35233489
0.12642488
1.14746094
15.44555415
47.83662871
4.26253546
11.78734043
7.06857601
2.51562500
16.92154034
10.01791278
1.29793274
11.00781250
1.52433289
8.76114805
1.79646914
15.49975399
3.10766788
0.55521637
20.07466644
5.82046986
16.18978280
5.42105954
2.74691046
9.57812500
1.08300781
5.32233932
3.32609818
6.32421875
1.83398438
15.35502106
8.91662567
13.86027039
15.83798330
2.32902039
3.58487976
11.24481938
18.51355385
7.48035571
0.26611328
14.00488157
1.96541133
2.07442542
16.73087212
3.35355995
21.29194911
6.56364140
8.37243683
3.73046875
1.93412262
2.35761608
8.33716755
17.11054577
9.05160045
2.44189827
7.75602172
7.41548427
2.53943151
1.07368988
11.15477394
1.14511192
7.33056516
4.35818928
17.60510970
12.64396055
1.48201601
7.92386747
0.84468722
6.00000000
13.65294881
4.93298869
12.57031250
1.47363281
10.90705674
1.36052138
0.31005859
20.94291168
8.01049431
2.72750221
11.09977172
5.21394836
16.22387633
2.60498171
13.45484596
4.76879322
5.27071697
29.99759918
8.80899712
1.90389350
10.60591644
0.63916016
1.29295940
5.28593860
10.94791002
1.42949080
7.59114251
6.79512854
17.49279754
0.27307160
4.77388519
0.23461914
9.68314606
5.99263519
2.79104998
3.58500775
3.46556683
4.58582446
6.45926972
4.76953125
0.36938477
0.86572266
1.62207031
13.20417277
2.35637411
22.42187500
0.83349609
15.98575244
0.60274822
8.53214539
9.81494016
1.67085910
3.47460938
11.05973017
7.41052526
7.37109375
8.24654144
0.19335938
7.24609375
2.75976562
5.88871122
0.16528445
4.86763519
17.57250665
16.02807181
7.27937057
2.76458222
13.28470856
7.96955674
7.88200576
3.94552026
3.37610206
7.16951352
0.87105441
8.48221521
1.94791999
13.16128768
1.84367630
5.04732269
2.33638519
15.45368101
3.33825466
5.23775487
1.92464234
1.01607269
10.31245568
10.90059729
5.51696808
5.30318207
9.18135528
9.18929078
2.41255707
13.53083666
5.04850842
15.40901734
3.18644226
5.26960993
1.94523382
1.69779449
6.08504211
20.30745235
3.41609929
5.16060394
2.57812500
6.41393950
11.24308289
8.42008422
5.96150820
9.94058835
2.41296542
14.80261993
1.31783051
15.29812944
3.43144392
6.58292664
0.22001129
0.92333984
3.77388519
7.41707336
6.13714651
14.48785349
6.20402039
17.62917665
10.47632895
1.75244514
2.39888519
1.29536583
15.52117679
5.46484375
10.10668883
0.54516664
25.23498504
9.49743683
2.91947418
11.97289229
14.17826573
2.64677471
7.95576685
3.42989417
11.21695922
2.79988586
1.80489168
21.99206450
9.90312319
1.60548370
11.08850067
5.57165558
10.56669043
3.24386026
3.73828125
0.88964844
4.23042443
3.03190436
8.86462433
2.35351562
16.62215149
2.10050476
0.34204102
6.22220856
0.00422425
0.39477539
14.40820312
11.17187500
1.88822418
5.42232269
7.82128657
0.10819738
13.73168883
9.36616911
6.92821144
6.34156582
0.66019684
6.44095856
6.91901153
12.79195545
7.34472905
9.13753546
2.86490968
7.64351410
1.58744293
3.55033356
3.76818318
4.76156139
2.88373726
22.78058723
5.33167220
2.82405640
9.16841644
14.77539062
7.35937500
3.51425575
7.55031914
8.76892121
9.03466797
12.68635735
6.14278479
10.71223626
2.52502659
1.77490359
6.18359375
1.69779449
7.25435394
0.95898438
0.02864075
6.56571255
3.11397495
14.35835661
14.93558622
1.55566655
5.36688221
3.37725841
3.95312500
10.97656250
13.22394504
2.99345938
4.37313054
7.68192597
2.31445312
3.85546875
1.31262051
4.75626773
3.60156250
11.17264739
0.42106203
13.66829344
2.61295656
4.90039062
3.79882812
5.67666667
3.96338763
3.43176363
4.62259420
5.99459330
5.62544769
18.39638077
4.06801528
3.65820312
4.45703125
12.18253103
6.52014627
14.63012633
5.32389406
1.19726562
1.23783356
11.94352172
0.57010957
4.99218750
12.99316406
4.19486481
1.73872894
4.96048981
11.03051197
13.13355053
2.86673981
8.92300892
7.18131593
6.17204233
0.19323730
2.64257812
11.47798427
5.24768284
7.82985650
1.74765846
9.22310394
0.24890137
21.88057403
2.28006926
3.58740359
0.34033203
10.99629544
6.72097851
1.18852836
1.77193207
3.72761774
6.07633297
3.38476562
3.42310006
3.89603170
3.79492686
0.72814910
10.09944703
0.56738281
2.96518909
11.73174686
5.69820534
14.50435394
18.43549757
1.56149157
5.32812500
11.49767288
5.31437943
11.27754562
9.81628387
5.31563386
0.49877930
2.25195312
1.41601562
4.89318817
4.56384308
3.26615138
0.78825077
9.51908356
13.45971742
2.88443595
7.90653286
2.77889350
12.04980718
6.00630707
3.20898438
1.92053192
8.34464539
9.56250000
14.68341064
10.14229340
13.58177527
6.12480828
11.58495346
4.03430020
10.41049091
0.29760742
13.90689938
3.68307556
13.99759494
6.03698762
13.76102505
0.74727574
12.68374550
3.65292442
0.64892578
7.55743241
7.92303634
8.31054688
8.55891844
4.09138852
2.48641179
6.22656250
8.32722961
7.77667443
3.30971076
2.40669769
18.26537899
6.35526706
1.42228086
3.62992464
5.98046875
3.00638824
3.46838099
5.13521803
4.59375000
0.98640930
2.28906250
9.17968750
8.62181184
30.96697417
3.27148438
2.89325189
5.03057623
9.61629211
0.03065003
0.40234375
1.20739746
10.22660309
8.20747894
7.99084442
7.94860871
13.26908356
6.23242188
7.01517731
2.22941101
13.14623837
16.24701931
4.05859375
7.67675781
6.82637356
5.70247562
9.13195147
1.28495955
5.29296875
4.00000000
11.88303857
7.57700354
12.38972961
5.52132203
8.80444149
11.24153812
12.62463099
5.69222296
14.79793274
8.83850067
2.67456117
5.59765625
2.20194426
7.11706796
1.92720551
0.79870481
3.48006040
2.64551030
11.58683289
4.90970856
5.22310394
22.06750333
11.59265292
11.55635528
0.03310182
1.88911957
9.79764739
4.47676668
5.25781250
3.96484375
5.94698028
0.07462617
12.73604278
12.35770722
7.47265625
7.23002106
6.78125000
8.55667000
6.35002770
2.35351562
5.42154045
4.46533577
3.66841644
1.15820312
1.67622894
7.31400543
2.83353668
13.51562500
4.31730164
0.96093750
0.14099121
4.41796875
3.80810547
4.95267731
3.59570312
2.67622894
1.28741932
4.44425975
4.78383393
3.50826019
19.21081450
6.01920656
14.08703582
5.45056183
9.27331450
1.39900820
1.03710938
8.21134087
0.57186225
5.59720856
8.25435394
5.68090758
3.83825466
1.54581976
10.31685394
1.59375000
7.62109375
3.78071864
7.13326019
4.66637966
4.99353308
10.76647607
2.60852393
13.98693817
3.41984070
1.61718750
9.89843750
9.29073028
12.29032410
10.12935394
14.00671044
8.87549202
1.36673981
4.54048427
11.40739140
19.47651818
27.94152925
17.24467198
11.81355774
5.18326906
5.67968750
9.86681849
11.29724401
8.21875000
9.49218750
0.54931641
14.11234154
12.25822335
3.82572418
1.42036957
8.86271055
10.72668550
1.62154144
11.20338543
4.85911457
1.61771637
5.23329733
18.05035349
1.68066406
3.81595856
6.23970302
2.29247548
1.99304853
9.05163668
6.94156361
2.24939494
8.90001663
2.00668107
1.97851562
12.23693817
3.68013519
4.57120789
0.13403320
3.00086922
9.22341867
8.76557623
9.50870789
3.99312721
10.51321920
19.01644171
3.23791722
7.16039728
6.21566046
11.94620789
0.08178711
1.42293274
1.55566406
1.06827820
3.18945312
16.43827239
10.97054078
15.65901005
4.64482158
9.62009705
7.49584774
2.61832890
10.21875000
0.02903748
13.48965869
9.10604443
1.36975067
12.16495789
6.86494903
7.95145722
3.03169769
12.43440672
14.67020722
2.67517121
6.03125000
2.15039062
15.26409912
15.35530142
5.08175088
1.51501122
2.60115913
13.67604428
3.13712710
4.54296875
10.25345856
24.44269504
5.95183621
1.24800504
5.42289339
5.48997932
7.66841644
6.60457336
0.05151398
0.38012384
8.81815520
18.64351784
7.27689606
13.43225067
3.72285794
1.65543827
21.38016567
6.55403812
4.51350953
1.13041168
8.31611592
8.16211436
3.34712489
0.44853003
9.47656250
3.49245790
0.89816710
6.67892455
10.03262299
2.64782746
4.48738586
4.32120789
0.04220062
0.57808441
2.04492188
3.11730957
0.24304075
3.42635195
5.28214539
11.43660461
11.15356383
3.59643617
12.62410461
7.73571808
14.99086880
3.24786014
12.98437500
3.25781250
8.98437500
1.04292889
16.67830757
13.95043883
7.53902814
12.80089429
17.16931682
11.06620456
3.95381870
2.05529505
4.42269171
4.41361481
6.46484375
1.32062909
3.11272052
5.51562500
1.52006012
4.36372894
2.42614279
3.32483377
1.35839844
3.34179688
0.17500824
7.74707031
4.84765625
7.17728668
10.78365082
3.61238586
16.30122894
3.84029144
0.27954102
6.64473294
0.33077058
12.28332613
9.54341644
4.55244903
3.69490415
11.52714206
1.15820312
4.60245789
14.29943817
3.25931793
4.61116578
18.95108821
13.56799534
1.35982269
11.20658356
7.76997894
3.26248117
12.28992353
20.07202460
3.73299257
14.44864805
15.12928590
11.33683227
1.94958527
0.24206574
3.17036957
11.31623892
15.38419991
10.91585328
7.67187500
6.95357269
0.93408203
9.63179411
1.18363558
2.08789062
13.24462766
2.74515902
3.33683289
4.62019836
3.33097351
11.22989307
3.21541943
9.27929688
11.84273161
4.39094969
15.46374667
11.23453236
3.39962322
9.05981383
9.29206339
0.46355247
9.35156250
23.51199882
5.76652039
6.19185394
13.32466644
12.78035461
5.40580231
0.30578644
3.41548427
0.32523839
9.14729112
4.47005873
8.53304078
22.66796875
22.45117188
8.60150821
0.07187222
2.81538786
3.22998171
0.72851562
6.34284464
2.00094470
0.73531222
15.31250000
5.92919922
15.05891844
3.15787843
4.68750000
10.17879211
8.83593750
6.00089539
4.93269836
12.76127106
14.28698139
8.50342420
18.77787262
17.27254211
7.11091977
4.87479831
0.70996094
11.19563657
5.24487367
9.91329011
6.25113584
1.44035350
2.01411957
12.74015071
4.86922429
8.18863143
13.57797013
12.95164853
1.28904862
5.40592531
7.15804078
8.93404144
2.93631926
2.92260804
11.33593750
3.41519705
2.97807291
11.33593750
28.01127106
10.99295989
0.86100343
9.46427305
5.05090425
6.44563719
1.45520113
2.97806793
10.62886566
1.53704772
2.34159270
5.74755984
12.04687500
12.96145835
1.85213872
9.86218417
9.26472961
0.32783965
12.52343750
5.80603058
13.28816711
0.52657136
3.93900543
2.80273438
9.29585661
6.60953236
2.89388685
1.02371787
0.24923135
1.47416168
8.06884766
7.04280142
7.89919992
5.41737366
11.74129211
13.32466644
5.51652039
19.87756317
21.02042664
15.70816268
3.83134751
9.30545989
7.13549867
16.58846308
8.97177083
3.33650820
10.00768950
2.37914728
14.64554964
4.19193263
10.34212157
6.47127881
1.26652039
1.68937195
7.11718750
1.53381317
0.07873566
3.48242188
7.42317376
2.06315436
13.81172512
19.80277372
31.29971853
8.76750443
6.49617523
12.49950798
8.90930518
3.25720246
16.17879211
1.99193900
12.26099069
0.05871613
6.05814606
14.37154144
1.85636764
2.15429688
8.46785461
3.48181183
8.66752106
27.02246898
10.57120789
1.56844055
7.77811614
2.02115968
9.39497894
6.26127106
18.39408293
18.92586336
6.77343750
23.39375014
12.93213451
2.20410405
11.14460993
1.75578069
0.81693512
9.25691711
12.73595413
2.68726396
1.21679688
10.45890071
3.93310422
2.62850288
7.63671875
8.97656250
6.54374114
7.16329011
3.73437500
1.42675781
0.93961547
11.52087433
25.75063324
15.14702690
0.21334081
4.55904144
0.67041016
21.93033688
10.94220302
9.50591865
15.58593750
6.36246454
1.82108862
5.42187500
7.32039118
10.38985261
5.51542331
17.90384918
1.17614777
0.02715337
2.40429688
0.48539215
6.28951019
2.62742396
8.87554631
7.64888519
8.84195922
3.96748560
1.06852047
11.11755651
6.31844304
19.55455453
4.25749778
12.16316711
3.76456726
1.19380707
11.71804633
4.87570367
15.97477172
7.81038453
1.94095856
12.74475067
2.41390015
10.44844231
0.51339026
10.33617977
15.87178745
16.03881649
0.63305851
13.90974291
5.48434064
19.67907248
7.52059397
9.14453125
20.14229278
1.33829649
9.16508089
7.63024933
4.34419769
15.30610927
10.51244681
1.60828291
8.90714539
1.77246094
2.69726562
0.01111603
17.93782220
1.97331061
5.17578125
19.08931395
5.09830812
18.30150931
5.13208444
0.58244324
11.76562500
1.49617492
10.86394982
3.78231272
13.53971188
14.92468417
11.43802638
5.12101507
20.17399047
2.52547055
2.29126163
29.05926752
16.20252991
3.98726659
2.04252106
10.34375000
3.97896332
6.46484375
5.07076019
0.60111481
3.48628380
5.57861702
10.53816711
2.79715537
0.89372202
15.04793024
9.58886968
1.97009308
13.97220856
9.78035461
1.41984070
8.91113281
1.53755707
13.42728170
10.07963541
8.08658688
18.31787234
7.15112367
6.86328125
0.01235199
5.81640625
9.17187500
6.49218750
0.00484085
13.78548094
7.22155419
6.85730385
3.92818207
20.82766734
4.26608266
7.32466644
8.99218750
9.38448028
9.38895722
0.45996094
16.47387633
13.10977837
4.09167885
13.53906250
2.66076660
6.42488586
5.91149933
0.19862760
0.07047640
15.08939606
8.97993988
0.87703430
4.75480164
11.76472961
11.94954344
3.12459165
12.93953679
10.60245789
27.68991470
8.31789780
2.70312500
10.78885085
11.95846298
5.84272164
1.57988641
3.50736481
7.90669769
0.02862549
3.26672208
7.93127161
5.42191932
7.22098847
3.74503601
1.36230469
1.84570312
1.53719055
2.74112976
13.95658356
1.61328125
6.97701019
3.65970856
25.98466736
1.63321836
12.61474734
1.41894531
10.50719748
0.54171182
7.39408356
0.11576355
8.58593750
3.18164062
1.71431488
6.01729278
0.18180390
12.93874447
0.49830784
1.21377636
9.86495899
3.80207752
4.16044658
3.85485871
4.12109375
9.20658356
3.16398133
3.25496399
11.00435394
2.35786957
13.52792358
1.68261719
11.87137412
13.00459995
2.75488530
12.89994293
4.50044769
0.24473053
9.43750000
1.30513519
13.11177084
4.42338541
2.88476562
10.07877438
2.67162899
0.22420600
0.01084900
0.04571533
5.13492766
9.57466644
7.07548066
16.78120941
3.41992188
9.74564606
3.30318207
7.31323242
10.76037567
3.10050476
4.71484375
10.38793883
0.03814760
1.51171875
6.65669769
6.12597656
19.81818634
1.36877410
7.92341977
0.22318699
0.33955902
5.20267731
13.24129211
0.18212922
0.41040039
8.45710993
17.45402039
0.43957115
4.31237870
5.36763519
6.19441711
1.44087738
15.34497008
4.47355164
1.49116911
12.77754544
2.90149268
2.52301918
9.22893395
1.58203125
7.21830231
0.60607879
5.86507203
0.98046875
2.19238281
1.23372313
1.83251829
3.13069703
0.29793460
3.42968750
0.03274536
0.43290191
1.78267426
3.88822418
2.40205466
11.90047429
0.08952031
2.92492520
0.93843722
2.77823914
10.08007812
7.42578125
11.61266872
3.76692874
5.30725067
5.67155031
2.38822418
9.70312500
0.63326019
0.03068023
0.07387299
1.27929688
1.61914062
1.29980469
6.75414977
2.08471742
0.03332520
0.02441650
0.07462555
6.45357269
4.05468750
4.58092421
9.25891954
4.13228363
8.42187500
6.61718750
3.51367188
5.25390625
6.44051086
8.47721188
1.52746426
7.23596534
0.41092926
6.42622894
11.15523161
5.19396942
3.56681460
2.53805542
7.86673981
8.95747894
0.13769531
2.24491301
5.07047485
2.77461824
4.32991578
6.01127106
0.12166352
6.65429688
4.51953125
9.70658356
3.76997894
9.87494522
15.90279144
0.23681641
12.15517731
3.72718749
1.37520656
3.57267398
0.30135133
2.96980774
8.17712433
2.10201019
0.67679840
6.24955231
1.53702820
0.41475371
6.42211353
7.71692486
2.48722351
12.87237549
0.66263824
1.25919493
11.88806183
6.27657136
8.51908356
5.35591644
12.16451019
27.60803223
13.77694027
11.73107630
4.67326241
2.46512910
2.63085938
15.39408356
0.50087494
0.41796750
13.24283688
9.82441794
2.56128490
8.56704000
3.75390625
17.80284243
9.26580230
3.31070922
2.02417054
0.69677734
1.32560634
12.39738942
2.45035517
8.14629019
12.20507812
4.11889462
6.96508976
3.12440220
4.92991909
2.66752106
17.57889739
3.10241730
2.11885278
2.74524268
3.86568207
3.92533356
1.70161957
1.63281250
0.98974609
1.53410941
6.14290780
13.81917110
1.43152011
7.49051972
0.60111481
9.32466644
8.24564606
5.48091644
2.56205231
0.12679047
8.29422319
3.22206229
9.20312500
4.63739750
15.33245113
3.00552285
8.43104055
2.02693540
5.45131573
7.14107269
8.19185394
1.45043883
1.92163148
27.51334220
0.32357186
5.56888824
3.54048676
0.52738434
9.86718750
3.59179688
5.95703125
6.26729278
1.50431211
0.80452640
0.14088897
1.09358765
3.10644531
4.23046875
1.67187500
15.56160461
4.20397607
5.78739472
8.29536459
5.86817154
17.27180408
4.64514627
12.54264406
14.54264406
5.80513519
4.69698028
2.29280640
5.18013519
4.95729994
1.18844968
3.50044769
20.58178275
7.21411569
6.16113281
7.83935173
3.85941932
7.50267620
3.67220966
3.57214262
2.34130984
16.57443237
15.70275879
12.69877106
2.09973664
2.48828125
2.83007812
0.46171051
3.20908059
7.77419547
7.87654477
8.37975732
3.47160350
4.26997894
14.10916833
0.53731604
30.08084553
6.61011303
3.54538864
1.70878663
1.37366875
3.50008366
3.36446199
8.04829677
3.08886968
9.43314606
0.03148407
2.25781250
9.28816711
4.63473322
6.58588873
7.61852903
11.64331117
5.06909242
1.90722656
6.12756317
28.49295989
4.07043550
7.46740692
4.17793606
13.77457890
0.75626150
6.13041666
1.22753906
2.49275072
9.40275709
2.01562500
2.39843750
1.52697723
0.45719422
5.03999225
12.43221631
1.14221160
4.70862610
4.00870789
4.35847961
5.17849181
5.56849733
4.56640625
12.05468750
5.92130430
10.26485261
3.62048371
5.32377106
0.04411835
7.02254211
11.03125000
3.09358267
2.13700285
3.94547983
5.03771942
15.59529112
10.00858489
3.47518007
15.78629267
3.20007480
4.00492464
2.62980164
12.35412567
3.42248566
7.52298981
9.43981716
7.44030917
4.81986481
4.06127992
0.76505555
10.86523438
6.01908356
4.96093750
3.40865082
1.73863428
6.05159796
9.19380707
7.43705231
5.43021388
4.88664007
7.14213043
2.08666058
6.26339649
5.10156250
7.28816711
9.21529144
4.36405364
28.52075133
0.92403230
6.24877992
0.74898285
1.51570617
8.84229833
3.49453456
2.89794922
22.43041244
7.08948470
8.05188019
29.75000000
9.10990138
3.36922429
11.59899933
1.67654865
5.92306072
0.35913086
9.00345856
1.41430602
6.24922761
9.56160461
10.86360594
6.96179436
1.56640625
6.77583832
1.29597961
2.03991606
7.61820589
4.48828125
2.33398438
5.11283356
7.26607269
2.42537290
0.93790835
2.14233212
4.17065492
5.22802859
1.09375000
1.06693512
3.42358212
5.21508976
10.41060394
1.12011719
6.64160156
18.10156250
8.58593750
2.76367188
0.00855255
0.12853241
0.73197418
3.03275543
2.04972351
2.63952294
10.15495124
5.61201685
0.68530585
6.47443706
2.33806294
0.70751953
0.79052734
6.41796875
1.11685471
10.24227615
3.03897884
4.36832890
2.96411071
2.81135860
4.79807562
7.37544769
5.96875000
6.65580231
1.03365082
3.93024823
0.60686114
4.00362090
5.20613586
2.32320036
3.92167331
3.21724457
6.99417997
1.69047152
13.31852172
13.43827239
24.09957003
4.78906250
7.41015625
11.05635528
13.53446255
4.97949468
18.98876953
2.44877106
5.78169769
0.50292969
0.02807098
0.01063538
3.09956879
5.55391013
9.67851174
2.40580231
6.79117797
3.01005097
13.52485927
2.57865636
0.74369293
2.29290885
0.89263740
7.71407136
14.94892842
13.39738475
5.05603058
7.46830231
7.31026153
14.93899598
7.23437500
3.03298649
3.42795101
2.68070216
4.90002659
8.02087433
2.25471798
2.92737034
3.77314717
4.59599346
15.66881982
3.78821143
1.62890625
6.05517578
3.60742188
11.41993194
5.86246454
7.45438940
4.23848294
5.95682956
11.07287567
1.55948914
4.62890625
6.26607269
6.05570465
6.40181488
1.97070312
0.75248199
5.21138519
4.42187500
7.68269836
2.13773029
8.81848736
0.36971008
3.65669769
1.65002161
3.91487921
2.23700189
2.00127936
13.10156001
7.02636968
2.44095856
3.82661957
1.77832031
4.56595856
0.02797455
1.95136172
3.16802304
8.23339096
6.68848404
2.80716700
0.79634862
31.62843862
4.30515513
1.12597656
0.58880241
16.37369750
11.03645875
2.15189606
16.57282636
7.67566821
4.56640625
11.61181516
0.02404910
13.93916778
12.09208222
13.47806793
6.36673981
1.73233759
6.64798981
7.47782690
5.10636414
21.44482048
12.90661901
6.73059175
16.33764648
3.45703125
8.93570922
3.06852172
2.61100343
4.46980275
2.56641123
12.42277039
3.02539062
1.22318512
5.07987146
9.26823249
16.42700133
5.92923981
6.03438386
9.03816711
11.33247894
3.69212933
1.51534962
4.64219416
1.48475897
5.26928711
1.66503906
11.79931516
7.60905031
10.89241578
5.51562500
5.80078125
3.55273438
1.03373199
7.48973737
4.58224290
1.68823304
7.57222442
5.66975953
10.11381012
7.88175476
7.57031250
2.56791168
1.21138519
0.96630859
9.62686198
3.74911458
9.52376219
3.05240968
11.85811060
9.80778202
2.85514406
4.26438713
5.45944383
1.84135043
3.84643617
6.88850953
2.67622894
8.12650045
2.64303080
5.08984375
18.12018839
5.18405141
5.22310394
11.84720856
1.13911957
2.69486481
6.90530396
1.55025238
3.05078125
7.87694814
2.38041666
17.37349457
2.23632812
11.09570312
10.04597961
5.65844540
2.97876163
13.57933807
2.67277039
0.90722656
7.62413897
0.69332502
6.36586756
10.48895502
3.81610150
0.16715484
12.17388344
3.23884447
6.55029920
14.30558289
7.74340758
13.29850281
7.55692597
19.37508117
5.48169952
4.32303303
8.52763408
11.55904167
4.29230940
4.18783466
0.75781250
17.51151333
35.48014406
15.14652372
6.63692417
1.78641816
21.87744141
21.25394061
13.12830119
2.08426972
6.25765015
8.08209996
5.26165004
3.73632812
7.17552527
7.31816766
17.07795767
7.22349735
8.00233709
16.04866578
5.46484375
9.50976562
15.37487700
15.82323004
7.36532801
7.08369903
5.09521609
15.73709553
1.49727947
7.48070728
1.43343639
14.90563996
12.66048094
5.07389406
2.69262633
6.58772828
1.31978363
11.15937109
10.10177454
3.47139683
22.92004239
0.55456699
16.97049646
1.95528479
11.66952535
4.07182291
3.38476562
2.70316434
20.35368811
13.08813165
6.15495124
13.17756206
3.42790669
11.04116800
0.98226950
6.03470856
8.33825466
15.96325466
10.86601174
4.73482269
0.84126801
10.88627106
5.93419881
2.68538951
15.44314274
4.52381648
9.73527039
9.39485594
2.71150820
0.14701324
2.63993130
36.88350620
16.32785905
4.12917220
1.35713653
8.87097199
3.58142121
0.37866211
7.91230608
0.91687666
7.95467070
2.35469636
0.74609375
6.01505305
13.44173406
2.00781250
7.79304743
10.85246038
2.88476562
38.90039062
9.67443817
10.75435394
1.53898133
0.44311523
15.23476840
3.50741910
12.69963011
1.70633755
8.44718196
12.06030585
1.30155613
4.41361481
0.07222504
8.77480497
6.76771608
6.73482269
2.17609877
6.30119459
4.48327792
23.64554715
7.29264406
1.63895722
16.38029180
6.03370013
0.50195312
6.54596964
0.75774130
16.56148161
4.16898714
15.21215164
0.33931488
12.06509752
1.64193373
7.55318207
0.88635223
2.72595246
8.64216977
1.16402316
0.08278412
22.07890289
1.88809744
15.62203471
6.53080231
2.56445312
1.11816406
7.37801086
0.13745148
4.18859708
3.93640292
13.56250000
4.82464651
8.29075021
4.34899933
4.47448010
10.10502106
4.41303912
5.20264295
4.79988586
6.73555294
11.04752438
4.52873116
17.59635375
8.77103668
0.40677949
9.47566711
0.13789887
12.72643950
9.30916445
0.02604675
4.99653895
29.11185948
3.93407580
21.19278369
11.78976617
3.10579344
15.88728945
36.99910461
6.34313747
7.30237034
11.14933289
2.53755707
2.02539062
0.80057396
8.07100807
5.64754211
1.35441101
10.26908356
10.38627106
3.34810394
4.86795989
0.05570558
4.65970856
8.04146332
3.75976562
0.71728516
9.99926727
1.78757074
9.88139073
1.64424590
11.12129793
2.98978668
0.14135742
7.09358215
6.13326019
16.12027704
22.33899019
2.12812140
2.80083554
1.12207031
9.83911071
5.46858267
0.67029338
11.04102569
10.41786652
6.61027039
3.93164062
13.38966826
0.51688691
3.71646720
2.80306405
0.47631836
10.66015625
4.27555297
5.84029144
16.21131378
23.73375998
4.04928080
3.86914062
0.80570465
5.72846632
6.39111827
5.85026374
3.12544769
13.28560394
12.80545989
5.35905031
14.28177638
1.20955507
1.23763187
6.54296875
8.12304688
4.37890625
7.09676086
1.57368988
9.11925865
15.02176972
3.79691932
5.71781278
33.76082336
2.92814273
12.36283356
6.90331782
4.44914007
9.41483489
2.93391844
5.25280917
0.36206055
14.19982879
6.10746122
11.40482312
11.55147495
8.78572695
4.65100067
10.53649933
4.57076019
0.52148438
1.34187805
0.86519379
4.12276153
3.52417054
22.63125776
12.73592974
4.72086547
3.48571808
11.04296875
6.60591644
3.81835938
2.31250000
7.41568595
2.46517342
4.35937500
16.29150266
22.10188719
11.58421543
2.13522827
1.66646332
0.40922027
0.02487183
4.73831934
5.46822362
4.91841644
5.46943374
4.67855607
4.18225067
4.76350953
5.12109375
0.96284879
1.18461214
2.45463043
5.72241024
14.50801419
7.29647163
3.19090426
2.97360593
6.06099457
11.60066711
1.94425476
10.91434287
0.76294381
43.44921875
6.86177582
2.75390625
2.99218750
3.77929688
2.35093128
9.14377880
7.40909851
4.31250000
8.27343750
16.75890958
12.69197695
6.29341644
15.48359265
2.94235095
4.22188386
11.47777261
1.29415946
2.26562500
7.22363281
7.60981273
3.12802083
7.24865692
2.29235871
9.79727837
1.48734901
19.32380541
11.57809064
12.12759752
14.23189052
11.38225177
1.53116883
2.43980719
2.82191156
5.08203125
12.05635528
3.13654644
2.36764516
11.46439606
4.73852477
1.90608765
1.33097351
3.61763519
4.67053192
1.35441101
8.15881317
22.02269615
10.42611092
4.23091644
2.34375000
13.72566711
2.86222351
7.92309508
13.20926972
14.09023715
9.21009640
3.49112976
0.00392151
1.42333984
9.01383422
9.02087433
47.01460661
1.63330203
5.00646942
1.69034851
3.35351562
11.68570922
4.03214539
15.56416778
0.37471590
8.80904144
2.67594360
12.50000000
11.85314163
1.58150986
2.87137910
19.38977728
4.00496897
1.58398438
12.67018478
2.53873489
7.41009751
18.60533578
1.62614638
20.97134877
3.78068927
3.94274933
1.08931488
6.57767731
22.54536957
5.12456237
1.34650800
6.52588763
2.37784851
23.63054423
7.33537677
15.17724734
3.12281799
1.78959137
19.03727172
8.29943817
0.86979250
3.06595856
13.42232269
17.88914894
30.49443594
7.36531555
5.20357269
3.60860261
3.37890625
12.19966644
12.84171539
15.70178192
11.01696808
2.91422485
4.74942930
16.49487367
4.35815492
6.03747341
1.91308843
1.16324828
0.04327424
5.20027150
19.02025931
7.71615248
7.25862921
0.58113586
21.04252106
16.31920919
9.46411569
7.58125886
5.28591888
1.70821697
7.72656250
14.45210661
6.61002438
18.09472981
3.30498894
7.30358046
3.97393062
2.21390777
32.55957031
8.03560394
1.46128845
17.13448028
11.78995789
3.21813996
4.61762523
9.85307790
1.22770141
12.81429078
2.63370466
2.85854387
0.02815247
0.67614653
5.65421321
5.31937911
10.66060394
5.10746122
7.96976839
0.98828000
6.60392398
51.76155142
12.25712534
3.52676807
2.25143709
9.43583222
8.27461824
5.05078125
2.99263519
14.80635528
11.97835328
7.89453125
5.86718750
6.71093750
13.85982269
10.34631317
5.33337433
11.66406250
8.44954344
8.08683289
1.48608461
2.79296875
9.36681849
5.79289007
15.93750000
1.10297928
3.16699966
24.39408356
2.27734375
0.19380645
2.88745179
7.75000000
0.99022814
2.97022107
17.69506151
12.38802748
19.73002106
3.10188470
4.27303413
5.98726410
5.83939606
9.95312500
5.44576019
0.12207031
5.42578125
10.36718750
10.50846188
0.92175449
2.00826019
9.60066711
0.08768738
14.75043773
9.32890735
4.93603391
3.91044160
3.27417054
1.87333222
1.43973598
3.70080784
34.28417969
3.45117188
1.33992492
3.37939204
4.36307956
7.35457336
1.52400820
46.41451019
11.14408356
7.76082336
3.39611536
8.09501440
1.51171875
2.91015625
11.52689606
4.89147856
7.69063386
5.11283356
2.60804290
8.25317819
4.37455231
1.18546570
7.47656250
2.43705231
0.56441254
12.52571532
15.68424562
3.07767731
16.71804633
1.23357324
8.76037567
4.85681183
0.31640625
1.62821348
0.02254211
5.99173981
19.70389739
1.34822695
1.69335938
7.80098294
9.73807956
7.60156250
11.95812334
4.47742353
0.01296234
3.78759766
6.75244141
13.11718750
10.59992908
1.53093029
14.47477172
4.98091644
4.18884308
6.22086547
0.26155640
17.49613309
19.95670656
12.30647828
0.16174316
9.82466644
9.60644282
3.99902593
7.59676086
2.71773161
6.37980164
10.69000887
9.14499390
1.32279449
7.75826019
4.39062500
0.19970547
2.22111148
6.03560394
16.44685852
17.62093016
4.61385195
13.49495941
1.02506344
8.32477948
9.02568594
2.04777039
1.69472748
8.43249169
3.09920600
2.86478668
4.22920435
5.23661597
4.62276153
0.43042054
0.06833893
1.26688442
7.34045254
4.16654698
0.62353640
5.33203125
11.01541833
16.81046321
1.23857158
14.31506317
0.38566101
10.47440271
3.59338597
2.87601839
7.63582336
2.89737976
4.02600067
2.73677582
1.96573914
10.52075133
0.46752992
8.93017149
5.97501773
1.97998171
11.11975067
0.78894074
1.32938037
7.91569592
1.04874695
5.63627106
4.74218750
3.73889129
1.33284547
16.80782318
3.28861481
9.95312500
0.40730618
0.10937687
1.94482422
7.07421875
5.09765625
8.45658356
2.50345856
10.20312500
1.03898133
10.90156763
9.06453679
2.03047761
2.24609375
12.96325590
2.39571199
10.96183289
0.08036285
2.26769801
8.79366245
3.46618683
13.33670989
11.62935394
6.63716644
1.62731965
1.24210633
5.79124668
7.88453457
2.76517731
2.61763519
7.86673981
8.03125000
9.39912124
1.15015458
12.90364251
14.79545323
5.75402925
5.88537567
9.05635528
10.20235261
0.29048676
0.58687223
2.75492464
11.88191711
6.20402039
9.66739805
12.07698547
16.81941711
19.92801972
8.62076906
18.17622894
8.47477172
8.51306183
1.01216644
7.84362700
5.37422761
5.82531583
4.26932956
1.45117188
6.89965758
4.65645169
8.79187167
4.49930131
5.76034131
2.89811281
13.25598238
0.12756348
3.17578125
10.05276748
2.28764572
6.38370789
2.17968750
0.20959473
2.73297762
1.73381925
9.89843750
2.93074524
0.55468750
4.10201019
9.23347712
3.85193151
12.21695922
15.77811614
12.74922761
1.71272828
6.04687500
6.48828125
1.19531250
14.63923759
7.69311835
4.67366578
8.02779144
2.68298371
2.00976562
10.63578153
7.16329011
2.48901429
20.59330231
15.37251801
0.07988051
8.47054078
3.34443872
11.02905585
1.68599208
5.36051640
1.08585633
1.14550781
4.71529144
17.81330674
7.62752881
21.27742118
13.84131358
8.62141844
12.65592531
3.64408356
2.31725732
3.67208198
4.10070645
3.63712710
1.56392426
11.05642399
0.56174008
8.32071089
8.79016954
16.25613974
4.37907358
12.54687500
0.77648895
10.04890930
4.65580231
6.06518617
0.14990234
3.02343750
12.58792000
1.13083000
0.25366211
5.25329372
4.56799534
13.77254211
19.49084442
9.85233489
3.10994570
0.24108887
1.35148133
3.19339872
0.64790988
11.26562500
7.05379211
1.25577820
1.33451324
16.31050629
2.94441711
3.09029144
14.67443817
1.09952820
0.90568055
5.10156250
7.74173981
9.46093750
10.50826019
15.79179744
4.55195256
20.00528618
3.04842475
16.67471853
1.65792276
13.65173371
9.11523438
4.68314606
10.09029144
3.43750000
1.36869293
12.25231716
5.84285710
2.43945312
13.35412567
13.27172665
2.32926640
6.68404144
0.64160156
11.67700133
13.55115471
0.62616632
6.55583388
5.34676086
4.57857269
12.71695922
4.61771388
10.19657690
3.34134046
9.27364915
13.93043995
2.55271497
2.94966644
4.48456173
8.31817264
1.62988281
4.28657303
5.59729720
13.03983489
13.07389406
0.99947113
11.67341977
2.89644503
5.48726286
19.25012300
11.52087433
10.32877438
3.32267398
5.53548094
4.04744570
3.73379433
2.80526817
9.07987146
6.97693151
8.28035461
5.28694703
4.87410461
4.43884308
16.29687500
12.18265404
11.43809509
2.65224068
6.19396942
2.86356660
1.41275190
5.38212876
5.80904144
13.05647828
3.29447418
26.36275238
2.47070312
8.11014739
9.60591644
0.85717836
23.35107422
10.53906250
3.35111481
3.36958832
14.01976729
0.96949052
19.41706339
7.26439199
3.52784574
5.46887300
13.86706450
0.59574496
17.16551862
5.84229388
2.62259918
6.44851508
1.40064660
3.55558289
5.74568041
3.90666334
1.47656250
6.64371703
12.80085993
1.34155585
4.62500000
6.75792750
14.33818594
1.59863281
4.54508422
3.91390015
1.76074219
0.46630859
16.65681366
4.62089206
11.87935394
0.05966187
1.69042969
8.23176751
5.71235927
3.75855053
0.60103363
6.95300200
10.68741135
8.56271165
0.07944732
12.13573970
14.44388824
2.95845800
8.35937500
1.24751801
12.43570922
7.99185284
1.88510028
7.89632203
1.24218750
0.01577759
1.05957031
8.17354278
4.72845635
8.75061502
1.98947321
9.12959995
2.66044160
1.47753906
1.42382812
12.15350342
13.07108489
1.71700105
2.11283356
17.14981993
8.02998560
2.40462655
5.37064606
6.86368462
8.57682624
12.31839872
2.79577792
1.30566406
1.93855774
3.21228058
1.66503906
10.28600732
2.94250831
17.92187500
10.55033356
8.33247894
0.04653931
4.12890625
2.41601562
4.52503852
3.22308953
9.51562500
9.93058289
12.05802305
0.89758394
7.25256317
10.65245679
3.63449024
9.94954344
7.58009753
11.99334884
9.36910004
8.24670005
5.57291999
6.66284242
3.69966644
9.82767731
8.13281250
15.87219083
9.15905917
1.61328125
8.87308622
0.23429507
7.32995014
2.43132092
15.86372894
0.21379761
7.61539672
7.41565159
7.76114805
12.96451906
3.33462877
2.40605330
15.47310394
8.34029144
3.58789062
6.20181627
2.07748060
7.24295989
3.70991911
10.37500000
0.98559757
10.20587988
9.13005762
14.07875061
14.70133422
8.11808289
3.05370845
6.37492132
11.94648826
0.85091561
7.92317376
0.11271055
6.36385195
5.54443359
15.86010742
2.21093750
16.72643950
7.08951906
16.02647835
12.88326019
15.45406098
14.80725067
8.24373227
2.08573581
5.95121246
7.40783691
14.09029144
7.72949219
2.40686004
11.76652039
3.06896942
0.64192750
1.79015708
9.07169991
1.02486176
6.28836880
6.63818484
12.36987367
5.85676751
1.88301917
10.35636414
1.50585938
6.86002438
0.17732914
9.02473501
6.50753213
11.67793108
1.34745955
2.22505707
4.77819482
0.72180518
11.78196809
4.36646941
0.62841797
8.09069482
8.65618574
4.82343195
5.22131317
1.36909661
14.81173011
7.09330231
19.34989472
3.55033356
9.80468750
5.58447266
13.58180756
11.22900266
8.34081782
10.07938940
2.01281333
8.72121515
0.94531250
12.11811725
15.81895520
9.69184896
12.51892619
12.90673704
1.81599914
6.41207003
7.83247894
4.91707336
10.69083680
2.11523438
3.76757812
6.78035461
0.49943055
2.38476562
9.77766844
0.27323457
6.25915558
5.78861481
5.50337738
6.42533356
14.65523161
9.89383755
2.56616522
4.83088985
2.66911015
12.25976562
2.04101562
2.75240082
9.93200466
2.06994847
9.71044548
3.57621620
6.80277372
1.94482546
10.60937500
6.90881317
4.90677638
2.03251440
10.27254211
4.27087433
5.47830896
9.71309729
4.91406250
8.58068817
13.35306731
7.72054078
15.66601064
8.81478280
2.55509585
13.87694814
7.84961436
4.47656250
9.03035461
5.19775266
3.61234652
7.09691822
0.63001080
2.62890625
13.77485927
10.92635195
3.78291778
8.52714206
2.84061614
6.87032136
8.09452239
8.58670989
1.25085605
0.39453125
4.71394836
13.86156915
6.42268174
2.48031637
3.24670379
1.93073713
6.21595079
9.57287567
0.10428926
2.11621094
3.00000000
13.17879211
11.83247894
13.00435394
0.42431641
14.28528839
3.24068207
14.40970856
16.81901000
11.84749390
0.97596115
2.51562500
10.76037567
12.42736785
2.88521332
2.51786347
4.31205231
0.93062348
2.67187500
8.50882965
1.63140244
1.61425781
9.87577239
7.63159242
1.06490082
2.46484375
8.04943817
2.18993653
10.25121011
6.85470633
12.36132812
1.38537567
0.22819169
7.19140625
11.66903687
7.61612478
5.38733377
7.20129395
4.65311614
10.35514406
1.83398438
8.58068817
11.56762633
5.32885057
4.70711990
8.13460328
15.31909180
8.55814606
13.92277039
1.35351562
7.19140625
13.72912567
0.68322723
3.32450410
8.10937500
7.75345856
0.39937348
3.06099457
0.88281250
0.02026367
5.67923981
13.21004211
6.83548981
0.05733277
5.21337268
8.29761303
9.42614030
1.20545212
9.14843750
4.27734375
0.01997375
4.80423981
6.38472504
0.44628906
7.86283356
0.14497894
4.87064606
2.75390625
7.65279144
2.98978668
0.91662317
0.16341437
1.53125000
4.83076685
1.96610815
1.51171875
11.88423053
13.59041850
4.54130097
6.72399933
7.52734375
8.50166778
0.13265047
13.23852321
6.38952792
1.67325119
0.23910294
1.67187500
9.53381317
3.56909211
1.16015625
5.42533356
0.28706879
9.76472961
5.03995789
19.71984863
10.28677970
13.67552071
1.11440552
0.36376953
5.10367797
4.90022828
9.82979278
0.67753144
6.59285461
2.64737976
7.23783356
0.05877686
1.48535156
11.43525156
13.95537344
6.07466644
8.54060727
4.83048648
3.25663176
3.66329011
11.94531250
7.36718750
0.59619141
5.05078125
10.97265625
6.11283356
8.84375000
12.67959885
0.39071365
9.50435394
1.51855469
5.96048981
6.24955231
5.02388519
8.70943207
3.73347961
1.63663758
9.94095856
1.57076019
2.13867188
3.62695312
0.08479797
0.03715027
12.89318817
7.89171958
3.33866799
14.05228668
15.49987700
13.35798759
6.30786569
1.98225953
1.88663758
5.74340758
0.17517152
4.55468750
7.11930297
12.82812500
4.96272828
7.68750000
10.19185394
0.10681152
2.64798981
5.45703125
0.41743926
14.89843750
5.26562500
13.29130097
8.67427582
2.92142731
0.13527404
0.39123442
1.16259890
0.02285767
7.83085051
4.30391511
14.25768950
7.42020722
1.61409547
8.53177638
0.63521581
9.51513298
2.41561225
17.20389739
11.43916778
7.81697695
6.57556183
1.77770653
11.87805518
4.07246731
5.37524601
14.13012633
5.36596742
2.32633422
4.16585328
3.99006206
3.41964649
3.20747894
11.36091977
14.24515404
8.59297761
2.87126108
13.91752106
2.11633145
0.87292636
1.53853363
5.79296875
1.59430752
5.83964206
19.70018285
4.34758754
3.19775391
2.99218750
5.21337766
19.51269531
1.60758422
1.44030917
10.63191711
6.37365692
14.61417166
2.20837932
7.65279144
0.43627930
2.66752106
6.68916778
7.13960661
0.30228855
6.49084442
6.04876885
6.98593971
5.07600953
0.35375977
9.48347961
0.01337708
8.28783993
11.69954344
1.48384862
0.89400238
6.43652344
1.73543274
3.35636414
16.76255279
0.30521512
15.98974734
10.21529144
2.31490082
3.68509918
15.13448028
4.13570036
6.16572903
5.79993018
17.30415863
3.70267731
11.49274823
7.76160571
0.12902832
0.36820309
9.51497562
16.35937500
9.21093750
0.03604126
6.13883422
17.49743683
12.98128266
15.40625000
0.22965484
1.86266872
0.63680241
1.52734375
4.11209054
6.83908133
0.66113281
11.03869349
0.55387640
0.35449219
9.76997894
0.17850738
0.05135102
11.28792110
7.29886996
4.53348847
9.48453236
13.04906915
8.72946032
11.44136566
5.96093750
1.87695312
10.12845856
12.24797763
5.50583000
0.18999944
2.17142731
2.40977841
6.95984042
9.42008422
12.54317044
1.81124058
13.05521388
13.80326573
4.16194703
9.45658356
7.00386193
19.57861702
1.12011719
8.20072418
6.00528369
13.80798869
5.83426972
2.17427582
13.69531250
1.96822113
19.54508422
8.15396969
6.68428745
2.05753601
16.73953569
0.27678053
10.74833222
3.07966977
1.46773410
13.18941254
9.41605621
3.54101562
3.10591644
3.86645446
-0.02358946
5.88745117
11.77689606
1.86275238
12.00170898
10.77254211
7.82320036
3.21187472
0.40022766
7.75410794
10.47334995
0.65576172
6.62019836
8.13842587
4.06754765
7.31538786
12.23488985
15.38679743
0.02604437
3.11816157
0.24463140
14.05271942
6.61915558
1.18847656
13.31644559
2.02099734
14.44734711
4.89843750
0.59472656
3.41148937
3.15703235
6.25960328
2.66796875
1.78210356
15.49487367
2.88175476
8.18481383
1.19551668
13.74946864
8.05672429
19.62935394
4.11718750
2.67923981
13.26472961
0.37536652
2.17382812
4.65625000
3.89159409
18.43519281
8.50224844
0.66841644
4.90625000
0.01546478
15.35156250
8.55379211
8.43404144
5.43989833
3.20125554
3.21529144
8.77689606
8.85591644
15.68369537
1.35148133
14.79508422
4.86005874
3.32097185
0.39449066
11.81630763
3.08424534
2.84704621
8.71529144
1.40136719
1.15132536
0.63138949
12.28076172
6.92578125
5.50992797
11.51997894
0.87772551
0.86287539
5.90478391
5.10302859
10.55379211
0.38981141
2.28035461
13.21093750
2.01310118
0.42891511
14.56054688
6.61795989
10.55391511
3.84012910
3.35294493
0.61434023
6.96004211
1.91166168
5.33683289
4.56896942
6.57730829
5.04948249
10.56250000
8.17187500
0.27795379
0.18731721
9.01908356
4.82857269
7.26818817
0.01422150
0.73486328
8.43127410
8.50089539
6.93750000
0.86537689
1.68945312
17.06941711
1.87394226
0.32324219
7.50500333
6.65079898
9.42622894
4.12890625
3.12410461
5.17399047
2.64526429
0.21008301
6.52162678
0.86765513
15.68090758
4.53483156
6.02400727
16.39453125
17.88012633
5.63281250
1.48173066
8.19185394
10.11079677
5.23331228
12.82731826
16.32633422
0.28283723
7.11104278
1.60176668
0.83837891
5.83805297
12.81982048
4.99178413
4.67789672
7.18929078
3.04927582
16.82991578
6.29177519
10.86340425
9.69787567
3.33683289
0.09454346
5.02294548
12.44490913
8.76070160
2.21109985
5.72684785
6.66796875
5.58939606
8.62450798
-0.06522239
16.24654144
5.31986481
1.50585938
4.19486481
7.53906250
1.01652039
8.65075466
1.92785863
7.23828125
5.36328125
4.67923981
10.46919769
3.33398438
9.18354943
13.88086187
3.84867464
8.89017731
4.35201019
2.71289062
3.78022164
3.84087211
13.47631649
0.33081242
16.86396997
3.26839483
9.12154144
3.70898438
15.41210938
10.51562500
7.83421867
1.46777344
0.06341584
6.00878906
5.30423981
16.64892454
30.26907857
16.31974928
4.23347961
1.08247894
6.71138519
0.61039215
2.04968168
13.24160683
7.39775127
5.12931959
13.15620941
8.65535461
18.24556488
5.76953125
3.13326019
5.70703125
11.44877106
16.44151929
6.62879321
13.62577239
9.73014406
10.92285156
5.61629211
4.44140625
9.95914672
0.46419250
4.30782136
0.09755463
10.68114861
7.15629432
4.95747894
14.05814606
5.17040891
5.21630984
6.00044769
1.25610289
2.11104153
15.12398161
7.30338874
8.19787567
1.12333222
3.74564606
5.46529144
0.22741699
0.10821502
6.13057403
5.52221742
12.18404144
0.78706879
10.99222186
7.26037567
3.97787123
3.03515625
17.38395141
14.59089899
9.07593085
17.90384918
16.15881317
1.39925172
11.04687500
8.30519394
1.39793106
10.10066711
5.88761414
2.32031250
2.25077301
12.48477837
1.68363807
4.81640625
10.22954274
4.92171764
1.80716949
11.74218750
2.59765625
0.59224457
19.76338154
12.58772828
5.06881205
19.95267731
12.03316223
6.61889462
6.67948581
15.43147828
7.20469284
5.95222961
1.17081726
0.69384766
8.19441711
14.51652039
5.35937500
9.51908356
2.96044548
0.28808968
2.31823637
0.42488711
7.80459885
7.81258865
0.90722656
8.36899270
1.41482047
6.36433774
