0.11271055
17.28963320
11.48002106
7.70805305
10.09029144
1.13574219
8.11718750
0.96527100
3.93171931
1.01021581
0.58101410
9.46594083
3.61759585
8.37320922
8.30301972
0.05868530
0.84960938
0.02285767
16.55884552
2.33654754
7.43404144
13.13981078
0.57299867
18.28084165
18.71849776
11.67745899
0.58589691
1.28027344
6.62019836
9.85847961
2.73030640
9.25691711
5.15714539
7.93668329
0.41801183
0.68106993
0.58093417
6.01472961
8.05814606
4.46280945
3.63822418
1.82609070
12.79252106
0.80660004
11.47509703
2.53784242
1.51171875
0.72220856
3.71411071
1.70723543
1.32617188
1.78620588
3.02995622
15.86706450
43.62101164
19.41687167
2.24654144
0.62011719
5.39017731
0.04762787
2.07617188
16.16752106
6.51845856
7.49329454
3.45565381
1.01936890
9.31941711
6.24263519
0.53767883
1.77530945
4.91015625
3.63849956
5.60804188
14.42968750
2.68257536
0.12394320
19.49975586
6.40138410
0.09470965
9.50831896
12.67175200
13.41213999
13.80962211
6.88652420
0.71735764
8.10066711
6.05904144
1.61763519
7.54597961
0.98649109
1.60660766
6.45312500
5.22790558
7.41796875
2.78125000
6.74433733
1.71509474
5.20377376
27.37359172
1.41455950
2.39241578
6.85355497
0.21350191
0.29060914
0.99804688
10.74342834
4.03862137
1.97292567
3.81609153
10.00000000
8.17533356
12.59171321
11.08174092
6.56572251
8.97375333
4.10758422
6.75850620
5.48046875
4.27990692
4.77655490
9.24910461
5.62935394
1.87544769
5.15926086
8.19425476
20.89965758
0.65063539
0.52985678
3.70329233
1.81783051
7.42329677
0.76322667
8.83068817
12.00747784
0.19894337
11.78727172
4.98347961
9.92701783
4.71484375
0.94457946
0.02288881
4.26171875
6.76814384
0.85543190
0.55952973
12.23783356
10.89062500
7.44966644
4.34375000
3.12304688
16.65554882
3.99386524
9.77510528
1.99015071
9.65226507
2.23482269
0.56347656
8.83939606
0.71093750
4.47521942
0.54439301
1.34118683
3.04597961
0.72892273
1.20365387
11.39298461
12.02815797
5.49609375
3.84960938
1.08113586
3.28019226
3.51021332
8.80456450
3.04626496
0.02952119
6.38883422
1.79813691
19.04329344
6.01745668
12.18827239
22.58189828
0.54668328
28.00585938
1.94283051
11.80080564
6.01905917
0.49189872
0.41638589
1.41015625
9.71878436
17.26559064
0.20874023
4.36621094
16.60656583
1.97652316
2.08683289
6.71132385
0.01337708
1.05078125
8.48844360
7.23921723
4.46964539
10.42175200
1.51082461
6.00747681
0.64510070
6.39497894
15.52810617
8.33704454
4.17435948
10.31160461
1.38521332
1.33638519
5.28454123
6.75797983
4.89107269
22.38627106
0.45902496
2.58007812
3.35636414
0.72961395
9.42008422
3.76831117
19.99124467
2.49125277
6.13053967
4.82421875
6.19921875
16.00000000
0.67427582
1.95015099
7.10160682
6.43074025
2.06567819
7.35860261
19.40987090
20.34069482
2.78459053
2.10546875
6.21740692
2.90022828
0.55078125
11.67968750
6.53592864
1.05696033
2.88745678
2.28092531
4.15189606
2.39933289
0.50439453
11.58593750
0.92476161
4.85795323
0.78812652
12.83414672
1.18603391
4.37825687
9.01744017
2.00363585
0.94669742
6.45178192
3.28080231
6.00223847
0.84130859
1.88671875
0.77539062
0.02612305
4.34375000
3.63476562
2.71211326
7.06132424
4.71679688
0.46679563
4.51709109
0.26879883
1.90917969
3.16166168
1.18794769
7.65978724
9.27038232
0.16406873
0.66914856
9.91060394
1.24287871
4.67065492
4.82031250
1.96537262
0.85298676
5.65625000
4.35668883
5.74877992
5.11885528
0.07560273
3.28515625
1.71289062
14.49271388
4.14937597
0.30834961
7.76729278
0.21000215
2.74804688
6.38358489
0.31954011
0.79589844
9.67443817
10.11238586
4.11897828
5.64453125
2.13236481
0.30826844
1.57774570
0.66879543
0.15885437
9.38627106
3.21138519
0.83182707
3.23555574
9.83593750
0.19234129
0.11429933
11.22789245
4.53173828
7.44624848
3.12588072
5.63671875
1.44726562
6.12109375
0.00791168
17.26000665
5.92972186
1.58566212
9.68639981
14.65279144
2.14644503
6.45410156
1.62748199
7.19403637
3.30273438
10.17008422
2.63415558
1.31880707
7.81070922
5.28613219
9.67190936
3.86772384
0.21829224
7.23002106
8.85323028
9.95581117
0.99804688
2.36523438
1.77343750
4.70466977
14.11311392
13.13879986
1.37499065
4.11495899
0.83496094
5.07767731
2.89107269
2.19681793
2.15035004
5.14843750
12.70613586
13.71919769
3.90865082
6.44531250
5.03864916
1.89689771
5.19531250
0.58056641
11.16752106
3.04402649
0.50524933
7.69095856
3.24414062
4.90189606
0.25325500
0.10371949
0.13366699
3.82788086
3.75195312
6.85111481
16.43855774
5.76997894
6.38321961
19.02254211
8.95402039
12.12552638
4.68697362
2.57617188
11.40970856
0.32295746
0.49226556
8.06120124
3.86523438
4.05859375
4.28470856
1.85046293
6.85725953
5.76049867
21.05175781
8.43314606
3.47701019
11.39050200
1.59789229
7.55261635
2.61494903
4.59794658
0.20275879
1.20532227
4.39213043
10.51716977
19.55635528
10.42289339
5.30195701
2.40702737
10.07389406
4.35591644
3.89933040
4.35783023
6.05436281
3.36132812
3.66796875
1.62329039
4.52221742
13.71362305
4.68757868
0.87597905
7.37589539
0.01742554
6.39062500
9.14408356
0.15026855
13.73091644
1.03824828
8.09810394
15.73172817
17.82120789
2.64522495
5.54687500
3.47115082
7.16983821
7.61865359
13.12963431
3.78109264
1.06347656
15.43200466
6.69494847
3.89272302
13.21327459
15.08915005
2.63981327
12.82910156
11.22756096
0.85988197
7.44828277
1.76277649
3.45686890
12.74385528
1.88212129
0.82373047
2.51070036
8.55391511
0.75589996
0.04532930
0.92342102
1.17256631
1.28740469
2.29040558
8.35156250
6.85937500
2.09720856
2.42683899
5.32165558
5.70703125
4.91780578
6.69307403
1.13745179
1.74023438
13.65869016
25.36091977
5.33150487
4.42277039
8.48758755
3.87418329
0.35844401
5.16250091
23.36080414
1.90047180
2.92232269
11.00345856
2.07751496
7.07397274
4.26888187
6.17578125
2.81730164
3.92187500
15.93367243
6.62056737
13.55904144
0.89607727
2.03214539
6.40625000
8.21875000
0.33671051
0.00705475
1.10839844
8.33837891
16.35835661
6.06502382
1.73400848
9.85681183
0.01379914
1.89648438
16.31054688
2.14062500
11.23730469
5.00979001
0.13339815
8.38523272
2.19032911
0.37648498
6.60111481
6.60290558
1.49023438
1.87109375
15.72957842
13.83215363
13.58939606
1.11722684
1.42964816
12.88590204
3.82715093
0.34842988
2.14843750
20.64717359
8.06307070
1.43509918
1.21626801
14.03125000
0.06290711
2.91015625
6.28381317
0.13293488
1.98925781
14.68314606
13.05147246
6.64998227
13.93082890
24.17148605
13.62677138
11.26485261
4.13435727
10.91776706
2.50736481
8.08780696
12.14640071
3.01493628
7.15560062
0.67919922
8.28906250
0.18204742
1.13394268
0.67656360
1.07181793
2.29536957
1.29980469
8.21785461
9.82877438
8.64087101
0.15417480
14.23347961
7.12967864
0.60510347
0.27197266
6.82031250
1.25699081
0.95199232
2.49125277
10.09375000
4.25044769
10.48542775
9.01021830
0.46679688
5.65909353
4.50887522
0.95454926
10.77152372
1.90140902
2.86958832
9.49910461
7.44620789
3.82381195
5.24898161
1.06449496
3.44095856
9.47387633
2.02657136
2.83789062
5.83841825
5.48752671
5.12927526
4.01953125
5.48046875
4.39453125
0.29261095
1.39746343
1.93306488
4.25736481
8.09029144
0.08441131
2.47595246
0.62646484
1.51269531
0.01047516
9.92187500
0.95947266
0.23864746
1.66838620
3.70540282
7.01790606
4.21138519
12.42187500
12.82287567
0.11287445
0.11942566
4.39754211
0.75736481
3.73392731
2.58532746
4.42578125
9.00781250
1.59029144
7.31551086
4.83373338
3.56950576
12.07327904
3.80684729
0.43579164
6.34097518
4.82308732
16.82383977
0.87537898
13.87274170
4.60579344
5.83772828
5.80078125
6.09944703
3.51953125
13.26908356
15.23835993
1.39640569
1.81783051
10.62845856
0.16292297
7.02779144
12.14933289
10.47983597
1.24904587
6.84842864
3.66284242
10.50948028
3.38700410
0.61686156
0.07657930
3.46638852
1.36388755
2.22054576
4.43526215
7.21439606
3.32271332
3.88777649
0.04996766
0.41703277
11.09336105
1.44765458
2.00044769
10.18770169
18.77725199
2.39588430
3.50435394
12.36527372
3.15966921
9.34452239
3.78483156
5.88281250
13.61527372
4.42769503
0.10305205
5.83862367
6.10201019
2.55228668
5.76908356
0.03074158
10.24731383
15.93017454
2.36743351
17.64180076
3.04016456
3.82930574
2.84810394
13.33593750
12.57071587
12.63318151
1.87085023
15.40323852
4.58382203
1.72701019
11.04896370
6.63328458
1.49436225
11.87935394
18.81400543
5.14062500
0.65685879
2.43099124
1.69193512
1.17089844
1.64790863
13.34720856
3.78727172
0.49784394
8.80664062
5.37019338
2.03772440
7.20882203
9.11629211
3.65937390
11.65402149
6.84541778
2.77221742
4.04296875
3.04357879
10.88882012
1.94913758
1.31400543
5.89453125
0.88667816
2.22672485
3.35492017
1.22318512
1.07368988
1.56347656
1.90010528
11.74218750
7.55769836
1.37368722
0.42717614
2.37605774
5.65669769
9.72310394
10.46158688
0.87435062
5.58319704
3.75415849
1.89421154
8.18916778
14.72819093
14.10693359
1.86433899
11.95363030
4.49178413
6.68872008
11.04174867
0.60949676
0.12963898
10.56461578
4.02314218
7.01608266
3.84269226
2.58443207
3.80948914
5.49609375
0.22473145
2.72044091
1.06422705
7.87975732
0.84875831
3.96040178
8.71269392
4.17968750
11.05345745
1.95195423
0.02031464
16.96909872
3.68331338
14.81774933
13.99377161
1.70943456
2.54793274
5.16194703
4.26774047
16.29610230
19.49604693
16.62687935
2.53276540
2.26021332
14.47131317
0.08500184
16.51148023
1.57947307
12.06274134
1.30753851
3.60742188
4.28560394
8.46439606
15.33158356
0.09025086
13.35502106
1.62402344
15.46093750
9.02945922
0.26009156
16.66314717
7.47646068
0.08972168
0.39371215
3.44187439
1.51277649
4.98527039
7.48860594
3.41210938
3.61836824
5.57812500
6.63716644
5.81640625
0.02793884
5.18499059
2.52745234
12.90306455
14.03893950
1.09135167
3.48632812
9.93314606
4.01774047
5.74743683
2.77282746
2.75585938
8.43225067
0.26159699
1.22949219
15.02262079
15.60888796
1.48523105
9.23347961
3.39196808
0.74169922
6.92675532
20.45249004
6.29173425
3.92472351
6.87259918
4.63716644
10.80033356
14.25423094
4.41284242
14.90869016
4.37390292
2.92594360
0.44344117
4.44921875
11.76562500
6.21785461
5.20402039
13.61103281
3.58818594
0.13228332
12.41841644
2.55904144
18.22477172
8.80822951
5.19731493
3.99804688
7.47411985
36.59016844
8.40560062
5.39196808
11.05423981
1.62687195
13.94352172
6.68232935
0.03552589
47.61088043
3.70239196
2.31713929
6.18945312
1.97363281
1.41367096
10.71004211
4.13761414
13.03116135
1.66760970
10.58150238
6.35847961
22.76815102
6.71664450
0.19759530
17.10502106
5.87154144
13.42533356
1.86836762
2.01517731
18.27600067
8.26110684
2.39087101
1.71276762
5.45121122
8.23551640
7.24353058
3.48535156
8.15189606
3.14408356
6.51562500
19.63306422
2.71911901
11.30712766
6.12145280
3.65300310
3.18599457
10.77880517
2.78581061
21.62958999
2.67163896
9.96630859
4.12500000
2.67923981
2.95568817
3.04235871
4.28515625
3.29056793
7.77809620
4.16977947
0.42264863
1.28320312
8.48347961
5.44620789
4.87845856
16.74352062
12.88017564
11.79474956
16.32463458
7.74385528
2.32133089
16.42879211
14.96964539
12.24975399
3.48266788
9.92324247
3.02597628
1.95019531
11.15063165
6.44702460
17.18391844
7.86763519
7.72188386
4.21875000
0.15319824
12.79162567
1.66332322
1.34339095
3.47460938
5.18750000
0.35473633
6.13768970
9.74203014
15.47273493
19.35380097
1.65580480
5.23046875
6.04073028
19.17777372
5.33227726
0.04415894
2.27326768
5.09570811
4.88192727
4.48718417
14.82031250
8.23091644
0.68554688
3.27734375
0.59033203
0.20922852
6.28320312
8.71093750
10.29687500
0.59033203
8.29597961
3.25524684
2.18579288
12.75915558
0.96378601
1.67480469
10.75349291
2.84806959
5.08984375
14.06250000
0.87158203
0.10459381
4.19530502
12.92871841
0.61047332
1.48323609
7.09330231
6.33593750
23.42789672
8.14139739
3.43461214
0.90816254
15.23254465
13.54696365
1.73041998
3.46529144
6.52982574
10.86819655
1.74089372
4.73692820
10.64397177
3.49414062
2.25707946
6.16755541
4.67640460
3.86014739
15.12422761
3.58638519
10.39705009
5.48185616
6.24568290
2.70255928
9.66384638
3.24654394
14.29230940
6.05321144
3.63104166
3.82617188
15.25858489
7.96138519
6.70190492
3.56860289
12.05700715
5.06774933
4.89918995
7.36208111
0.71691863
1.71643098
9.44966644
0.27905273
11.88553801
4.16108475
2.78187471
15.25000000
0.35327148
4.62935394
17.83504211
11.42187500
1.20011414
0.24255371
1.32705543
4.42469414
1.69775391
27.58096978
4.23051307
10.41739805
8.29353945
7.66048094
3.14241578
5.35782654
9.20454677
5.76074468
0.43107055
0.61267121
3.44531250
6.07076019
0.99788079
0.20182624
4.17556960
4.05161080
0.36896386
9.78560394
2.52884918
0.75528868
3.51424257
12.53449690
8.37956560
9.00345856
2.56205231
0.61462433
3.95898438
1.71289062
7.19051086
0.03904236
0.45166016
6.14204801
7.31066988
14.24848959
24.40996234
5.86673981
2.04341644
9.98437500
4.71048981
5.84908051
5.64017731
2.73002106
19.43840981
27.81594414
7.18839165
7.39730108
2.76134974
4.39412788
0.04810577
0.20918762
4.55753601
2.26411957
0.04453003
0.68208832
3.42085785
12.97477172
0.36169465
7.12609708
2.85001773
13.73136414
11.00000000
1.88085938
1.60795074
2.63317155
2.07881870
2.98332225
1.13814301
0.06216400
1.56502133
1.25040835
3.65783411
3.06365253
9.94395383
0.57658521
5.76953125
13.32099624
10.54306046
6.98189301
8.97248892
6.53833444
4.09899933
10.79252106
12.20747894
11.84720856
1.02555172
11.36307956
0.87227075
3.89615968
6.44645390
8.41573028
14.06864472
8.92406915
11.75435394
8.84066046
1.22310394
10.94945479
2.26193040
2.88085938
1.77201324
3.01171875
10.91918883
8.53393617
4.69531250
9.09810394
12.33129821
27.22757783
11.71439606
0.94197570
12.07120789
6.01863586
8.35681183
0.91357422
10.56762633
7.35049978
4.58621787
2.10848958
11.10937500
0.98482269
7.54162567
16.09179189
2.02087932
0.07727051
5.06213099
0.13342566
2.12650543
5.65828430
4.50089539
3.06250000
3.72701019
8.11400931
1.53691018
1.48046875
9.41808926
3.00911624
8.94095856
1.94576019
0.81839996
6.50963764
6.09237256
3.49609375
7.90144836
1.61425781
15.82482879
25.11048383
10.84655917
5.95222961
3.89436890
9.30423981
10.31685394
0.30379211
9.39155475
0.97225537
8.21964539
0.24475098
4.08247894
3.21484375
0.00978088
7.69921875
0.22721344
9.65775543
4.78214539
0.17643219
7.14558899
5.73136414
8.20658356
11.72021664
5.78125000
2.56054688
11.18626995
6.85225620
12.48446365
0.08353668
1.38663758
23.72179651
10.27045103
5.09283022
16.50939163
17.45935837
14.84700500
7.91886414
7.00264434
23.74023038
7.93428745
3.01517731
10.33833832
8.08504211
5.98527039
5.02343750
0.88178819
0.32988142
6.02823914
3.39888519
5.51908356
4.04109680
2.96769226
12.80712766
6.93277704
10.00602172
1.38590952
6.28169769
3.62125610
7.55452515
11.68841522
4.83337433
0.50203367
5.29130097
17.81774933
1.49511719
8.92879211
11.64050200
6.71195589
0.30639648
3.42578125
0.12467406
0.06111695
0.03906250
1.99218252
2.01713541
4.89062500
5.82954926
5.88451681
6.39469858
2.77486176
8.34265106
7.71521027
13.21093750
5.64786680
2.93981217
5.50326066
3.63716644
17.37064606
3.87349457
13.57934508
8.61608046
5.93588153
6.99519836
2.29080896
13.45874335
1.45450493
4.41801307
3.53796293
2.31742464
5.90901485
3.68917027
2.67622894
11.59977172
2.06819703
0.10424805
5.78458555
1.36775820
3.30216368
2.99271637
6.85111481
6.14990359
5.19506649
1.17602726
5.82462212
1.49055907
0.14982491
6.38069703
5.56250000
9.71350067
2.66149933
0.43627930
1.51424133
12.61344422
26.12493896
6.76367188
14.18570922
9.59269226
7.89933289
1.91796875
5.50051641
19.51583665
19.60862326
8.74229921
12.63627106
8.18839539
2.02343750
9.47025543
22.13023780
8.17801972
2.22656250
9.70117188
6.65506428
13.31148846
16.29056793
2.12935394
4.16316711
2.31925476
1.79785156
3.51908356
8.55033356
8.93058289
2.65580231
22.86424856
3.70673647
10.15625000
2.09228516
5.11962891
12.61181516
1.88578402
0.62975918
4.82161624
6.61914062
5.53861481
3.92427582
14.95547651
24.95423204
7.77445340
7.40035128
7.25736481
2.15388852
2.38366855
9.05200133
0.94063386
24.32748437
6.21484375
8.37455231
5.66983821
0.95320866
1.19576019
6.04503990
2.27722573
7.64261747
2.17094950
6.07524711
3.12003601
11.84285461
6.65937390
4.31808399
2.29882812
1.73620605
0.86035156
4.69921875
3.31835938
0.28295898
16.92968750
11.02587766
5.12209657
5.87920655
1.00773133
5.16784575
0.07568453
17.43570922
0.99837250
9.02408688
6.68727818
16.87500000
5.61718750
6.10099273
6.78726175
0.39287344
2.60847961
16.28125000
10.00089539
0.00454712
10.54687500
0.23276764
9.68404144
3.64920989
1.77364168
3.98473903
2.86877659
2.51953125
13.12719415
0.68628241
1.43164062
8.64859985
9.34866468
18.33462961
6.25106272
0.93701172
8.49002771
6.73795905
11.37500000
4.61591313
15.33135250
2.84960938
10.22265625
6.94140625
11.44506649
3.52173038
1.90527344
9.01056738
4.46672318
1.32056100
1.73772674
12.69058954
2.47257508
4.23449468
6.38326019
2.04882812
6.52343750
2.42631012
5.45524047
6.34163453
1.35839844
7.72029477
0.24796321
3.24031804
6.03470856
7.39843750
20.80927749
7.06617021
1.58398438
13.74023438
3.81009918
2.17834442
8.00524933
7.71484375
15.19441711
0.58093293
5.30468750
5.44481923
2.60714151
1.61462433
3.66886414
15.37385860
15.25114140
8.94441711
1.08390320
2.57438110
19.88704344
18.10053943
1.13456892
5.17667664
6.76171875
4.68750000
18.26411459
4.40039561
7.15234375
16.50585938
15.95312500
0.70849609
7.71328901
0.82382036
1.24023438
11.57588247
18.33687721
2.49247285
2.25834168
5.44531250
17.98258422
0.40779664
3.62748199
3.84029144
2.98333106
10.75433953
8.66931183
5.78125000
0.37479645
22.58943041
0.23621260
1.07421875
10.06936282
2.22360593
5.75299092
3.18841533
8.17968750
8.65356383
7.51338653
2.29008089
2.68179923
4.04871010
15.20096521
12.03405917
14.23502438
2.55338874
22.17622894
4.47265625
5.75211547
3.20296265
0.38330078
3.94195902
8.53470856
13.34720856
7.84220398
11.53906250
7.12845856
17.50040337
16.34709022
11.42923981
3.27388519
3.15820312
4.51562500
21.90490723
2.00638824
2.13521332
8.78816711
9.23136414
8.09631317
7.57511414
9.52241911
12.14591243
14.00309577
3.03230774
15.68725399
15.88830784
4.67585993
4.35193151
6.01953125
9.10993573
27.19699914
8.33670099
21.32919217
10.10674312
4.11574135
0.90087891
16.71699856
8.15124667
3.62605774
6.58984375
1.98421265
4.52689606
14.49259087
13.39652870
3.86869293
0.24340820
3.73632812
8.63012633
1.67382812
1.51155640
1.16691101
17.97591063
1.47961519
1.90580231
5.12154144
0.01087952
8.22040781
13.19756094
1.09298558
0.27275376
11.64443263
6.18811502
2.77939051
10.42622894
2.09659851
3.10306793
12.05024491
4.45410904
4.57031250
0.14707365
1.14082918
8.28470856
3.03560394
5.53861481
3.32643978
3.76092198
2.38085938
4.97220856
12.76304190
1.68812998
9.84375000
1.49369293
5.84029144
1.91219055
1.23864777
2.40189606
1.79658591
9.49255651
2.09432070
20.01794216
5.18912345
3.04354443
4.91329011
13.49218750
3.39497894
11.90189606
0.08662934
6.76774047
5.87980164
2.91197623
0.38723931
4.96175421
3.32991578
5.11328125
0.10424742
2.23901429
0.66072570
8.17796543
2.63888851
11.66307846
2.55888408
0.15596714
10.49360927
2.09593293
2.87888186
13.66230608
1.20711990
1.75248199
9.93314606
15.85566919
6.79769171
7.66841644
4.33683289
5.82767731
6.18794769
9.47912567
12.58377350
0.04131073
1.32324219
6.22611481
0.21028656
2.07963043
11.84964872
1.41207003
13.52343750
1.96287318
-0.97996302
5.93314606
7.57031250
0.32902039
3.34960938
4.98002106
3.72310394
11.29230940
7.07194343
13.44938608
0.56722047
6.68269836
5.11014739
0.17883394
3.74804688
0.00359726
1.02221680
12.06941711
12.87898493
5.66744237
1.78507508
10.05635528
3.27209442
2.06022218
8.02343750
8.70788232
11.29468085
14.91023493
6.06767065
13.57613129
9.92567266
5.29262964
6.95391180
14.86355218
3.58052582
3.04793274
6.71573914
10.16528258
20.40804078
3.81209165
2.56860538
4.74739251
13.35795323
12.05647828
3.97098847
9.32865138
3.63814550
2.77494293
5.36502771
7.08419104
20.18216202
14.77905585
10.28649933
6.22538674
2.05273438
7.55594194
10.68423316
12.21460771
8.12846852
7.12935394
16.03637633
8.26574800
3.47355164
0.06691955
0.14351441
0.14367676
6.94832336
9.78560394
7.83984375
2.67553524
11.43444980
7.04431183
12.81595856
19.83683289
6.16015625
8.42443817
2.83142121
16.25195312
12.58939606
2.04524657
5.89331117
6.92687833
5.50971632
7.52568594
1.60937500
12.36095413
3.09412400
12.76940825
8.92395113
6.37845856
0.10652680
0.48679732
8.87036569
0.91939301
7.71093750
0.94811794
4.43143396
7.10531139
0.95800781
0.12609863
3.00602172
1.78063996
7.35546875
1.30220551
0.75000000
1.90917969
1.53959137
8.35323028
3.23978668
3.19258699
11.43314606
6.18314606
4.11629211
0.10080994
8.19185394
1.93310173
5.47314827
11.48950714
1.54894615
4.91544991
2.14497894
8.91902649
4.71288564
5.89347850
5.61771637
2.62845856
2.41707336
3.10876496
13.50187164
0.02918518
2.30228668
2.83866301
3.42110261
8.08247894
5.41406250
14.10847961
8.71785461
13.29329469
3.36132812
7.37500000
0.17093902
4.57812500
5.06205231
0.07346619
16.75691711
6.94230164
8.31583555
2.22713320
5.68269836
3.41255707
9.08105469
2.98339844
9.34627289
10.77254211
4.86763519
4.27343750
7.51863586
2.29943817
2.08728058
5.79431183
9.53125000
1.05440215
17.62679078
0.06416840
3.79492188
1.93457031
3.04524657
2.22924867
5.10245789
5.96345634
5.25138741
0.97220856
2.94960467
4.69244458
5.38281250
2.66015625
0.00460052
0.86035156
13.91182403
0.33064820
4.78560394
0.84130735
3.97668550
0.94669617
18.75154477
2.28796542
1.15234375
9.68660461
4.57421875
0.10599793
3.50150543
4.35449219
6.71350067
7.95588985
3.00008366
4.71472075
11.61206117
9.91194703
2.01179992
4.10982269
6.67142731
2.32421875
4.89152039
5.37109375
4.14194565
4.37270278
3.23783356
0.13399231
0.34065797
1.14628082
4.00390625
11.84285461
6.27184362
0.43070589
1.88806183
2.12500000
12.00435394
0.03695679
0.10626190
5.71183289
0.02322388
2.84615082
0.41601562
0.04722076
3.63130707
1.33759593
3.93270833
5.74173981
4.58292664
1.25345856
5.49930630
2.89176640
4.66015625
3.94510832
3.27657136
6.90970856
2.74002272
2.92839372
10.74129211
1.59757508
5.71606383
1.06811586
8.23978668
1.86381012
12.84094083
5.63997562
12.50781250
0.06496186
1.79394531
2.73778923
0.76318733
14.27382385
0.21622742
2.00195312
15.37859069
0.14619965
6.18705231
0.72257009
1.75586436
9.10156250
5.88020750
23.43713099
0.47286292
11.06327239
1.77543246
2.44726562
19.50000000
6.38671875
1.39408356
6.91060394
0.60253906
11.89062500
6.39892578
0.14027893
2.09000610
2.44213929
0.76029449
6.34977172
0.08101441
14.27795379
10.94620789
11.55301941
11.71350067
1.24100676
5.08817597
1.52425172
22.88537567
2.20837433
1.76517731
1.18457031
8.39497894
4.41406250
7.02901153
9.43874447
6.07085881
2.75284851
0.44734555
3.52970523
9.21875000
3.09765625
2.79687500
11.08051300
0.85107422
0.13102172
0.12793000
7.62544769
0.97753906
9.26870457
4.10043605
2.53515625
0.07467620
0.09305848
10.32812500
13.06091747
8.47847628
0.59159394
2.83113586
7.32242797
10.23510804
8.98514739
3.45520113
16.94518950
8.95837433
7.17255874
4.47856493
3.33984375
10.82250665
5.54423315
1.74414062
16.28542665
17.15073027
5.73136414
9.77343750
0.38492859
6.59977172
3.17252438
4.01286015
0.75101715
14.54007840
6.11865359
13.08683289
1.31567071
7.15751440
8.92622894
3.91860962
7.06551086
5.25528992
19.43265404
4.75439827
9.46333832
6.35111481
0.43892426
6.77510071
7.78080231
4.07830811
11.18599457
3.76171875
16.45133422
10.91149933
5.22220856
17.20043883
0.48018465
3.52498352
6.30212433
3.43750000
1.18509918
6.82031250
3.89168274
13.69620789
11.82018950
8.18493683
4.67541224
1.59440436
8.54162567
5.12723847
1.91210938
34.06953731
17.74722518
12.79688497
8.76854721
9.15235123
7.65356383
0.82076019
3.96248227
10.37524601
1.19575988
13.16931183
4.51908356
1.63130707
16.54642455
3.91340814
8.86243018
3.63761414
0.42264801
3.00150543
1.49796570
2.21634918
12.19380209
4.19714760
5.63639406
1.93753934
5.80314273
0.54541016
0.09910064
1.68599457
0.84379059
0.35827419
2.58992741
5.96875000
1.74414062
12.91752106
1.07291251
0.20732034
13.21298871
5.61513629
15.74710965
4.26541833
4.05202552
20.62682514
13.25163342
5.00044769
6.96561614
0.80733308
15.97029477
2.52859819
6.77800310
18.57759613
14.63960661
18.53422152
8.50000000
0.03231812
3.30468750
3.19628906
5.16015625
3.68916778
0.84891816
16.59417725
1.68705231
11.31250000
2.76607269
5.05323333
6.94143616
3.47896332
8.84375000
8.09223709
19.95471908
9.82006649
7.09008976
3.31176696
1.45670656
8.34631317
1.13509032
0.81010043
3.07421875
1.93708915
1.46826546
9.08683289
0.35180664
7.73543274
6.10050476
9.28906250
7.15881317
0.85880555
7.28046765
8.86752216
0.84659851
0.43754059
11.46004211
2.21423371
16.37320922
17.05198845
0.29782967
2.02388519
1.29439301
10.44173094
13.17605165
9.06536347
8.18750000
2.43648161
4.07389406
4.55603058
13.87845856
3.77644836
10.65804078
0.34513243
0.47518007
8.88191711
10.21378601
12.61515071
8.99715398
3.44848571
4.23616578
7.51953125
14.16829344
12.21439606
10.95527981
6.18872008
1.28495456
3.29309175
4.55301972
5.36372894
5.99564606
5.26550200
3.92679964
14.18200466
6.58695589
7.13467199
6.69780695
7.42590425
3.94185394
2.04101562
11.49129211
1.45637938
3.47127382
4.95771499
0.87041001
4.09553580
2.78593362
8.71350067
8.31518617
2.76757812
6.81705563
2.55599124
2.10875499
6.33806294
7.69352172
11.95825133
7.38728945
3.80122894
21.68896360
10.25849624
21.56709995
6.14665420
9.32682126
7.45202792
2.29146332
9.82120789
2.43554688
15.69660939
18.33834330
1.02290863
1.10599762
6.59321366
5.09383865
5.22041778
7.64721742
0.04577637
9.39318817
12.47721188
4.21240359
12.44429411
1.86718750
14.37093265
0.90026887
1.19779449
7.65490692
4.31807403
5.50748781
5.08247894
2.89648438
13.87231383
4.32207377
7.87801086
0.21024629
9.55243408
29.76953125
12.96183289
17.42141734
8.51172872
10.25142177
3.83842198
3.51025266
3.50252382
0.06416840
13.97709074
10.97025139
10.46496644
4.37064606
15.24116911
9.55570589
5.34720856
6.78458555
5.97310394
5.40547761
14.93147828
5.23632812
2.85652649
2.83939606
1.13415527
9.96439606
2.41467254
8.82299867
1.84126801
1.49853516
7.57934508
3.48270722
14.40535461
1.70739777
1.37064606
12.86271055
2.13383089
14.62933401
1.11871287
13.69486481
3.21223938
5.10681183
8.74564606
1.21992576
5.39335549
3.22265625
6.97611481
4.67081726
9.76908356
3.26814384
0.09216714
9.17879211
14.35835661
11.68070589
0.20039887
8.36311392
5.13208444
7.87801086
4.52722075
2.71427554
2.86389129
7.58459442
0.46960512
5.97220856
15.50768950
5.72969636
2.95206726
7.99137079
3.19779698
17.45186060
20.55992687
5.50127437
2.95642121
0.85327148
0.44022613
10.97684287
2.50167276
12.38627106
4.53466797
5.87237305
4.16361481
4.06827820
5.76428192
8.03202239
2.67004488
5.15144836
3.12003601
19.81115692
6.60595579
25.67077792
8.58330292
18.29044493
9.13728945
4.26670372
5.32921958
7.14755561
1.83988558
0.40813897
5.62300753
1.42033023
6.68509918
5.73644864
4.00748781
4.09432070
6.63326019
1.61563110
3.32873504
8.29431183
2.99804688
0.00873566
0.90063290
5.36059508
6.67090093
14.08535683
6.56653922
6.28906250
10.41428857
3.72084108
3.73596409
3.64843750
0.12605805
1.32189910
1.39825471
9.41699219
3.10318595
7.34993905
7.37109375
4.82242797
5.97265625
1.45837433
0.49995941
1.44531250
5.10042110
4.11006870
21.26179743
7.58394503
0.71476382
6.25820590
2.13046597
0.26306121
6.63671875
3.25435394
11.27343750
0.18302367
0.33252015
8.89408356
5.49368795
1.07804881
0.78324371
2.16697973
2.83887965
4.84586547
10.07726895
6.07491245
0.37618012
6.18090758
3.79191101
1.06490082
2.20307774
0.24332703
1.56250000
0.57006836
0.16088867
4.94302472
1.50936724
2.20161957
1.38806183
5.47355164
4.58024047
4.49007203
7.18367243
5.39445257
5.36718750
9.16344748
17.57689495
7.70061613
0.52046723
6.89318817
5.53758644
0.21631981
2.44681295
2.77104166
3.57796265
3.46289062
8.96093750
0.53564453
19.39705009
3.57605385
3.96830231
1.23705868
10.46028812
7.69448365
4.95658356
12.73644615
0.16337503
15.61795989
12.77124086
3.84570312
1.60201019
6.40625000
4.06205231
1.16548676
8.81512191
4.02203630
0.74576781
4.53259308
10.40970856
2.12589539
13.07543883
11.40869016
0.91137882
8.72656250
4.15580231
5.66491357
1.71590460
14.42687833
13.17301640
0.61128754
12.32238365
1.03113198
8.36552811
19.93492687
0.93030751
2.14965758
2.59838929
2.81521056
4.26592530
0.30098480
8.46004211
0.72013243
4.38082003
0.80517578
1.63187652
5.92309508
7.11250886
12.38439163
2.73865525
1.04980469
2.22631836
2.80273438
2.82226562
0.61882008
0.84908549
11.45357269
8.32377106
2.15791778
2.25809785
16.06379876
1.68831671
0.22587129
10.08023050
8.21574911
17.56205231
2.70837433
3.48828125
7.03125000
0.12827545
4.94921875
9.93558622
3.87255984
1.84525543
12.80558289
1.49361176
7.16796875
1.67382812
0.00487900
2.55619293
8.72480608
2.28300642
10.16356861
8.92696697
1.36283356
1.92720551
12.51908356
1.53951019
0.93460841
1.93111425
11.58593750
4.47265625
0.60888610
4.66674867
0.70560699
13.45479278
0.22583070
3.08203125
4.41812611
4.58968639
2.29882812
12.95458984
11.02924347
19.09138852
4.28751773
12.42879211
4.45454926
13.48258422
16.13146942
1.32389406
8.00554657
1.65232680
7.82153258
6.97668550
0.03047699
2.82421875
8.40168440
4.36739915
1.49324524
7.59118683
0.31087032
1.95621952
17.50846188
8.73103945
9.52779144
4.02176972
4.27148438
1.11478668
3.11958832
7.46214761
6.34644614
2.48046875
0.40238184
0.04146581
17.84082031
2.39778563
11.59292421
28.33365470
7.12773049
5.98392731
5.37935394
0.01016235
13.60502106
1.40181488
15.28165337
2.49569038
0.26298004
2.62845856
0.70902496
7.77087433
14.54239805
9.98103945
6.33874174
1.72428468
1.91992188
14.70723294
4.53934785
9.29610261
13.28201325
6.30027381
8.26304742
5.36975067
2.42065492
2.72896332
7.02298981
2.31490082
6.20312500
0.01930237
0.00894165
0.07492034
0.82849152
2.95312500
5.83203125
2.72013243
15.96967975
1.34684951
2.20389739
3.55000886
5.74564606
15.10631982
0.23885444
7.35892731
2.08292664
6.67406915
2.70544714
16.11193817
2.50614472
1.24804688
11.58927305
17.93827239
4.18595523
0.70393922
1.11193817
13.13358489
4.98400848
6.14107269
4.11853058
6.76094636
14.65816254
3.48750388
0.35571725
0.68554688
14.27020502
4.40577792
2.30989749
12.61283356
2.53019226
15.60701477
12.66367333
20.97183509
8.70658356
0.82222504
1.20463043
17.47363032
1.10127715
8.57938940
2.26997894
12.15043121
10.40673828
5.12455231
10.61193817
6.24007203
4.83129322
4.19995678
5.83476067
17.07942376
5.62825843
13.98864528
3.52787511
13.01472961
5.82076019
0.02815247
0.45410156
8.48437500
9.43660461
7.08292664
2.14789243
2.80722628
5.55468750
0.94384766
0.17716492
0.24584961
2.40960620
1.64768505
5.70792664
10.29793274
2.20524047
2.80045656
3.58024078
13.70312500
4.20528168
6.09577682
1.70500443
1.77050781
2.55228668
1.51851286
0.74388963
15.13355053
7.89164339
2.55513519
11.79329344
0.74580965
1.43599457
10.81278037
9.46142952
9.30196199
4.88281250
3.61318762
0.65394281
1.12642426
3.33593750
1.21374138
2.78369514
5.03125000
12.07287567
2.55212433
2.84301696
7.63505097
9.53125000
1.53169769
1.81791168
7.17578125
0.20552582
2.44921875
9.56074358
0.82259779
5.16746070
0.67924230
8.23222351
3.05078125
10.10156250
1.93164062
0.32397461
0.88712337
2.66219304
6.94116024
1.51595218
0.80802430
1.57241726
10.08593750
1.80371094
6.00691711
0.15181488
3.41438221
0.03333111
1.61745617
7.88416555
3.29056793
7.15144836
4.97009308
6.63281250
0.11753752
0.81530855
0.56689453
13.36718750
1.54101562
8.35918773
7.04661457
0.11995453
2.71289062
0.01939392
8.06250000
1.33513906
2.35352061
11.76908356
3.59195922
7.51741578
8.01562500
9.56685394
9.68132984
5.38745678
8.03816711
4.11714318
11.26265846
3.53906250
0.02763367
16.77734375
7.92923981
0.79829926
1.77246094
10.20312500
3.73063110
0.79866578
0.06070922
2.73376496
8.31880707
13.58939606
11.44173094
0.25455812
2.43208832
8.86014739
6.42456117
2.01411957
8.46093750
8.01256982
0.06702003
7.78125000
7.31941711
8.05208001
3.02303413
4.41361481
2.00926987
7.71883896
4.22611481
16.80122894
2.58744293
1.16446836
5.44197695
10.47656250
2.09810394
1.19335938
7.51953125
0.70288024
1.73022523
9.77229610
4.75459995
8.91841644
12.71093750
2.25931793
5.32377106
2.96769226
6.14458761
2.71350565
4.84357769
0.85564106
1.03027344
8.83158356
3.14212545
0.09855662
1.86816406
3.50723619
6.60677748
1.45410156
0.22790527
1.85937500
7.86673981
5.97477172
6.19364472
0.41829064
10.51522163
0.70747894
9.77689606
9.47656250
0.27750610
0.69901582
7.59574247
6.08980441
7.40710449
4.72265625
3.12817321
14.65458222
0.54048676
4.46093750
2.74958666
1.20166639
4.51261414
4.11718750
1.58886719
0.00478363
0.32128906
0.00994110
3.41796875
8.49218750
3.94522884
15.26012057
4.97969636
15.23437500
1.23091644
2.89453125
1.42285156
6.70214096
4.99317154
4.60502106
1.72167969
6.96484375
1.60298676
1.25744598
0.46350129
0.98779297
3.40986841
12.94803303
3.66171099
7.98046875
13.10489805
6.60994570
7.78177638
23.79101064
3.46281693
1.95591735
20.38461823
4.82377106
14.14518063
2.49003269
10.01818817
1.16817044
2.18579288
14.41316711
16.72106716
12.92480718
0.15743012
0.06323242
0.67675781
0.79687500
6.52075133
1.56099364
4.09957003
13.85334331
3.85022938
1.63891539
2.38745179
3.98486204
6.55224734
4.44095856
5.18013519
5.37231383
0.63362672
0.99751801
11.49654144
7.36673981
1.05904144
13.37500000
5.53924561
5.56160461
3.72464872
8.63293613
7.51171875
0.04794312
4.81237762
3.93769172
1.10226617
10.46255098
2.56479277
16.45596853
2.36564522
4.03137300
3.71936004
3.10876496
2.37695312
9.58158356
0.96846465
5.06518617
8.93924895
5.81172761
1.78613281
4.71484375
0.95756012
3.62092642
59.40641733
6.32466644
2.47611481
6.49173981
16.40575198
10.03332115
4.28393617
4.63855385
1.44868988
11.79943817
1.23962433
3.39367520
18.14481162
2.62862983
21.09020280
6.13891290
8.34021775
3.68319038
7.03727172
12.67679622
5.04724401
3.09375000
4.27734375
4.92700133
1.97399933
1.74450715
11.60156250
1.96008020
7.33516636
5.12422761
7.18513852
8.32551751
5.21981272
1.35493988
11.17118254
11.88704344
3.03405917
8.46695922
13.98917176
2.19726562
2.29012024
7.59630478
1.38671875
12.55496269
4.04443235
4.25101839
5.78023161
1.31734347
0.57812500
10.37141844
21.60469636
9.81250000
3.75630707
16.66224089
0.42207918
1.43888243
6.77567597
0.76737519
7.65095883
4.72490542
3.16451019
11.96964539
1.45552582
0.52587891
2.76813387
0.56735593
8.96751892
5.42321808
0.69531250
9.41836517
5.27568573
2.10831726
8.88012633
4.49487367
11.90039062
3.29687500
5.58203125
40.86039215
3.23434692
4.37589539
8.54418883
3.77510528
17.93131593
2.73160766
12.79329344
8.30271868
2.43973847
7.59073914
2.03515625
2.82377106
5.26472961
5.30399380
0.47566960
3.24414062
15.27986259
4.43802139
1.69422539
0.95458984
11.90625000
15.61081815
5.76709109
2.62935394
10.63065271
2.84223959
3.51451297
2.01064161
2.23978668
21.13867188
7.64160156
2.69771332
8.13781583
12.25191378
3.70597351
3.90250610
14.31774933
3.38326019
9.94148493
6.35840093
6.81205231
0.66345246
8.50732048
18.30326573
2.22758089
11.59029144
1.64595551
10.41556793
14.18554688
1.94824219
16.51769615
6.14246010
0.69726562
9.36146317
12.58077681
1.28934785
14.16555298
5.41993683
12.31762633
7.38125776
5.24882923
4.12064606
3.22070312
16.77254211
10.57454344
1.33402621
0.57373047
5.06250000
5.90034879
8.85567044
7.70784796
13.16308594
1.33398438
8.57617188
7.42447626
3.03267675
3.52542997
8.96028812
16.75766842
3.28511691
6.78995789
4.39363586
0.93347199
7.74377410
1.19160794
2.33805546
5.16406250
8.00711880
9.01753878
8.31725732
9.70682956
13.37923094
4.11019171
7.49564606
5.57902039
10.53217975
7.75394061
2.76636801
8.81620456
11.06160461
5.83382203
10.40138410
2.98098071
7.17263794
20.16841644
7.71484375
2.93615692
2.89497894
2.90714539
16.64062500
2.73063110
11.69620789
15.24707031
2.37154144
6.83593750
18.22688719
1.47911819
3.80323138
16.14831450
8.41862062
2.69185394
13.03263243
9.17712433
10.09493074
11.14062500
1.47753906
11.30163232
11.44831339
5.01958554
0.41772461
12.04846160
9.89545103
3.69573581
1.73828125
13.20117188
11.22648779
9.98567750
3.35396332
10.43001219
5.15547761
0.56050629
8.41752106
3.80468750
1.63716644
3.09720856
20.17362590
11.69223408
15.30456512
0.27058961
0.54492188
17.92904144
8.65266844
2.31262300
9.21267399
1.45920101
7.83756469
3.86311890
16.48639185
10.97324315
4.03942902
4.44185394
8.37064606
8.49898851
2.11442763
5.79296875
5.90580231
12.92633201
5.81540779
4.49698914
11.40881317
4.47131379
2.38476562
11.98990470
1.93672512
1.68176861
8.31070922
5.47355164
7.62340094
19.39031028
2.33463687
1.14257812
6.24609375
14.18225067
3.86608856
4.04512605
2.12890625
6.62064606
8.23783356
4.47265625
6.68535932
1.04994015
1.86816406
7.31982048
2.41650764
3.12015777
3.60156250
1.89400238
17.73777926
1.90577543
2.54882812
13.69429411
2.30721132
4.07466644
6.13236481
11.68013519
12.77254211
1.01021332
27.62406029
8.99545879
5.47768948
13.52254211
0.43575043
5.17354278
11.54655031
21.47312128
12.27229322
8.95105385
0.30179840
3.19888908
10.13448028
17.33988807
12.50740664
12.10798759
3.30847573
14.68554688
3.54838043
2.02388519
13.63549805
1.47070312
0.11572266
6.18931103
0.94091797
0.11859131
11.91455078
1.18750000
0.26245117
6.60453277
4.19095856
2.00480164
0.33251953
12.77317155
20.83121808
4.67545656
0.90039062
2.85017883
12.04972351
10.89453125
7.08203125
12.19877106
9.69429535
11.75345856
0.65380859
0.91988129
12.56265196
5.64806849
0.80090675
11.04252106
16.11885528
14.46860706
3.20160017
3.12544769
10.57198028
11.59899933
0.18827332
2.53832946
11.67846742
10.39908688
4.53617464
13.29378297
0.76997894
10.06852172
7.29252106
0.05149385
13.46679688
4.70735594
12.88281250
12.32991578
0.38680055
22.44603059
21.24285183
7.94163232
5.54677193
0.58101410
6.78555962
3.66098828
0.19528064
14.47509641
5.72265625
0.74373476
2.84810394
8.46915337
6.63676307
22.54778481
9.21686363
2.39843750
7.61482602
0.65714664
18.65429688
5.44698028
4.66931183
14.12410461
0.15368683
13.02388519
2.60021942
4.24263519
15.72851562
6.73002106
0.26086457
16.49653895
7.54667331
5.67801972
4.59415337
7.73397163
2.89994293
8.74731383
5.99576906
20.00976562
2.25459622
1.66829593
3.82722961
16.50329621
4.22867797
11.10534575
4.10738253
21.28470856
17.28051696
3.03979554
3.06099457
5.00531306
2.28960881
0.45800781
10.38159180
14.71875000
0.38964844
14.48632812
6.63378906
17.14754211
3.27628601
7.43750000
1.37303753
4.51294880
15.46606383
12.27823914
14.70540406
9.63419493
7.54744570
12.38525266
6.58695589
9.03125000
8.29496122
13.72668550
21.13016536
4.16398382
1.55228668
12.15100067
10.70198360
2.00923925
5.68705231
20.54006096
2.01027260
12.03219604
5.51261414
12.97289229
13.73804521
10.39062500
2.59570312
11.15050865
2.75574135
0.48392731
9.29894615
0.13118905
4.20947266
1.29357879
3.03259308
6.69866806
0.15950531
2.98437500
25.33068817
3.79626496
6.06746305
9.90254544
2.66638464
12.78983489
2.26741578
1.24007203
6.82934508
6.08971078
1.84656914
3.03125000
12.16699219
21.40702239
6.05391511
2.16174285
6.33247894
0.90669769
0.76021332
5.45490083
10.31255876
10.72758588
8.20747894
14.77254211
5.75569703
4.16279810
2.35327460
7.52734375
11.14604706
2.08398438
21.87845700
7.08874667
11.20312500
9.67112700
2.73512300
1.65083832
8.97851562
4.39139739
2.09448304
4.06294769
0.06103516
19.80912262
5.39497894
10.49706782
7.47444703
7.69295414
11.83683289
3.93990082
10.19668113
17.64080276
5.14038896
1.17036957
0.02241516
13.46452886
11.64318817
1.44958527
13.25256317
27.87001109
2.14305074
1.45214844
14.53832447
1.75907940
3.22070312
7.95703125
0.50630707
6.88598072
10.36357158
12.13732381
7.40662151
3.81009918
8.97493407
1.35115664
7.19974762
12.15189606
10.46183289
16.96337891
4.08939606
5.21093750
5.07377106
3.38956726
7.42752771
8.23523105
12.64343417
0.87300629
6.50318264
12.77574772
7.16906583
2.50565769
3.46679688
6.70925976
3.66964649
13.61372894
5.97220856
0.94331879
13.02957724
6.75663674
20.51652039
18.73392731
12.72957336
3.17818207
8.47310394
0.70113129
12.11629211
0.57572044
3.50769448
20.20169067
10.06852172
1.66210938
13.89001496
5.78125000
1.20552582
11.97196255
4.90303745
9.03637633
7.51851286
10.62064606
3.48222019
11.47220856
0.09067810
18.41617797
5.42670103
0.71962100
12.21048981
12.42227837
0.28084663
18.09863032
5.60025377
8.67412220
5.07767731
7.23604278
1.35229554
9.13537567
0.41345246
0.37255859
16.13553801
0.35933504
2.82617188
5.71972656
2.94681793
1.70161957
16.23856535
14.36348543
7.60937500
0.45678649
18.02071137
1.58036347
8.75691711
6.75256317
4.66950854
1.63351119
5.33158356
5.41451019
2.09118434
0.07120976
4.53560394
2.83529663
13.17533356
0.49117035
11.93570922
4.25768451
2.89645002
0.80371094
5.43245360
4.79219636
6.56595856
9.51201142
15.22823028
11.85335328
6.27888852
6.20593417
15.35404449
20.81769504
13.64954953
4.88102172
0.75793426
6.29431183
6.63122341
1.10201269
14.23802527
3.51933953
3.59525543
4.84940271
9.55424230
10.65340273
7.39843750
10.09375000
12.88537567
6.69942044
5.28194370
20.89659056
0.21415005
3.70487644
17.73697252
0.39380568
1.27832031
17.75683594
4.73783356
8.37935394
14.94441711
5.53125000
12.19762966
8.32837101
6.22790558
3.49503601
8.26908356
20.29675200
13.25490388
2.51110871
10.53681152
5.17578125
3.41540558
14.52742243
7.12316490
7.71615248
7.78080231
3.11612976
5.33994317
0.02441406
0.84765625
7.94608489
4.53316254
20.19352172
12.25244016
14.73374913
1.62695312
10.19720853
13.64617464
9.12243683
10.82902039
15.66222989
5.30411680
11.81242132
0.81201172
2.03636387
0.91924312
9.59810394
0.31054688
6.43767676
1.30646386
19.44531250
13.59273161
7.49711214
0.68750000
3.58462379
1.58725121
11.36718750
5.07812500
10.57979278
1.88505097
0.12414551
3.14562833
5.53316378
3.94966644
10.05623227
12.12422761
10.35990138
3.98026706
6.39974124
12.70015348
1.97367464
9.87682514
2.08606549
9.98302568
2.23523603
4.43750000
6.83398438
4.16137633
2.52958222
7.49975399
2.55342808
1.02103668
14.37068602
10.02319149
0.46472448
10.20222961
9.27513963
15.12284021
11.87907358
12.57633422
19.05839206
13.02661569
0.54687500
26.36832641
6.47582447
3.72864361
1.31054688
3.31294769
9.79252106
1.07271332
18.27477560
5.02014627
0.94335938
14.72298094
0.15079836
0.99414062
12.43605374
49.36462433
4.89253878
12.02236481
6.95073913
2.64648438
16.04755874
8.23759751
1.36478668
10.37500000
1.55220551
8.31583555
1.89705507
14.93469083
3.06530917
0.29077148
17.35156250
6.77086437
14.11483599
6.29406707
2.85152316
10.69966644
0.78129059
8.23742022
4.22787123
5.81640625
1.63671875
13.32377106
7.21439606
12.89062500
14.62851244
2.79447418
3.39046265
10.54132536
18.09501440
7.09022273
0.46459961
12.53511442
1.94824219
2.66463320
13.92744903
3.87182679
20.10041985
8.03251440
7.95792664
5.21138519
1.74511719
2.39924424
3.45622451
14.98717670
9.13326518
2.01875886
8.06372008
7.06782802
2.22436835
0.76562500
10.65452793
0.89926418
6.85355497
4.91198139
17.67285904
13.05110594
1.55533937
8.47643950
0.66662691
5.46875000
14.77461326
4.20585549
13.16406250
2.02929688
9.17817709
1.15483073
0.15026855
20.45827209
4.77730223
2.96150820
9.50948028
6.27779144
13.19006317
1.95625886
12.38832336
5.19726064
5.13867686
26.29882812
8.08227477
1.59155336
8.91060394
0.48392731
1.44045937
2.96542442
12.35249225
1.27348432
6.07678192
7.16931183
17.88289367
0.35925324
5.31005859
0.19006348
8.95951324
6.21035767
3.94396443
2.09705119
3.02245097
5.90056294
6.96663453
4.53515625
0.46138519
0.63671875
2.22806793
11.01688442
2.19014683
20.70747894
0.55375152
16.05569842
0.45459607
6.97701019
6.85355497
1.43107242
3.41796875
9.58654754
6.22701019
7.12980164
7.61328125
0.19384766
8.10937500
3.04101562
4.40254544
0.05171878
4.53951019
13.79394282
15.30809176
6.35542443
2.59678080
12.20658356
7.55056960
6.75065935
2.66764175
3.00134308
7.27575466
1.06905308
8.95788232
1.70662788
11.04141401
1.90389849
4.44576019
3.15234375
13.52782622
2.06429078
5.32722961
1.69515015
1.14204926
10.26977477
13.17879211
3.13053468
3.71777344
2.48197418
9.71875000
1.54829926
12.33536680
2.16613863
16.77835846
1.78320312
3.20979610
1.65543827
1.63716644
6.32889739
20.86462433
2.39827515
4.95703125
1.53613281
3.87532469
12.91841644
7.59016844
3.49454898
6.37903135
2.18884308
12.78059525
1.77246094
14.00670670
3.28044326
6.60982269
0.34940582
0.72261566
3.94140625
7.78426086
8.39630209
13.99477060
5.77779144
17.38760417
9.97783314
1.68094941
2.59179688
0.98774864
13.14008949
5.37500000
8.96862700
0.52356050
23.07108489
8.97579011
2.63822418
11.57575355
16.75448692
2.59598847
5.67964318
3.48592475
10.21875000
3.53576629
1.48225953
19.65523161
7.47099490
2.37322417
8.61283356
5.62154144
10.37684852
4.55652260
2.67036957
0.61865234
3.57149199
2.29866578
7.82857269
1.75683594
12.38240539
2.01847351
0.32006836
5.95658356
0.00995392
0.38647461
13.27148438
10.81250000
2.24715149
5.38370789
2.99637412
0.19649698
13.89575133
10.12450798
5.91494792
6.94715757
1.04492188
6.36718750
6.37588542
10.39965198
7.45503380
9.96745124
3.94633089
7.33300781
1.29545074
2.38749114
3.21219941
5.50480164
4.13943429
21.62345357
4.21016511
2.97896332
8.46875000
15.28125000
4.39062500
4.29643674
8.12983155
9.00101839
9.30318207
12.57287567
5.54821808
10.17931849
2.55269503
2.05314273
6.71875000
3.89648438
6.64843750
1.13867188
0.05408722
6.36523438
3.39302582
14.01114805
15.77766844
1.55981632
6.82586659
3.91632091
3.10156250
9.75781250
11.47959775
3.56101077
5.09330231
7.63761414
1.68892426
3.84277344
2.00166778
4.70145722
2.96093750
9.73514739
0.34810457
14.08658688
2.04427249
4.91839600
3.24369293
6.24278259
3.84860593
3.48283023
6.00854056
5.63643838
6.11328125
15.88210883
3.67453180
4.33548981
4.89062500
12.25301086
6.83638519
14.29508422
4.88895722
1.52681488
1.85546875
11.44787567
0.40539582
0.68701172
13.31640625
3.68750000
0.85453277
4.19966644
11.77069704
12.83867796
2.79056793
7.87890625
6.01419077
6.77344747
0.39664672
2.93404144
3.78795546
7.62700243
7.03710938
1.79874695
10.19185394
1.45507812
18.84126676
2.33642454
2.41850011
2.31835938
10.56481716
6.97687722
1.55010250
2.14648438
5.63529449
6.04841479
3.45190492
3.62272717
2.79158134
4.30607491
0.84932403
9.48706117
0.43945312
1.90526098
10.46367609
6.10502106
13.77689606
18.14118573
1.40312610
4.33984375
9.91166168
1.52539062
7.87790245
9.26517668
5.34688386
0.45048004
2.45943207
1.56107574
4.59720856
5.70747894
2.66002826
1.62288951
6.95882203
11.80167664
2.89388000
7.48335162
1.75244514
9.77547429
4.52868683
0.34350586
2.50390625
7.34375000
8.76127106
14.36366791
10.08325195
11.99531140
6.61752216
9.11913564
3.57311669
9.34921099
0.06933594
11.49462766
2.13540130
13.97744632
5.92871094
15.69892842
1.19657940
11.19281087
3.22465868
0.74605316
6.97955342
8.18743877
7.55468750
7.44352172
4.01025266
2.85677249
6.39798981
6.40474457
6.91075134
5.02284241
2.73197418
16.17252438
5.89432956
1.24702848
3.70219027
6.63671875
2.34130859
3.49751552
4.64112107
4.49609375
0.50081359
2.31835938
6.03832946
5.02461824
26.75826019
0.76420074
1.77176225
6.00655806
5.48002106
0.02909363
0.67041016
1.28143311
9.39111328
7.62890625
8.01428192
7.10583527
12.85937500
5.54492188
6.85892731
2.06685394
11.90100067
14.66612656
2.20267731
11.68164062
7.55863247
4.98551640
8.49722518
1.07068650
5.26216644
3.56986481
12.29416889
6.03741466
10.37654477
4.94075687
10.47086547
6.15022828
11.58979943
4.43363807
12.11283356
8.44787567
2.75374390
6.05224609
1.71073332
6.54300890
1.33398438
0.49189239
2.80912013
2.52681737
10.46875000
4.90625000
3.50435394
17.34920102
9.09415835
12.37756317
0.01377381
2.04341644
11.16048094
4.34049562
5.16406250
3.52148438
3.62170379
0.08038361
10.40791778
9.48616578
7.59029144
6.64843750
3.91947418
8.33336437
5.37020833
1.79882812
9.13055420
4.15970856
2.06835938
1.35742188
1.66841644
4.63476562
2.24564606
12.97656250
4.73437500
0.64546723
0.19441711
3.94425476
3.48465973
5.30122894
5.05468750
1.40136719
0.30688350
4.81339539
4.36097759
3.47460938
17.39094969
5.57780031
13.11344360
5.75524933
9.59631317
0.51546265
0.36743164
8.48311060
0.81864722
2.24023438
5.65189606
4.19380707
3.93888243
1.23494570
8.31250000
1.53125000
8.01562500
3.55659630
7.62089206
1.50065187
3.97810976
10.76647607
2.60852393
13.98693817
3.41984070
1.61718750
9.89843750
9.29073028
12.30509461
10.12935394
14.01798150
8.87203346
1.35449219
4.55956782
11.40739140
19.47651818
27.95715425
17.25248448
11.82527649
5.17155031
5.66841644
9.87808954
11.28597296
8.24129211
9.48091644
0.53658051
14.12361259
12.26701241
3.60697418
1.50044769
8.49552305
12.68762300
2.11958832
11.28574137
4.50722738
1.62988281
4.90183179
18.64894946
1.20312500
4.44531250
6.21101618
2.17341541
2.04155197
9.21274935
6.15628436
2.37016400
9.28449690
1.96053911
1.91894531
12.43570922
3.44816101
4.60636414
0.09552002
3.24757083
10.22110151
7.73676639
10.43921210
3.34232823
11.39769947
18.39201241
3.80057956
8.29577294
6.05338874
10.78365082
0.08947754
1.23596160
1.53267426
1.11612976
2.69335938
15.55200133
9.68147828
14.78756766
7.28743905
8.70948335
6.86917997
2.55509585
10.10156250
0.01154327
13.25654810
8.87581671
1.95560699
12.76216644
7.72220856
9.55904144
4.14107269
12.16157988
13.73421265
1.80318207
6.01953125
1.80175781
15.84780884
13.10184287
5.66768838
1.03214352
2.98372562
16.84212157
2.86295656
3.09960938
11.02343750
26.09943706
3.72042774
1.10624114
3.88639406
5.67934662
8.51908356
6.44531250
0.01941956
0.31595606
10.70450992
18.24906527
7.68705231
12.56941711
3.43273770
1.96899601
21.27917387
6.98225953
4.46708222
0.58837891
7.78230275
12.71590647
6.18827239
0.61576449
8.92968750
5.16844582
2.58696586
6.07399713
12.08302526
2.52311281
5.76082336
7.57511414
0.05848175
0.88765473
1.33593750
2.71435547
0.28287625
2.99861757
5.14978058
9.12410461
9.59452239
3.64135804
12.02343750
9.76306183
14.79710107
3.28102393
10.92968750
2.53125000
10.90625000
0.36622308
15.85844027
11.40970856
9.46553745
12.26016401
15.36275986
16.64241578
2.72143617
1.91890348
4.59086214
4.27343750
7.43359375
1.49355933
2.77670434
7.46048981
1.01118988
3.07181793
4.42104832
4.62236812
1.12304688
4.06986481
0.39595551
7.08618164
1.23535156
6.29785156
8.93359375
3.24324524
15.37500000
3.08878601
0.29374176
12.52461326
2.18319038
10.53092531
9.48783356
4.02075133
3.89680907
11.01318484
1.39347351
4.30122894
16.24564606
2.45959442
3.77522828
16.19494349
13.76509862
0.72696961
11.24564606
8.58593750
2.35248726
12.79318290
17.74308196
2.31396609
12.66064329
12.73677263
9.25549285
3.54414949
0.09590668
3.66361481
13.72427970
15.80607491
10.86718750
5.61885528
7.30436281
1.64746094
12.05700466
1.50504765
1.68457031
11.59631317
2.32405640
4.06205231
4.56762633
2.52266511
13.30281555
3.26607269
15.48482269
7.85713653
4.39139739
15.73360261
10.51346521
3.79736702
7.98124114
6.28608600
0.97734236
10.08593750
24.36872864
5.01216644
5.15234375
13.52343750
12.69877106
7.26428192
0.10359742
3.24865692
0.26428254
4.53674285
4.12890625
9.13806183
23.71830231
22.07661957
8.05239473
0.24403257
2.28222407
3.16158300
0.80423981
8.45373006
0.98795905
1.87028202
14.14062500
7.67578125
16.85323028
3.53304078
4.32857269
8.38537567
3.99263519
5.80558289
4.21651153
9.71964539
10.00309203
8.81172761
16.65482574
17.18314606
3.48514739
4.65637300
0.93408203
8.04831234
4.40336214
7.90157136
7.90217727
1.57300365
1.92187500
10.79740138
5.08195257
8.84390736
14.18929576
12.81003890
1.36129929
2.52449524
6.43448914
9.92277039
1.26904172
2.87361757
9.82466644
3.51578766
3.03169769
8.78125000
24.65775543
11.94954344
0.62410586
11.97298094
4.27266511
8.04239805
1.03572695
3.33638519
11.20703125
2.98426352
1.40596963
7.38281250
11.46183289
10.29538897
1.14337045
8.82837101
9.86372894
0.22558500
12.16060394
2.01245179
10.97912567
0.56132051
3.22265625
2.94726562
1.28938719
6.99926197
3.38322584
2.09312999
0.75505513
1.25923676
7.96683746
6.05195701
8.46276264
4.50481161
9.85156250
10.60937500
4.05806488
19.14754211
18.52974457
11.55382647
4.52429853
8.22554411
7.78226839
13.49226784
7.88966339
3.44380707
9.61450133
1.63956228
14.32100620
3.29626496
10.69417608
5.50089539
1.11621094
1.75728363
7.48872894
0.78190063
0.08113648
3.25390625
6.01704677
2.49031804
7.71439606
17.02896720
26.06327239
8.13086436
4.61962891
12.09569814
7.93030252
3.89196808
16.06250000
0.86661555
11.28674534
0.05470795
7.09029144
14.30468750
1.40771103
3.86043274
8.61975067
3.41194703
7.84029144
24.40487581
11.26216644
0.98250305
6.96952239
2.09147218
9.61718750
6.84029144
20.00679411
19.01473086
8.00435394
23.60875873
12.54236245
2.85180851
9.03548094
1.85807375
1.55371094
10.21004211
9.53681406
3.52222739
0.95894379
10.13102172
5.65189606
3.12483765
6.72265625
6.64497894
5.60054411
6.40291445
2.10591644
1.57324219
1.50565520
10.28739472
27.62193680
9.74200747
0.13293800
4.53515625
0.56835938
22.91983821
9.94973516
9.00542663
14.35937500
5.49116911
1.67024843
4.73872894
6.51371122
10.62666778
5.49845523
17.13956726
1.45402039
0.04239004
2.19576019
0.29565430
6.57812500
1.93915531
8.06768062
7.50781250
8.20133422
4.15384420
1.01017772
10.34696255
7.02893284
14.63646277
3.39914117
12.38883422
4.54866578
1.04296875
13.31133866
3.71209884
16.46004211
9.83878601
1.38236481
11.79854278
2.55542054
11.63170982
0.69226479
8.81844055
15.56831879
12.81494016
0.92964816
13.80919881
4.81144725
19.83890404
7.11812721
8.53804535
16.50956145
1.82889739
9.39766511
6.56563386
4.15234375
10.40266844
3.30056960
1.23247118
7.17321808
2.43404144
3.28275543
0.00749726
17.68326657
2.32552249
4.51562500
19.40311614
5.59838929
16.27563165
4.49044104
0.59368896
12.24910461
1.62996399
10.33783942
3.58219858
17.09301197
12.53739971
10.75207115
4.70931405
19.64965758
2.30017121
2.57316101
28.30291114
18.32082446
5.90507300
2.16902649
9.75089539
4.56294769
3.62845856
4.81685394
0.33695465
4.36393063
4.59354831
8.73347961
3.81285406
0.85991633
12.66768340
10.25960328
2.31685394
13.44441711
9.41316711
1.90368683
7.04829926
1.89648438
15.97273493
8.33105718
7.91035794
16.32735261
6.85302859
8.01908356
0.05800385
4.44531250
7.77600067
5.97790558
0.00915527
10.29227505
9.23319675
5.85111481
2.85786957
19.04076463
3.31515181
8.23872894
10.68750000
9.00333555
10.39856050
0.51904297
15.30379211
10.28409353
3.62740580
12.40189606
2.60420746
6.19352172
6.39587433
0.51126856
0.32662206
14.66406250
4.32173676
1.49182098
3.98181183
14.09720856
9.54418883
1.62174064
6.52450022
10.57466644
25.33215870
7.04975841
2.19034851
9.74555741
14.29427748
8.28412789
1.66822473
4.43314606
9.60502106
0.07916197
1.34936337
5.29496495
5.25142177
6.79154698
5.84509308
1.57812500
3.88867188
2.42789672
2.10140015
13.17789672
2.12679078
6.22220856
3.40865082
25.39034759
2.78462489
11.06543218
1.14888519
12.12750887
0.91997617
6.83158356
0.18245484
7.46830231
2.28515625
1.84712738
6.38448028
0.13260957
11.44355608
0.13314467
0.99633166
8.19527814
4.64656555
4.13671875
3.46529144
4.81250000
7.90535461
2.84216340
2.80183899
10.83504211
2.33772828
13.02795410
0.90287262
10.86043274
12.36450133
2.13098238
13.57865387
5.61328125
0.69405121
11.04943817
2.11657746
13.33796931
4.61710882
2.08007812
9.43481383
1.22322446
0.36246952
0.02095032
0.05890899
6.57264190
9.00781250
5.33015961
16.25288910
4.43314606
7.94140625
4.05513519
6.62206512
7.51953125
2.59810394
4.65926086
7.77042664
0.01449829
0.08717865
6.51517731
5.39790863
18.31494141
0.85310852
8.40677638
0.27917761
0.30908203
5.45658356
11.80110594
0.20959566
0.40018707
13.79536459
13.88590952
0.43957115
4.31237870
5.36763519
6.19441711
1.44087738
15.34497008
4.47355164
1.50244016
12.76627438
2.90149268
2.51618324
9.22112145
1.59232574
7.21875000
0.60607879
5.86507203
0.98144531
2.18798828
1.23372313
1.83251829
3.13265015
0.30110843
3.41992188
0.03283691
0.43290191
1.78267426
3.88822418
2.41234915
11.90482823
0.08952031
2.91515958
0.91988253
2.75284851
9.44140625
7.48392731
11.60843653
3.92737034
5.42008422
5.44934175
2.77734375
9.73437500
0.58544922
0.02095032
0.08135986
1.54980469
1.50781250
1.77343750
6.80476867
1.55558289
0.03762817
0.02073913
0.06567383
7.23046875
3.83007812
4.71674757
8.95512743
4.70943207
8.93750000
6.45703125
3.60351562
4.83593750
6.92488586
8.70466977
1.65217891
6.83109901
0.43501801
6.16406250
12.16996122
5.91662567
3.55794437
2.54336548
8.15535461
6.82902039
0.12298584
2.21305297
4.75541168
1.60628297
2.30708832
5.50980497
0.55171847
2.63796997
3.22656250
7.36718750
1.96610504
11.35492914
12.37243683
0.18684906
5.88467199
2.12509363
0.62208157
2.12166445
0.49650086
2.41979887
8.50012300
0.39689148
0.70283965
6.22054078
1.26021332
0.11273193
2.65152330
8.02775709
2.40909851
10.67270904
0.61171478
0.80712641
12.50191378
4.89359652
9.15970856
6.58158356
10.42667664
23.18382263
12.83635237
12.26887938
4.60302859
3.00028535
2.87109375
9.54654938
0.59514374
0.31843961
12.65612700
10.81343473
2.26798648
9.36899317
4.34432070
15.74905032
3.69024046
3.03531860
1.37882508
0.25504578
0.75281457
12.26261726
2.52905087
7.60277363
12.80078125
2.79886747
6.21675753
2.77815318
5.23545766
2.56986481
18.67443817
2.52966340
2.32714345
3.39213541
3.31925476
3.73046875
1.75097656
1.47070312
0.62841797
1.41829375
5.91194703
14.54996454
1.55965398
7.81563386
0.65966797
9.31250000
8.79252106
4.51216644
1.03719055
0.10282410
8.38536570
2.78171042
9.83504211
2.84805962
11.09965370
2.21256407
8.43929078
2.31107325
4.94062014
7.46138519
7.78125000
1.71162871
1.90165254
27.17048759
0.20060616
3.36401367
2.25292969
0.44982879
9.92277039
3.91992188
5.93013519
8.88012633
1.51196227
1.38916140
0.18507780
0.90682070
1.95996094
4.13716644
1.33406555
15.39754211
6.41503657
6.13659575
9.09659353
5.38949357
18.29076463
4.24260084
9.01485261
15.05993683
5.73872894
6.74039672
3.18103058
6.18750000
5.09125577
1.07699855
2.99023438
20.74564606
6.50435394
5.26586914
8.81786237
3.54151263
5.42288343
4.17342974
3.83854001
2.60766788
17.13264465
16.42451996
11.73437500
2.52931213
1.48339844
3.26367188
0.67293274
2.86993615
2.61093971
6.57173427
10.64281915
4.24158244
4.21919769
12.94201380
0.55696905
30.29280142
0.97042276
4.62011528
1.65985958
0.47979125
2.94099790
3.78361148
6.06440382
3.24854388
7.96875000
0.01481628
2.13330078
9.09863032
7.51046876
5.30105717
5.11863189
9.51472961
5.74743683
1.64257812
5.72521942
31.29854278
3.95190492
6.84330231
1.87837738
13.48091644
0.79695088
5.85620678
1.03808594
2.72382951
9.63456892
1.38867188
2.69726562
1.76240996
0.35848023
4.95507314
10.47461436
2.22326629
5.12386258
4.03951019
5.43660461
2.60696920
5.76501994
5.52734375
12.55664062
6.07543883
10.53649933
4.04040558
5.37845856
0.20723480
5.33850067
12.71529144
3.15738642
0.98380804
3.69441711
2.86901762
11.58284783
9.69441711
5.29431183
17.01464844
3.69042720
8.41609929
2.91691101
12.07466644
3.04638672
7.77254211
9.98681516
7.64831450
4.22815159
4.50826019
1.20650238
10.22460938
6.66752106
6.10982269
2.93945312
1.13761321
5.88985261
7.01713043
7.66015625
4.32275266
4.49019503
5.22460938
1.49486308
3.21338888
5.72220856
8.44441711
6.28116883
4.84720856
27.58581450
1.33313082
6.49654144
0.61861176
1.45222961
8.38946366
3.69736923
3.18701172
21.55486199
7.76086768
8.10152191
29.66601562
9.20710993
4.68998448
9.55558289
1.45205854
4.75981493
0.25219727
7.91784575
1.10514406
5.82857269
9.31762633
11.05533688
6.73659877
1.30806488
7.03027344
1.01908356
1.92052942
8.38318151
3.12740082
1.55814606
4.76216644
7.02298981
3.05082059
0.90275210
2.91654449
4.13525266
5.35347628
1.04642731
0.88138824
3.88472130
6.36243018
10.28304078
1.34631317
3.96374543
14.83203125
7.58984375
2.16796875
0.02137237
0.18025727
0.45654297
2.88041168
1.34810394
2.82840537
10.63253213
6.37483267
0.97770639
5.11404367
3.96017508
0.52685547
0.58260070
5.99015320
0.37473541
8.45857758
2.78161403
3.65499058
3.38492797
3.04512356
4.37012980
6.42622894
7.89017731
6.64888519
0.54785156
1.36714068
0.49028119
2.62817321
4.14135804
2.66202571
3.63501163
4.36897828
7.15523161
1.24088625
12.06250000
12.63525266
23.04480136
3.61869293
8.85591644
8.61539672
15.91560727
4.38305851
17.31494141
1.64994293
4.68013519
0.05966187
0.01720291
-0.00407654
1.88378906
1.73120117
7.59525543
2.66015625
7.25736481
3.08878601
15.02140071
3.70906804
1.67382812
1.68484164
1.74211879
7.44889406
17.18802638
12.76766179
3.98917664
7.63236481
6.12711547
15.08426972
3.20357269
1.90278148
2.62846852
1.86132812
4.21952239
9.71362367
2.87210716
3.87638741
4.14745845
5.64555089
14.60925200
3.12166445
1.88769531
6.48046875
3.91992188
10.65167099
7.75443512
6.81339539
3.31163897
8.33679853
10.61629211
1.78214539
5.31205231
5.25044769
5.47851562
5.49023438
2.30273438
0.79882812
4.76562500
5.15234375
8.19441711
1.82588715
10.02343750
0.07761627
2.37544769
4.65001663
4.55355607
2.42930229
1.65419381
11.65531402
6.63281250
2.94095856
3.14933289
1.99316406
2.66601562
0.02632141
1.90566559
4.18857269
8.13207447
4.21314037
2.04467587
1.00024601
29.62176752
4.27276373
0.82714844
0.13936340
16.37369750
11.03645875
2.15189606
16.58063886
7.68348071
4.57421875
11.60400266
0.02490359
13.93135528
12.09208222
13.46830231
6.36673981
1.73087274
6.64798981
7.47782690
5.11027039
21.43700798
12.90661901
6.72277925
16.34301758
3.46093750
8.94352172
3.10217254
2.65938386
4.38252217
2.42126994
12.26652039
2.97851562
1.21191406
5.88577904
8.77828346
15.57364805
5.91149933
6.10469636
9.18225067
10.24743683
3.53795047
1.85462765
4.37237756
1.38348182
5.02124023
1.64941406
11.86962766
6.93717531
11.92366578
5.43750000
4.37109375
3.36523438
1.16015625
8.31289340
4.25863918
2.08862367
7.39282164
4.83862367
10.21785461
8.65519226
8.14062500
2.37304688
1.13236481
0.50386566
10.64537608
3.73304188
9.87992215
3.38427859
12.99885860
6.86653812
3.04972351
4.13098324
5.07869882
1.46252659
3.82377106
6.19755097
2.84810394
6.61535240
2.34949135
5.19140625
10.63088937
4.49488364
5.10201019
12.73783356
0.31831879
1.29304992
5.45583481
2.15279144
3.50585938
5.20811836
1.34612145
15.79461670
1.89062500
13.18750000
9.40189606
6.35554992
2.83878601
15.07577515
2.48917664
0.72464996
5.37491135
0.47522689
5.87596919
5.42788177
4.36215979
0.12353516
11.07888519
4.44852629
6.69409242
14.73962433
7.01249114
12.99310303
7.46016511
19.89746094
3.05651580
3.63728447
8.59334663
11.04631752
5.57490249
4.12655474
0.94482422
17.75280731
35.44295102
11.42334109
6.91158051
1.53234894
22.92480469
20.85811060
13.82670323
1.21057098
7.00598238
8.54901486
4.49741245
3.44576019
7.77622674
8.30385139
17.36913564
6.71116357
8.07249223
12.14408356
4.81685394
6.73632812
14.47298094
14.25646942
3.46842531
6.69551419
3.88741245
14.51411459
1.83354166
6.97350420
1.24695478
11.79536957
12.18481383
4.49877992
3.06372008
6.71663453
1.50773133
11.46295934
10.59487355
3.15563996
21.80733059
0.62333347
16.46386470
2.46777593
10.44183739
4.03955452
3.66796875
3.09362700
20.45801882
13.31062805
10.02779144
9.25077239
1.52701906
10.67768507
1.55909075
5.89408356
9.72464872
12.63244349
9.86422096
1.09232574
1.24051972
8.75000000
4.35904034
1.33627216
13.37572308
6.61573138
7.65759308
9.30891844
2.20414339
0.17993164
2.45768188
37.86702515
17.04148272
4.09869458
2.56673094
6.17578156
3.35229554
0.46317535
4.72862866
0.82125720
6.80917296
2.73449800
0.43627930
6.36010680
12.11547914
1.76908356
6.63919327
10.13176224
3.74218750
37.91361481
8.85066711
10.17968750
1.07556183
0.18615723
14.07774602
2.25383754
10.88585844
1.54109742
9.40364251
14.05135195
1.23820257
2.86254821
0.15918031
6.34877771
6.79921209
6.76997894
1.25803557
6.61149047
3.56502382
22.57169493
6.31217531
1.66931183
13.58489481
5.86809286
0.62402344
4.58995679
1.92957446
15.54329344
5.49141511
14.67852508
0.59753449
10.35057846
1.44780197
7.65669769
1.22176086
3.05167664
9.78971188
1.64253878
0.11743195
19.66854064
1.80200133
18.08508394
2.01953125
2.87410461
1.48234070
7.98982602
0.58341617
3.27738309
3.96240359
12.54341644
4.38397829
7.91155363
3.14978058
4.70152664
8.05033356
4.78608600
5.08500775
4.20312500
7.46883117
10.49719083
4.82446476
17.03328430
8.24190215
0.47041902
8.53816711
0.13053406
11.83670989
8.55391511
0.02576690
2.64762328
27.01057984
2.16461949
20.71078014
13.28736037
2.15539395
12.03434452
39.15535461
6.56396484
7.43404144
11.50435394
4.12890625
1.00585938
0.93139025
9.66655072
2.57377106
1.36568207
9.75000000
12.05033356
5.94966644
5.23514739
0.02714113
3.95267731
8.69380707
3.41752106
0.66060394
10.72741668
1.82474833
9.33247894
2.14514129
11.91577211
2.14937223
0.15824496
7.80594116
4.80468750
15.01615138
21.12674895
1.92036085
2.70818262
1.35156250
8.90775543
4.22078181
0.68591589
11.44456100
10.36692249
6.30558289
4.75781250
13.43925933
0.43778535
2.53751025
2.99862256
0.66162109
9.69531250
4.22867797
5.65759308
15.96784073
23.62398161
3.76363253
4.28906250
0.59326172
6.02660572
6.02580272
5.64542664
2.45943207
13.15535461
9.80423981
6.08728058
12.73669216
0.91048343
0.75219789
2.56054688
8.40429688
2.84179688
7.94051086
1.82999695
7.73925532
16.05814606
3.73775487
4.94637024
33.25646942
3.33968140
12.60156250
6.68164062
4.11372894
9.63012633
4.31404477
4.47770390
0.35502106
12.78283660
4.89562833
11.54316787
12.37553136
9.33158356
4.58459442
9.61897828
4.16060394
0.54740387
1.54252106
0.94868988
4.54195036
3.95804964
20.44880541
11.89343916
4.47387633
3.44079621
11.68493683
5.38671875
3.11914062
2.06054688
6.88520834
3.19291666
4.16015625
14.89664672
25.41450023
11.62385860
1.58061945
2.16406250
0.40071594
0.01014222
3.00565582
3.03515625
4.53515625
5.20681960
1.58134751
5.62455231
7.22444703
6.73046875
0.95995969
1.02880984
1.55371094
5.30716949
12.79723654
4.90987588
3.42283162
3.43060283
5.80415863
9.21785461
1.73722351
6.87253990
1.57232490
40.07661957
7.91601562
3.34960938
4.39453125
5.28515625
1.44896277
7.84355828
7.76802582
4.02689606
7.55904144
9.38498464
10.41199135
7.24007203
11.69966644
3.06205231
3.33878601
8.12164451
1.49403756
2.62695312
7.25390625
6.38020501
4.07682624
7.25691711
2.36612976
9.84134420
1.36914561
19.03307514
9.67786236
9.64871787
12.16429854
9.48430629
2.91406250
2.63699413
1.99581837
5.76562500
11.84720856
2.67853862
2.03382313
7.97265625
6.68457031
2.37410461
0.69917816
3.63281250
3.98152649
0.93542512
7.51863586
17.22016144
11.08443207
4.52343750
2.71724457
8.26908356
3.84615082
8.03592864
14.16585328
14.95551087
8.42819702
3.45943207
0.00410080
1.12158203
8.88102172
9.30647828
42.78369016
2.02640902
3.71724457
1.15063477
3.32226562
10.81070922
3.86328125
12.47733489
0.36287539
8.99654144
2.84045379
8.69856750
12.23160018
1.80941544
2.95642121
18.08653674
2.78467420
1.29199219
10.59922134
2.61325851
2.25474290
16.40847851
1.07093002
20.30646893
4.20281028
3.63850953
1.36568207
6.55468750
25.48437500
4.10703003
1.77077852
5.14983488
2.00089539
16.50555420
2.56490082
9.15279144
1.57708740
1.74414062
17.74385528
7.30379211
1.06713929
3.86958832
13.10111481
18.55772275
30.73133975
6.71590149
6.85937500
3.18688996
1.39160156
14.87890625
14.02273560
12.96634918
9.07031250
3.44291168
5.09350399
15.90905917
4.73571808
4.44608489
1.21496675
0.70707184
0.01941437
4.70934841
19.79321476
6.40791778
4.12422761
0.20548492
18.62935394
11.52830339
9.55554853
9.35681183
5.75964155
2.84599844
8.14062500
13.67956450
5.62585107
13.90739114
4.06951530
7.53906250
5.57906471
3.65429688
35.64843750
7.52343750
1.94088745
16.52766844
10.14766511
1.98189301
4.28148106
7.52125332
1.67195617
12.66495789
2.61765335
3.04982712
0.01158142
1.69649075
7.89000998
4.12254946
11.47656250
4.81481716
7.88741245
1.49039423
6.54468085
44.68509918
11.01635742
2.99233988
1.67341837
5.60847961
7.55301972
4.78816711
2.77628601
12.87141844
12.90547761
7.46093750
5.52388519
4.27689606
14.70747894
9.62410461
4.33292664
8.51562500
9.21170989
7.15791778
2.82328402
2.34224457
10.90063165
7.11889960
14.37064606
1.28962572
2.59265791
25.62845856
2.02632660
0.14906768
2.28259308
7.91841644
1.25100967
4.54875443
16.19805534
12.63484929
14.25447695
3.54040558
5.25781250
3.40785736
6.12064606
12.67187500
5.47310394
0.21191406
2.03080231
9.13716644
10.43648161
0.57328402
2.62109375
7.90144836
0.09061707
9.40120235
8.38582336
4.72054078
2.80729001
3.16337378
1.35681183
1.16633907
3.12365941
37.35298676
1.16556793
1.69482422
3.72008935
4.15482823
6.34073914
0.97277925
45.42382812
10.87207031
8.27254211
3.41141567
8.44299534
1.18457031
2.55078125
10.76127106
5.62561004
5.91752106
4.41931183
4.58849960
8.30558289
6.22220856
2.15958680
6.64843750
2.08398438
0.85156250
11.68782469
15.59537843
3.45507812
15.56701131
0.41931682
7.23649047
4.48225953
0.32836914
2.10428863
0.02254211
5.99173981
19.70389739
1.34822695
1.69335938
7.80098294
9.73807956
7.60156250
11.94685229
4.48869459
0.01295471
3.77856445
6.75415039
13.13281250
10.62682514
1.51379986
14.47477172
4.99218750
4.16585328
6.22086547
0.26155640
17.49613309
19.95280031
12.30647828
0.16345215
9.78125000
8.58133755
3.84879765
7.82332336
2.88329954
6.88582336
11.25673981
9.74944675
1.35013824
7.86328125
4.34419769
0.19850522
2.31290835
5.93314606
16.42195617
16.61517303
4.06909242
12.83520446
1.47269559
7.22916002
8.09831560
1.67517121
1.73486328
8.98111626
2.90584663
2.98392731
3.73823693
5.06352089
3.82995512
0.52254336
0.09366852
1.18603391
6.43668578
4.42008422
0.66373906
5.43794769
13.51912290
15.03702571
0.72314827
10.49625610
0.48665406
9.44982381
0.52637093
2.65319980
6.68481383
4.49442597
2.42818207
2.40535461
1.94718445
10.36600676
0.47188386
10.08890049
5.15625000
1.88802249
10.48693817
0.87683137
1.50540607
7.78890514
1.08487976
5.62890625
3.87109375
5.28202239
1.18477449
17.17979950
3.49609375
10.28906250
0.86185450
0.07613378
2.58593750
6.36718750
5.68314606
7.66316711
2.30407746
9.92097961
1.41300476
10.14062251
9.15560062
1.85026125
2.67382812
10.83491973
2.58186890
11.26216644
0.08811432
2.27132078
8.19889406
3.78169769
10.92488586
11.57812500
5.11059508
1.94995179
1.37784851
9.11183955
8.61179327
2.53230774
2.19230164
6.88146942
7.59118683
11.18626995
1.11451130
10.38277067
17.88114472
5.60034242
6.19787567
13.51114805
10.13818484
0.13484711
0.91837337
2.21057347
13.08593750
6.36763519
7.26383422
11.86601173
16.29252106
18.18827239
9.73283023
19.51562500
7.08850067
8.53995789
1.86523438
9.34842864
5.31563386
7.30745235
4.18518284
1.17871094
6.71260528
3.77286680
10.16853945
4.60049978
6.31600288
3.71195589
12.23901429
0.48828125
2.51660156
7.88317778
2.84387300
6.35156250
2.56445312
0.21362305
2.22610110
1.60251218
11.71875000
3.82963043
0.95361328
2.98437500
8.82234680
3.00915558
11.31852172
16.42899380
14.00101839
1.65088015
6.44140625
5.57812500
1.90234375
13.51220080
5.29159131
4.60546875
6.74173981
2.48376496
2.59765625
11.83357727
6.88236481
2.74503601
20.03560394
15.04597961
0.05737983
8.68493683
3.12552638
10.35103612
1.12483703
5.82857269
1.34952820
0.85111481
5.39843750
16.28734043
8.60291555
19.42317968
12.70251496
9.74295989
12.65942445
2.53365082
1.05163543
3.98007233
2.83210993
3.31046819
0.45727539
7.35910905
0.50763075
5.06941711
9.01306183
16.21655087
3.49633976
14.15970856
0.93119293
7.04536957
4.60021942
3.43733765
0.11218262
3.36132812
14.61660683
0.45370567
0.23352051
4.33011871
4.35201019
15.53381317
18.58158356
13.27986259
3.74101174
0.20292145
1.42862976
2.53954954
1.39457308
11.65279144
8.02945922
1.08479859
1.96972656
17.80175781
3.06941711
3.00089539
16.83760528
1.17321808
1.19718445
5.78906250
8.62500000
8.92533356
9.92622894
16.86507648
7.02554852
17.35457336
2.92862976
14.53881649
0.96285128
15.48270722
8.79199219
3.91857879
7.89587433
2.38627106
1.68794769
6.10445036
5.77054964
2.06205231
13.44441711
17.50690714
0.77763907
4.96439606
0.41943359
8.40702239
9.77371787
2.06245568
5.37053302
6.09285461
4.60502106
11.51472961
6.16116468
7.36406360
2.13476500
9.55993683
12.71857270
2.77931183
2.54056793
3.68536958
8.59046874
0.25244141
2.96687805
4.84464539
11.86795989
12.99833222
1.09855164
13.07775599
3.19177526
5.72562279
19.34334663
11.77868683
8.89127438
3.57312167
5.30456450
4.03572695
3.04031195
1.98312555
7.85945617
5.85156250
7.76127106
5.89107269
3.24625610
4.29956117
14.44877106
10.25861924
12.03477727
2.33461435
5.73828125
1.59952820
0.58622192
5.57857269
6.21183289
11.87198914
1.12748199
19.43230194
2.87455231
6.60969969
9.67622894
0.23160890
21.60205078
10.61975067
3.91707336
3.03153535
13.94148493
0.47111273
17.63195147
5.55373727
4.27258643
5.46708222
13.99641844
0.60315035
13.34866468
5.44821032
1.85449219
3.13438664
1.04831172
3.75284851
5.12202350
3.64706006
1.32076019
5.36527496
11.10579344
1.01574800
5.60892731
5.79594690
12.45179188
1.79101562
4.74820922
3.62048371
1.87251801
0.43701172
15.24123733
4.70792664
11.68750000
0.06520600
1.85546875
10.92305076
8.38871122
3.87529033
0.45796723
6.74686614
11.92805408
7.50867353
0.04904175
9.76338653
15.45495512
2.66056460
8.17968750
1.86523438
11.94787567
3.20237949
1.65166500
6.80257203
1.70996094
0.01373291
1.01464844
6.82377106
3.96359875
5.34950132
0.60206075
8.41752106
2.01395722
1.79740387
1.57466644
10.79620361
12.43212766
1.90531527
2.21679688
17.20902372
9.30419548
2.35050975
5.95662414
5.30387328
8.12064606
12.10221188
2.36531804
1.30273438
1.69742797
3.26005097
2.01953125
10.15767177
3.10555241
10.74453491
9.34631317
9.21618683
0.07434082
3.59765625
1.76855469
3.79599652
3.62897051
9.76652039
9.30904144
7.66560727
1.08972324
8.54854278
10.80691601
4.05469747
9.30969083
6.67974624
14.34650043
10.12748199
9.83577391
5.46752992
4.77478058
3.50000000
9.17480469
6.18359375
17.34708555
12.84822695
2.40625000
13.05163232
0.47034034
5.14534298
2.62418827
18.03320312
0.24538490
8.73335661
8.26343085
8.59619016
12.54789339
3.53885085
1.69597185
15.98091644
8.88281250
3.18404144
6.58104721
2.16895279
7.94429411
3.32877687
10.02254211
0.52421113
7.32701796
7.88391954
15.40401703
11.60143950
9.44889406
3.51004599
7.12170877
12.31163897
0.76213209
5.50744598
0.11271055
6.36385195
5.54443359
15.86010742
2.21093750
16.72643950
7.07434175
16.03383934
12.87935394
15.45406098
14.80725067
8.25154477
2.09550144
5.94584137
7.40380859
14.08247894
7.73437500
2.40686004
11.75870789
3.08024047
0.63065644
1.79113365
9.05261635
1.03613281
6.29422817
6.64945589
12.35860261
5.84159021
1.82397772
8.97355164
2.18164062
5.53548094
0.11722902
8.61124197
5.18075022
12.43407580
1.26807264
2.61718750
3.60025876
0.86653812
10.76671211
4.46766289
0.62748199
8.13923759
8.02354057
5.80251329
4.26774047
1.28901942
13.73482519
5.51517731
17.47009308
3.11088043
6.70747894
5.09183746
3.60266113
11.30545989
7.92765071
9.60103612
2.19058705
10.55210293
1.88761414
12.96097186
15.98104443
9.80712392
12.39828014
10.43350946
2.18941378
6.54398714
3.58923371
4.55033356
12.80997742
1.09427887
4.41451019
6.58850067
0.71423371
2.39994293
8.99820922
0.71187223
6.18640292
6.34720856
4.04874695
6.57767731
17.13191711
12.48697751
2.68579288
4.79483821
3.20621952
12.21813996
1.89318817
3.06774933
11.68456782
1.72318761
8.75373892
3.04313608
7.40555630
1.68091007
11.48347961
7.05513519
5.64245014
1.70956006
10.87845856
4.48181183
5.01749446
7.79109929
3.97611481
8.40445922
12.98087461
7.96976839
14.84773493
7.69254765
3.05135195
12.66601064
7.36133311
4.78515625
8.94441711
5.31933345
3.65136968
5.60554743
0.36312140
3.39257812
13.40087766
9.82198028
3.04455411
8.42313940
2.14530364
5.71451906
6.49206450
7.34822695
0.21162934
0.35428863
2.56205231
8.39998227
2.38850205
1.37309618
3.21785461
1.56224776
6.78056626
7.16451019
0.12377961
1.22631836
3.11869293
11.01037567
11.85847961
15.83337433
0.29341644
12.77808136
3.34765625
12.10253906
15.52697723
10.37438996
1.48847527
2.23632812
11.43045989
12.42036957
2.55065825
2.10827792
3.80619293
1.58736176
1.62695312
6.12992340
1.52687020
1.45365387
10.19954344
6.35860261
1.47941101
2.46244293
9.77689606
1.40210999
11.88337323
6.14787677
6.99609375
1.82438110
0.29888131
6.29642731
12.17136627
6.96386470
5.68697362
7.66066498
2.68314606
10.01127106
2.77628601
6.02298981
6.65567930
4.83044216
5.33663120
7.91508089
13.99247254
8.06372008
12.56518617
2.25781250
9.40189606
14.89062500
0.46724270
2.76196476
8.96875000
6.28503325
0.72916750
2.92232269
0.77156555
0.01194275
6.67399047
14.69966644
6.84619016
0.21594394
3.50528868
8.28649933
7.41666002
0.67534103
9.12845856
3.71333832
0.04175812
4.99654144
3.84423828
0.48954254
6.96439606
0.12215180
4.47310394
2.50976562
6.50781250
2.84916168
1.17134115
0.08398936
1.96777344
3.89672540
2.13212378
2.39888519
4.08394130
11.25626773
2.58036347
7.75870789
6.87544769
9.96504544
0.33276554
12.85420175
6.93547318
2.70693762
1.00526429
1.51171875
4.99324524
2.40775574
1.90926086
3.47355164
0.23718262
9.30814606
3.64107269
16.76239014
9.72863365
12.78225213
1.36499542
0.38452148
5.25602172
3.87243683
8.66983821
1.05619542
6.80725067
2.10876496
3.17923981
0.02773041
1.35839844
8.51126109
13.23304188
6.46573914
8.54650599
5.69267065
2.01293883
2.61356660
12.53560394
7.53906250
0.84179688
4.61673981
9.52583832
6.73828125
9.31941711
13.15298316
0.38013879
8.24755859
1.48925781
6.31250000
5.81986481
6.91015625
9.11568207
2.87170379
1.44274933
9.96785461
2.15323914
3.75541168
3.28560394
0.08809387
0.07029236
13.04943817
7.66813110
3.35380097
18.25000000
12.29418883
11.35998504
6.18672761
2.17277039
2.08878601
3.37280087
0.16386081
4.60892731
5.60892731
12.11283356
5.66975953
6.57812500
10.29687500
0.17956543
3.00301086
5.39542664
0.26342742
10.85156250
4.93750000
14.21228058
9.17578125
2.29838043
0.19036741
0.50976562
1.57222628
0.01953125
7.85262024
5.39062500
13.97656250
8.20222961
1.76350953
6.09151153
0.13456269
8.30537622
1.03027593
18.74084442
11.17622894
10.13627106
7.78348847
1.94779449
11.35681183
4.56013852
6.44812167
16.33504211
6.59419769
1.76436309
5.49051972
5.38764850
5.43266400
3.17622894
13.82185727
16.26244681
3.89323249
2.35209386
12.07466644
1.22253325
0.67346285
1.58203125
5.31640625
1.57908111
5.66752106
18.15964429
4.16937610
2.70800781
2.86132812
4.97208555
18.06575594
0.94270626
2.02201573
7.47220856
4.43180297
13.82315603
1.79822307
8.98783356
0.21411133
2.64888519
10.47912567
7.05725067
0.29907289
6.41271942
7.10097186
5.36899822
4.71842531
0.37227387
10.06160461
0.01835144
9.21634918
7.32547319
2.98344525
0.34314058
7.05175781
1.72416168
3.88326019
18.84743225
0.70918606
14.47591312
3.67789672
2.25179078
2.99023438
9.22745789
5.97420102
4.44722628
3.10441101
3.69921875
4.04687500
9.63834220
5.55607491
-0.01055633
0.38484493
8.91866245
15.54882812
8.71529144
0.04085785
6.11283356
17.26127106
11.96695984
14.17622894
0.17362457
3.29992520
0.42854984
1.53710938
3.35952738
8.19666555
0.74654144
11.28421654
0.67842995
0.52498352
9.24308289
0.31644684
0.07391357
12.28189938
7.31185062
5.97912567
3.67650433
12.23181183
8.59498005
9.87544769
5.55814606
2.67968750
10.01562500
9.22031916
6.05656693
0.53801473
1.81152344
2.41632080
8.01562500
10.24820922
11.68611259
2.27482491
11.44238032
5.98083776
5.71484375
12.10502106
8.99413564
18.86808787
1.51908356
8.60493988
6.33873671
4.17253435
9.60066711
1.39416473
14.81083222
1.47505707
16.49873560
2.64827765
5.96215758
2.99336824
18.74827793
0.38042414
8.69799867
5.57678192
1.45686890
13.27783203
8.71752930
1.11718750
4.84765625
3.62064606
0.00853485
1.69604492
11.93314606
2.45357269
14.29809570
8.35847961
6.74584774
2.88102421
0.38191711
7.87475399
10.09053745
1.04927582
4.48693817
5.83374023
3.61853058
8.57800200
11.87053774
13.07815936
-0.51077654
3.72582447
0.68628490
9.51898494
4.50835881
2.50976562
7.18660461
1.85786957
14.95019531
4.53861481
1.48917664
4.23468972
2.95447805
7.20145722
2.10742188
0.75996731
11.98103945
1.35079011
8.42789672
3.94515015
13.75256317
6.15368683
13.05179840
1.44531250
1.99068207
15.14050200
0.40686129
1.99316406
5.99519836
4.43321975
15.64725808
9.30616356
1.00097656
4.94140625
0.02500397
14.19576019
9.76127106
6.88716644
8.40197723
2.69230164
3.37845856
8.25345856
9.15714539
14.09614425
1.31730164
15.44095856
3.03482159
4.19955341
0.40332031
10.94683733
3.24668439
3.49202515
8.68750000
1.48482269
0.96109735
0.63411749
12.30106598
7.55122894
6.74084442
8.82466644
0.76163633
0.59033328
5.45133422
3.36702515
11.64229278
0.46952363
3.02884918
11.74218750
0.72241024
0.35770847
10.76269531
6.99910461
10.00000000
3.64241578
4.04675200
0.50647066
7.03771942
2.00195312
4.69274933
4.46004211
3.48624446
5.97363530
8.39408356
8.32466644
0.48400723
0.14257968
9.51908356
4.85201019
5.35021942
0.06103547
1.56009918
7.23242188
8.58158356
6.95267731
0.89672883
2.34960938
17.20568817
2.13806183
0.67333984
5.85823360
6.49678745
9.28560394
3.73437500
1.52750610
4.54252106
1.74247285
0.22766113
5.64052638
0.96555241
14.12589539
5.24865692
5.92555787
14.08593750
18.14037899
6.16552859
1.17065492
8.07031250
7.84350399
4.88834220
11.93823803
15.24654144
0.18094879
6.29329344
2.61865359
1.60742188
4.99987700
9.72579011
4.06461547
4.00524933
3.88102172
2.67598294
17.54980718
4.83802045
6.35648714
9.92789672
2.22835328
0.05221558
4.96004211
12.89497894
8.98144531
2.09647551
3.83488039
5.90234375
4.07421875
10.46748560
0.34745581
15.17142731
5.25826019
1.64310699
3.94441711
8.15714539
1.78613281
7.59830563
1.16996433
5.85742188
5.42968750
3.43119293
9.60786957
2.95267731
10.11490470
14.22331061
4.17155031
9.12935394
5.16406250
2.67187500
2.77119155
3.09111314
13.09452239
0.46504793
15.43375610
2.96378601
7.43404144
4.31595856
12.03409851
10.84375000
8.57091513
1.27176972
0.05021180
5.01464844
3.81054688
19.89379821
31.81925476
18.37972047
4.07242797
1.03942902
3.67773438
0.46093750
2.36335993
9.09389739
5.43446600
4.80603058
10.05757660
10.41227172
19.85432984
8.12845856
2.60786957
5.48783356
11.22310394
12.96477949
3.98008532
16.52510528
6.79174867
2.93798828
3.33984375
3.66556793
11.44339872
0.84940644
3.90352449
0.55314148
7.32128408
6.73588541
4.82857269
16.02689606
4.94820036
4.92334109
6.87109375
0.60180602
1.51843293
15.91100732
5.79512854
7.46093750
0.57893922
1.75683594
5.46529144
0.11840820
0.19551450
4.60111481
5.40425753
10.87500000
1.98872894
10.25796986
5.92931849
4.28972185
2.86478668
12.89982849
12.79663024
9.05391511
17.81490082
15.40010528
1.37723847
7.78861481
9.49065715
1.20660848
10.76037567
6.04085328
1.66068512
1.73396820
12.15832115
0.97697335
4.73437500
9.96960283
5.25956892
2.18359375
12.68225067
2.47851562
0.78259308
15.76354887
12.74938498
4.56368572
16.71484375
8.38362578
4.97851562
6.13793883
14.67289339
1.26004171
5.36450133
0.43192597
1.16894531
7.97611481
13.96183289
6.56640625
9.08158356
6.14733046
0.42298204
2.31070922
0.26371308
7.33861370
7.34498005
1.64453125
11.61655254
1.19940602
4.95324676
