0.04508422
19.11507203
14.04687500
8.73417902
9.75781250
2.02148438
7.68750000
3.23840332
4.19685727
1.61759585
1.47753906
10.34439938
6.20638187
7.40625000
9.33094276
0.29967247
6.64453125
0.00503922
24.62713623
2.67219969
6.88069703
11.91992063
0.92806156
19.08854001
17.09456048
10.65430186
0.13830566
1.82324219
3.78710938
10.33414672
4.25569703
9.99039672
4.52913453
4.63134641
0.36914187
0.97330688
0.26741578
7.17968750
10.55891844
3.25309328
4.07812500
2.73828125
11.65625000
0.83398438
13.12190672
2.48405031
1.77832031
0.75439453
2.45930907
2.13834718
1.48535156
1.58047838
3.35287123
16.65266844
11.22643661
25.03287843
1.58789062
0.78125000
7.01171875
0.03781128
4.12109375
16.99641844
7.92251441
7.69629654
4.61344858
2.17757203
7.38671875
5.68359375
1.51562500
2.59179688
4.78906250
6.98274158
3.73991467
12.90625000
1.97525876
0.20809085
19.38818359
12.55963653
0.66301972
11.96005821
10.18391844
11.35289780
15.00456560
9.38094330
1.10195160
8.20735594
5.54475953
1.56819703
9.13077571
0.89168523
1.82324219
6.50423094
5.31998781
7.75390625
2.00390625
8.43619127
2.30990248
4.00186759
5.56220348
1.62597905
3.16406250
11.88834220
3.84078346
0.22424348
1.57226562
10.30460570
5.45094087
1.02230376
2.63900155
9.55859375
8.55891844
16.27896720
8.93033688
5.73568373
9.34375000
0.82552000
6.90201906
6.31250000
6.00032469
10.92348532
7.47656250
4.92578125
1.96582031
6.49641844
7.56998781
19.75301086
0.42838562
0.95382963
4.60010638
2.81640625
8.01806516
1.27295046
9.92610594
14.40078901
0.55787067
12.77734375
1.44075438
11.01650575
6.52734375
0.77050781
0.05462646
6.35546875
6.65689938
1.08431156
1.04003906
10.64408356
2.55855316
7.33203125
5.04687500
3.02929688
19.56770501
5.37760749
7.68782469
2.95621579
9.44824468
1.92773438
0.38989258
7.14062500
0.28100586
4.12174313
1.26106937
1.59667969
2.32226562
1.35839844
0.89062500
5.08768551
12.85091312
7.30859375
3.05078125
1.04296875
5.43359375
6.21484375
7.61360594
1.52734375
-0.02449461
5.68782469
1.96061281
18.68391844
7.13053468
15.08788813
20.13296986
0.83871232
31.94433594
2.89062500
11.88849956
3.93571919
0.58995194
0.54041916
1.57226562
12.50217421
19.36891954
0.15148926
7.16210938
2.15087766
2.47607546
2.01953125
6.17628622
0.00348091
1.59179688
10.94466063
12.58642578
4.83951906
9.68135528
1.71024629
4.57112122
0.36694336
6.08593750
14.22736924
5.82731826
4.33203125
10.40625000
1.48242188
1.51562500
5.12239251
7.10807624
10.06250000
20.81640625
0.86702391
1.48502687
1.27246094
0.88216063
0.33610109
1.11132812
17.24583466
3.16764406
2.91456449
4.03304078
3.46679688
3.69140625
0.45605469
1.53320312
0.78466797
4.23347961
0.16605652
0.88330078
8.48730469
6.35318595
3.17025155
1.88378906
5.35937500
3.74804688
1.32519531
10.87500000
6.03580563
1.75260251
3.39355718
2.35709718
5.12109375
1.67089844
1.29296875
11.94531250
0.99820797
3.72591312
0.93408203
11.61718750
0.99690672
4.74397828
8.02359486
1.25960826
0.83284547
6.01953125
3.58626219
6.14811281
0.64257812
3.09179688
0.56738281
0.01511383
4.73437500
2.63671875
7.44628657
4.58496343
4.08398438
0.30859375
3.75390625
0.28564453
2.46321532
3.52311281
1.28515625
6.06168329
7.07258533
0.74366107
0.83902829
8.02278812
1.31445312
6.16048094
6.74967531
4.56250000
1.10351562
6.47656250
6.30027205
5.40285295
4.75871218
0.06233274
3.17187500
2.08203125
14.82454344
2.94108156
1.69628906
8.72656250
0.08581543
3.96093750
10.99641844
0.51285890
0.97998047
8.79687500
11.03775876
4.27278812
5.97265625
3.93945312
0.65429688
1.93178677
0.33050143
0.13407410
8.95914672
2.46468140
0.83300532
3.12207280
10.10937500
0.47664243
0.30582828
11.28277588
7.31673094
7.72721437
4.81750321
4.90234375
1.58203125
7.90625000
0.08526611
18.43391844
6.19042221
1.82097185
11.86116204
13.26253546
0.73323609
5.58789062
1.88964844
9.48555851
4.44531250
11.62320922
3.92757203
3.13085938
8.44954344
5.42284907
9.53934287
1.64099900
0.22949409
7.65266844
8.03483156
11.50000000
0.68359375
3.51953125
1.52050781
7.08235594
11.41177970
11.88867686
1.13427236
4.21289561
1.53125000
6.53125000
2.66601562
2.15625000
5.28320312
6.30078125
11.97192383
14.68359375
3.44897461
5.64062500
5.52391955
2.51123670
4.15516151
0.69542442
10.58593750
3.06868407
0.32511476
7.20312500
0.90527344
6.19742797
0.26529969
0.06901062
0.10467529
7.97265625
2.02539062
6.25390625
10.34146969
5.02278812
7.02416992
15.71093750
4.01953125
3.89453125
4.70312500
3.69140625
6.96484375
0.34423828
0.22310301
6.71061281
4.53125000
4.60546875
7.80468750
2.63883297
4.60091312
3.33007812
7.80273438
7.96484375
2.83789062
10.23437500
1.00000000
5.15917221
5.76644171
5.46501108
0.50439453
1.10888672
4.06835938
11.84472407
17.08170656
8.02701906
4.31672596
2.49609873
10.74153812
3.78906250
2.58854001
4.48372562
4.94140625
5.60546875
5.41796875
1.91341063
4.61686281
1.90728760
0.21952145
0.82356937
7.73046875
0.03796387
7.97070312
8.46375526
0.20213829
13.36718750
2.69335938
5.96093750
18.54491689
4.31510749
2.98763187
7.42187500
3.22851562
5.58626219
10.17545656
7.97492908
2.84343029
1.49511719
15.19559287
8.47237588
5.60283634
13.44989804
0.12105223
2.44498781
8.04003906
10.93080896
0.31723791
6.72509766
1.70800781
3.83593750
9.71875000
2.20703125
1.16210938
1.58398438
9.31160461
0.31437195
0.00617981
0.58203125
0.99527272
0.90756122
2.45507812
11.17187500
6.62019836
2.76652039
3.07047485
4.39664672
4.28873781
8.61572266
7.65266844
1.18815187
2.05859375
12.71516844
23.26920656
4.00032469
0.95573000
8.17252438
3.59634752
1.22136247
5.73785864
24.73661275
1.92415282
4.12076906
11.01985594
2.06608156
6.20377438
3.51692874
5.98046875
4.04687500
5.31250000
15.92740470
5.81771249
13.31298828
1.23730469
2.04492188
6.53906250
9.31250000
0.15307617
0.00592041
1.35937500
4.63012695
15.65625000
5.54492188
2.31282469
10.16546709
0.00535843
2.43359375
15.21679688
1.10742188
12.28564453
4.44334941
0.13282247
9.72019615
1.48292885
0.48853390
6.17513187
6.73437500
2.06445312
0.93701172
16.74327557
12.74495609
6.68359375
0.09113356
1.42545656
11.21939938
6.35123781
0.17740968
2.24609375
39.42439696
11.02978516
1.82975343
1.85384032
11.28483156
0.02879333
4.48828125
5.70735594
0.14506105
2.83984375
12.67968750
19.96158688
7.53092531
12.05826906
21.79750444
11.79103556
7.71028812
0.19552700
9.39778812
3.96484375
7.43782469
12.39908688
2.13053468
6.42513187
0.88964844
8.21875000
0.30493164
0.55777704
0.34749640
1.19921875
3.01562500
1.05566406
9.59375000
8.70377438
2.28060062
0.42724609
9.17968750
4.82729832
0.63754543
0.13452148
5.21875000
0.83600998
0.81203887
3.01139406
13.01562500
2.14257812
8.71581782
12.33656541
0.34727497
7.02327017
3.62126108
1.44042969
9.66829344
3.91764406
2.98046875
9.67187500
7.69140625
2.66412354
6.33984375
0.83186766
4.76953125
7.57454344
1.96614749
2.99609375
5.69905516
4.08344660
6.51400155
3.09765625
5.43001219
9.33593750
0.92477770
2.23926529
3.97265625
3.51562500
7.82031250
0.08762572
4.29866578
2.49023438
1.00097656
0.00691223
8.28125000
1.96972656
1.68359375
1.99210446
4.07747562
8.46187258
2.21679688
6.20312500
10.08593750
0.28100586
0.04507446
3.30468750
0.60986328
4.17219969
1.57682375
4.99218750
8.92187500
4.25390625
7.24641844
4.13834220
2.10156748
10.62564938
5.20068484
0.24788453
2.41062958
3.65431183
5.42606162
0.29659463
12.98535156
4.74576657
5.36653812
5.85546875
4.49609375
2.87695312
10.91829344
5.80468750
0.72086672
1.68750000
9.33593750
0.18208739
6.96451906
10.83203125
19.85693658
5.31126106
11.28567266
3.40182734
9.99218750
4.51171875
0.51708984
0.04995728
4.86099845
3.76367188
4.21712655
9.08789062
7.60937500
2.84570312
5.08203125
0.06045532
0.58544922
9.04694371
0.61532801
1.03597047
4.85343258
20.60920019
5.35271387
4.01953125
12.47721188
3.75325687
9.45735594
7.04069093
5.49609375
12.81314938
4.29231937
0.26179930
5.36295656
4.98046875
3.56640625
6.13012633
0.29866516
10.09733156
16.32747064
1.33952155
15.40364251
2.13932624
3.09179688
1.80468750
14.64257812
11.14973626
11.37370124
1.88867188
12.99495360
5.82812500
1.98405031
13.45737120
7.64044770
2.43344636
12.54687500
18.53320312
5.08984375
0.94229728
2.51009530
1.64746094
1.18945312
2.07421875
15.25781250
7.75064938
0.79183109
7.81054688
7.60082759
1.81738530
6.09586547
9.48616578
4.36229721
8.29785904
2.92187500
3.02929688
2.52148438
4.34407469
13.04394678
0.93328094
0.95605469
5.69095856
0.63277191
2.80273438
6.08298492
3.02343750
1.73535156
1.86718750
1.71223875
10.85937500
7.75358156
0.67066883
0.32048108
0.76708984
3.54101562
9.07812500
6.45735594
1.42252687
5.02050532
5.01025141
1.79720467
8.97233156
15.66503906
14.25732422
2.45507812
14.26582513
4.72916999
6.18391844
12.69889406
0.77001953
0.38110352
11.29394531
2.57518784
6.59896498
2.50390625
1.55924562
2.62304688
5.06250000
0.14868164
2.56378879
1.17644558
7.99119349
1.11818151
1.28413567
9.01432624
4.68359375
11.96514850
3.26141400
0.00616837
14.56893034
3.39974623
13.64843750
12.33854001
1.64583499
2.53515625
5.12500000
6.27734375
16.83120728
16.33723875
19.76719842
1.53255624
2.51171875
10.82812500
0.19384766
7.04380263
0.58480607
9.79785919
1.41015625
3.19726562
4.61718750
7.02734375
13.43750000
0.13195801
14.12500000
1.45019531
14.25000000
7.33593750
0.38085938
17.50715315
8.96834975
-0.08799069
0.77954527
2.11173586
2.24609375
5.52343750
5.49072141
3.49365359
5.19531250
5.71093750
5.23046875
5.11328125
0.01143646
3.90460661
4.00554964
13.27275511
19.22851562
1.87402344
3.53092531
10.28548094
4.14030031
5.11149047
2.90608765
3.65234375
10.01383422
0.21614625
1.06054688
15.26187985
18.90983156
1.74186281
8.40625000
2.49218750
1.15234375
6.50846188
18.28073804
6.24025930
1.70491578
8.12304688
6.46875000
11.06250000
11.85579344
2.55631593
11.24218750
0.96875000
1.35196836
0.25569765
0.69238281
4.02929688
4.60156250
5.44140625
15.24869127
7.34896498
0.88525391
9.73437500
0.71533203
16.52539062
9.38551112
7.10646276
5.28125000
13.80354735
37.26269282
8.83284796
5.27913453
11.76009032
2.00553468
14.50846188
6.44058954
0.11003061
38.97965453
3.55875610
1.83170656
8.66406250
2.62695312
1.49461746
10.56852172
4.72444703
16.38346188
3.02669437
13.00390625
2.22688719
22.84769377
11.24740248
0.83366467
17.82812500
6.88281250
13.27343750
5.32324219
4.23046875
22.24218750
11.04915032
2.30924811
2.24055907
4.25032469
8.32568484
7.59855164
5.06144226
8.41048094
2.21451906
6.77766844
20.70392653
1.88606937
12.41048094
8.27200577
2.38391954
4.55468750
15.23111813
5.57356937
21.25161348
3.15463652
9.32275391
4.11718750
4.40625000
3.64680907
3.75553468
5.25000000
3.65234375
8.65590537
4.73292885
0.67464234
1.84863281
11.71093750
3.33789062
4.78906250
18.62988032
13.62109375
11.21239362
19.02499162
8.63281250
0.88395265
20.48437500
13.06250000
8.43814938
2.31575687
3.10187722
2.72234153
2.41601562
11.98925532
7.79199468
17.94954344
10.80045656
7.88281250
4.27343750
0.45190430
14.78727172
2.01220080
1.44466810
3.73111813
4.61999667
0.86519379
5.39810533
9.34115248
14.19058954
16.37646609
3.79036624
3.65234375
7.75390625
5.45768063
6.12435062
0.14603668
2.71395220
4.23991467
1.52157021
3.27897218
11.26562500
7.57031250
1.63183594
2.76562500
0.91503906
0.43676758
3.23242188
7.24218750
11.45312500
0.88916016
7.03906250
4.01725094
2.29264406
14.01562500
0.58317140
1.33105469
9.94302970
2.97884530
3.91601562
14.74218750
0.34863281
0.56396484
11.27082752
13.32617686
1.18912843
1.83007812
6.43750000
7.32812500
24.65266844
6.53694703
2.93554688
1.91878297
12.53437191
12.17594858
2.20624445
3.95703125
7.05859375
9.69449330
2.22054576
5.91047596
11.86857678
4.17968750
1.30696532
6.96385971
4.86063087
6.96158688
18.50716312
4.11328125
7.86034907
5.36621343
6.40722158
3.65039561
10.33841075
3.79883062
13.75373892
6.85790891
3.57585217
3.52539062
5.04687500
1.10058594
6.95312500
2.07552000
12.40494875
4.49218750
3.32778286
7.63413120
0.51802333
2.25687902
7.62695312
0.75000000
8.99039672
4.73517925
2.38717647
16.09375000
2.11132812
6.88281250
14.95312500
15.14843750
0.92822266
0.08453369
1.91237759
4.26515292
2.26448609
26.53352782
2.43326906
5.41015625
5.81986481
2.72701019
2.91601562
4.59785199
8.32877438
7.98372562
0.83496094
1.17480469
3.81054688
5.67219969
0.60384032
0.10750492
1.40494626
2.92227380
0.83384695
10.52343750
2.32137024
0.60091000
1.89192874
9.64998227
10.37345523
8.64843750
2.84195922
0.88118531
3.76171875
1.79101562
7.68212766
0.17775591
1.98752853
6.47151610
8.21289062
15.33723626
20.08181161
5.78125000
1.41210938
5.71093750
4.29492188
5.09033203
4.61328125
4.36328125
14.93065160
26.20639184
8.41552734
7.79655031
3.64973626
6.76432624
0.12231445
0.37646484
4.30078125
2.33203125
0.20380490
2.56966312
10.37109375
13.70735594
0.46818117
8.16438719
3.20475343
15.97265625
11.51562500
1.08398438
1.71582031
3.33430408
1.67350343
3.96289561
3.58926876
0.11397831
3.32779533
1.55452889
3.49039672
0.83139104
12.15544199
0.77442154
4.75781250
12.82649158
14.06424449
6.76334718
7.83821033
4.42741467
4.54687500
11.25000000
10.89062500
12.66540773
1.17541258
10.42187500
0.70816891
7.14974124
7.50000000
7.01236813
2.78645999
10.54589096
5.82551751
4.64421653
1.61035156
8.24478502
2.41732435
4.73437500
1.91601562
3.47460938
10.12923094
7.66373781
4.68750000
5.73828125
1.55843016
11.54691700
11.93750000
0.76171875
9.66406250
4.17578125
10.42789672
2.48616578
12.76204344
7.39485594
6.82062722
2.16700465
10.80468750
1.44824219
9.19954344
19.70572252
2.41699966
0.09606934
5.30322141
0.04162722
3.39843750
6.58300781
5.57031250
5.62890625
4.58593750
8.38052970
2.11556405
1.25292969
13.18001219
3.90983156
10.89062500
1.95507812
0.59375000
7.15526596
4.05567154
3.20703125
5.81461547
1.39664672
14.18522218
5.36284126
8.90136968
6.10156250
3.75976562
10.61328125
9.18750000
0.27148438
9.80793440
0.59343279
7.48559508
0.56713929
7.17773438
4.18359375
0.02619934
5.40625000
0.68603516
6.77746582
6.03125000
0.47119141
7.38281250
6.01171875
7.00423094
10.28053812
4.48828125
1.93750000
6.61197252
8.56250000
12.27083998
0.30810547
2.07421875
4.22888279
8.80372923
4.84470827
4.21484375
4.02178764
13.53193327
7.62467531
7.62141844
2.83424088
10.40560062
1.44238281
10.08007812
8.69531250
7.49609375
5.40625000
0.49700554
0.66455452
6.21093750
2.61718750
5.03906250
4.04231688
3.22037843
12.44173094
9.60579344
9.25194814
1.64583998
6.80078125
5.42968750
12.02734375
13.26446533
5.24218750
1.78548094
5.05045656
13.44531250
0.83496094
11.15820312
13.11783688
6.85872562
0.66455078
5.26562500
0.32861328
0.13232422
0.11120605
3.24453901
2.43710161
6.67968750
5.10205078
5.98441154
7.98665780
3.41992188
10.02327391
9.41569093
15.79687500
6.52766844
2.23632065
5.60700687
2.17545656
18.35579344
6.17757203
11.88492797
8.08137190
4.92220966
5.92968750
2.17708001
17.33837766
0.99560921
5.44498781
7.90852782
3.58170656
7.22395501
3.64616218
3.95312500
13.19954344
1.75651125
0.30761719
9.67252438
2.66536624
4.57096188
9.27083499
6.63281250
12.81250000
4.15299313
3.88216312
6.99446033
9.13716644
0.18819744
6.68750000
6.07421875
10.44596188
3.06380374
0.38037109
1.92041016
15.43554688
14.65384865
5.73632812
14.55664062
9.95149657
12.31217531
2.18359375
10.21718529
13.93190159
1.84282051
4.74486750
13.55826906
8.06250000
2.37304688
13.30110594
1.53414348
6.97265625
3.20703125
12.28125000
5.57128657
15.12597905
13.71612549
1.51171875
4.12141844
2.11881593
1.23925781
4.99055907
9.99186281
6.42578125
1.30761719
4.86851947
3.62926085
11.47656250
3.56176758
5.21252441
12.98079344
2.50944093
1.00797360
5.34212406
7.74251219
6.41764406
4.23046875
4.25600677
24.03500886
2.04345703
7.33626219
7.80078125
1.82291501
2.18457280
5.60278258
2.59643617
11.85676146
6.27734375
6.81640625
6.02018063
0.91634281
1.22949219
4.51985594
2.13639406
7.78189938
2.30037352
4.07324468
3.13281250
12.73860594
8.56509752
5.10645279
1.99316406
2.05871582
1.08105469
5.72330563
2.89388187
0.40673828
13.86718750
6.93359375
3.88238608
4.58807291
0.63281250
8.04841977
0.22159976
19.15266844
0.83984375
7.32780031
4.63882160
15.17968750
3.93164062
7.04980469
7.37059176
0.53175199
3.01171875
15.28548094
10.46451906
0.00282097
10.19173094
0.47062258
10.04687500
3.75423094
2.07780031
1.11441891
2.30989749
2.56640625
12.04524158
1.41374279
0.99951172
7.02343750
9.40266346
17.36478761
6.34180186
2.28515625
5.96321033
7.19889904
12.97656250
6.93692930
1.78475039
4.32454344
3.58170656
6.69921875
10.72721188
5.45638187
1.67675781
6.29524158
2.27995124
2.01855718
2.66389465
9.19302970
2.72973534
5.57669566
7.17968750
2.12500000
5.37890625
3.01757812
7.14485594
4.86295656
1.54394531
5.17252438
0.18033688
3.06575687
6.40266844
7.62076906
19.27180408
5.98600842
1.96582031
15.61132812
3.99609375
2.87337157
7.84342531
7.83203125
15.22566711
0.56681336
5.09375000
7.75292720
2.69433843
2.12141844
4.66764406
16.02408688
15.77278812
5.99609375
0.18054199
3.51171875
14.30110594
23.06575189
1.43522468
3.91764406
5.39843750
3.47070312
17.13443595
4.84212655
6.51562500
16.93359375
14.63183594
0.84228516
8.20084220
0.85677499
1.45996094
8.70099728
24.72054078
7.99922761
2.77018281
7.54719969
15.40625000
1.15983156
7.73730469
11.78125000
3.27048787
12.32716090
12.75879654
5.22867797
1.01643922
22.31046321
0.20394109
0.84228516
17.37059176
1.21143949
10.05238476
3.58433399
7.26562500
8.62923094
8.85709220
3.24023936
3.30793939
3.24088874
5.48502438
0.08837891
8.49935062
1.56542969
5.71232414
5.73828125
3.34765625
3.79642731
0.33296723
6.22395295
2.22656250
3.63476562
7.30322266
10.99218750
4.07031250
6.64062500
11.91308594
12.31250000
3.25781250
2.95507812
3.73828125
4.95144653
0.99104735
1.84179688
9.65983156
10.64843750
7.34798094
8.51139406
6.42610594
6.83943602
14.07625492
2.80273438
12.90266844
14.92545656
1.97102782
1.78190187
6.08593750
9.68521720
32.67226110
10.50352389
23.87773494
10.86313386
2.98357823
0.94384766
22.21712157
8.11295656
3.60937500
7.20312500
4.18359375
4.06640625
3.55859375
1.49771881
2.37304688
0.31274414
5.72265625
11.74641844
4.48437500
1.90885500
1.21972656
19.22688719
1.58658937
2.25390625
6.53125000
0.09166094
8.56574690
11.31283466
0.70684528
0.11816406
11.13377660
2.51368184
4.29590093
11.06250000
3.08203125
2.52376219
7.92740470
4.37695811
6.56640625
0.15281553
0.58593875
6.92578125
3.03710938
3.29101562
3.08267565
4.17708998
4.71972407
4.88183843
12.64940160
2.03419215
10.29329344
3.69726562
4.14420656
3.67773438
2.05078125
3.50195312
1.89322751
11.10156250
2.89974124
18.46776596
3.66309092
4.58105718
4.21093750
13.87500000
3.75976562
8.78906250
0.07574463
6.76953125
3.48632812
4.24658680
0.45224887
4.43978280
2.48632812
7.62500000
0.09413954
1.64811281
1.09863281
4.85676751
2.02604499
10.72492908
0.96745373
0.07238770
7.06070922
1.20036845
2.24203512
8.26985594
0.76920656
2.30859375
5.84016844
16.14355220
6.88151374
10.39062500
4.82421875
6.54296875
7.29687500
11.74641844
12.33261827
0.04901123
1.68359375
4.05859375
0.17541504
3.41796875
12.21516844
1.25333742
8.50781250
0.10009766
1.40917969
6.73437500
6.54207336
0.55704773
3.07617188
4.32031250
4.32421875
11.57649158
6.65104499
11.72949468
0.81933594
7.06640625
3.05484985
0.11702515
1.87695312
0.00206947
1.61035156
10.72656250
9.08504211
1.67700133
1.92740968
10.18570922
2.81070922
2.06608156
3.03548094
6.38313719
10.11653812
14.91307846
4.31348404
12.90136719
2.03971188
0.21980960
2.41779270
19.18653590
6.18326906
2.86946532
7.28483156
9.78515625
17.48388672
6.79719969
2.70670656
5.89908688
3.43489749
10.46875000
3.24804688
7.98079344
2.91373781
4.04687500
3.11409298
7.60270390
18.32226064
8.17415780
1.34325424
3.34440935
2.15234375
4.94286237
3.79932513
11.75812722
5.68083762
7.14453125
16.51204344
8.49576906
1.32714844
0.00475311
0.05810547
0.02835083
8.54508422
10.20491578
15.39843750
7.01627438
12.54427249
6.93750000
10.61718750
13.97167969
8.11718750
9.45312500
2.16015625
13.13671875
8.34375000
1.42512938
5.03092531
6.93359375
6.11392066
7.29232934
1.83984375
10.94383644
2.55811668
10.25781250
9.39257812
2.38085938
0.12573242
0.54226281
11.07617686
1.12109375
9.03125000
0.84700189
4.27115470
3.41895279
0.65283203
0.24182129
1.81754516
2.33805297
7.48014406
0.75585938
0.69042969
2.00585938
1.06054688
2.79882812
0.56673094
9.34375000
9.59733156
3.24609375
5.01171875
0.03540039
4.31250000
1.20181876
4.42806405
10.99217987
2.52896720
5.51790780
2.04101562
13.23437500
4.93847407
6.05761968
4.12500000
4.91015625
2.96744626
3.53060062
15.13879395
0.09484863
3.98437500
1.72070312
3.20312500
9.85351562
4.26953125
4.10937500
10.74218750
2.51354980
2.65625000
8.75000000
0.41064453
5.99218750
5.27376219
0.16837648
17.67187500
9.34375000
5.72688719
2.80436281
5.68750000
2.89062500
6.53179932
3.62695312
11.51220703
9.95735594
5.83951906
2.81445312
1.55078125
1.99918578
1.76676391
6.16373781
8.42968750
0.54394531
17.85937500
0.03646851
3.89062500
4.27734375
1.87630125
1.12467531
5.27734375
5.10644282
6.56152593
0.82373047
1.77000707
3.87012965
5.66406250
1.93457031
0.00092936
1.18750000
15.87320922
0.12630250
2.16601562
0.95230954
6.13216312
1.05078125
10.88704344
1.04069093
1.28320312
10.81250000
6.03426086
0.18754090
2.19726562
5.13183594
5.46484375
8.27831782
1.59375249
4.66406250
4.63671875
5.22265625
1.58496094
3.76367188
5.57421875
1.89029782
4.01106937
4.55078125
3.76991717
4.88437721
3.76106937
0.16723633
0.95182375
0.97719237
3.71061281
10.85156250
3.99602586
0.49292054
2.75358156
3.13281250
13.75000000
0.01526642
0.04220581
6.51953125
0.10942503
4.01139406
0.21801758
0.01596069
0.99658203
1.36530745
3.93848404
4.41373781
0.42333984
8.56314938
4.44108156
3.73014406
3.08789062
6.41536126
4.30729499
5.19140625
8.99608378
2.78907247
12.16406250
0.56689453
5.21516844
2.13639406
8.03320312
1.47265625
9.74283688
6.32356937
10.98502438
-0.06974118
1.49316406
7.61946033
1.78874279
14.27455627
0.31730164
2.11914062
15.18888305
0.15889527
7.96907469
0.62336907
2.00814217
10.26562500
3.21256344
24.66536126
3.33594248
8.92968750
0.86230469
4.35937500
11.28515625
8.16406250
2.97070312
1.48242188
8.07812500
15.39843750
7.95117188
0.04275513
2.69156860
2.08772828
1.16308594
2.04882812
0.03469849
12.86946532
11.40983156
13.17057800
7.50781250
0.92903563
1.80631593
2.31835938
15.39485594
5.44498781
2.97460938
1.72070312
8.73437500
5.17219969
6.20280031
8.03774380
6.26694370
3.08007812
0.33329098
4.77278812
10.69954344
3.49186281
2.95117188
10.94416380
1.19726562
0.09863281
0.44531250
5.62109375
3.09375000
3.35090814
6.71647468
4.44140625
0.09092162
0.14241578
12.03906250
14.57262846
9.26562500
0.64762453
4.07421875
7.72688719
9.05826906
9.10937500
4.40625000
15.09375000
9.92187500
9.32454344
4.19108156
1.67675781
12.89257314
3.50195811
1.59179688
15.83788564
16.22493905
5.64420656
10.89318817
0.34094269
7.64876219
5.43814938
3.85449468
1.03222656
16.24511719
5.53515625
10.95133422
2.94286736
5.54915780
10.53125000
3.65843201
8.32031250
6.86791992
18.06347407
6.01855718
12.33789062
6.23828125
0.24816895
7.20291138
6.73828125
4.26428223
10.73144531
4.31250000
16.25000000
8.37500000
2.61816406
15.17610594
0.82926515
6.40071532
5.32389406
4.19140625
1.82128906
8.06250000
4.28125000
6.83593750
10.37141844
9.05891844
2.22477172
0.22672734
1.24804688
3.81445312
0.57080078
34.44702148
18.07355940
12.22819841
8.31111259
11.55835272
6.22623781
0.83691406
3.55696532
11.66406250
2.87695312
10.93424562
5.27343750
2.02539062
19.60213470
9.12401596
6.50879654
4.50390625
1.73828125
4.96484375
1.09472656
3.27148438
12.82519282
6.26106937
6.44108156
6.12052305
5.79744570
0.24353027
0.44986813
2.02083499
1.11067625
0.97363157
0.48144656
8.40201906
1.68945312
13.33593750
0.78482782
0.19368780
12.94748671
5.91970079
18.78173579
7.37206782
4.17175542
15.86799424
13.79606826
5.45312500
7.04329344
0.92545656
14.97965204
2.87320424
3.76270279
14.25722841
13.04329344
21.66178468
9.30468750
0.03314209
3.98632812
5.39013672
5.59765625
1.98111813
1.38216312
15.98539734
2.29589844
8.54687500
1.94681793
5.05022995
6.49513962
2.43945312
9.53125000
8.24186032
19.72591312
1.21256344
7.22591312
2.07844969
1.84733156
9.49218750
0.43562742
1.00162843
1.90722656
2.58560783
1.42448249
7.89420656
0.42333984
5.24121094
8.18554688
7.42578125
8.50781250
1.25976562
5.16275377
9.80900709
0.90934266
0.66308594
10.44531250
3.09977172
13.91585328
14.97087317
0.09934396
8.04687500
1.42805907
11.58593750
7.63475067
7.82586214
9.49218750
5.98404782
5.11263187
4.79687500
13.21093750
7.21875000
10.14843750
0.56306634
0.25797858
10.35937500
10.37109375
8.39062500
6.69775391
2.77343750
3.75390625
5.25390625
14.28906250
12.49641844
12.17155031
5.68001219
1.07226562
3.58951906
4.59765625
5.85546875
4.14843750
4.68391844
4.11295656
12.48860594
1.53678468
1.74592019
7.41797872
7.34342531
2.77734375
1.83593750
12.44531250
1.85514157
3.93685062
6.45833001
0.70670905
5.49186032
3.41731937
8.69531250
8.53906250
3.36718750
4.71223626
2.31706061
2.37922596
3.42350842
2.70703125
11.23860594
8.31608156
3.96093750
21.36360594
11.79360816
20.52278812
10.94890403
8.94107907
5.91731937
2.89453125
7.92187500
1.43164062
14.81428455
19.46257092
1.74511719
1.34960938
3.54800643
6.45980607
2.89648438
7.35546875
0.04861450
8.38281250
14.73079344
1.40429688
10.64306516
1.44384890
12.14493898
1.17382812
1.99218750
8.25781250
3.64876219
0.34415773
4.50390625
1.70312500
14.12500000
5.70716298
10.03189938
-0.08829586
13.06830597
19.36325073
2.12573242
3.38118407
8.77701906
6.97566711
2.03800476
2.68196532
2.36881593
0.05438232
13.60701414
12.92319791
11.02331792
3.77343750
7.08414672
8.13460328
2.17382812
1.45052000
3.31608156
3.29492188
13.00781250
4.75781250
2.93554688
3.16947418
2.60298676
10.92968750
3.41992188
9.23632812
1.63183594
1.55419922
6.27343750
4.60937500
12.71158688
2.60872562
1.63867188
1.23925781
2.38281250
11.55580896
0.91684729
13.23046875
3.93066406
5.14062500
10.81250000
1.06998532
6.42903812
3.66829344
5.42545656
3.53710938
6.98046875
4.17770945
0.22463430
11.51204344
11.94840204
9.75049202
0.15722656
9.51627438
4.74349124
7.61328125
5.84016844
1.09000734
1.52734375
8.59375000
0.57006836
2.76757812
14.66048094
6.15592531
2.57031250
6.93750000
2.02823727
16.71695922
20.85431240
4.53550088
2.95735594
2.11198000
0.85253906
11.64127438
1.49935062
13.29687500
4.82633422
6.72123696
3.01822751
8.93685062
5.38281250
4.35546875
1.66406250
3.92773438
3.45117188
16.23046875
5.33170158
18.97347421
3.10087967
0.13190123
9.76920656
3.66879928
4.64403798
6.96709702
2.42773438
0.25162594
4.91048094
1.62996648
4.10229430
5.78808345
3.68261968
8.44303468
8.84016844
2.52433351
2.96679688
8.02343750
4.80468750
0.00387383
1.01301751
5.26823249
7.64062500
11.79654034
5.33236591
6.03515625
3.42872660
3.81361701
4.20443373
4.61751219
0.13151125
0.49267578
1.91464615
9.66210938
3.38931627
10.83333998
6.93359375
4.15234375
0.70914672
0.56477906
1.84179688
2.60546875
4.34081782
2.24511968
17.53254876
5.72200687
0.21102054
5.11066379
2.04558621
0.29272461
6.09570312
3.71679688
10.94531250
0.45694945
0.43440797
7.17968750
5.67073360
0.51481327
1.11914062
2.47720191
4.12077903
5.97265625
8.49218750
6.27343750
0.95963625
5.40055297
3.99609375
0.82682250
2.48053173
1.28613281
2.06445312
0.90344238
0.24121094
4.50633644
1.88819481
1.86100094
1.87630374
5.47656250
4.35156250
3.29101562
4.44986813
6.19466312
3.45507812
8.06867908
12.25488032
10.15300310
0.92773438
4.82421875
4.09667221
0.43848404
3.34798094
2.54948000
3.41796875
3.27343750
8.70914672
0.41072633
18.51334220
2.93978280
4.93782469
0.54801515
10.12923094
7.79733614
5.21093750
14.07207399
0.11689086
17.18342642
15.75049202
4.76139406
1.29101562
5.60579344
2.97819093
1.03906250
8.08657691
2.94662621
1.09375000
5.44531250
10.35847961
1.64152039
12.56673094
12.84619016
0.94938359
8.62500000
3.53906250
7.57877438
3.18807132
14.01985594
14.73014406
0.93261719
10.07877438
1.01204593
1.05607319
0.77511142
1.82975842
1.63899657
1.81217531
3.43846410
4.36622340
0.84375000
8.57633422
1.68505735
5.92122562
1.26269531
1.79492188
6.18782469
7.57389406
9.97557846
2.60059341
2.38281250
1.15332031
3.04687500
3.33007812
0.41597286
0.73844609
10.42187500
8.62500000
1.49023438
2.23046875
11.47004876
3.51157857
0.10089220
7.38181849
1.11655307
10.80070921
1.98958499
3.49414062
6.05078125
0.14367676
5.19921875
11.95735594
4.43717531
2.32226562
12.82812500
2.31250000
6.69921875
4.05078125
0.00459671
3.58984375
4.98989972
1.09514239
2.21325688
8.63005762
1.00748781
1.98925781
11.61718750
3.22656250
1.37808829
1.93392342
10.96875000
3.05468750
1.18766110
3.72981937
1.41699219
11.48437500
3.01171875
1.55664062
5.65330785
2.78809840
1.11442016
4.97640015
7.62991524
0.22117512
5.76497562
10.24218750
4.33089110
14.33593750
7.22819093
1.37353516
2.43056393
0.00940323
10.05110594
5.55257203
0.07143189
2.35156250
8.17902815
5.08854997
1.52343750
6.66796875
0.42936032
2.15755374
15.33235594
9.38118407
8.53841312
3.74218750
2.14062500
2.22070312
2.91015625
8.27188276
5.64608599
1.93847656
0.22586911
-0.01249020
3.53552246
2.39648438
4.77068710
0.23172848
6.94466312
6.39453125
6.45312500
0.00624466
10.62500000
2.58593750
14.13411126
2.58073249
0.21276855
4.24218750
0.76302000
6.28873781
3.65803580
8.58219858
7.31327482
1.39030031
1.28808594
15.25846188
7.78010985
6.97558843
5.82118750
3.06460119
8.99319148
1.72493407
2.60905031
3.26562500
7.18359375
2.81835938
7.48828125
0.02619934
0.00686264
0.01536560
1.35546875
2.34765625
6.13671875
2.91845579
6.52490359
1.27148438
1.45149657
4.94108156
5.58593750
1.30345994
0.86353224
8.55468750
2.07617188
10.17601729
11.00367021
13.19698028
4.06864472
1.68261719
9.78125000
12.39908688
5.24935062
1.83040282
0.15494875
13.92789672
6.11539672
7.33170656
5.62500000
5.71516844
16.33024172
1.51627189
0.57161874
1.35546875
12.43683068
2.87631870
2.95052249
10.99218750
2.19335938
1.60986328
13.66335020
18.45673647
10.57031250
1.23632812
2.16210938
15.82161126
2.81119626
7.66211436
3.95898438
11.64184570
9.61694336
6.70735594
11.13370789
6.00659242
5.67853613
2.26872949
8.44596004
16.40754876
4.10117927
6.02018063
3.44661624
13.96484375
8.01562500
0.00469208
1.81640625
3.01757812
4.74609375
5.90625000
2.15257044
3.37208776
7.58593750
1.25488281
0.41235352
0.51171875
1.73224582
3.01856715
8.00358156
8.77465820
3.27408688
2.66373781
7.59025148
12.02689606
4.02290863
5.18049424
1.40934951
2.50390625
2.44140625
1.95401852
0.54101064
15.50586436
7.24609375
2.54296875
12.73860594
2.00162843
1.86360594
9.74104610
8.64176640
9.76334718
5.84375000
2.81346659
0.66504903
1.58203125
3.45703125
1.53885490
2.98665780
5.64843750
11.19531250
2.62890625
3.79329344
3.86881593
11.67968750
0.87158203
2.11718750
6.63281250
0.09710693
2.09179688
9.99373227
0.35636539
7.12973519
0.67432014
12.20703125
3.06868407
12.55826906
2.79687500
0.77197266
1.40396969
3.37825687
7.57364805
1.30835023
2.06038453
1.62729526
9.51562500
2.55859375
6.69921875
0.22436523
11.07291002
0.09701185
4.41651683
7.56641622
4.26562500
7.29988586
4.19230164
6.83593750
0.13144897
1.61556031
1.10253906
10.71093750
1.52050781
10.16111038
5.81187056
0.14579347
2.88476562
0.09582520
7.37109375
1.55346181
2.55078623
11.45312500
6.35156250
8.55468750
7.55078125
9.87500000
13.43044545
5.40039561
9.46516844
4.22297845
11.23665780
3.28320312
0.00240707
17.87988281
8.50602172
1.61897828
1.62988281
9.68750000
5.59798094
2.98405031
0.12251707
1.68815187
2.12060547
15.32812500
9.12577239
0.38212066
2.60514406
7.53369016
4.51709109
1.37695312
4.54687500
6.75707447
0.12134350
7.23046875
8.36718750
5.63085439
3.63477061
5.08984375
1.61929674
7.65383559
4.50423094
16.11295656
3.38509032
1.69042969
4.40592531
12.37500000
1.57617188
2.08398438
7.59765625
1.61751219
1.35026125
9.04752438
5.83919437
8.37141844
10.90983156
2.28515625
4.35937500
0.73339844
4.16576276
1.79151263
6.25812722
1.40593528
1.36621094
11.15625000
3.15481079
0.28854859
2.13085938
3.92284658
6.94727061
1.97265625
0.25439453
1.82714844
9.07031250
6.60969969
8.27701906
0.48364009
11.81453679
1.95402039
8.74218750
12.76985594
1.40934203
0.92236453
6.71875000
6.23147583
13.83984375
4.74609375
3.81054688
17.03125000
0.55322266
4.60937500
2.93749502
1.25684092
5.64453125
4.49609375
2.62695312
0.01327515
0.42163086
0.03004456
4.10546875
7.48828125
5.06982173
14.41981037
11.38281250
10.36686281
3.74707031
3.04882812
1.68750000
6.92479721
5.45801529
3.43554688
1.72753906
7.10546875
0.70214844
0.95719360
0.58431031
0.54150391
2.93570797
10.89680408
2.22559341
4.23437500
8.36718750
7.77734375
13.21223626
13.29948249
1.84179688
1.33398438
11.01074219
1.05566406
16.29947751
2.80989749
9.14843750
2.24316157
3.25097905
9.36718750
12.64485594
11.92187500
1.28092531
0.04321289
2.41210938
0.90966797
6.00903258
1.54728086
3.87044437
18.67951020
3.95720855
1.28906250
4.19531250
5.75813719
9.19108156
3.51009032
5.73014406
6.54809508
0.62915101
1.40625000
11.68750000
5.54687500
1.51171875
12.16894531
6.15405273
6.73046875
4.37564938
7.11995609
7.64843750
0.25439453
5.34375000
3.10269144
1.04476950
11.48957004
2.41667996
11.83828901
3.82935256
4.37435062
2.93977782
2.83951906
2.81445312
5.48828125
0.26546141
2.31998781
8.17219969
7.90983156
2.02148438
6.03515625
1.71582031
5.12189551
49.20622949
4.75781250
4.25781250
5.24609375
18.39952374
12.58007314
4.15412456
6.84392730
1.70019531
11.35579344
1.84537843
2.79589595
21.08967642
3.24656470
20.06074358
9.95377438
11.26888685
4.63932624
7.75032469
9.45094476
2.91829842
5.38671875
3.84570312
4.80859375
5.12890625
1.34570312
11.71093750
2.12971673
6.19064127
6.71471645
9.05712766
7.16926751
4.41992686
2.20117188
10.88118407
12.84212157
3.23177249
7.75390625
13.44525528
3.69335938
2.51171875
7.73413351
2.48850510
16.87719345
5.79068844
3.60677249
5.89485594
1.50651125
0.84472656
11.30110594
23.47623781
9.59375000
3.03125000
14.34263486
0.72851687
1.34375000
5.11930297
0.67854859
7.46028563
6.74188232
3.44889406
11.96093750
2.26171875
0.76660156
2.71255347
0.88021996
8.44783446
5.95280031
1.46679688
11.15698242
6.04980469
2.07617188
9.92968750
5.91015625
11.64648438
3.04882812
7.19140625
44.81445312
3.93002319
3.63476562
10.76985594
4.31250000
16.12101195
2.72819093
13.03792110
11.15323697
2.38867188
7.82031250
1.81445312
3.39453125
6.25292969
5.34586547
0.46614625
4.42578125
15.46581782
6.37369127
1.51768894
0.91868088
12.53125000
14.03669064
10.26497562
4.13671875
9.49348626
2.11295656
3.69521388
3.95615580
1.87109375
22.42114258
9.66357422
2.85937500
8.15266844
13.52701906
3.77343750
4.15234375
21.01562500
3.96679688
10.12564938
5.35384281
6.97688719
1.10905031
9.17317376
20.31966312
2.94661624
11.05468750
2.16992188
12.37532469
11.78580812
2.44921875
13.93879876
6.82291999
1.08984375
10.15573722
3.97103280
0.93994141
9.31281472
10.39290780
9.67708998
1.82356688
6.19108156
4.68750000
3.46093750
15.75683594
5.36360594
1.15006593
0.88916016
4.57031250
5.50423094
7.18847407
8.15104499
14.23437500
2.76562500
7.49218750
6.70556142
3.57650155
3.13899657
8.48372562
13.23215485
1.20703125
6.04719969
3.88850953
1.24104859
7.48665157
1.79801391
2.28515874
4.96093750
5.45377438
8.49283688
6.04590093
15.40625000
10.58723626
3.72005624
8.05468750
3.51171875
10.81379876
2.87596410
1.82390901
5.58984375
9.03125000
7.06640625
8.99509974
2.90724401
6.35723877
19.64387938
7.04866578
2.64632203
4.23242188
4.62890625
15.93164062
1.76367188
13.64843750
17.32324219
2.51953125
7.05078125
15.85253657
3.37792221
3.61329122
11.93391844
7.93229250
2.93945312
9.04798933
9.97233156
11.75976562
8.12500000
0.86425781
3.79361813
13.91601064
4.61849623
0.50195312
11.87109375
8.57127660
3.37794215
2.24218750
11.96516844
11.32492256
11.29752687
2.68554688
10.04280516
5.80436281
1.05175781
8.35156250
4.58593750
1.45019531
6.75585938
19.23173760
11.22418739
17.48592102
0.45695008
0.69970703
16.98449707
1.59667969
4.22265625
7.83983378
2.36133809
8.87597656
2.98632812
14.02115470
7.98116464
3.47070312
3.90820312
8.86718750
8.98061635
2.13102670
5.04866578
4.52343750
12.11815160
10.58497340
5.12109375
9.43750000
4.31268311
2.01171875
5.70312500
1.08943103
1.82389904
7.78157469
2.74576906
5.06444316
14.65479388
2.50783404
1.25120041
6.01953125
11.88102172
3.59049438
3.75553468
2.82617188
6.35546875
8.62500000
5.35188719
7.94306656
1.58266123
2.18359375
8.50552970
2.79525155
2.84863281
2.74804688
1.93554688
14.16959220
1.35482186
2.30273438
12.31673094
2.36295656
5.56640625
5.58203125
12.22070312
7.11718750
1.08789062
28.25097407
7.38441601
5.32375664
13.52522828
0.19258543
5.17610594
9.63606937
22.51643673
15.74365022
6.50325687
0.58105469
3.45800532
10.51074468
14.88704344
12.02050781
11.52408688
2.20019780
6.67187500
4.29296875
2.12695312
16.83862305
1.47211201
0.46905010
8.56508255
0.81982422
0.37963867
10.33203125
0.88964844
0.39306641
6.23583984
2.63476562
1.46093750
0.95654297
9.84014850
22.31380505
5.40625000
1.48046875
7.13427485
14.14551030
12.19531250
7.97265625
11.10937500
9.63362547
9.55647828
1.79671265
1.54101562
15.91482544
5.87564938
0.87728031
12.05891844
16.06608156
9.28514628
5.12142841
3.49381593
11.80468750
13.10758422
2.30647828
2.71158439
11.68782967
8.19531250
4.64843750
13.28320312
3.39453125
8.85156250
7.23111813
-0.08506100
10.01562500
5.31282469
11.40983156
12.34375000
0.57519531
20.60789894
15.89144919
5.11505708
6.23813386
1.22265625
7.47330563
8.43942816
0.32786680
16.02018063
5.36034907
1.93620124
2.76139406
4.27799313
6.62044437
2.10648216
7.30074440
4.84375000
8.20735594
0.80729250
6.82324219
5.12141844
4.27343750
11.73616578
0.23177125
12.24511719
1.53417969
7.29687500
17.60937500
7.16227172
0.28645875
12.62467282
6.94856937
7.34798094
1.79882563
7.81120124
3.69726562
8.66406250
6.54296875
9.08950806
2.12459227
2.93326906
3.71679688
13.92578125
4.75781250
14.61360594
4.40201906
20.36718750
16.15625000
3.33007812
3.97265625
7.16763409
2.41439716
1.00292969
13.17724609
13.90625000
0.89453125
16.29296875
7.44189453
10.14062500
4.09765625
4.10546875
0.49463492
5.65104499
4.11328125
13.28906250
16.08496094
17.89062500
6.54687500
13.45670656
9.56250000
6.14453125
9.58235594
12.12923094
20.50797360
8.40495124
1.54882812
14.00781250
8.90754876
0.89909186
5.16796875
13.42966756
0.65431681
11.66748810
5.98437500
14.41730940
12.94206560
9.33593750
3.27343750
11.55533688
1.88020999
2.34179688
8.48038010
0.51571365
4.14794922
1.33007812
5.47265625
7.72837015
0.14530519
2.90429688
23.83365470
4.95540780
2.34993407
10.33626219
2.85709718
12.61295656
5.03938719
2.43717531
6.80110594
7.33625222
2.25326684
2.61718750
13.06966063
10.85514406
7.98828125
2.50097656
7.31673094
0.96923828
1.18522218
4.98794659
16.07670915
14.57780031
6.55859375
3.03743407
6.09765625
3.90852782
1.29231937
7.71875000
9.19146729
0.96044922
5.15650082
8.32812500
6.24039672
2.68829428
2.76955119
1.88769531
10.77832031
5.78125000
2.57812500
8.03906250
0.27026367
16.79687500
2.37500000
8.96516844
9.57519282
9.41569343
9.65625000
4.28515625
11.71913457
19.24900026
6.91537123
2.17187500
0.15295410
14.56460059
11.78125000
1.25976562
11.75423094
24.09926973
1.64649933
1.87695312
14.32763298
1.33642952
4.91015625
5.94051086
0.65470398
7.63508533
2.98991467
5.64159907
6.40674077
5.14062500
9.69075438
2.12467531
7.98144531
12.36539672
8.07210328
13.86425781
6.71093750
5.31640625
4.49641844
3.41569093
8.59439938
11.77604001
13.99870124
0.77783203
5.42673538
11.29364056
7.33626219
3.28027593
4.26171875
7.08885971
3.20801529
10.64843750
5.96093750
1.80859375
14.19335439
5.68555186
23.47070312
17.98469969
14.31250000
3.44140625
10.54264406
0.99658203
14.20312500
0.60479238
2.70312998
27.48388672
8.98860594
1.38248781
16.56054688
5.25000000
2.09570312
13.22427970
5.14095467
9.96093750
9.16113032
11.80826906
3.10286624
11.24299923
0.59244999
17.32844969
5.75681849
1.23146276
10.95833250
11.94417110
0.31103889
14.48453236
8.89322252
8.28728418
6.50390625
6.64453125
1.56347656
10.14843750
0.32763672
1.14160156
31.89697141
0.72558718
3.76367188
6.82910156
2.50976562
2.15429688
16.22021484
14.62109375
7.34375000
0.73876953
6.28966638
2.54069093
10.74820922
7.78694703
3.14712877
1.96419935
5.33007812
4.45312500
0.95898438
0.01206207
3.80468750
2.66760254
14.75423094
0.61783937
12.79329344
5.29361813
3.49031804
1.13468445
10.95230954
5.23405031
6.05826906
12.37823486
16.31250000
12.92968750
2.55763686
7.68845689
16.60546875
10.45312500
13.55078125
4.09586547
1.11328125
6.39241578
5.41715204
0.82796515
7.19887412
0.75050697
3.22444703
5.90657469
5.98128172
11.09310062
6.97656250
10.09960938
14.39062500
8.74283688
5.95247562
23.26741453
0.36067376
3.14713874
17.74413564
0.44385264
2.10937500
17.61328125
4.59765625
7.68750000
14.98079344
3.04687500
4.59049313
7.16308843
5.42187500
4.30273438
6.55859375
18.06705563
13.51940448
4.96093750
10.97506714
5.22656250
4.98437500
13.66406250
8.60448471
7.14160904
9.28727172
2.91390015
12.40671134
0.03396606
1.45214844
8.53125000
6.52571532
20.13281250
12.12923094
15.65859134
1.79589844
12.75088604
13.19987810
7.76953125
8.50358156
16.20637938
6.17187500
10.15201906
0.86523438
4.92609099
1.06414339
9.80379211
0.55118836
8.04750444
2.22983931
19.90055297
10.09977172
6.58951906
0.65380859
6.58918440
0.87761247
11.75781250
5.51562500
10.25423094
2.61577432
0.71593224
4.66812985
5.33919437
3.97656250
8.82096188
7.36718750
6.87564938
5.97949468
7.06217531
11.42561766
2.06608156
12.66894282
3.63769780
8.28059564
2.70182624
5.39453125
9.11132812
5.58626219
2.47037843
8.16471188
1.93489749
1.02929688
14.81636473
10.60925200
0.12797214
8.89062500
11.24055408
11.73079344
10.09196047
13.21875000
16.67057624
12.31543218
0.70166016
24.29492188
11.02538564
7.04883311
1.40917969
4.55078125
9.27343750
1.30566406
17.51594969
4.94889406
0.69970703
13.89843750
0.23815918
1.05566406
7.65152829
48.69287234
4.38460328
11.60496676
6.60597074
3.02539062
14.00129876
7.98323858
2.41390015
10.20312500
1.74707031
8.72656250
2.29101562
12.09016844
3.61490968
0.76269531
18.19531250
8.08103724
14.89975620
5.71940187
3.53710938
10.97438553
0.75705978
9.89859486
3.59359264
7.03906250
1.68066406
13.96516844
8.02701906
14.06250000
13.02249742
3.05423981
2.25044769
8.58104721
18.53483156
6.76302748
0.27685547
10.80761470
1.85823734
3.05631593
14.96875000
3.77539062
23.07697612
10.54118794
7.04296875
5.01171875
1.02148438
2.14940659
3.59473404
14.27115719
12.74772218
2.41178468
8.16048094
6.49316157
2.27018561
1.80078125
8.75601175
1.25375387
8.13769282
4.35709220
15.36849623
11.86718750
2.25000000
8.00813719
1.09537843
5.68359375
13.09927970
3.87337655
12.49129211
1.02433289
11.50423094
3.40592531
1.59472656
22.65380859
8.89485594
2.85514406
9.48079344
6.46451906
10.23079344
1.80924562
14.40255400
5.97102283
4.26302748
28.22656250
6.03222656
1.81054688
9.51562500
0.33642578
1.09756698
0.95004044
13.34813830
1.38363170
3.92854859
8.77343750
16.26546265
0.24316406
5.82155350
0.47410080
5.46337891
7.19262695
4.00976064
2.53353280
4.03742410
5.82032247
5.42513187
3.79882812
1.12695312
1.13671875
1.71484375
11.74316157
2.10840093
22.13281250
0.90966797
16.25911126
1.38737311
7.86328125
8.24283688
0.78597171
1.71875000
11.06835938
7.26562500
7.48828125
8.11718750
0.06469727
5.36328125
2.66210938
7.00634641
0.18164187
5.06640625
14.54752438
14.48453236
8.51919659
3.87062167
12.91829344
9.38704344
6.48763187
7.25102997
2.99804688
4.80501219
2.54264406
5.52506095
1.39583749
13.62547208
1.65382479
5.52734375
2.81640625
13.94016354
1.77555422
5.04655031
2.50000000
1.39550781
9.22070312
13.56070922
4.19710328
6.58203125
2.62109375
7.19140625
0.87158203
9.21939938
3.54817874
15.22652362
1.08577515
2.95800532
1.38476812
2.47070312
7.12890625
14.72688719
2.30240968
4.92578125
1.05078125
4.59016844
11.98437500
7.20312500
7.02311281
8.15218016
2.29264406
16.42047935
1.59810394
4.93139443
2.09440436
6.96484375
0.47045898
0.80664062
4.10156250
8.94531250
6.97303968
15.48399157
3.92578125
19.91014628
12.16586200
2.60319093
3.44921875
1.16601313
16.74925350
5.72656250
8.20377438
1.90169437
17.12905863
2.86312887
3.81445312
7.39453125
2.59895750
2.95084718
6.84049313
4.10091312
10.60937500
3.35969969
1.80338625
20.77376219
10.89711278
3.17449246
9.82633422
6.67757203
14.32631097
4.60807624
5.41406250
0.84814453
3.38557860
2.50553468
8.48437500
2.02148438
2.15555096
2.25496291
0.63859178
7.18359375
0.02873230
0.25854492
4.54296875
9.61718750
2.08007812
5.59765625
3.54849416
0.19174022
10.80533688
9.04329344
5.37239251
8.43132092
1.89257812
7.07063719
4.72622784
13.86325395
8.10025876
9.17122562
2.23372562
7.31591797
1.26269531
3.68359375
1.71419188
3.74967531
2.27505846
18.64604572
4.61149047
3.17350343
9.06070922
18.52327515
6.19921875
3.52325771
9.89796542
8.50358156
10.49853516
12.94531250
5.64843750
9.75488032
2.80013187
2.15201906
6.56640625
2.88476562
9.21875000
1.43750000
0.02261353
6.94856688
2.83170656
14.25846188
13.40201906
2.96647218
8.89875222
4.06218528
4.41796875
10.29687500
13.50488032
2.65722905
6.32812500
7.36718750
2.21093750
5.35351562
2.03255125
4.35123781
3.29101562
8.66292110
1.15348515
11.46646720
2.87923592
5.37915039
3.16796875
6.79198471
3.68490248
4.74967531
6.05663564
4.28711436
5.44531250
18.64841756
4.45705119
5.10156250
5.24609375
15.53743407
6.76920656
11.51562500
4.53515625
1.18457031
2.82031250
12.85156250
0.80664062
1.03417969
12.73242188
3.96484375
1.00683594
5.30859375
8.74234486
14.35921764
3.59179688
7.69498656
7.33722878
5.19678856
0.12683105
3.12532469
6.15071033
7.43132092
4.48844360
1.89404421
11.91406250
0.45581055
21.81835938
3.93424313
2.76692874
1.25976562
10.00488032
9.42447252
2.60385028
1.78125000
5.10058594
7.67382314
3.50846188
4.15007092
3.50292720
3.51432624
0.36816406
13.67578125
1.19335938
2.14370706
8.55136130
6.19042969
14.10156250
18.03026596
1.54785904
5.96093750
16.26171875
2.81250000
9.31448768
9.37516235
5.65201906
1.45996094
2.33789062
1.27539062
5.47265625
4.89843750
2.72037345
1.14290780
9.27408688
15.15950687
3.56315063
7.54442736
2.13379155
10.40853280
4.60253906
0.55664062
2.48437500
6.61718750
9.33593750
14.16423538
9.58640549
13.57192598
4.93588652
9.98339096
4.83854499
11.63314217
0.53515625
13.61437833
3.42189689
13.39557903
6.56250000
13.93391844
1.47233156
10.08749830
3.97754654
0.48307375
11.31248006
5.93947306
7.66601562
6.91406250
3.77018063
4.68294437
7.05468750
7.19140625
7.11098848
4.56869902
3.63281250
16.93033688
8.40560062
0.96158688
5.38606937
7.15625000
7.92871094
4.39973626
4.47568383
5.03125000
0.72119141
1.56640625
5.42024657
6.42838625
30.00781250
1.28515625
1.65770737
6.52442154
4.47265625
0.09480789
0.47507736
1.62072754
5.76562500
6.55859375
8.44238032
6.85644780
14.81640625
5.55273438
6.28515625
1.84960938
10.97656250
17.35313416
2.07617188
11.37500000
8.59033203
4.72656250
9.65103502
1.23861342
5.41796875
2.89648438
9.81215537
6.20802526
9.33593750
4.90950687
9.02343750
6.23828125
13.10709220
4.90462655
13.06250000
9.03548094
2.68131593
5.83398438
1.70865719
5.71091230
3.13671875
0.93603516
2.71418939
2.63737311
9.67968750
3.54101562
4.92968750
19.36751219
9.60905031
10.90689938
-0.07059567
2.83007812
11.04329344
4.65201906
5.14843750
3.91406250
4.88788592
0.24883283
12.44596188
13.64974124
4.68750000
6.57812500
5.03125000
9.96906472
5.48406028
2.99609375
9.46254730
4.25390625
2.82421875
0.90820312
2.87304688
5.80664062
3.67773438
12.08593750
4.89876219
1.06608156
0.65917969
6.13671875
4.02246094
6.55859375
4.83593750
3.08593750
0.35614777
4.62109375
4.12915254
4.51562500
17.57242797
6.53304078
14.31250000
7.58984375
11.12141844
1.18229250
1.10644531
8.54036126
0.56510749
3.60611813
5.79443484
5.07015015
3.86034907
1.45410405
8.56250000
1.91503906
8.15625000
4.10286985
9.45408051
3.80307402
5.57747562
10.69905142
4.71891733
14.87923094
5.92936281
1.91992188
10.32812500
8.50423094
16.75585938
10.53483156
12.26497064
8.88932624
2.73632812
4.48811392
9.25651374
18.57803635
20.81340037
15.61198249
13.47330563
3.99153812
6.01171875
8.84798094
11.79264406
8.89843750
8.38883422
0.43611695
13.97427970
13.33626717
3.05078125
1.69531250
7.13313719
9.44889406
3.00000000
12.03595302
3.34295323
2.11132812
3.93617881
18.25425088
3.15234375
3.40429688
7.89550532
4.89062002
3.32162123
7.89849428
7.21191157
2.84277593
8.90038564
2.37305186
1.32617188
13.56673094
3.84147218
6.23828125
1.13671875
1.95742154
9.95686392
6.86150792
9.92936281
7.16878546
12.50080674
13.59928967
4.16731937
8.50390376
5.39355718
11.15234375
0.08636475
1.41243407
2.56477782
1.38606937
3.02539062
17.38704344
7.28092531
7.04953751
7.76432624
9.82293701
4.84472407
4.28027593
10.42968750
0.03845215
10.48144282
10.23926030
3.93359375
10.64843750
9.50000000
9.08593750
5.00000000
16.13093992
14.06461672
2.67382812
6.16015625
2.12500000
18.10702515
14.88313719
6.36295656
7.96622555
2.34310062
17.45772215
2.21451906
2.39453125
11.44531250
22.63019504
2.90886746
3.33593750
7.41796875
6.66220856
9.01204344
7.72534242
0.27042664
0.46150384
8.77734624
17.42936281
8.24641844
3.31868407
3.33593750
2.69303468
25.14453125
7.07812500
5.63248781
1.49023438
7.66877549
8.45386303
5.76408023
1.02343750
6.02343750
5.90458943
1.43916057
8.31312944
8.26499556
2.99023438
3.96679688
4.76562500
0.09332275
0.97412109
2.52343750
0.79718018
0.45719235
0.16634281
2.24804688
9.14062500
8.18391844
3.38053468
8.89062500
5.67187500
16.67738476
2.85386524
11.27343750
3.97851562
11.86718750
0.51474601
15.25944343
14.38346188
8.85091312
14.12466534
14.59994403
14.18750000
4.07780031
3.12792720
4.33496343
5.05078125
8.74218750
1.19286362
2.54395279
5.38671875
0.96386719
3.82617188
3.65168939
4.71354499
1.32421875
5.83203125
0.19042969
6.72338867
4.50000000
6.06738281
3.32910156
1.48063110
10.83772828
4.26953125
0.43847656
10.43212766
0.31429078
9.89030031
8.33593750
8.04687500
3.66861813
7.67513187
1.19856688
3.81998781
10.48437500
2.08137938
4.67155031
11.05305408
4.10710217
1.19335938
9.47656250
3.13281250
2.96791834
9.83147862
20.44270750
2.62044437
6.72151610
13.19218019
17.69205563
4.37646609
0.17305543
4.39843750
1.96614002
7.02897717
9.34375000
3.55273438
5.91015625
2.42578125
5.86783688
2.80403812
0.82568359
12.98437500
2.49414062
2.70898438
6.31673094
1.68912843
3.04134032
2.90787843
8.79687500
6.23437500
3.56119626
14.08528812
11.88948360
0.82438359
7.00032469
6.03384752
0.90723404
9.72656250
24.71282673
7.47265625
5.25000000
13.17968750
10.77343750
6.67399047
0.03786256
2.59602782
0.47281984
3.41438719
4.92968750
7.90625000
23.81217531
4.04736328
5.17186503
-0.05467753
5.99218750
1.67480469
0.72119141
6.84585550
2.27133200
1.32812500
12.23437500
0.70642090
11.56250000
3.86328125
6.59765625
3.95898438
3.09765625
7.17968750
4.64453125
10.24218750
7.93521969
8.38216312
7.81542969
12.27343750
0.53662109
4.74609375
1.86132812
11.09423109
4.85123781
7.42578125
0.31586398
1.94629155
3.02343750
9.12206782
5.45215093
7.56282469
11.23405031
9.57021922
2.30668050
3.71289062
6.78515625
9.14062500
3.83821532
3.91406250
12.56673094
4.85416750
2.70670656
10.08593750
25.99609375
12.91959220
2.11271553
7.86840758
6.70670656
7.85579344
2.49186281
5.19531250
10.76464844
1.89037426
2.06722296
6.17545656
8.78906250
12.62025710
1.69875165
9.02099734
8.54341644
1.73148465
12.00000000
4.87044437
9.86539672
0.41170289
5.12109375
3.08203125
1.22493157
5.99413564
2.37761247
1.66299978
0.30770334
1.98925781
4.81713867
4.12500000
5.76562500
3.97656250
10.12500000
10.97656250
3.42602539
14.08593750
11.92163086
10.45896942
2.29884308
12.22656250
8.55468750
13.35097126
6.73829870
3.60123781
8.79329344
2.05663564
14.46712655
2.75520999
11.51432126
6.43505984
1.42692016
1.59928468
7.02343750
4.09423704
0.09399539
2.96484375
5.25911126
1.67643561
4.41634032
7.09895501
18.35189217
4.24218750
6.96679688
9.78613032
6.31152593
3.62109375
16.08235594
1.30826657
12.12793218
0.01882935
7.63671875
16.68000222
5.99089622
4.96126219
7.08951906
4.12109375
8.71093750
30.36213970
10.98437500
0.17297363
3.83203125
2.45703125
10.72298094
3.44303468
20.18676758
25.70898438
5.81422928
27.99615401
12.57879389
1.81510749
10.91536126
2.19417608
1.52425172
8.83235594
13.43163564
3.54850842
1.45996094
9.30468750
3.53580563
2.62825687
8.82812500
7.48437500
7.84407469
8.34733156
3.00390625
2.95117188
2.00602172
11.79085328
21.94892263
4.84100096
0.67562015
6.36718750
1.13476562
19.90331782
8.49446033
6.73503435
14.30468750
5.61572141
1.89282351
3.93554688
6.57486813
9.30306156
5.73649047
15.74487305
0.54524781
0.01279879
2.70898438
0.59863281
7.21484375
2.56249003
6.89844747
6.58626219
10.62500000
7.07681627
3.21786146
9.16471188
7.44433843
12.50075245
2.39377880
13.35937500
5.10579344
1.43424562
14.23274158
3.26335217
13.22298094
6.75651125
1.59667969
9.27766844
2.20475343
10.61161981
0.98307624
9.54768797
14.70475343
15.62320922
1.04085328
14.50732048
1.79346077
20.91242908
4.87663342
6.69433594
18.17447751
4.50390625
8.78841312
6.18750000
4.02343750
8.10807126
6.46939938
2.42643561
10.21695922
2.16780640
3.90820312
0.00319672
18.09700189
2.00260749
5.80468750
18.50667235
7.51139406
17.45800532
5.10449468
3.82202148
10.16406250
2.58789062
11.64092578
3.32715093
14.57519282
17.75879155
8.19596188
3.66341312
15.25520501
4.16243656
2.47981937
22.88801751
8.84310062
3.96614749
0.96777344
6.10367797
4.86116578
5.25390625
3.36718750
0.67219969
4.10839595
6.89323249
8.92879211
3.05802305
1.11279421
5.80224360
8.59668218
2.43554688
11.71093750
8.88281250
1.62988281
9.77832031
2.13085938
17.18293440
8.91081560
6.04752438
19.08170656
9.41764406
5.09375000
0.03997803
5.32421875
10.00000000
7.62500000
0.00724411
11.06673094
17.11914062
4.92936281
3.31054688
20.40768618
6.50637632
7.51953125
11.39843750
9.57877438
8.92122562
0.46411133
12.71093750
12.50064938
3.95638187
12.18391844
2.58732179
7.65445922
8.75179078
0.16977904
0.15852906
12.55891844
5.81705812
1.68684813
5.14420656
12.67187500
9.94954344
1.72851313
9.02995124
10.60937500
23.47302971
8.03478279
2.61523438
12.10138520
15.09034574
9.71931073
1.90145833
3.65820312
11.63102172
-0.00984161
2.93143396
6.07552249
6.27669437
6.50423094
4.61295656
2.34375000
4.10937500
2.59375000
2.91601562
14.33850067
0.82067902
8.60937500
4.87890625
22.92426535
2.35156250
11.82389406
1.63281250
12.51195479
0.40039810
8.82812500
0.30859437
8.46093750
2.70898438
2.87500000
6.16015625
0.11932373
9.93830674
1.00407607
1.14395494
4.50521498
4.26529782
6.39778812
5.00781250
4.00390625
8.17968750
3.98437500
5.79296875
7.15234375
2.28320312
12.74365234
1.83300781
13.74055907
12.93700798
2.61149545
10.48583984
5.64485594
0.55078125
10.72233156
2.39843750
11.91243407
5.25179078
2.96109985
9.53906250
2.20117188
0.07499269
0.01529694
0.03994751
4.88452361
8.94531250
6.68733765
15.27734375
2.23828125
6.71048981
3.88041168
2.61371125
2.30859375
2.72265625
4.17578125
7.16406250
0.00058174
0.34863281
6.80078125
5.14257812
20.77163696
0.73779297
9.65168440
0.09782732
0.48388672
5.35937500
9.69531250
0.53417969
0.68115234
6.00846188
6.78255374
0.63117908
4.13929869
5.71875000
5.82031250
1.54003906
15.42968750
4.57812500
1.55045407
12.23860594
1.90527593
2.61066628
8.50749778
1.06835938
6.30078125
0.77750485
6.18685062
0.43701172
2.28710938
1.03043454
2.76334718
4.49674313
0.33740484
4.03906250
0.02969864
0.76763838
1.79948000
5.12923094
3.18359126
12.06684965
0.08370706
3.20043883
0.68123352
3.84928468
7.40917969
6.75000000
13.27587143
5.80957779
5.71549313
5.88216312
2.36132812
10.58376053
0.36521408
0.07213805
0.08479859
1.84863281
1.65722656
1.55078125
5.65266844
3.32194093
0.08587646
0.01361847
0.09040282
6.52132203
4.75781250
3.40396720
9.83040780
5.49023438
8.92968750
9.74218750
4.03125000
4.87890625
8.62500000
9.21939938
2.88052970
8.97844006
0.45727539
5.50781250
10.99641844
8.80110594
6.35872562
2.54183960
8.32454344
7.74967531
0.27050781
2.09798094
6.14062500
2.36914062
2.11686281
6.42866911
0.64115511
3.90673828
4.33984375
10.91406250
3.68945312
7.28535044
11.26562500
0.27514648
7.23208223
1.93783964
0.77051295
1.57926640
0.46109985
3.17578125
8.71451906
2.46484375
0.73193359
5.76774047
1.68831422
0.07629395
2.85546377
7.57617686
2.49609375
10.52560425
0.84815979
0.46850586
7.30468750
3.97167969
8.64062500
6.93782469
11.67545656
22.34308243
18.36350867
13.02962157
5.15950687
4.50390625
0.66308594
1.72846174
0.23876953
0.39518063
12.57812500
12.34407469
2.06380125
8.58609164
3.04948249
7.37075909
4.52377216
3.79784907
4.44824468
10.25781250
0.79292474
10.53996101
2.04101064
7.53386587
12.64811281
4.32747064
8.85026374
2.81273873
5.14618461
2.89453125
18.92187500
3.52539062
1.97493157
3.15885749
3.79296875
4.43922928
2.31077072
3.71289062
1.31054688
1.24977537
6.06217531
10.17252438
1.23860843
8.74218750
0.93212891
9.20312500
8.41406250
5.12109375
1.43066406
0.20033690
10.13541002
10.77458211
7.93532303
1.71441573
8.44182924
0.91693115
6.51594969
2.10611564
5.59662309
7.58561281
9.46451906
0.81494141
1.58593750
33.76578236
1.17464733
3.29711914
3.03515625
0.73046875
10.12500000
2.74609375
5.37500000
5.79719969
2.02026429
1.40226258
0.07220459
1.09082031
1.38476562
3.76171875
0.79199219
15.25781250
7.05110594
8.75781250
8.85644282
6.43620124
17.62629876
5.77636968
11.52701906
12.82812500
7.12890625
4.75781250
1.87109375
5.88281250
2.09392981
3.16439716
4.48795656
20.61132812
7.19531250
4.34521484
8.53840315
3.37175310
7.41763409
4.06706560
3.47721188
2.41894780
13.47232056
16.16650391
11.47003158
2.55889908
2.87109375
3.67382812
0.25821899
2.52976896
3.39584995
6.50455563
8.03613032
4.00228280
3.56477782
18.09554078
0.17159058
17.40643912
0.33333749
2.81780815
1.93761013
3.22283604
3.11979001
3.62435062
6.33397939
4.45117686
10.81250000
0.01093292
1.78137207
8.99039672
3.34047319
1.27069259
1.17138672
10.35579344
3.39615968
2.24804688
3.57031250
6.06008911
2.76171875
6.46484375
2.33821532
11.72233156
0.55313712
5.86165780
1.90625000
2.56217033
9.87728280
2.39843750
2.60156250
1.36718750
0.33764648
4.23079344
7.71061281
7.15657469
3.80460981
3.88281250
4.10156250
2.96027317
2.77214871
2.64453125
4.24609375
5.31250000
12.24218750
4.28125000
7.52945922
0.29964234
3.78710938
6.48469969
1.66568844
3.38965093
2.47884032
3.33626219
13.92625530
11.12141844
4.35905031
6.34960938
2.77799313
5.59700687
2.82226562
16.25154477
2.31681460
4.34765625
8.77050532
5.16438719
5.46777593
3.29459718
1.07031250
14.09570312
3.65820312
7.37109375
4.76594969
1.31998781
6.26171875
7.70703125
7.41015625
5.41080563
5.42903812
9.17968750
1.62287581
6.64421404
6.27734375
5.92968750
5.83007812
2.83235594
4.61168671
1.54866578
6.18147828
0.87011719
1.91308594
6.77797319
5.98374556
2.53564453
21.39542903
7.31933843
8.23681641
7.03176880
10.24283688
4.24153812
10.26562500
1.08967767
3.64323249
1.31835938
8.10937500
1.42645264
5.89062500
7.47265625
8.84016844
6.26600603
3.35937500
8.30859375
2.07617188
1.33007812
6.73046875
3.75390625
4.16015625
5.10546875
7.79296875
2.62402095
1.88183843
3.04850094
4.03873781
5.99576906
1.29296875
1.98795407
4.24674313
6.61979499
10.93391844
1.69108156
3.82861328
16.46484375
8.19531250
4.11328125
0.04071045
0.29650497
0.65820312
3.32226562
1.61035156
3.66796377
8.91211436
6.35318595
1.09212655
4.62173815
2.17513685
0.49511719
0.70703125
6.63085938
0.50292969
9.67065430
3.24088376
4.56998781
3.29329344
3.75846188
4.21774831
6.68359375
7.41015625
6.75000000
1.07031250
1.62760001
1.46126717
2.73274657
3.86979250
2.48697751
3.13053468
4.96875000
6.86328125
1.49869875
11.51562500
15.23860594
25.15397218
2.53320312
7.39843750
4.52376219
13.83235594
2.17708499
15.98730469
2.70703125
6.49218750
1.05468750
0.41796875
0.02040100
2.34704590
1.91430664
8.72070312
2.21093750
7.82063719
3.57584718
5.43847407
4.48730718
2.97070312
1.09931624
1.87956560
8.75000000
16.47004876
12.95963874
3.58789062
6.73437500
6.65657469
16.41080812
3.24023438
1.21829327
2.50424091
2.21142578
5.18001219
8.99576906
2.60286126
4.49088874
4.63915891
7.92724734
13.14485594
3.14811281
1.82031250
6.87744141
5.23046875
13.09771729
6.49462891
7.68750000
3.92577627
6.98633311
0.77490234
1.72070312
5.46484375
6.35156250
6.94726562
5.98144531
1.76074219
0.51611328
5.14843750
5.66796875
8.23860594
2.63151125
9.11718750
0.13635254
3.49023438
5.60057846
5.66504654
1.45677589
1.91944481
13.12988281
7.06640625
2.86197751
3.16145999
2.66406250
4.76953125
0.06707764
3.50876912
3.93751994
5.64468861
6.09359264
2.29394282
1.06543218
32.76593972
4.06999778
0.97656250
0.35489743
20.66316649
11.34635500
3.07226562
16.27245346
10.26660904
3.90625000
11.48079344
0.13529543
14.03596798
9.96207890
14.58235594
5.64485594
1.83951657
5.65234375
8.51855718
5.64811281
25.77050532
17.08170656
8.68326906
17.69547609
3.05078125
6.94140625
2.35969969
3.10319093
8.22395501
2.25260749
10.85937500
4.34765625
1.53710938
4.88085439
9.21289561
18.21516844
4.39062500
5.16373781
11.15625000
12.92968750
4.50259752
2.46029310
3.22459941
2.29102559
6.50585938
2.98437500
11.58235594
8.69531250
9.56608156
6.17187500
4.12500000
3.66406250
1.30664062
7.91942487
3.49496232
1.89030031
8.79589844
6.16406250
14.51009032
10.75944093
7.69140625
1.02246094
1.15429688
0.69433594
9.84744615
4.25912123
10.22884032
1.29752687
9.83300532
10.65918218
3.21516844
4.89132265
9.92029284
3.14714123
4.69596188
5.52669437
2.81868407
5.97753657
2.64323249
4.87109375
14.45149158
5.94694592
3.83007812
11.89843750
0.43334961
2.51953125
7.86846924
2.18554688
3.39257812
6.85774158
2.33561779
19.41601562
3.48828125
12.61328125
10.49218750
4.97851562
3.47916501
12.91540248
3.01171875
0.87988281
8.05875111
0.97054576
7.68808834
6.21450909
5.61969054
0.30650841
13.69419289
4.30110594
6.98405031
14.56250000
6.27799313
15.92317625
8.83886968
20.23925781
2.11882445
3.87206782
8.24870124
12.16459894
6.51301751
3.35807624
0.57958984
22.36653563
29.52278563
13.56005984
7.14355344
2.54524906
22.02343750
22.40331782
12.73372562
2.62337157
6.75520999
7.94692598
4.75831449
3.13655640
7.30759974
9.57521276
12.47134752
6.26399158
8.51466090
13.42578125
4.91406250
6.09570312
8.71939938
13.21991304
3.11100343
6.14843750
7.27734375
12.73632314
2.95898936
9.31746087
1.10319343
15.21484375
13.31250000
3.03125000
3.11165282
9.25358156
3.92187500
5.04743635
5.74363979
2.85123781
21.39518063
3.58724124
12.82633048
2.40462655
11.06674561
4.33463874
3.89062500
2.51790282
29.97037843
11.23242188
8.23437500
5.71549313
1.90560062
8.94302970
1.75228280
5.87890625
7.95344969
14.39062500
14.86295656
3.73632812
2.17773438
10.73860594
4.88525266
1.13102421
11.08316143
7.14877216
8.27343750
7.68814938
2.86653812
0.14916992
3.61580321
12.71356968
7.80992687
0.17933095
0.88427734
7.35287476
2.99164326
0.33216776
4.90429189
1.27897717
5.50247955
2.36132812
0.90332031
5.23144531
12.02856445
2.20898438
6.94367908
10.42643811
3.36718750
3.61147475
7.17219969
11.42968750
1.15201906
2.07421875
13.82664894
1.53467918
11.93993040
1.29850343
8.28059065
13.80697030
1.99837655
4.91361481
0.21065277
6.92804411
7.40398714
5.78125000
1.85857054
6.23469969
4.16341312
3.02059599
8.40893617
0.43107117
10.66750831
5.60287123
1.59082031
5.80012190
1.63933122
14.27766844
8.48405031
14.32157348
1.27034547
7.21516844
2.25553468
9.83007812
1.32421875
2.62695312
10.04329344
2.38069703
0.03352906
21.45234871
2.86458250
16.14078859
2.68945312
3.25976562
1.60156250
7.75602172
0.19075562
5.46516844
3.65218140
13.40022828
3.92609597
8.36687278
2.11132812
4.46170998
9.66406250
4.80305408
4.51725842
4.75781250
8.61311766
12.30891844
4.70638187
14.39843750
2.18815063
0.84016969
5.52164672
0.25740601
10.50000000
6.08593750
0.04821777
2.28369141
30.78320312
4.66145501
18.74283688
13.02930186
1.86262689
11.42448249
5.79022837
7.06770750
6.68326906
10.45312500
1.97656250
1.60892731
0.57873379
5.50716312
3.00585938
1.16210938
10.93750000
8.80468750
4.26562500
6.33626219
0.10807375
5.61930297
9.32405640
3.55078125
1.13574219
17.21093750
4.48400140
8.61718750
2.37695312
9.59082031
3.36539174
0.24447155
9.98857880
6.23469969
12.69954344
28.41438719
2.75194316
2.38966090
1.17187500
11.62695312
4.26334220
1.25716561
13.37731934
10.25008446
7.42187500
5.15234375
14.16184998
0.09210205
4.22427472
3.89877216
1.54296875
9.62109375
3.88085938
6.94140625
15.87675902
17.64485594
6.63216312
4.48437500
1.00195312
7.23729721
5.52425795
6.17545656
2.30859375
13.32454344
12.31217531
4.51171875
13.09863032
1.56380374
1.67057375
1.23632812
10.73046875
2.93359375
10.47656250
1.30371094
9.99169548
19.25667110
3.40788342
5.80664062
6.65234106
3.63997562
11.30468750
4.45247313
4.40592531
10.28125000
4.23079344
5.05045656
0.60400391
15.32649657
3.38509032
11.62780087
11.67448249
6.19921875
5.52343750
4.87890625
3.95898438
0.94482422
0.65722656
1.29882812
6.07454344
3.89225343
21.26643174
10.89763076
4.73860594
3.76139406
10.05468750
8.48437500
5.04296875
2.49609375
6.71223626
3.70963874
4.89843750
13.86718750
23.89192376
6.74739251
1.07650404
2.54101562
1.01725094
-0.08780758
4.40999266
3.79264406
5.59375000
5.73078347
2.62859153
4.61360594
5.68717531
5.06640625
1.29654782
1.42708499
1.39648438
6.69270750
11.08137689
4.06478280
2.41372535
1.36850121
6.53271484
9.09798094
2.42155031
8.61066379
1.54753933
33.78906250
8.85156250
2.86914062
5.09765625
6.22656250
0.67825919
12.39095467
9.49218750
4.67187500
8.24218750
13.22013180
10.67545656
5.17155031
12.70377438
2.98958499
4.37500000
9.15721410
1.98341090
2.43359375
6.83398438
8.06314938
2.60286624
6.28906250
2.01562500
9.49771720
1.21419686
19.48468972
7.28093528
10.98632314
14.34731661
13.60581338
1.70906555
5.04612700
2.48211214
2.87890625
9.49218750
1.87189924
1.99479997
10.93750000
7.88378906
1.85546875
1.58886719
4.15625000
4.02962157
0.96061281
8.14062500
19.13832136
9.80240968
4.99218750
2.54492188
6.62109375
2.09765625
7.51204344
7.78873781
15.90314052
8.39015292
3.28873781
0.01377540
1.04097504
9.02766844
9.33170656
9.70348021
2.32780031
6.70703125
1.21560669
3.16406250
8.89062500
4.94921875
8.14664672
0.72542359
8.06250000
6.25423094
12.49674562
12.57535018
2.69645888
3.44889406
23.20518626
2.64941655
1.95410156
13.46686217
2.06142544
3.87599401
13.09699690
4.03678967
19.89802478
2.32487810
4.67968750
1.46777344
7.23437500
18.86083984
7.52362061
2.03432832
5.29916777
2.66992188
14.86087887
2.34114749
10.99218750
1.36410522
1.62011719
16.91796875
7.83459442
0.35461457
4.50000000
11.38281250
11.47477172
30.12679078
6.10198975
6.67643063
2.75911624
2.54687500
13.97265625
10.05790160
1.90611817
8.54492188
2.72851562
4.59439938
11.06966312
3.47070312
7.66015625
0.85009766
0.97688470
0.21452155
5.34616524
15.36737477
7.25960328
6.27400820
0.41178406
17.29687500
11.83253655
9.77636968
9.85514406
6.36305215
2.45508311
4.29687500
0.39218228
7.24836658
12.61623177
4.32612786
7.14518063
5.03711436
1.95886230
10.05124752
7.28060062
2.35610962
5.99641844
6.73014406
0.84179688
2.35562362
9.31722794
1.00195312
13.66406250
2.36267094
1.17541500
0.09453627
1.12288453
7.95686392
4.07635949
11.17187500
6.55501219
10.50358156
0.60042235
7.21842531
6.59068298
10.22998047
3.51366689
2.43441095
7.60872562
9.93750000
7.17578125
3.01171875
4.91015625
12.15103502
9.75521498
2.37695312
4.85937500
17.45703125
10.21939938
2.49739749
11.96875000
7.02050532
4.78808843
0.72412109
1.21875000
11.44791002
8.73958998
13.42187500
1.80598377
1.55632092
24.51562500
3.91992188
0.36873289
2.34993407
6.96419437
2.83333001
2.79557624
15.39200240
13.56769504
8.87208776
5.57584469
4.72981937
2.15661621
6.31250000
11.82031250
4.10937500
0.10766602
2.86914062
9.43750000
13.15689938
0.47591312
3.34375000
9.21875000
0.04446411
8.72004876
6.46289062
4.69856937
2.65364251
3.87337655
1.24479250
1.90168939
2.17741218
29.07080078
4.96875000
2.83593750
3.95385244
4.19727061
7.35579344
1.04362062
10.00102234
9.40527344
5.85546875
3.60090814
8.17057624
1.95410156
2.67578125
10.69954344
4.09733156
8.14843750
5.78125000
3.36410379
9.83593750
2.99609375
1.81835938
6.15234375
2.67968750
0.60986328
14.10188719
15.39811281
3.16406250
15.66381649
0.78051945
10.06250000
4.90625000
1.46777344
2.73535156
0.00000000
4.97656250
20.08626219
2.00944093
1.53808594
7.75064938
11.90950687
7.58593750
11.73677208
4.40629432
0.00939178
4.96215820
8.49902344
12.37500000
8.82161126
1.88737311
15.77766844
5.08849637
4.59477269
6.66009475
0.24835252
16.87141844
19.32454344
11.94376773
0.14933289
10.81250000
8.60644282
3.85449468
9.32812500
2.66634032
7.73860594
11.43358378
12.41342309
2.15820312
8.06250000
3.38085938
0.33068598
2.40722905
7.47265625
14.60546875
15.55708739
3.49967531
10.67530823
1.72851313
7.98176751
10.04761303
3.16691101
2.14281464
8.44970454
3.46386968
5.16796875
4.27831782
5.49121343
3.86555907
0.70817140
0.31616211
1.76155391
5.50130250
4.65266844
1.36426030
5.73046875
13.46712157
14.09146720
1.09473155
12.14274047
0.23079469
8.72721188
1.15323540
0.94914256
5.69352172
2.71565797
3.12695312
1.91894531
1.95410156
10.96154754
0.37902863
10.58664366
4.78548094
2.17317874
10.68750000
1.70996094
1.42569821
7.38216312
1.45800781
5.98437500
5.47656250
3.91048094
1.38737062
15.90853882
4.07421875
13.42187500
1.56180630
0.13912144
3.96386719
1.75585938
3.93945312
9.00423094
1.03873781
13.32031250
1.11035156
13.08919188
8.78125000
2.69889406
2.69726562
14.92390867
2.71647218
9.24218750
0.01676941
2.75471922
7.18717531
4.14062500
7.55371094
12.14908688
5.47591312
2.53515625
1.37109375
5.11489473
7.60287871
2.42968750
2.43945312
7.57242797
6.79085328
9.60839096
1.59473404
13.15039062
15.81673094
4.98014406
6.54687500
10.07454344
10.40983156
0.34594727
0.82796141
2.01725343
14.49218750
2.65234375
12.43391844
6.36922792
11.19954344
7.34375000
8.53483156
15.32031250
8.43750000
3.89453125
1.41796875
4.59863281
4.08984375
5.03157469
3.45670656
1.54394531
6.17219969
5.33561281
10.44531250
4.84016844
5.18717531
5.34700438
12.43326906
0.31762695
1.97074371
9.83231535
3.29329344
5.69075687
1.32625305
0.83243836
2.33445895
1.80323636
7.57812500
4.35937500
0.74658203
3.37564938
5.13606937
2.75781250
8.73860594
15.58626219
14.42431516
1.66097296
7.96875000
6.31250000
2.23632812
14.03548094
6.56022218
5.45703125
8.01562500
3.42382812
2.11523438
9.13183594
9.21516844
2.05240968
19.53157469
12.18180422
0.00825024
9.82031250
6.38313719
12.48014406
0.62512207
5.75813719
1.08658937
1.42089844
5.06250000
13.71418440
8.59115248
7.11125612
12.02034671
9.77408688
13.41243656
2.28710938
1.73128172
5.28632692
2.58854001
1.81966312
0.89599609
11.37612146
1.67661291
7.57682126
8.08528812
15.06396111
3.67236702
13.62500000
0.82470703
8.95507812
5.06461547
4.49788453
0.20605469
3.23242188
14.77310284
0.85092060
0.98632812
4.70898438
4.71875000
12.93750000
7.15649414
13.46939938
4.58522447
0.10443377
1.23632812
2.96354001
2.63020999
7.71875000
7.60367797
0.83382203
2.51953125
18.19921875
2.44921875
1.93847656
16.79329344
0.69942293
0.58345551
6.45703125
8.80891844
10.48014406
9.58203125
12.80468750
3.74414062
11.87158203
2.99609375
12.64485594
2.13834718
18.08398438
10.10156250
4.26171875
8.50000000
2.01953125
2.60546875
5.35188719
6.92350343
2.19335938
12.46875000
11.26839110
4.39420656
6.29296875
1.02734375
9.14973626
8.03060062
2.11050269
6.51628933
5.90657469
5.61507203
12.45133422
3.14582503
8.71908466
1.81245848
9.64062500
12.29848848
2.01954620
3.20703125
3.74575411
9.05307402
0.92187500
2.41861813
5.25325687
12.07454344
13.40983156
2.07259032
10.56314938
3.15527593
4.94758533
19.71322030
10.83528812
10.48144282
3.44824468
7.04849845
3.97493905
3.41111537
2.51271276
12.49674313
4.50716312
7.69140625
4.59375000
2.87109375
5.03125000
11.41406250
7.67708001
12.98712988
2.80454011
4.72298094
4.17578125
1.04402586
6.27343750
5.97444703
8.53857546
3.28320312
9.78469849
3.53125000
7.12923094
11.31429078
1.62288453
23.70837402
7.90234375
3.72460938
2.54882812
7.86328125
0.01658630
14.37840426
10.18160783
5.64616467
6.02343750
11.27766844
1.38932375
12.66666002
3.89974623
2.47265625
2.73338598
1.50098902
3.25390625
6.43131095
3.18978280
1.26757812
4.40169188
11.73437500
1.15201906
5.37500000
4.92716903
15.13802748
3.02343750
6.12109375
3.79296875
3.53906250
0.53027344
16.29180806
4.37435062
11.10937500
0.02061462
2.98632812
8.92805408
8.14062500
4.42306072
0.90718598
6.93001219
9.78677970
5.36133311
0.09625244
10.88899657
15.36360594
2.77864749
8.19531250
2.61718750
13.85579344
6.40608267
2.20312998
8.48616578
2.44531250
0.02680969
1.31835938
10.44531250
3.86350732
9.46416998
0.68583098
8.64062500
2.73405031
2.78710938
2.04101562
12.37353516
10.15331782
1.80176030
1.18880125
15.39127438
8.15087766
2.27197639
6.30322266
5.99804688
8.50423094
10.98860594
2.91145999
1.26074219
2.25260251
3.19270999
2.55273438
9.46695922
1.87093140
4.78365135
7.76171875
9.43750000
0.08166504
3.31640625
1.30468750
1.88638409
5.21159685
8.77701906
14.45312500
5.52408688
1.39290531
10.35937500
10.30305408
3.69694592
8.07454344
5.41835717
14.06374002
11.59082031
6.17903563
6.60579344
5.54915531
2.99609375
8.59179688
6.01953125
16.58658688
8.74935062
2.43750000
10.53189938
0.19905765
5.23958250
2.20475343
12.22393799
0.28184642
7.37858156
7.44075687
8.00423094
9.47656250
2.28970690
2.32715591
16.04687500
8.70312500
3.59179688
9.24771720
1.69954842
6.51985594
4.83203125
10.22233156
1.01660156
10.59943706
7.27556294
15.47311592
11.69954344
10.32389406
4.15331782
5.29590093
10.42203236
1.20785045
6.58235594
0.04508422
5.22444703
5.41406250
16.32128906
2.26562500
15.41048094
8.20670656
18.16944548
18.65592531
19.04589844
9.02766844
3.26367188
2.20280031
7.16186523
10.70817016
14.50081422
8.58593750
2.18164062
8.76562500
3.83024047
1.00862672
1.64224845
5.45150155
1.97363281
5.93993891
4.01465093
11.42578125
6.35790891
2.33545046
7.54052734
2.91992188
3.01757812
0.10882568
8.15527095
6.11621343
12.90754876
1.21256843
4.61360594
5.78092531
0.29394531
14.99055408
2.09343029
3.44531250
10.83853502
7.50568706
2.13624667
3.08203125
1.14198480
11.99381843
2.65039062
0.97949219
1.51464844
4.40625000
5.02800491
2.85795090
8.25781250
8.64973626
6.62011968
2.40494376
10.47755931
1.57519531
2.46646720
15.46072637
9.38354492
13.78060062
12.91273550
2.83122202
6.41406250
3.85937500
3.19531250
9.31933594
1.79882812
1.45410156
5.58414672
1.64143922
2.49609375
10.35066711
0.38859070
4.43359375
5.68359375
3.18847656
4.20312500
13.07519282
3.64648687
2.28906250
4.28677970
2.39876717
11.24414062
1.19466063
1.52604250
11.59863032
1.99121343
8.62434813
1.77213625
8.73144282
1.03808843
8.92968750
5.55334442
5.41377217
4.12272717
11.66406250
4.36718750
2.23307126
4.42903812
3.44140625
5.10546875
10.15869515
7.82747562
12.96093750
5.97265625
1.52832031
1.05322016
5.50683843
5.07812500
5.20735594
4.58842894
4.32747562
4.77766844
0.48014406
1.83430907
8.56250000
11.18326906
1.93814938
6.69889406
2.20117188
3.64030031
4.69921875
9.17968750
0.08923340
0.18408203
2.62109375
16.33658688
0.40323852
0.39957890
3.65144836
1.08707454
5.98372562
6.83561281
0.03102112
0.97540283
2.63671875
8.06250000
7.28515625
9.85937500
0.92626953
13.65679169
3.09960938
7.93554688
13.83648682
7.67773438
2.06060791
3.97265625
11.27766844
8.30240968
2.25618407
3.03678468
3.98242188
0.67578125
0.41479492
6.98828125
1.05179977
3.07617188
8.60156250
5.37890625
1.77539062
2.49023438
8.38704344
0.84392885
15.37401596
5.48145279
4.20019531
1.65234375
0.18408511
6.93147828
14.26320648
6.92057126
4.87435062
5.55957031
8.69531250
5.49218750
3.60937500
7.43359375
8.49641844
4.13509032
4.37890625
7.70247562
10.32226562
7.18961547
14.87679078
4.00781250
8.26562500
11.49218750
0.83333250
3.30240968
10.09375000
6.59195922
0.22273805
3.51367188
0.33374023
0.03134155
6.75032469
11.46093750
4.61686281
0.07647705
4.56900876
7.81217531
9.07096188
1.03027593
10.71875000
2.75000000
0.03351318
4.14933289
3.99902344
1.12109375
6.02343750
0.22863770
4.48437500
3.05664062
6.84765625
2.59179688
0.56388180
0.11751468
1.86523438
3.12174313
1.91731937
2.42382812
2.36799798
9.69922124
2.24967531
7.51953125
7.59765625
6.01985594
0.26969484
11.26855513
11.33951906
1.01419825
2.07759862
1.30371094
7.16796875
1.74353027
1.94824219
3.41992188
0.24353027
10.20312500
5.21484375
17.94875336
11.00064938
14.00620563
1.45328262
0.58371994
4.92399047
3.62679078
6.13191711
0.52872742
8.16048094
1.96451906
4.15625000
0.04104614
1.68066406
6.20523050
8.49008200
3.54492188
3.95703125
3.03515625
4.86360594
3.63834718
11.28125000
7.78861481
0.48213715
5.63671875
8.87109375
6.64453125
9.12141844
12.12543773
0.25900321
7.70556641
1.95703125
6.73437500
7.60937500
6.17578125
6.42578125
0.84977172
1.21988891
11.78906250
1.45084718
2.49251219
7.64030031
0.03744507
0.08496094
10.82812500
6.34716797
3.22851562
19.44531250
6.79687500
6.51725094
6.59310062
2.93945312
2.02929688
4.13736813
0.34065921
2.74023438
8.62500000
13.44531250
2.36328125
5.42968750
14.18750000
0.24987793
1.41369598
4.43884308
0.54687500
11.75781250
5.32877438
10.75716312
10.31445312
2.47477172
0.23282898
0.19726500
1.13444093
0.01766968
12.51204344
4.42155031
10.28125000
7.56250000
3.03710938
6.76774047
0.08272340
9.75162345
3.79948249
12.84037355
6.55598626
5.19791999
5.14062500
1.85693359
9.44531250
2.96239861
4.90674202
10.43391844
2.58561281
0.55810547
2.76757812
4.69496289
1.06870899
4.40234375
8.48437500
11.72069814
3.77572030
1.88639406
10.60156250
2.62125610
0.40828492
1.17285156
6.23990470
1.31868905
3.44335938
7.91238476
3.99386524
1.80322266
3.65820312
7.12923094
25.19661500
3.57893673
2.82129155
4.38281250
2.14876219
10.46972407
1.76627936
8.94531250
0.06439209
2.75390625
4.08984375
7.55322141
0.63330203
6.07421875
4.95440881
5.66538120
6.20068269
0.43685152
12.97298094
0.03116945
6.06250000
9.20800532
1.21289312
1.56250000
6.69921875
2.06054688
3.55664062
8.30159972
0.97119016
12.51920656
5.55468750
0.82584718
3.24023438
8.62320922
1.46597767
3.13444592
2.47070312
3.95507812
2.83984375
6.09049313
3.04817874
0.01221466
0.15785643
9.40201906
5.11328125
10.89062500
0.02967834
5.80468750
16.17187500
11.33483887
14.15625000
0.18786621
2.15815021
0.71440838
1.43164062
4.94481051
5.33429434
0.58661780
14.21628990
3.09523354
0.62402344
10.08158356
0.23103852
0.06768799
12.07096188
7.70442874
5.45312500
3.44205065
1.56771498
7.05468750
8.78027344
4.89843750
2.30273438
8.20312500
9.18601397
6.14747340
0.57178607
2.79296875
1.38517086
4.53060062
9.71093750
11.93456782
0.47412359
16.90656472
1.50554465
2.06250000
7.42578125
7.92187500
22.14453125
1.88476562
8.97656250
7.53872784
4.64486591
4.74609375
2.34212157
10.41764406
2.79882812
15.11490470
3.02148687
6.38606937
3.13281250
9.72656250
0.00759506
9.73437500
3.11946532
3.54264406
12.68782469
6.54948000
1.11132812
5.62890625
3.35546875
0.02735901
3.22808838
14.24641844
2.28287843
1.95642090
8.38281250
6.71093750
4.26367188
0.75732422
7.92219969
8.02701906
2.00976562
4.17610594
10.12263914
3.37239749
8.33235594
10.99186662
2.35579344
0.85074953
3.32551751
0.60514655
10.12238254
6.13542996
1.46289062
6.80696532
2.30826906
18.08398438
4.69921875
1.25976562
5.31964817
1.32683621
6.42578125
2.07031250
1.44140376
12.88395390
1.69612672
6.80110594
2.49381593
9.12695312
4.67578125
16.65332031
1.85579344
1.59342531
12.11718750
0.32836914
2.85156250
7.39876219
3.22297596
10.72446765
7.57064716
1.45410156
4.25390625
0.01221466
12.44921875
6.16969803
0.06791184
2.80436032
2.65950687
4.47656250
6.62890625
8.56250000
14.32147642
1.73698000
16.96516844
3.11278425
2.12712544
0.37150024
12.16941490
3.27410682
5.03092531
9.91048094
1.74283937
1.77067016
0.30476930
14.43164062
5.17578125
2.97851562
5.03125000
0.21093750
0.33886719
6.90274899
2.93294437
10.85758422
0.86507203
2.19531250
12.89062500
0.89615719
0.26033695
10.83398438
6.43001219
9.36295656
2.41601562
4.79719969
1.40299562
7.37500000
1.96093750
5.71875000
5.76204344
8.39127438
7.66308843
8.92968750
7.75000000
0.47070001
0.41040351
1.88769531
4.23437500
4.50390625
0.03811646
2.02539062
7.73925781
8.29687500
8.33593750
0.55342102
2.13867188
13.75000000
2.75195312
0.90218016
8.25488032
6.97135749
9.51562500
5.52734375
5.59798094
4.85546875
3.88639406
0.50732422
8.19854943
0.69012244
14.45166016
4.43750000
5.64886475
5.64453125
12.60171986
9.45898936
1.01839234
7.33593750
6.08805297
7.60790891
2.18880374
15.24218750
0.30932617
5.42968750
1.58203125
0.55566406
4.44531250
13.16438719
4.72623781
5.36328125
4.18391844
3.55078125
16.42545656
4.46342894
9.66764406
8.37500000
3.39843750
0.03558350
4.41536375
11.98014406
9.86572266
2.03727172
3.02229859
5.66015625
3.75000000
15.05956782
0.41617922
17.50716312
6.21484375
1.36425781
3.95312500
7.44921875
1.43945312
7.64094969
0.94205812
6.02343750
6.31250000
5.32063719
7.55631593
6.56640625
10.50423094
14.06087157
3.80631593
9.73795656
5.65625000
2.66210938
3.95066989
5.75831449
12.84081782
1.08496343
13.28125000
4.32812500
7.81250000
2.71484375
10.04296875
8.85156250
8.43272400
0.81347656
0.07904053
6.59130859
2.07812500
17.59375000
25.25471922
17.28190187
5.15234375
1.00878906
6.97265625
0.68701172
2.56496662
9.87084068
6.44635333
4.01139406
13.25097656
8.54687500
23.08496094
4.70703125
3.41601562
6.48828125
12.05110594
16.91551862
7.11150044
9.66471188
8.07747562
10.06347656
2.81250000
5.82812500
14.02343750
0.81152344
3.77539062
0.63623047
8.54169905
6.14909685
6.31250000
14.51562500
6.29296875
7.75390625
5.75000000
3.46321532
5.74088625
7.20149158
5.72428967
10.22477172
1.07600953
6.09765625
8.10156250
0.13757324
0.11966368
5.44775266
5.87614140
10.02343750
1.04199219
9.06444814
4.74316157
8.22754654
2.60742188
12.07814451
12.31022218
8.07031250
11.43750000
13.08235594
1.00748781
7.72656250
8.86844914
1.47139461
8.50602172
9.15022828
2.05273438
3.45794678
8.43750000
0.55029297
4.68750000
9.45568775
5.57495678
0.87980164
12.39843750
4.12109375
0.61132812
14.28743407
12.94994681
4.56535350
15.80110594
10.73270754
4.76367188
5.31640625
13.67968750
2.43020058
7.14062500
0.90332031
0.62939453
8.87500000
13.98437500
3.33984375
6.97656250
6.29963985
0.32096562
2.69921875
0.37231445
9.74568041
8.40877881
2.04280640
8.06362146
2.11997229
9.96386719
