0.36067376
0.99577155
7.18359375
13.64655113
1.02050781
6.43994016
3.63818484
5.06640625
12.95312500
0.80566406
8.90590537
3.34800088
5.96093750
4.84798094
3.32780031
1.52766844
3.96842531
10.28125000
2.47265625
13.21093750
5.06151098
2.70997340
11.35286126
7.23722174
2.08007812
1.31347656
8.05858378
9.06283466
18.20475343
1.44140625
4.51627438
1.05371094
5.79231937
1.85677000
2.21842531
7.50000000
2.20507812
7.59211658
3.37663342
0.91796875
3.52343252
3.46354499
0.66097171
11.73437500
0.85400391
2.68359375
8.14941157
1.69075438
4.09245124
8.70312500
2.60546875
14.79718972
11.08985372
14.99348626
4.34603280
6.03125000
7.33430657
0.18033688
4.62825687
24.85156250
4.43359375
9.80110594
11.40625000
6.13248781
8.56013914
4.82780031
9.41406250
1.62988281
16.00000000
10.22005125
6.05891844
10.76497562
2.54101562
1.21890736
6.73633311
0.45271851
4.39274047
4.38069703
1.31250000
2.81445312
0.08365875
7.25826019
9.77754544
0.20780613
8.90266844
1.99739500
5.12435062
6.36360594
3.95377687
8.95914672
1.06819703
13.83048751
2.84961436
15.89648438
5.83984375
1.30436032
6.56857463
1.49913536
19.99722518
12.68505984
7.07682624
5.14436392
15.22705452
1.53157967
11.12500000
1.57324219
10.78125000
1.32910156
0.75732422
5.42610594
4.79655031
1.90039062
0.59863281
10.38052970
0.68880624
19.93147454
0.63117908
9.86409796
2.52620733
15.08203125
13.28336547
1.28954019
0.29061973
0.13409424
0.11773682
0.99609375
6.67968750
3.25195312
3.34960938
11.12500000
4.55272939
1.76367686
13.65949690
3.25065935
9.24129211
0.71915711
9.39745346
2.15332779
7.64062500
6.48046875
5.11571019
1.21583277
5.54687500
6.68750000
0.47656250
1.72167969
0.95312500
2.69921875
4.41471188
5.81608156
6.21093750
2.10319093
10.83504211
0.51603211
5.77734375
4.81640625
0.20361328
4.07973848
2.40073027
7.63345690
7.16146498
5.94531250
2.51953125
0.19177246
11.09798094
6.12076906
2.17578125
6.82063719
8.37076906
0.80871582
13.73079344
4.74576906
5.33203125
8.01008782
14.85823360
6.12614140
5.99039672
3.13265015
5.11328125
11.47851562
8.90625000
1.24023438
2.51985594
14.51920656
4.80078125
12.90625000
11.34650509
5.13997562
1.72265625
4.29687500
0.96077391
5.09733156
4.01953125
11.78906250
6.17187500
11.02148438
4.47656250
2.64257812
15.41967524
9.61653812
3.33968140
4.31819703
7.40527344
3.65429688
20.13867188
13.82096188
14.62792720
3.06478280
7.50032469
4.73795656
7.85546875
1.93847656
5.23828125
3.50781250
6.00813719
6.94889406
11.41471188
1.20345218
0.29809570
5.37500000
6.93092273
1.76725842
1.76855469
10.83087988
5.63005762
0.91064453
7.80078125
3.51171875
6.83593750
19.22980940
3.68425310
14.13101798
0.09393311
12.36620346
16.52897218
2.79818373
7.25781250
2.10188719
2.37467531
4.36392814
4.81478280
0.37451172
18.89062500
6.54090295
2.80338874
2.97070312
4.55371094
1.36848875
4.37858156
7.11751219
1.92155031
16.53173828
0.08001709
4.39322501
5.69791999
1.60221437
14.04989624
8.18814938
1.38118656
7.67871094
6.78515625
2.10742188
10.70377438
0.66438968
0.86523438
1.22460938
2.11523438
5.69095856
7.09419769
2.08657442
6.13315214
3.83203125
7.19531250
3.61718750
0.06872559
5.92219969
9.31608156
4.78906250
7.16080563
6.40380984
5.64632203
0.91845703
2.50585938
1.07519531
10.03548094
4.61718750
15.92530236
0.76107186
2.25487783
0.09016844
12.62744016
11.74332890
11.20084220
9.44759530
3.98712490
7.51092198
0.57714844
5.63881927
3.89829011
12.66650266
16.55224734
2.97070312
13.69531250
7.05078125
2.43945312
16.61252905
6.49902593
11.03906250
4.35156250
2.66210938
0.82910156
5.87239251
3.12565436
5.46484375
1.29589844
4.33268063
3.10319093
2.44498781
12.28906001
0.23633062
11.06673094
0.49430422
4.21606445
4.39485594
9.42187500
16.72233156
9.08235594
3.76725343
8.68163564
8.69336436
7.59765625
10.81250000
0.17248535
3.11328125
11.43065160
9.49512965
8.76562500
5.51953125
16.86783688
1.60774906
5.38769282
6.27636968
3.41601064
10.36523936
4.94140625
16.69628657
11.52262079
11.05987252
8.75325189
1.75520999
5.89388187
3.69498283
5.20344969
14.96921878
2.56829565
5.91048094
8.64843750
15.76562500
4.25781250
8.15201906
1.24609375
9.88736813
11.46028812
1.09863281
8.81738032
0.90332280
0.98828125
11.21939938
13.69596188
5.72135749
9.62564938
9.20641591
3.65755873
5.28548094
5.34342531
14.74071518
1.72754654
3.68359375
5.67578125
4.00781250
5.48892975
1.83593750
4.96875000
24.36978502
4.59115248
6.17187500
2.11034907
1.63476812
5.01953125
6.34570312
5.17187500
7.29621565
4.63021498
4.47591312
2.57031250
1.56151845
3.58887217
8.36360594
4.85905031
15.17520993
8.96353502
4.03190935
19.82421377
0.00000000
10.61360594
3.01171875
4.46484375
7.39811281
5.63671875
2.77343750
2.73046875
6.59765625
0.03277588
6.33007812
7.24609375
2.79296875
4.06250000
5.75390625
1.25292969
9.64575133
0.09399476
4.46484375
4.33691157
14.91406250
13.63997562
7.82780031
13.95312500
2.62500000
11.54329344
2.25358156
0.03713989
2.89876219
7.51203302
4.47176086
1.26163758
11.07454344
8.00358156
7.77734375
3.76317487
13.40300310
13.36958911
4.94107658
4.92025155
2.93945312
7.36718750
4.96875000
9.50860398
2.54443982
7.29655031
9.48437500
6.12141844
5.22233156
2.99609375
6.71126219
5.94108156
11.76562500
9.53548094
4.75781250
8.80045656
16.51920158
1.17218972
1.83366965
2.87890625
17.26480954
12.70638187
2.99804688
3.85384032
12.07389406
4.78080231
6.14888519
21.50055027
12.75000000
9.61718750
6.45703125
2.95117188
0.24707031
6.01953125
12.40234375
0.72119141
3.30468750
17.46175047
10.72119016
0.40446171
10.17968750
9.84472158
8.24088874
22.03971188
8.56901374
13.43660461
0.58878601
12.74478502
6.72884530
3.99121343
9.52017066
9.76107934
5.37500000
11.14485594
8.01789783
12.49739999
3.30761968
20.02262204
4.80013187
11.12206782
4.28662234
0.80322390
12.94726562
1.06835938
15.02766844
1.93131593
2.19368407
2.67773438
2.63053468
9.91048094
5.94073693
12.53647495
0.54101064
18.56726323
14.48388298
4.57764295
8.16369598
5.75720246
4.53515625
3.01757812
7.14062500
3.72265625
2.70015981
6.99805186
5.98046875
3.00976562
7.23046875
1.08789062
6.29899047
2.46858765
7.64648438
16.45312500
5.63842773
11.52555297
7.73486204
2.37044437
2.86328125
2.29329344
3.19889406
7.52376219
3.42936281
5.85156250
5.53125000
3.55664062
1.98046875
0.01047516
2.08398438
9.93554688
4.91796875
5.03906250
1.03417969
5.20312500
10.89843750
9.37744016
3.67724734
4.14094969
0.76774172
4.82812500
8.70735594
6.62076906
4.58268063
7.29231937
1.99511719
8.10579344
1.34733156
10.13525391
6.38751552
0.54101064
2.07768229
20.37967864
1.71217839
6.30518949
2.02539062
6.93164062
3.09289551
23.51594969
1.34244875
1.71777344
17.77766844
2.37695312
10.15201906
0.16955566
16.58300532
3.21842531
3.97200687
2.10742188
6.54899047
13.07210328
1.15332031
6.35156250
14.63671875
6.32421875
6.26008533
2.40593029
5.62109375
5.67056627
2.87044935
2.24609375
12.01367188
5.79051987
2.17481216
7.17463985
1.88200077
4.29329344
3.46256593
5.56640625
5.17187500
5.25390625
5.35156250
16.09375000
10.08072252
4.82194592
4.57780031
19.75781250
13.67968750
2.74414062
2.69921875
13.45377438
0.96614749
17.59765625
14.54109368
0.00000000
11.80110594
24.76139406
11.55891844
15.14615470
8.66211436
6.92578125
9.94546986
1.00863170
14.35156250
2.03906250
4.50455563
1.97200687
0.94189453
2.13572474
3.62208776
1.40136719
12.38537567
0.24182160
9.36441393
1.75358654
7.41764406
2.75781250
3.90820312
9.90754876
12.95010417
5.70940270
5.58919437
6.28189938
4.81185062
10.69596188
1.80794437
8.58593750
6.03937722
5.93913840
4.23828125
8.25000000
5.31250000
5.98046875
11.32920500
6.89843750
6.76920656
11.10937500
0.90869141
2.85937500
1.79199219
5.60546875
0.63769531
2.49380846
5.00912123
4.73828125
11.24771720
9.05403563
0.49592642
11.09196420
3.88476562
11.44531250
15.60156250
1.27636719
20.38117908
7.68163564
4.42937278
6.70735594
15.65625000
10.06608156
6.35611813
17.95670656
11.67563883
0.81298828
1.91015625
4.61685533
4.09049811
2.32133737
1.36425781
7.83789062
2.82812500
0.02978516
4.49641844
2.19303468
7.47363032
2.11881344
15.24251717
3.03967254
2.05993683
0.00566864
2.02929688
1.54687500
0.00264549
11.71484375
1.01757812
2.15119986
10.43505984
12.01432624
1.98356078
5.03694703
6.72265625
6.41861813
27.14388187
5.32421875
20.31964111
3.50585938
3.18619626
9.99703128
3.08203125
9.37500000
19.54882812
0.04508422
16.30354610
10.09668218
14.99414062
12.46516844
5.92187500
10.57454344
6.86263187
17.59016844
0.26237062
12.49706782
8.76497562
2.16178468
16.77766844
14.95312500
12.40885500
15.15625000
8.08593750
7.19205563
3.91162234
0.38533570
9.51562500
0.83170531
6.16975953
3.84634752
1.63216810
8.30891844
10.16844332
6.27361480
11.38012695
5.14453125
19.09503879
4.22539578
16.12500000
4.41471188
15.19466312
8.28816711
0.19445738
1.00065187
9.14843750
11.35694343
6.77586907
10.59106383
0.32397523
5.05468750
8.07812500
11.05305408
4.06413342
3.11328125
15.20735594
2.45670656
1.99902344
22.26203347
1.57794770
10.14470855
14.77343750
2.99023438
5.69140625
8.53548094
7.05436281
1.43554688
2.66699219
19.51025266
4.61718750
3.95374964
11.01562500
7.93685062
13.76334220
5.95540780
1.37450673
7.17480718
3.48078846
5.63737810
4.45768063
14.64062500
1.19921875
2.70833499
5.81640625
4.89843750
2.00976562
10.62923094
9.19889406
9.02668440
2.48503435
17.01204344
3.00748781
4.67610096
12.97103280
4.08919437
8.39485594
9.88639406
6.64077239
4.40610261
3.26367188
10.16650391
4.73176751
11.69824468
13.81608156
11.22298094
0.84586672
6.05631095
3.70931405
2.23242188
10.43750000
0.97363281
2.56732076
1.44269504
23.50017107
2.85352061
9.57275266
5.31396609
2.63085938
10.35937500
0.12597656
7.66015625
4.56640625
2.46321532
0.34342531
7.78222656
5.54687500
4.89453125
11.04752438
1.22688968
10.66406250
9.87889628
4.23829122
18.65266844
8.74397828
0.53890015
7.47265625
5.35579095
3.94010749
10.39843750
1.46093750
15.51985594
0.05497316
13.80891844
4.84342531
3.09960938
17.93359375
11.68169917
6.17187500
3.94824468
13.52408688
5.28450687
7.91406250
7.15266844
0.93066406
15.21939938
5.89094969
6.10840093
2.81998781
11.49543440
7.21550310
7.20344969
4.74251219
9.44628906
14.76235816
3.82748559
7.64843750
8.43635860
0.86930546
6.28270612
4.76237810
8.98258422
8.72721437
4.36360594
2.35709718
7.73046875
13.41406250
3.88867188
4.19140625
12.60610816
22.23796404
8.38932624
4.08203125
16.71875000
8.61718750
10.23437500
7.41015625
2.78710938
0.04870605
19.16406250
29.28125000
8.32357268
17.59620511
4.14778812
2.58203125
7.84016844
10.15139345
6.70703125
9.82454344
1.61198000
1.19824219
4.20312500
0.13977051
1.40234375
5.46117354
0.43921708
7.00195312
10.40625000
1.85253906
9.65625000
2.89062500
7.03938719
0.26481203
0.00498962
4.33462877
0.00000000
4.60156250
1.93261719
8.03906250
13.98632812
9.37500000
2.66601562
14.53906250
6.36393063
3.51888187
7.29426751
6.27816046
7.16194703
6.77376219
13.81608156
4.31282469
9.19531250
3.18912843
11.80289672
5.52913453
4.58203125
10.82812500
9.14626053
0.36765549
5.57812500
3.52539062
5.16048094
3.05436281
13.52636719
7.96875000
9.76953125
10.15266844
4.65592531
4.26127106
0.78413910
2.47070312
3.94726562
0.32373047
10.42789672
0.64762328
1.38899407
3.02343999
3.41145999
14.10156250
4.52343750
9.73437500
0.61340301
0.10314973
13.77131206
0.50407856
6.06477034
0.03143311
2.49023438
14.04687500
14.08528563
19.09733156
1.99316406
8.21875000
0.07537842
7.97060057
2.02897218
0.09044000
5.87929586
12.14843750
5.89062500
2.21679688
19.64453125
5.06770501
11.51855718
4.04068595
17.70703623
5.93001219
14.56608156
15.41048094
4.11059570
2.35709718
4.51025266
0.39111453
1.55078125
13.40331782
0.41894780
11.20165268
15.46680435
8.14062500
6.73437500
3.07617188
4.78906250
2.63476562
1.45117188
7.12141844
4.14420656
8.69173094
1.09928468
6.07096188
5.78060062
13.44140625
1.81396484
1.61914062
17.16031486
9.65072030
15.05468750
2.36771232
11.11277926
7.53207668
0.89615968
7.70312500
6.03906250
2.06835938
1.85839844
13.46875000
8.62792221
7.33561281
4.92708998
1.96582031
11.03515625
7.82031250
8.89062500
0.15063477
5.51171626
4.16731937
0.66520265
2.98046875
11.95526974
9.00813968
14.05468750
4.38281250
17.14550781
7.95036976
8.32389406
2.90592033
0.64355967
6.83984375
8.48437500
14.49283688
7.27669437
6.36718750
1.28434203
3.19091423
8.41276374
5.66926751
5.97884530
14.35579344
9.40266844
8.87435062
16.57942376
2.51074468
14.53287843
2.54492188
17.87141844
0.52994875
16.81152095
0.00000000
7.98632812
24.19009752
2.09701185
15.22363032
0.12719976
10.51448360
1.34035295
1.41990220
18.87759752
2.75912123
10.89420656
18.33854001
9.47233156
3.02311281
10.64062500
2.07226562
4.23828125
7.62500000
11.87597656
2.96484375
12.14062500
1.52441406
4.39453125
2.49804688
0.10046387
15.66829344
8.07389406
6.37890625
0.78173828
14.03125000
3.38777649
1.00089539
11.56250000
8.86718750
2.53125000
1.33789062
10.81250000
17.29687500
10.68750000
1.68066406
19.48079344
2.16178468
6.11490470
10.07584220
3.05144060
12.93560339
11.00254599
8.79443359
0.13525266
3.13037234
19.60660018
8.72152482
3.19563719
2.50553468
13.63932126
5.78938719
8.64176640
8.99039672
16.34147218
8.44531250
7.67968750
7.85188719
15.02050532
5.64713874
3.72460938
11.77766844
7.19693595
2.96484873
1.99511719
13.11099097
0.88640403
0.68131593
4.03125000
13.79882812
13.99836907
3.42057624
13.88769282
11.05045656
13.65691288
2.26171875
4.07096188
13.82747562
2.08984375
23.33397939
3.51758311
5.54687500
4.85774158
5.09895501
2.78744403
8.96516844
1.92936281
9.43033688
0.81917484
0.39135742
15.79394282
9.79882812
0.00000000
6.59765625
17.38883422
5.70491578
8.76472961
1.93155945
0.41601562
9.77209223
9.59310062
8.83951906
8.31852172
1.38866814
13.82877438
5.43913342
5.45409907
2.50488530
2.90234375
14.94531250
6.57844969
9.84375000
5.50748781
9.24039672
0.41975953
6.27734375
3.48079344
2.07584718
17.80891844
16.85424867
1.91593445
2.98632812
18.28125000
7.36718750
3.83007812
1.14160156
8.24218750
4.42252438
8.65233378
3.05046653
5.71451906
6.27734375
3.14949524
0.77677430
13.30110594
9.70670656
8.20898438
8.80402815
0.26335466
2.19945791
5.79215204
9.22835328
4.01465093
3.83593750
13.75471922
5.21842531
6.00000000
15.23860594
2.24576906
18.04947252
2.26498060
7.52734375
10.00000000
2.09765625
6.11603613
2.18083887
2.90039062
5.00781250
4.64453125
2.50097158
2.95508311
5.44531250
1.53710938
3.28677721
5.15039561
4.05013187
14.21093750
4.11620845
3.92871343
9.72656250
7.61328125
4.94921875
3.51953125
1.41992188
13.54687500
9.53971188
11.35783023
0.47208680
0.00784862
0.00198364
12.64843750
17.29329344
5.60192827
7.00000000
4.90625000
5.21093750
0.35644531
14.89728987
0.00000000
14.26953125
9.94954344
1.32194093
8.81250000
17.65384381
14.88997562
3.89485096
6.52507092
1.71728516
6.70703125
1.33203125
15.63102172
-0.00342773
9.63346188
5.45604721
4.51205341
3.09375000
8.16406250
7.91796875
5.28613032
3.80761968
5.64062500
2.76367188
7.65510486
13.49478502
21.44044215
6.33593750
0.81835938
16.19726562
3.10742188
10.59016844
13.51562500
4.15983156
12.11024901
4.64811281
2.32226562
4.16015625
6.85156250
1.22949219
4.43457031
2.66796875
10.59798094
10.50358156
4.97167969
22.11098848
3.38119902
6.78124502
0.45084220
8.77995124
12.85937500
6.61686281
1.62141844
9.33593750
7.17936281
2.38085938
3.87695312
18.67187500
15.86718750
8.00781250
4.06250000
10.67610594
8.19108156
14.60709220
7.50830452
1.43147828
6.06493019
7.58741356
0.80224609
10.49218750
4.10188719
11.01920656
3.90039062
18.40429688
10.02766844
5.04459220
16.13086436
0.52441406
13.74218750
2.12109375
8.14062500
0.98779297
4.32031250
7.42024158
4.46257092
1.30273438
3.62890625
2.32812500
6.16015625
21.23246002
10.16406250
10.48046875
26.32454344
3.77667942
0.00000000
12.79687500
1.65722656
8.16406250
1.80664062
9.63476562
1.51464844
0.85953735
7.36116578
4.29508422
16.73258422
6.38671875
6.33951906
5.85937500
22.24511470
3.43457280
6.36229721
4.71403701
1.94319703
4.24975586
8.83593750
5.44531250
8.79329344
11.33951906
5.04752438
4.80403812
3.30273438
7.37141844
9.48795656
1.83203125
9.07812500
6.25000000
3.87113309
8.10347628
9.15625000
3.47403868
9.05135195
14.83593750
8.76562500
9.44531250
3.23925532
4.98014406
4.21223626
29.85946053
6.10905031
1.81119626
0.54101064
10.18555186
3.00585938
14.59375000
5.33593750
8.60937500
2.47656250
4.89485594
15.34733156
12.00129876
14.07682624
12.53125000
0.85595703
6.10937500
7.02148438
8.91829344
5.31608156
14.37174313
11.50520999
6.66015625
13.39941406
4.72298094
2.65787843
5.38102172
1.04264281
16.31250000
7.40983156
4.23860594
9.44173094
6.85872562
2.51562500
4.77734375
5.95133422
0.83821656
8.75781250
6.54899047
0.99300172
4.51886692
7.73341090
9.41829344
5.71028812
2.68750000
3.41992188
12.99706782
1.30078374
4.53938470
0.00000000
14.12141844
10.64843750
8.45491578
16.59683954
3.10221686
10.53125000
15.25781250
6.01985594
10.40689938
0.42529546
14.91406250
0.41748047
4.27343750
2.27539062
0.00383949
11.53906250
6.77343750
2.38488770
11.45703125
1.13867188
6.75243891
8.53483156
1.24739749
5.91015625
3.44378962
9.27398381
9.15625000
2.42578125
5.43359375
8.84798094
6.31852172
7.56396609
1.13802000
1.87792969
9.26139406
9.30663564
2.06445811
13.23502438
12.22134752
4.65300310
20.11555408
4.76725842
10.32096188
4.72102782
13.45751330
3.64534796
5.76041999
4.27343750
6.23437500
9.91048094
7.38639406
5.05078125
6.98046875
5.35937500
2.00537109
5.49609375
14.15625000
5.26953125
7.21484375
2.17187500
10.95312500
0.26635742
23.71060284
3.30144060
2.20507812
5.81998781
11.03125000
8.53125000
9.09504876
2.61393561
0.56591797
1.19302721
3.29818373
9.77343750
16.47363032
0.82812749
4.65234375
11.28677970
3.03971686
9.64512084
0.01673889
7.32812500
8.00323693
9.41473182
1.14257812
4.63834220
-0.13370353
1.32693834
0.00000000
13.67187500
2.94531250
10.21516844
1.93294188
6.20638187
7.52734375
4.43814440
1.77328139
7.25781250
13.10579344
5.28873781
15.03906250
3.65429688
3.17187500
12.19531250
12.82291002
1.07650155
3.55867741
0.89933289
6.74609375
2.80908203
5.62109375
7.26562500
4.21484375
4.01953125
5.01472961
5.14933289
14.52343750
0.20324707
6.45832503
8.21550310
14.61718750
15.27343750
7.80501219
9.42155031
7.91406250
5.50781250
0.23885008
3.22037843
1.83593750
9.62564938
2.19481550
11.54476451
0.04508422
11.58772828
18.53125000
15.00195312
18.01334220
4.08854499
8.08593750
6.29475953
1.64859985
2.40201906
4.25846188
0.75520999
0.95800781
2.87449801
14.84538342
6.77230607
3.57226064
15.64111702
0.70507937
17.10968972
2.78874778
17.90722407
6.04590093
24.29874508
16.00618656
2.97265625
10.48437500
15.16992188
10.71516844
15.26204344
2.37435062
4.58203125
3.94140625
8.72298094
2.27311281
2.33398438
0.42163086
0.01916504
4.69921875
3.89453125
8.26985594
2.91569093
18.05468252
0.00000000
15.71386719
4.72477172
20.31819703
6.74609375
10.22438553
0.26951096
0.20617676
7.22298094
5.56803468
11.15445922
1.01350953
7.33209996
11.08293661
11.17903812
4.70670656
10.56448790
10.52571532
7.15526596
9.80144060
6.69108156
4.74218750
6.34505125
11.49576906
3.43554688
10.48437500
2.54458722
3.89486591
1.16210938
8.65820312
1.40332031
4.85351562
2.24609375
3.80468750
6.83593750
1.24804688
7.29162567
12.00622590
6.28378803
0.17150372
4.08203125
9.87422606
4.69661126
0.22542110
11.15348515
11.45735594
4.65299313
3.70801030
3.94986813
11.59634752
2.39323747
10.20377438
16.43656749
4.15474235
1.74397828
7.12890625
1.19042969
2.56445312
0.03051758
8.03906250
10.84195922
6.40836547
1.05663689
0.20133920
6.35620117
7.05468750
3.66567847
2.85873559
14.64908688
14.67049320
5.19596188
8.53841312
0.35546875
3.61671831
8.47593306
12.41811614
6.54705230
2.06022218
2.75000000
8.91406250
5.98046875
5.62320922
11.44352172
5.99656832
0.00000000
16.73079344
6.84554078
2.54671265
14.59375000
9.82031250
0.33284422
0.90885500
7.47265625
3.56640625
22.29524657
17.64127687
11.91406250
0.57910156
9.86002438
6.14209109
1.52815797
0.04675293
10.58658688
8.10568623
1.01085189
4.55859375
13.55988254
8.92091090
11.90656971
3.91699468
2.35579842
4.83984375
5.10937500
10.25781250
14.94531250
0.53515625
2.03320312
6.72851064
3.79883311
10.08300532
3.72461187
16.00000000
10.95865470
4.41796875
16.45914797
1.39761082
19.98226950
7.25683843
6.31250000
5.41406250
0.02972412
16.86718750
8.42968750
12.30484486
7.43766733
0.41324953
9.88085938
9.45312500
10.83235594
5.05391511
1.32076019
12.54199219
3.77050532
0.94140874
3.68554688
10.23591977
0.17399234
7.58365470
23.14485594
14.71680186
2.66992188
7.33984375
4.11328125
11.92187500
4.68260971
8.94629654
15.15689938
4.62825687
7.90234375
4.30078125
4.72656250
5.77083001
10.25472296
1.34163453
6.04687002
0.13525266
12.02847518
10.86783688
14.61931294
2.15966921
13.19562722
6.48015403
17.30598626
2.90136968
2.61295656
13.22468026
1.20215772
2.86328125
13.73144282
7.83886968
2.95507812
9.85156250
0.03063965
8.18912345
1.89681405
3.44140625
13.37580674
2.26872451
6.12109375
11.55468750
0.95117188
0.72558594
6.15852283
1.56478280
16.88216312
12.10847961
0.43888367
5.82044494
4.24400819
6.86328125
2.64648438
0.02320862
0.65283203
4.17740470
0.31558954
6.92724734
7.63997562
11.08235594
4.89843750
2.13834718
9.04252106
1.26070036
4.00146609
15.07046986
18.30453014
12.01562500
4.85187722
18.29656028
4.42968750
7.06640625
0.47900391
5.31510251
4.50129876
3.37305186
7.50000000
5.26171875
3.48632812
0.00332642
10.25858489
12.63627106
14.29264406
7.25781250
3.11914062
1.92838376
2.06575687
8.71223626
0.07633796
7.48828125
3.50488281
2.54296875
12.24218750
5.58593750
1.44433594
7.48599845
0.41235352
5.19563719
5.81998781
14.22298094
5.73014406
6.72265625
3.00000000
7.92968750
1.53450438
5.08170656
1.28222656
1.20117188
2.86718750
11.53002930
1.47070312
6.98828125
11.80468750
4.19954344
13.86295656
2.83593750
6.68359375
5.33593750
5.13671875
6.93261719
11.93750000
4.38736813
10.78255374
11.80468750
1.22363281
12.76204344
5.67350343
5.14453125
2.99828354
4.23535904
3.60937500
5.64843750
6.99218750
7.58658688
3.91370161
5.72265625
18.89127438
0.09016844
8.92545656
8.41829344
2.81412843
9.22912567
0.03418000
1.27343750
13.78076172
0.02223206
7.14062500
0.03463745
6.68750000
7.66861813
10.13997562
0.00786591
7.60937500
8.01562500
1.86718750
1.83300781
4.10457336
0.23820008
5.30859375
10.58056516
3.55599000
2.63053468
2.54817376
5.63997998
1.79785156
4.27343750
11.85937500
6.45214096
3.14746841
6.34375000
5.13281250
5.24217504
17.19206809
4.49544437
8.94596188
6.42903812
4.71130276
4.63671875
2.90429688
4.45312500
16.22167969
4.48437500
5.47280364
0.18033688
14.81185062
1.02636719
5.60156250
9.13704344
14.46451906
10.60579344
12.59798094
3.99935062
3.03515625
8.53075798
20.56722296
5.06608156
1.77929688
3.50195312
13.87009621
2.31054688
1.35937500
3.01529533
9.16634530
5.21484375
5.72225012
10.85978113
8.46093750
4.63671875
19.83202627
3.06250498
12.83788564
2.53516123
8.10156250
9.05891844
6.81718019
2.05028425
0.83252825
9.09798094
8.74218750
5.02311281
17.70312500
12.49706782
1.18945562
5.66796875
2.11132812
5.79296875
1.38183594
15.82779782
4.19100028
0.36067376
14.51432624
2.96484375
0.14929199
0.13354492
5.15234375
18.15266844
4.96061281
12.24283688
0.65804203
3.90535461
2.52237976
20.40526596
8.96875249
17.76611702
17.81787234
6.46875000
3.08219360
12.85758422
14.65983156
6.52408688
7.69671279
0.44985462
16.17252438
16.73030142
4.92162712
6.60580341
20.25000000
19.89607166
7.91927748
9.77245346
19.40997299
6.31250000
0.05343628
9.60156250
10.90314924
4.16081560
3.64257812
4.95019531
16.80891844
2.95116689
1.89421154
8.11718750
4.17187500
4.79379134
5.17969747
10.85416251
4.47265127
12.15136968
6.43652593
6.04296875
3.83984375
22.49641844
6.91373781
11.37629876
15.79557624
3.85742188
9.95735594
5.19889406
2.91438719
7.16764406
2.86523438
8.93750000
2.88867188
18.66829344
19.75358156
7.48469969
10.20670656
16.39908688
2.36849124
3.10546875
8.34863032
13.97753657
7.62793467
13.86360594
10.20312500
4.73014406
7.64127438
1.90950687
5.59765625
0.88476562
0.95996094
3.75976562
3.30468750
11.95117188
4.53125000
2.53938719
8.05826906
11.94698028
0.07755586
12.02343750
6.01757812
6.62109375
5.53515625
4.87174064
0.00000000
4.97656250
5.07844969
3.24576906
8.37500000
1.05794188
2.96647218
10.53727172
2.00179078
6.74609375
0.19877074
6.90804078
3.57022884
2.58016179
8.64843750
11.91227172
7.64632203
10.46093750
3.62109375
8.79687500
6.89094969
0.04398683
1.56250000
8.77945922
3.22054078
8.07031250
0.07415771
1.53808594
15.14973626
3.15495124
2.79882812
6.30110594
3.80200133
0.13883609
1.15625000
8.06250000
5.65625000
4.99251219
3.96679688
5.18717531
3.33609985
10.65022828
7.81184065
1.99870622
9.13914894
0.23682762
5.55338126
0.00000000
8.60172485
0.48119993
13.19466312
5.30859375
8.95914672
0.07704713
5.63671875
0.08793090
0.11324098
15.04580231
0.09286956
2.44140625
1.37491634
0.17757390
6.28906250
1.91486550
1.48210715
5.40868019
2.02881981
3.38736813
4.36653812
12.32031250
6.19954344
2.77311281
11.96862700
0.25793550
28.20581055
6.21549313
5.78841312
11.33593750
10.09504876
12.26432624
2.34765625
3.48046875
17.96369238
1.53240137
10.31151596
6.46582779
10.49015071
0.40633366
3.49218252
13.23242686
3.00585938
7.98380430
2.58455507
2.16829344
0.36173586
3.49901845
0.04508422
16.81330674
10.43053825
6.29053856
0.00725937
3.50000000
11.57345486
6.59375000
0.01942444
5.89273834
2.78384752
1.74544935
0.23034668
2.61645508
12.85937500
10.28906250
7.50813719
8.26139406
13.62500000
10.11171862
0.25098279
4.05859375
4.16015625
2.32861204
2.96467642
3.12272717
8.81250000
1.42675781
1.11751219
8.78494302
8.37073517
5.36914062
3.67773438
6.01171875
2.79525304
0.92626953
11.88859750
1.16479804
6.96702072
8.16062833
2.28859042
5.71093750
8.77510528
0.31864472
7.41015625
0.04995728
1.62410461
2.16157646
0.05651855
6.75000000
5.46484375
11.30468750
12.81867908
3.80273936
4.85905031
7.25976562
9.43750000
3.04296875
8.25781250
4.28906250
8.21875000
1.24902344
14.90266844
3.31510001
4.14258311
8.18570922
6.05289672
9.63639406
1.62597656
17.29427192
12.61264184
7.32812500
1.88018799
3.39908688
5.40560062
0.00354385
4.74609375
9.42577128
7.36931294
1.82210328
8.56151596
4.87598404
5.72265625
17.94954344
3.89713625
3.66601562
4.58984375
21.86881095
17.34733156
7.77799313
7.36133311
9.20735594
9.94620789
0.22631898
1.48933649
3.15617132
23.22363032
0.04508422
7.07633422
1.95084718
6.39062500
0.36230469
15.28125000
10.36718750
8.70312500
14.18750000
8.74218750
1.81933594
1.96582031
0.06988525
7.99218750
10.87923094
3.96061281
5.63671875
0.01490021
8.90625000
1.52742492
2.56408380
18.30338874
11.00781250
1.46484375
9.27408688
8.96028812
7.06250000
14.74641844
4.47623781
4.95703125
7.80078125
0.85449219
0.05282043
1.17757203
2.48339595
2.05566655
2.40429688
3.29962739
2.79314605
0.12646484
0.98779297
0.00132847
2.31835938
0.23609462
0.18986210
2.28884088
5.70334662
2.55078125
1.48046875
1.47124496
0.00000000
13.84521484
10.87141844
2.06217531
15.71158688
2.90185671
2.17757203
12.23258422
0.57747437
1.29003906
5.20604721
9.37598404
3.35937500
9.11718750
0.00592804
21.83691157
19.23079344
0.42545905
12.07096188
7.21419437
5.05078125
7.35969969
2.59342531
8.59375000
5.39289783
1.93327404
0.17871094
2.10180664
1.25195312
15.40625000
6.29296875
7.29329344
8.17545656
7.32063719
5.79296875
7.25781250
9.15983156
8.41406250
10.81835938
6.84765625
3.15625000
7.83203125
6.58984375
6.23469969
9.15983156
1.66113281
7.54687500
3.80468750
9.50000000
0.92919922
13.35676751
0.00000000
3.62304688
8.63281250
9.03727172
3.40608765
5.88281250
4.76475898
4.28406914
0.84130859
5.76562500
3.21180214
9.65001427
5.78906250
2.30468750
5.34765625
9.95019282
7.04931516
0.78369514
7.42235705
0.73975232
2.77050781
3.00585938
9.35758422
0.34554078
3.00000000
5.27343750
1.52441406
8.10431738
2.51287012
5.26951131
1.27736369
7.87532469
2.31250000
5.00032469
3.47200687
10.19173094
7.53873781
11.73828125
5.95703125
3.91015625
5.73437500
6.51074219
2.99609375
5.46484375
11.34798094
6.80272939
1.28483654
6.59375000
11.15445922
3.49983765
1.82617188
5.78580563
5.07031250
0.04508422
11.18700798
7.97103280
3.14469360
10.80647828
4.94531250
0.35034180
16.48437500
4.96093750
5.11328125
2.91015625
9.45312500
0.96923828
5.07812500
5.52148438
8.14843750
5.02376219
5.66373781
13.67968750
9.46093750
16.00366211
3.49414062
0.00646210
10.16926253
6.79785904
8.84129987
12.13916888
13.84016844
7.28483156
14.32902039
0.33601867
10.09554078
1.47932984
9.43814938
4.80403812
5.28125000
8.66406250
5.33876385
0.25425373
1.27343750
5.46093750
8.76562500
0.00362396
12.09375000
11.67968750
5.87905364
3.67172761
4.86718750
13.33886719
1.88183594
11.14467864
0.83579011
0.00173759
9.65201158
10.13052970
2.45736092
2.50000000
7.34798094
0.40956159
0.11159810
6.85937500
4.01953125
0.05282593
4.98632812
9.26562500
3.15185048
5.77799811
3.68514712
3.44921875
6.14843750
1.51171875
2.78125000
6.49609375
4.68936946
0.35701726
2.81118878
1.49642841
2.17279260
0.20770057
5.57031250
13.49609375
1.54101562
3.22980940
3.65365248
4.42122562
5.82323471
12.89452128
2.41147495
3.60905031
18.07454344
3.58789062
6.85905031
4.05078125
0.55761719
0.01756287
2.81868407
5.19498781
1.58398438
1.25423094
3.94140625
7.21451906
15.58593750
5.30468750
1.48242188
0.14367676
2.59960439
1.77572030
2.23945545
0.00000000
4.02945922
0.35579469
0.07696533
9.46875000
1.99804688
10.84798094
6.30045656
7.04296875
2.28808594
14.17968750
6.85937500
10.89550532
3.59472905
13.91829344
10.59195922
0.39550906
2.95312500
12.19531250
0.57527586
1.54655031
9.28352532
5.27278812
7.40560062
6.84765625
0.78808594
12.34375000
2.66243407
5.90494875
2.10156250
9.50781250
5.35188719
2.03678468
1.97004627
1.91829842
3.04799895
3.58318760
1.96885681
6.14408356
0.97440271
4.64713874
8.61718750
1.53238891
1.01057984
0.50000000
2.79329344
-0.02687498
4.50878906
6.22265625
0.50634766
7.01367188
9.42610594
3.62076906
6.42089096
2.14356216
1.18138387
0.00000000
1.57617188
3.60721022
7.46896165
9.68391844
11.92252438
13.54622562
9.98437500
0.93424562
2.98046875
10.40103502
15.89387190
12.15821808
11.44954344
4.37776610
3.87076906
14.65006593
6.01171875
6.90299313
-0.07627194
6.63281250
2.52050781
1.52734375
4.65657469
8.47233156
3.81054688
33.01593474
9.35353058
7.84244626
8.60449468
8.48860594
6.56909242
0.27164734
5.21093750
6.20377438
20.24935062
2.82031250
3.17773438
8.22656250
8.38704344
13.71467642
0.22103405
14.72363032
15.10611813
3.42025155
11.20735594
9.03548094
3.69889406
7.72233156
5.01953125
4.10156250
6.12532469
1.72916750
3.23437500
6.69531250
4.98762689
16.44090925
8.67106826
9.35872562
12.51224957
9.76900043
5.04207336
2.02823914
0.71044922
16.99365234
5.76953125
6.50781250
6.77734375
4.85156250
1.84407469
5.34733156
6.73437500
8.20312500
2.53808345
5.06543218
4.10937500
2.46484375
0.00133514
14.16015625
4.34374751
9.00960328
21.37221065
1.99251717
4.46093750
7.83984375
1.99251219
1.44059328
8.78548094
0.79036500
0.27034547
7.54508422
2.60530640
15.18124786
1.64942154
1.61035156
10.11783688
4.27278812
9.10351562
5.21093750
0.01702881
4.85937500
0.99544188
8.59733156
0.17761230
2.74955231
0.72017426
15.96093750
1.08105469
9.60156250
8.33348678
0.23470094
7.71516844
10.33951906
12.44531250
5.18750000
14.03786469
10.77929688
22.29524158
