0.11271055
17.28963320
11.46875000
7.70268178
10.10156250
1.13574219
8.11718750
0.96813965
3.92240138
1.01660405
0.58101410
9.46594083
3.61564273
8.36539672
8.31083222
0.05865479
0.84375000
0.02305603
16.55595589
2.33459442
7.43404144
13.15152953
0.57592836
18.27693540
17.94782885
11.26839982
0.27099609
1.11621094
2.58308899
7.87845856
3.47790558
8.91752106
3.71138519
2.73006040
0.63761539
0.86629211
0.37662781
5.21830231
9.13627106
3.33683289
4.35111481
2.29101562
12.19531250
0.35083008
12.49584930
2.20251496
1.32564301
0.94384766
3.25691711
1.90030945
1.62402344
1.67825514
3.39083665
18.23514739
9.22630372
25.83052582
1.32812500
0.48046875
3.18945312
0.03378296
3.39453125
13.00781250
6.50837323
8.37292885
4.05920877
2.32511414
6.72957336
4.55558289
0.61039215
2.38130707
5.22656250
2.84765127
5.50195811
14.35937500
1.52315215
0.09163453
20.83223480
5.45953015
0.12445422
10.54928041
12.96952239
13.21444743
14.55258200
7.04338497
0.68047523
8.39408356
6.00781250
1.66353363
8.14062500
0.76733398
1.24287871
7.32120789
5.42712433
6.78125000
2.46484375
7.36388631
1.78455119
5.06953388
4.56500471
1.60600011
2.29581726
12.14180076
3.17281471
0.42272980
1.25142426
9.31492096
5.83233070
1.28991153
2.65763990
9.08789062
6.85156250
7.44270127
8.52839650
6.05238031
10.58581450
3.54162567
6.67769503
5.96830231
5.30143063
4.24678947
8.71439606
5.22656250
1.72017426
3.70808899
8.82902039
14.47224914
0.29874695
0.20792583
2.41235538
2.56640625
8.74731383
1.56420961
7.26472961
11.50401929
0.24349872
12.96057098
1.42675781
10.25552155
4.05859375
0.54541016
0.01690674
5.46830231
6.71773161
0.46875125
0.87011719
6.68359375
1.66723633
9.10937500
4.24564606
3.75044769
15.46069024
3.82938940
8.15445922
2.26688442
9.51074468
2.27884918
0.40576172
9.14843750
0.39937348
2.71980774
0.56201172
1.85441101
2.29642731
0.81005859
0.61617035
1.20975858
14.51945132
5.91015625
2.98632812
0.95463043
3.51171875
4.84765625
7.84977172
2.47355164
0.01126130
4.95222961
1.02237976
19.46439606
5.58890777
12.51070036
18.69567155
0.32382036
28.17529297
2.10546875
12.42747341
3.87721409
0.39263054
0.35311225
1.04296875
10.60867133
17.48019586
0.12237549
3.34082031
3.38451962
1.84940769
1.99849457
5.06225067
-0.00089508
1.04003906
8.14628020
9.48417207
5.14542664
10.86795989
1.26684633
4.28094238
0.30281555
6.21138519
14.71214761
1.67473348
4.26395722
9.85937500
1.13085938
0.96435547
7.01513298
7.88676307
5.37544769
20.29252106
0.46850586
2.34765625
4.56294769
0.47196441
0.40547699
0.33349609
16.91745161
3.54511359
3.23529033
3.88911957
1.13183594
3.80664062
0.18933074
0.77429230
0.24707031
4.59765625
0.11499023
0.22558594
6.72139434
6.13020501
3.94580452
2.02974457
5.66361481
3.66255707
0.44897461
11.93750000
6.32421875
0.37271876
3.19555851
2.77417054
3.49414062
1.58931488
0.47998047
11.36718750
0.59407469
4.34342531
0.46704102
9.59977172
1.39924923
4.45996343
8.35346632
1.33557845
0.75284976
5.65100067
3.04252106
5.49788453
0.73832184
2.10396332
0.64208984
0.01803589
4.21093750
3.61718750
2.52042166
0.97664866
2.07617188
0.41695036
4.87601839
0.19897461
2.15625000
3.70267731
1.49947113
5.53523493
9.12271720
0.15845412
0.69759094
9.23872894
1.43847656
5.64062500
4.34419769
2.82226562
1.15917969
5.27734375
3.51623504
6.34118683
4.32678192
0.05480988
3.29492188
2.08984375
14.75577571
4.35750554
0.66748047
7.78381317
0.19018586
3.46289062
7.17443817
0.25183137
0.24255371
10.19006317
10.49023438
3.96423371
5.23046875
3.30273438
0.52392578
1.57957676
0.53500637
0.17862976
9.79687500
2.88867188
0.60510223
2.77478058
9.25000000
0.07476775
0.10937531
11.55590630
4.75634766
3.80369568
2.40265417
2.80859375
2.10306793
5.72701019
0.01741028
19.27205009
5.50020169
1.03243572
8.61759399
14.13716644
1.45153840
5.38671875
2.50887024
10.38493050
1.35156250
10.54687500
3.35546875
1.47753906
7.65490692
4.88081879
8.25760085
4.14173204
0.17710876
8.64843750
7.92834442
10.59118683
0.83691406
3.05468750
1.87207031
3.82739196
10.17984486
8.92440381
0.49039547
1.33040531
1.02832031
3.59375000
1.68652344
2.00052887
3.77095551
4.90580231
11.83886719
11.99165863
2.74731445
7.12890625
4.82022385
1.48641677
4.72656250
0.48315430
10.41406250
3.09134918
0.49995941
8.03125000
2.56640625
6.95267731
0.20231109
0.07810486
0.09545898
7.15917969
1.62646484
5.08984375
7.15677887
5.01127106
6.96769226
17.65625000
3.48046875
6.41137633
4.75268617
2.79492188
7.27644836
0.15568055
0.06086181
6.51306183
4.03951019
5.27734375
3.97851562
1.30912262
4.46740692
1.83675172
4.23291016
5.68359375
2.36132812
10.68314606
0.21842406
3.86905198
5.19209995
4.99772717
0.27832031
0.47741699
4.35839844
8.87064606
3.37011470
8.36576573
3.78856550
0.95004044
10.40637300
2.79341644
3.26912414
4.52644836
4.98616578
3.76367188
3.93554688
1.72611481
4.80904144
3.30401230
0.07689604
0.71512910
6.45357269
0.00518036
6.97460938
7.76517731
0.09773773
13.21875000
2.51713043
5.82812500
16.48783356
4.45902372
1.91687167
7.34375000
3.27929688
3.81884143
2.92456615
7.66979389
1.93054853
0.78271484
14.65998892
4.46012827
2.99677250
12.84111812
0.13026060
0.88676058
8.40482574
10.34007979
0.15947251
8.25533051
2.59916168
3.13956726
8.57377106
1.38423676
0.19323730
1.03967254
8.49743683
0.54785156
0.00519943
0.53662109
0.69281390
0.96106549
1.46228058
9.86372894
6.36283356
2.01021332
2.73588043
4.75044769
7.28125000
3.97802734
7.74340758
0.90311738
1.79882812
14.71081450
8.87512300
5.93359375
3.01021332
10.24731383
2.88065271
0.24215065
4.03932994
24.96425235
2.10351562
3.02583832
10.25345856
1.65962738
7.83972075
5.03873781
5.46048981
2.96964539
3.45703125
14.95454677
8.02592198
11.84619141
1.64017731
2.35786957
6.93750000
9.46439606
0.20992035
0.00294685
0.87841797
5.24475098
12.47566711
4.76652039
2.26127106
9.16841644
0.00437546
1.15429688
18.08789062
2.02929688
11.63476562
5.00967199
0.05832086
8.88262523
1.76715535
0.24766022
6.49129211
6.56384308
1.11718750
0.87060547
14.82780081
14.31831879
3.15625000
0.09571501
1.23653230
13.68635860
1.59932652
0.08701600
1.89746094
19.27160751
1.02872742
1.53470856
1.08691406
15.45312500
0.07873535
2.09224457
3.53035461
0.12394226
1.19042969
10.50000000
1.48799621
7.43424313
14.28930851
8.23343529
3.75500831
4.43929078
0.17946469
9.58093417
3.18750000
4.06160461
0.77347809
1.19832336
5.84598847
0.65283203
9.53906250
0.27986633
0.48652825
0.20028022
1.04296875
1.80761719
0.94189453
8.69877106
9.11360594
0.59582613
0.08380127
4.33593750
3.62332724
0.13302042
0.01707458
9.19531250
0.26220591
0.30574773
3.89497894
10.99218750
2.55078125
10.19151929
11.01160571
0.16064453
6.39570701
3.77226174
0.87207031
10.02075133
5.05346742
1.71146637
9.68013519
7.87890625
2.97918701
6.15836547
0.71565797
4.26171875
11.27241911
3.01469027
2.51562500
1.14669281
0.55560629
6.69120456
4.00781250
5.23828125
4.51562500
0.29023762
1.72176335
1.31144226
3.84375000
7.92968750
0.04331451
2.43990082
0.55908203
1.02343750
0.00686264
10.39408356
0.98531098
0.33593750
1.39387035
3.33699524
11.08023442
1.48730469
8.96093750
0.56054688
0.10675049
0.04040527
2.71875000
0.51570617
3.44307403
1.79903230
4.37500000
9.91752106
3.19576019
5.69095856
2.15937888
2.33325631
9.84338099
4.25036901
0.01664734
3.90862091
2.62067596
4.90531029
0.03414284
1.28453779
11.79447418
4.67053192
5.68103058
6.08203125
2.80122894
9.45312500
7.45178192
0.51403840
1.31738281
8.19531250
0.09207122
7.22355164
10.18208832
11.57916270
1.16743793
8.63972961
3.88326019
6.89754211
3.44665558
0.24853516
0.01930237
2.58585384
1.94880790
3.66748670
6.50048828
6.17488586
2.09029144
5.47310394
0.06817627
0.22827148
9.12355830
0.34039006
0.56583680
5.45467102
18.77969339
4.85682180
3.44966644
12.64908688
3.08919437
10.02510528
6.71663453
5.57466644
12.66906583
3.70743960
0.10465453
6.04130097
5.24218750
2.34134918
6.47656250
0.05757660
10.34887633
16.78881649
2.42676030
16.82519282
1.78959386
2.81835938
1.46919769
12.87500000
11.78189938
14.26574800
1.59395418
15.53181945
3.70011414
1.27832031
9.90470890
6.20294770
2.10739749
12.47656250
17.43945312
5.01953125
1.04341395
2.21191655
1.32324219
1.30033356
1.17285156
14.53906250
4.75211547
0.32377168
7.48486328
4.80362478
1.96891733
6.99308289
9.07722961
3.51163010
6.59819259
3.03125000
2.18990082
3.83007812
3.78336547
8.27489460
0.79789246
1.00931793
5.06685394
0.48608398
3.46093750
1.71483135
3.40189606
1.05708832
1.54882812
1.77404754
12.19185394
5.50211547
1.26943980
0.33517508
0.74373352
3.33878601
8.52343750
8.22477172
0.63265015
4.93069593
5.26697058
1.90397717
8.61283356
15.59216340
14.27343750
1.40340149
12.78086998
4.57906471
6.38448028
10.49833222
0.58166473
0.12341340
10.57230621
2.99555491
6.55937610
3.62963929
2.22701019
2.57031250
3.86914062
0.03149414
2.24807375
0.91065824
7.65960994
0.90529088
1.23705681
8.31299202
4.45312500
11.38068706
1.61345356
0.01372528
16.38082536
3.99414561
13.82031250
14.55818540
1.93204898
2.43269836
4.97009308
3.63972961
16.27327484
17.39941406
19.07361354
1.66646581
2.02148438
8.07377106
0.04066986
5.58649464
0.67363392
9.58684721
1.34244875
3.04296875
4.78906250
8.42187500
16.40189606
0.05989594
12.98828125
1.60990387
14.58247894
9.46350067
0.12426789
15.08546987
8.26682506
0.08648682
0.36291992
3.02085389
1.29012024
5.07902039
5.04207336
4.79374114
3.57389406
5.23872894
5.87890625
5.52734375
0.01789856
4.74480193
2.49010194
13.66423185
14.72648133
1.66666750
3.28906250
9.97310394
3.77945922
4.40714539
2.75675476
2.80273438
8.46785461
0.21891297
1.12304688
15.22855372
15.74438663
2.02221742
9.86718750
2.66255707
0.55126953
6.68892177
20.32952683
6.73065602
4.18058289
7.57226562
5.20703125
13.22220856
9.80379211
2.18884308
13.66316711
0.51700867
1.62418578
0.07991578
0.56933594
4.66166168
4.48437500
4.22310394
13.65290448
9.06975177
0.09405518
10.22656250
0.73828125
14.94486481
9.92969901
6.10581338
3.53906250
5.84928344
37.01928524
6.91475620
4.39542664
11.46830231
1.57218445
14.19352172
6.59850732
0.05391823
47.10502106
3.41768340
2.44755097
6.51509613
1.70072418
1.23168701
11.04252106
3.68599457
14.44164229
1.36499833
10.83105469
7.07332336
23.50552962
7.88604498
0.15548011
17.20747894
6.35156250
13.57812500
1.04589844
1.82324219
19.23693817
6.67521117
2.11836824
1.88065520
3.85204954
8.76062167
7.90804078
4.18310547
8.15625000
3.37650543
6.93314606
20.85578532
2.61755651
12.01615138
5.39143174
3.47478169
2.75630707
9.70688655
4.63830784
23.37690382
2.40434618
11.26460785
3.64843750
2.48197418
2.40775543
3.09073914
4.60937500
2.66015625
6.98410905
4.46812056
0.39298523
1.33105469
9.17097961
5.17472351
3.58789062
17.83837766
10.54431183
11.78693706
16.32463458
7.74385528
2.32133089
16.42879211
13.53995789
8.69738365
3.28503823
3.38267454
2.15052858
1.74173981
11.65819814
6.49068705
17.82710661
8.42712433
7.62858156
3.91015625
0.18029785
12.18570922
1.08601493
1.64966256
3.80078125
5.73828125
0.40747070
4.43232748
9.82528147
15.33800865
17.84106632
1.67781804
4.32421875
5.80635528
5.92264739
6.97021609
0.00807190
2.35583786
4.37740580
4.95707627
2.84114749
8.17533356
8.00435394
1.07031250
3.50781250
0.75537109
0.22119141
2.45117188
8.06250000
10.89843750
0.44873047
6.68269836
3.15535461
2.07812500
11.88053406
1.00284851
0.95804840
8.90473959
2.67187998
3.79882812
15.67968750
0.37084961
0.15454102
4.43191974
13.71407635
0.41271942
1.75524933
7.00000000
5.47611481
22.56941711
9.27600067
2.40262910
0.75093598
12.94556461
13.64991356
1.20685947
3.58939606
6.21822113
10.37263229
1.75383255
4.93440049
10.11544478
3.09615082
1.94840453
7.43952682
4.52394204
3.66902649
17.63370789
2.60546875
9.23848294
5.62479831
6.09370568
4.09770057
9.52037391
3.54801640
13.93484819
6.03368019
3.77756537
2.95507812
4.58024047
0.71093750
4.70100953
1.79223571
11.44559785
4.21138519
4.49929134
7.43625553
0.58219360
1.40340211
8.75585938
1.32226562
9.16874114
3.54649975
1.98831469
16.12500000
0.08587646
4.01127106
16.09375000
11.27343750
0.35689301
0.04833984
1.04943920
4.44263630
1.42085785
21.77225551
1.87959995
4.05786071
6.93237367
3.11673981
2.23677582
6.22295862
8.23246122
7.15816378
0.84037262
0.55562348
2.95943207
5.70703125
0.75463680
0.11328312
1.64575133
3.30625212
0.39667663
9.77779144
2.57226562
0.45393797
1.60221437
9.74926197
7.34253490
8.97566711
3.33398438
0.62638367
3.70898438
1.76810699
6.52990692
0.04225709
0.51757812
5.09053496
7.29911347
10.91369349
21.66836638
4.40234375
0.88476562
4.71875000
2.64257812
4.36181641
1.41601562
4.83158356
15.82791335
25.20964372
6.58019801
8.64131870
3.44030419
3.98051307
0.03018188
0.10186768
4.71341949
2.31294769
0.03176880
0.91992188
3.74316406
12.97566711
0.32885742
8.53548094
3.18904726
14.06250000
11.26127106
1.68111176
1.49023438
4.29369681
2.11946532
2.92472850
0.95804840
0.05500762
1.40222075
1.26302187
4.20524047
0.56637979
12.26572611
0.41142065
4.25390625
16.35092754
11.25013142
7.32279449
7.42178635
4.59383865
4.66451019
9.01367188
8.48144531
12.59720856
1.23588043
8.92277039
0.33689174
4.22196504
6.81832003
6.08068817
2.59163453
8.90832115
2.57547817
3.66659131
2.09525543
9.01703680
1.44044215
2.83007812
1.16699219
3.53125000
8.96952239
4.63985261
1.01269531
4.53125000
0.43579070
6.02425988
12.47566711
1.52876801
12.14062500
5.97310394
9.25000000
0.73535156
12.34106383
5.13570036
4.25682846
2.49838153
10.80122894
1.45703125
6.90445922
16.79638298
3.26595467
0.14453125
5.40165005
0.06807652
2.35937500
5.03568512
5.39888519
3.14213043
2.91841644
10.20710993
1.52291112
1.32857269
9.37540649
3.02034547
8.24218750
1.63138824
0.67085785
6.33499779
4.87984596
2.67578125
5.42879211
0.76664215
12.29484070
1.92009115
9.41007757
5.87109375
5.41451019
7.66113281
11.89843750
0.43534332
9.70352837
0.46932319
8.32377106
0.30875672
4.53125000
2.35742188
0.00757217
6.62890625
0.37943512
8.34029144
4.91796875
0.13330078
2.36673981
5.32421875
7.10156250
11.83278794
4.96484375
2.16015625
7.27981827
5.71976839
13.14059064
0.29398590
1.25675476
1.23270321
9.80963653
3.72161347
4.18615692
3.90276320
9.61590820
7.29687500
5.42773438
1.92026683
9.03328679
2.27689606
9.43013519
7.91361481
6.44576019
3.65234375
0.62047904
0.27767342
5.45011414
3.13671875
5.25000000
3.34330231
3.13521332
9.09273161
7.31103391
9.30545989
1.80399878
5.65669769
3.90055297
7.70296265
13.65548325
5.27734375
0.47196379
4.94799867
18.03560394
1.94531250
11.99910461
13.42700133
6.93717531
0.31103516
3.44140625
0.07609039
0.03554291
0.07305908
3.40311115
2.02267010
5.87845856
5.03755707
5.74815514
5.30428413
1.78027344
3.67626953
7.98872894
13.91601562
4.94307403
2.45014850
4.58357130
3.86372894
16.57377106
3.52539062
4.01957184
2.36688844
4.02857878
5.09375000
2.06644310
12.56734596
0.20102873
3.09102449
4.62683012
4.32869570
5.67956450
3.77897218
2.77929688
11.26472961
1.93005402
0.09228516
6.53548094
1.44010500
3.18318540
2.80586824
7.41752106
10.31608156
4.54028258
0.65991273
6.08788564
1.68819121
0.13607311
5.12935394
5.71093750
9.59285461
2.40714539
0.16381836
1.11673981
13.79463715
11.39816666
6.06640625
15.30423981
7.80664062
11.48091644
1.09765625
7.93561060
10.99863253
1.27498999
2.28372207
14.22656250
8.50870789
1.97851562
11.83353668
0.90032939
5.07299867
1.05761719
15.58548981
5.77774712
13.47245643
12.45315552
0.65283203
4.83548981
2.25044769
1.91308594
3.39355469
9.67097961
7.48136414
0.51513672
2.80969946
3.07863696
10.32812500
1.55493164
5.25567627
12.92610594
1.64278230
0.50756711
5.41890597
5.53027344
0.57470703
0.95898438
0.47481106
0.32211925
1.95226988
7.75569703
6.93359375
2.88871122
2.06726230
5.47778258
4.04174867
13.07895237
4.41451019
9.73828125
5.04618130
0.80440464
1.18164062
5.35502106
2.15474457
5.56941711
1.05660679
2.45781360
1.35937500
8.65100067
4.81285905
4.37989029
1.90527344
1.92407227
0.93115234
5.05468750
3.27343750
0.15075684
14.69531250
9.51472961
2.68133970
6.04294436
0.69824219
4.22086547
0.05141236
18.24385528
0.99454742
4.95011414
4.85747172
12.42968750
6.94921875
6.64737945
4.08499280
0.42326739
2.98889129
16.22745789
10.12935394
0.00244713
10.46093750
0.10694885
10.12500000
3.25992797
1.38069703
1.87129544
2.68143894
1.67382812
14.85733821
0.46883366
1.44531250
5.95922789
8.99385029
18.19720739
6.33854499
1.85111481
4.71715592
8.28719802
8.78906250
4.27901153
1.75083467
3.34232574
2.68452973
4.89062500
11.46606383
3.15112367
1.29394531
7.26471964
5.05022052
1.10595828
1.64103180
11.46097186
1.80158092
4.94134989
3.31009918
2.43404144
7.74218750
2.71679688
5.96830231
6.57076019
1.27539062
6.75874723
0.24796321
3.24031804
6.04252106
7.39843750
20.80927749
7.06617021
1.59525543
13.72896332
3.73002106
2.67309508
7.71362367
7.00435394
12.11629211
0.45259613
6.60546875
7.04406333
2.74088874
1.53446504
4.01696808
14.11962766
16.03857546
5.51562500
0.04507446
4.97220856
13.36681849
22.21793578
0.82788397
4.24263519
7.05468750
3.97896332
16.94994681
3.65161569
6.10937500
16.22656250
14.98486328
0.62357574
8.13085439
0.76314799
0.97998047
10.80018979
17.95190492
3.30151429
3.04160584
5.97265625
18.74820922
0.44319703
3.88529449
3.71333832
2.85947152
10.84361258
8.89152039
6.01127106
0.29878754
23.72057514
0.20422955
1.14160156
9.30866246
2.21282191
5.35593585
2.88429853
8.19095856
8.48258422
8.10579344
2.01167941
2.58198568
3.00736979
1.97070312
0.16064572
8.32133089
1.62003601
4.78957129
4.67578125
2.76127106
3.27193207
0.22192383
2.65780848
1.67240387
3.54732269
8.15722656
10.75000000
5.19832336
8.38525391
10.15242523
11.67232269
3.41992188
2.49609375
3.42728668
5.58379120
1.28125000
1.83593750
8.81941711
8.37589539
7.12365692
5.59509308
4.20133422
7.42919673
13.63220495
2.52600067
14.37219083
16.73897495
2.33882536
4.04398714
6.14798981
6.55452017
28.24203405
8.34512851
21.85055852
9.19691156
2.58277925
1.08496094
18.73217587
8.23807956
3.12996399
7.26261414
2.25044769
2.49023438
0.66556793
1.59260697
2.49609375
0.10727936
3.88911957
9.73514739
1.51021332
1.10921265
0.96777344
19.79117797
1.11889711
2.34765625
2.98632812
0.00440979
9.62173316
13.03797539
0.71932593
0.20805338
9.19176530
4.89607602
1.74764849
13.49129211
3.14542664
2.36718750
10.38374225
3.59717420
4.28125000
0.08098296
0.40751191
6.86328125
3.46679688
3.12259918
2.85606882
3.79867575
2.81746399
5.94966644
11.27619238
1.56169824
9.87154144
2.34720856
5.41451019
2.35697418
1.79243988
2.55228668
1.65026450
10.45003546
1.72871980
19.68981716
2.06806904
4.65511857
3.79191101
12.40625000
3.14497894
10.16752106
0.04213471
5.83984375
3.49609375
2.66672373
0.25140025
3.36727116
1.05423981
3.02974457
0.10633375
1.26965425
1.78320312
2.58268063
0.37288578
10.83096853
0.33659311
0.03351868
4.42309508
1.51634496
1.49150875
9.89831450
1.08943789
1.91601562
3.94681793
15.89782497
6.22770390
8.33247894
5.32857269
5.10502106
6.87154144
9.37064606
12.18752808
0.01585388
0.83691406
2.26367188
0.11450195
2.70898438
11.56148161
1.52006136
5.90580231
0.08747314
0.83337433
4.41015625
5.43359375
0.37056488
2.59029144
3.11584442
3.64392121
9.07636858
5.09383616
11.80147495
0.62304688
5.55423981
3.27734375
0.03517670
1.98242188
0.00189877
1.02246094
12.26562500
11.03035461
1.44576019
1.70161957
5.67533356
0.64591368
1.68318789
4.44576019
5.47599180
8.66072695
10.87938830
2.83154920
7.98486328
1.53816711
0.09458435
3.30702094
19.74652703
6.92622894
1.52262328
5.94710328
5.61132812
17.34720856
5.62442930
2.24755984
4.50911126
3.49389960
10.21004211
3.81038453
9.77587766
3.75537234
2.08593750
5.58345302
5.67435948
20.14680408
11.47282358
1.36738295
2.25468860
0.81738281
4.71996011
3.38550864
10.37923094
3.39868226
7.25345856
15.88883422
7.09688386
1.20214844
0.01424080
0.01791901
0.03240967
5.96394836
9.89152039
9.99218750
5.00455563
9.63472628
7.03995789
11.77779144
13.00634766
9.00781250
8.53035461
1.28312195
14.85937500
6.33548981
0.40478453
4.20190492
7.70267731
5.03531361
8.82886303
1.32617188
11.06522053
2.39136303
12.50211547
9.35091187
4.53560394
0.22204590
0.68846562
8.90967420
0.64986176
7.51953125
0.77103543
1.99302984
3.75741910
0.54248047
0.14371734
2.60607879
1.52868683
8.61372894
0.51611328
1.08789062
1.16406250
0.45727539
1.09667969
0.68985899
4.33215425
7.82076019
3.92008422
4.01306183
0.01773590
2.90189606
1.66210688
5.37056737
12.79429203
0.85603571
5.19177526
1.74707031
9.61493927
4.44392509
6.28308510
5.32226562
3.69486481
2.04793274
2.84704621
12.88396179
0.03364075
1.09533660
1.86079926
3.00284851
5.90039062
4.51562500
6.50781250
11.08158356
2.27620453
2.91316711
5.32511414
0.13920074
5.43794769
4.08158356
0.08180756
18.30379211
3.28605164
6.48693817
1.35876496
3.91707336
3.15323914
6.13107300
1.76273590
8.57747406
9.37845856
5.38671875
3.42427582
1.28320312
0.69303344
1.85432984
5.18359375
7.71048981
1.32670074
18.64933289
0.03704834
3.13085938
2.44140625
2.79134032
1.92891511
5.34419769
5.95967310
4.67313940
1.06054688
2.64117576
4.83148049
5.73437500
2.04492188
0.00170040
0.76361084
13.92097961
0.12198914
2.37109375
0.44014371
6.74141511
1.70206726
8.68660461
0.78841187
0.76562500
7.29642731
4.73828125
0.04063935
1.62597656
4.34232574
6.28515625
8.42240138
1.97859929
3.94954344
2.52400820
5.07511414
1.38191711
2.00240082
5.24218750
1.54882812
4.40279144
2.12304688
3.03903882
5.90676196
1.63041168
0.14330992
0.72432527
0.91294342
4.04341644
12.69006317
4.88942456
0.30684543
1.85245789
2.21004211
11.18493683
0.04232788
0.08947723
5.54386414
0.03023773
1.58878601
0.28027344
0.02481079
2.37304688
1.12405530
3.53760638
3.27974457
0.36425781
1.85697418
1.37544769
3.60351562
2.88867188
4.80924438
2.78890015
6.85892731
2.90208528
1.78879210
11.10156250
0.18884277
2.69441711
3.03214539
8.19335938
1.21297180
9.74771720
6.18286569
12.92533356
0.03250122
0.67818207
3.17898881
0.92159713
15.21271240
0.17557801
1.31542969
10.02099853
0.12410492
0.84041320
0.44899132
2.10054909
10.28125000
2.68123352
9.43384484
1.05143561
4.80379211
1.31970246
2.80273438
11.42968750
4.83548981
1.87251801
2.24218750
5.43705231
14.60937500
5.31880707
0.17517090
1.83902953
2.75179078
0.80712891
2.45507812
0.02804565
13.92236328
10.70568817
14.11105378
3.24910461
1.50850371
1.54423066
1.90226258
12.69486481
4.39497894
3.37215149
1.41841644
9.36283356
3.52433289
10.82287567
7.82668330
2.16294104
2.72070312
0.30383176
3.21240359
8.60156250
3.95658356
2.16841644
7.91544914
0.64160156
0.11938445
0.11303742
5.83203125
0.54101562
3.11343363
5.58969137
3.27734375
0.09504150
0.09004762
9.62500000
14.34544673
8.98628878
0.38647523
2.58219360
7.16796875
9.81233765
7.91259641
2.45113253
16.74820922
4.40234375
7.10681183
3.19726562
1.96724457
9.85196587
5.61678413
1.55078125
0.56103516
2.14855884
5.24308289
10.10245789
0.26318359
6.55334442
1.96443540
3.39042331
0.58203125
14.03368071
1.91194703
12.59029144
1.23294825
7.12837987
8.89843750
4.24243164
6.86283356
5.47668457
18.94327571
5.11576573
7.27103668
6.09029144
0.38916016
6.89788818
6.80859375
4.07391357
11.05371094
3.06250000
15.85847961
8.10591644
1.83003754
16.53682403
0.44340058
2.41406250
6.72265625
3.23828125
1.53275543
6.61763519
3.00691711
6.68839539
11.04597961
4.81595856
0.47949001
0.18115484
0.51493254
1.70332918
0.46704102
31.81809416
17.16039229
10.78878650
8.47549978
6.10999002
6.13191711
0.78181945
4.29597961
10.32299867
1.61869293
12.45206726
5.10156250
1.81152344
17.25874191
4.13142509
9.88074135
4.75781250
1.36328125
2.75931793
1.43697113
2.25541168
11.72261193
3.40885749
6.54431183
1.89066434
5.56876773
0.33959961
0.15214020
1.92427582
0.75244141
0.18220946
1.25162843
6.07031250
1.53275543
14.36718750
0.84203728
0.15621315
11.11500777
6.10374223
2.22663340
4.27668939
4.04075446
20.59557514
13.80977947
4.88761414
7.20389739
0.85664949
15.21516844
2.40176557
2.54769669
14.09804416
11.35156250
20.72603363
11.78125000
0.03591919
3.80468750
2.79862457
5.23437500
1.26188110
1.57938691
15.67253113
2.42919922
8.90189606
1.84419769
7.48890072
6.95641178
2.72265625
6.79687500
6.35843653
19.37056737
0.53413630
6.52592198
2.21545379
1.71069398
6.79252106
1.84436004
0.33748414
1.73339844
2.87467033
1.76896553
6.97745789
0.28442383
5.14274047
6.75179078
8.86283356
8.67622894
1.54394531
6.35460772
9.60588209
1.09468598
0.40747070
11.60156250
1.62402344
18.03381317
13.40270284
0.21531138
1.79927582
0.81152344
11.62231383
5.82856273
10.46318594
7.55814606
2.16979638
5.15930518
4.10892731
14.38972961
3.25765015
6.48046875
0.16031797
0.10933535
12.44095856
8.93794769
10.65970856
1.09395355
2.21109985
3.08292664
7.33203125
14.06314938
11.99076324
10.75280917
6.05110594
0.82190035
3.38627106
3.90563996
4.54687500
3.76367188
3.57889739
3.26530031
12.25077239
3.87963929
1.79426502
5.66390514
6.76786347
2.79882812
1.96093750
9.68135528
2.16589262
2.88517398
4.24889794
0.47668800
4.67122001
3.68453346
8.67008422
7.12723847
2.14453125
4.71773161
2.46390902
2.45441379
2.04318539
1.47408051
8.84541778
7.31473847
1.95507812
19.53450438
9.69213431
21.01306183
6.13778147
6.71752618
6.23262854
2.79642731
7.17232269
1.13671875
16.05678366
18.76534463
0.79882812
0.65771484
1.71605885
7.23075908
3.34497008
5.71362367
0.03966278
8.07377106
13.75244016
2.22127382
8.98758755
1.97188386
13.19641269
0.86376953
0.66015625
8.09285461
4.34631317
0.28007051
5.12890625
2.68750000
12.42008422
2.06035884
7.47265625
0.00812287
2.21925354
0.22032356
4.00213623
6.91438719
8.37076906
3.52734375
1.04101562
2.78189938
2.45638187
0.00350571
11.90759246
9.19329315
11.00865724
3.34765625
5.67744903
5.41630097
3.25195312
0.61832641
2.46618683
2.71093750
13.56685394
4.74316406
1.50052887
2.98677582
1.37386047
10.31250000
2.20357269
8.69576019
0.97412109
1.10253906
8.09720856
2.41060394
11.15535461
1.92765320
0.22839355
0.65193664
1.74405945
10.80140072
1.04234928
16.73437500
0.98427307
4.37980164
9.55468750
0.96650779
7.16679299
2.18750000
6.18705231
5.06416840
10.58158356
2.34232325
0.02388769
11.67622894
13.87141844
11.34297761
0.07478852
7.05753103
6.02600565
7.78906250
4.79028258
0.53511629
2.39994293
6.37890625
0.33360810
1.97558594
18.21260528
6.17801972
1.72851562
5.29988586
1.65266906
14.45723294
21.24493740
4.96909463
2.71529144
0.25323486
1.06738281
11.70031583
2.17663730
12.78470856
3.62015777
4.73438210
3.86372894
3.89648438
5.36673981
1.63981078
1.81864472
3.41166168
2.75000000
17.27945922
7.03592864
18.02172976
2.34045601
0.11273663
9.25524933
2.90489774
4.58597310
7.10919539
1.80025238
0.13425596
4.71183289
0.27482179
3.21404998
5.71598017
3.29109929
7.89270113
6.95312500
2.11309814
2.84631317
7.82165558
2.07031250
0.00594330
0.90734708
5.73193484
7.00089539
10.71788897
1.60287123
3.11328125
3.03114640
3.74350620
3.80497783
2.12109375
0.04051728
1.02103668
2.00040192
9.90820312
2.51016900
8.36678413
6.41796875
2.98588043
0.34497070
0.76656098
0.38330078
1.29687500
3.06510251
3.31575687
20.13679743
7.44389073
0.22058137
3.40823250
1.53663231
0.27657074
5.38191711
4.35982269
9.55904144
0.50651000
0.15633180
9.18314606
4.57051419
0.66772648
0.19860840
1.30390639
3.45589982
4.61975067
9.43253103
5.62349955
0.65035004
6.23258422
3.12154144
0.75878906
2.31922467
0.18310547
1.62988281
0.58325195
0.36132812
5.33303968
1.13542497
2.42968750
1.14436890
5.55122894
4.49129211
3.26261414
4.02363919
5.37479831
4.90234375
8.18936946
16.71186725
9.47766954
0.50858551
5.49654144
4.96781029
0.13961159
2.41922568
2.57800698
4.04821808
3.09179688
9.70222961
0.45963562
19.93188165
3.60372229
3.64843750
0.53824828
6.77856383
7.52937357
4.35502106
11.31583555
0.07047640
15.83414672
12.52974457
4.91540558
1.53417969
6.87109375
4.53125000
1.13671875
9.20679966
3.46413937
0.48075348
4.38716644
7.96875000
1.89204926
12.73950133
11.65177305
0.88216312
9.29687500
3.65384918
6.61681849
1.26265722
6.00532802
14.37882757
0.26000977
10.96069149
0.93774601
0.62057018
0.80454396
2.49573470
1.33984375
1.36425781
2.26467532
3.40105496
0.49739625
4.79687500
0.57080078
5.40279144
1.41992188
1.43603516
5.62064606
6.49609375
7.84512744
2.61235150
1.28125000
1.07666016
1.58496094
2.75195312
0.64563466
0.63664256
11.07466644
7.62935394
1.07474637
1.56929660
13.02115470
4.98966866
0.02411927
7.18337213
0.95875830
8.12407684
2.30468750
3.34960938
7.32466644
0.11897766
4.84419769
9.46606383
4.41451019
1.58479859
10.14062500
1.03658051
7.81685394
0.47167969
0.00326157
2.48242188
4.31179633
1.03150598
2.46694152
7.63746675
1.66796875
1.25240082
11.91406250
1.53417969
0.86555907
1.80436281
10.46093750
1.49804688
0.47859680
4.07031250
1.05655945
12.77945922
0.95589234
3.71289062
2.94579206
3.22901263
0.67480469
5.06274414
8.57153416
0.24194270
6.07613253
11.50000000
3.00142426
12.11975067
5.69571961
0.73250336
2.75902367
0.09383968
6.95344969
7.18115359
0.02932739
3.30318207
7.76480829
2.71956671
2.38207946
7.64721742
0.20572844
1.78243074
17.19852505
8.78833195
8.05122894
3.47070312
2.62988281
1.29101562
2.72611481
7.87832558
5.63384086
1.07812500
0.33689143
0.03499577
4.74798584
1.68607574
6.87299008
0.49848098
7.76945257
5.41796875
4.73828125
0.00849915
10.86718750
2.24759918
12.90331782
2.12837987
0.17504883
2.35652649
0.76521789
9.29866578
3.10489805
9.77010195
5.93951629
1.26155640
0.92923981
6.05110594
5.09362824
6.70190492
8.07181644
3.15028233
3.18415003
2.00874723
3.05916445
2.98482269
6.53125000
1.69335938
5.32812500
0.00083923
0.00384712
0.03818756
0.76021332
1.62402344
5.50781250
2.07401457
5.93282136
0.91015625
1.94148742
3.84269226
2.36869293
1.42114196
0.39912996
6.26171875
2.20898438
8.55980386
8.33729055
15.73783356
3.24983765
1.95019531
8.53548094
12.05647828
4.97790558
0.97505707
0.30863434
11.51127106
7.03169769
6.93648161
8.41674867
7.61507203
14.40327973
3.28043329
0.39042456
0.51513672
14.35561614
4.19402371
1.88004765
13.28470856
2.95552582
2.07464600
10.89143328
21.36628766
7.49564606
0.77290863
0.59960938
18.21927638
0.64123629
8.86999667
2.27583832
9.08666992
8.54101562
5.17097961
9.40625000
6.34073914
5.13284686
4.05074689
7.40733719
12.92968750
0.21822792
2.78270522
3.13008699
12.17382812
5.20357269
0.01272583
0.77050781
2.71439606
8.12154144
6.36328125
2.01243435
2.03346409
3.20703125
0.21960449
0.08398438
0.13256836
2.67571699
1.39671098
6.18884308
10.50203430
2.39009613
2.27823914
4.84405518
13.11718750
5.14636230
5.87682514
1.36536236
1.40136719
1.55957031
1.53926543
0.74388963
15.13355053
7.89164339
2.55513519
11.79329344
0.74678621
1.43599457
10.81623892
9.45015846
9.30098543
4.87890625
3.61709387
0.65198969
1.12154144
3.34375000
1.21166618
2.78369514
5.03125000
12.07287567
2.55212433
2.84301696
5.13159242
18.59375000
0.98779297
1.52832031
8.32031250
0.17822266
2.80273438
9.93827239
0.35469636
2.15416021
0.48144656
7.67932129
2.47611481
11.72310394
1.70214844
0.23999023
1.03572321
3.74992132
6.92720302
1.10608128
1.08390320
1.34085655
9.14843750
2.31250000
5.26562500
0.03836060
4.91800311
0.02828596
1.82192175
7.41989250
3.15039062
7.26818817
5.32556183
6.69531250
0.09665862
0.74068269
0.51908356
15.31685394
1.40722656
8.83867244
6.86445256
0.15112305
2.42578125
0.02302551
6.36328125
1.20082144
2.40837045
12.36718750
2.97778258
7.44364472
7.38326019
9.36283356
9.96618060
5.59237256
8.18314606
4.54312860
10.94657690
3.38476562
0.03534942
16.72851562
7.81205231
0.59220398
1.83398438
10.05033356
3.83699524
0.64685090
0.05652068
1.74841340
1.56245941
14.40189606
10.68135528
0.28690644
2.47310394
9.66214872
5.66988253
0.78564453
5.90234375
4.87853724
0.05041784
6.45312500
7.51127106
7.11827461
3.24154809
4.56640625
1.61518693
7.18740492
4.23482269
17.04687500
2.13236481
1.04968168
5.31262300
10.67968750
1.93599457
1.13476562
7.57812500
0.67993102
1.64721742
9.53446255
5.04756870
9.17187500
13.05033356
2.89107269
5.34720856
2.72851562
6.24863179
2.60636912
4.32738199
1.19996176
1.11230469
9.58939606
2.75898826
0.04321725
2.84179688
4.19046467
6.55587322
1.41406250
0.18334961
1.57324219
7.60111481
5.53637633
6.16719636
0.26686885
11.01766179
0.69335938
9.85937500
9.17533356
0.24865692
0.63460328
7.89908688
6.13185794
7.01879883
4.96875000
2.31762633
14.75614472
0.66597504
4.57031250
2.32079455
1.09282025
4.21484375
3.87349457
1.29589844
0.00309563
0.30346680
0.01841980
3.33247894
6.60502106
4.36165219
14.18150667
6.09643617
8.44380707
2.87548828
4.08984375
1.08105469
5.16063830
4.21338514
3.61869293
1.25248199
5.35982269
0.48872894
0.81502258
0.43033875
0.15087891
1.86079801
11.73672651
2.35759419
2.76997894
9.31762633
6.85770722
7.46659021
13.20137854
1.75826019
0.76371246
12.99707031
1.17329926
13.33963957
2.41133699
9.70658356
0.48770993
4.89823581
8.82377106
13.82633422
11.17801972
0.06768799
0.01922607
1.96777344
1.17285156
5.55814606
1.37927184
3.29610261
14.03400488
3.73552637
0.98856535
2.30196199
4.07352505
5.56709995
6.00736481
5.51607269
5.19742797
0.59362824
0.88130707
12.12500000
7.73046875
0.94042969
10.48953247
5.87678528
5.48738586
3.75829954
8.53532046
8.01562500
0.01644897
4.72129272
3.98782359
0.91781637
10.82282137
2.50965757
7.56449247
1.91369722
3.67366578
2.38342254
3.49157746
1.98828125
7.87890625
0.30330352
1.68094941
10.17984985
6.58382203
1.50195312
4.87109375
1.31933594
4.18989085
48.57182790
5.02734375
3.21875000
5.68225067
12.82170716
7.21972407
2.44762966
4.27852947
1.39160156
7.13928192
0.96813996
2.35709594
18.14481162
2.62495246
19.72008810
13.30830342
7.71513658
3.77950354
6.90791778
11.79060447
2.91903147
4.39453125
3.06054688
3.84932403
2.39632203
1.16202820
10.36718750
1.64871911
6.44710577
7.26261414
7.76070036
7.63736813
5.78943151
1.57759613
11.67207793
12.92883145
2.71989140
7.65791778
12.53168031
2.15234375
2.32633422
7.79140546
1.57910156
13.21572781
4.27506344
4.70068484
6.00122008
1.22029726
0.55566406
9.93916778
23.33426972
10.03470856
3.79536957
16.52102599
0.41674867
1.37780668
7.12723847
0.73665406
7.84590481
6.19267917
3.85201019
11.53214539
1.34029144
0.53906250
2.63064274
0.55055019
8.81010925
5.85681183
0.69726562
9.44036834
6.68395996
2.03454621
9.04854278
4.60380097
11.70214844
3.36914062
5.43314606
41.02441406
3.84710418
4.16931183
8.58670989
3.44396942
17.81958070
2.68428496
12.54418883
8.40562776
2.45642121
7.60725953
1.97656250
2.80814606
5.73205535
5.38826352
0.50561710
3.37890625
15.46134087
4.31680464
1.59685449
1.03275543
12.26607269
15.12856900
5.85392398
1.94868988
10.67663232
1.71569980
3.49741440
2.09515735
2.07661957
21.10603820
7.88134766
2.30753601
7.51025266
12.44633089
3.56685394
3.97326629
19.39933289
3.62154144
10.97196255
3.16874363
6.94140625
0.83243836
8.40498560
17.79712101
3.08304964
10.50000000
1.46777344
10.19637024
11.93741883
2.07572418
16.61836326
5.99536569
0.75589996
8.30020769
3.17468916
0.66308594
6.82879877
10.27621232
12.62020833
4.67277039
4.60937500
4.60892731
2.91451019
16.12943512
8.07499114
1.10949800
0.76025391
5.12109375
4.74295989
6.36576075
7.85958167
14.86079926
2.58203125
7.79931641
6.27139884
2.95105385
2.94055020
9.05403812
14.98223817
1.34362949
5.83459442
3.46093750
0.73669465
7.68705231
0.76155267
2.05578956
4.83939606
4.53446255
8.57991578
5.02164672
10.49051972
10.30545989
3.54402898
8.11718750
3.14648438
9.21044548
2.42914243
3.16831338
8.15112367
6.88671875
6.83638519
10.43592532
3.34923093
6.90048218
19.10937500
7.51953125
2.90820312
3.48197418
4.32812500
15.90625000
2.52209442
12.48962433
15.46582031
2.70853668
6.67277039
18.13260832
1.28600358
3.50668107
14.25948028
8.30790254
2.08203125
7.22674849
9.47233156
12.44380707
9.77343750
0.60205078
3.31013852
14.74543440
4.76083333
0.36206055
12.45764129
9.99957669
4.15411014
1.90527344
12.58007812
11.17601239
9.70987976
2.50976562
9.43318602
5.51530031
0.61088043
7.56250000
3.23242188
1.03951019
2.95996094
19.81681407
11.76941335
15.59456359
0.30216492
0.48706055
17.50034576
2.09029144
3.95898438
7.94448582
2.22348293
9.05082184
2.60591644
13.27717642
6.82845499
3.19527191
2.89648438
8.64754211
8.14741856
1.92110760
5.65234375
5.17187500
13.68019394
5.33844192
5.31339539
10.06941711
4.65047211
1.75292969
7.12833555
1.52155932
1.13281998
8.14664672
1.93343140
6.35473072
16.09501440
1.91007757
0.95361328
6.02298981
14.80033356
3.46057035
4.43416445
1.81783051
6.09765625
7.60847961
3.08638519
3.74011841
1.02597628
1.95853668
8.33365470
2.21562112
2.69873047
2.67187500
1.13671875
14.80268507
1.32817431
2.26757812
12.89652372
2.28121066
3.81250000
5.15580231
11.16646332
8.44531250
0.64355469
24.10753990
8.25912568
4.49482490
14.94185394
0.54833984
5.02689606
13.46663453
28.19367908
12.57917978
8.56005984
0.25439453
2.13207946
8.65881317
18.09118683
11.73262605
11.82584220
2.03157967
6.89843750
3.91015625
1.80664062
14.04071045
0.75297027
0.08461518
4.41698718
0.35424805
0.12817383
10.85306793
0.45747894
0.26175934
6.64497894
4.50691711
0.93058289
0.43017578
11.79701242
20.75732900
4.73917664
0.74267578
1.85673004
12.07812500
10.93404144
7.20312500
12.80033356
8.84737152
11.83158356
0.61031098
0.83398438
11.58913909
5.84529477
0.53894199
14.90279144
13.46695922
12.03814717
3.76051861
2.84375000
13.74820922
10.01306183
0.33882660
3.29496246
12.89497894
9.26985594
4.11250886
11.82564301
0.80175781
10.69877106
6.96048981
0.03165711
11.56250000
4.74340758
11.87589539
11.65368683
0.28540039
21.16787013
21.36883089
7.50616911
5.38681737
0.32173676
6.96056849
2.96821415
0.23641927
12.39603668
5.88980829
1.47249640
2.96724457
4.32018950
3.76965425
5.41125333
12.28165835
2.84810394
8.67175200
0.56897066
6.17773438
3.86511137
3.90352449
15.38716644
0.06966156
12.51171875
1.79313110
5.05212433
16.25000000
3.78470856
0.23575867
16.35644531
7.82377106
7.36718750
1.35326962
7.30928745
2.39257812
8.43314606
7.29732269
6.88013840
1.55322266
2.49173981
4.33593750
13.90865082
4.72912567
11.32556183
3.92578125
21.46093750
18.18518035
2.64978058
3.79882812
4.76988033
1.87855717
0.38647461
9.77770996
15.34375000
0.36743164
15.32910156
6.90454102
10.71093750
3.80033356
3.53560394
0.54834524
3.13387522
5.21126219
13.10860261
11.64526367
12.65234375
8.55122894
13.76204344
7.02311281
7.81250000
8.62052305
9.31954011
16.18000199
4.73193484
1.02494293
14.16752106
9.18212766
0.68888492
8.07031250
12.03530364
0.29184480
10.74601746
5.14062500
11.59687390
14.04765735
10.10937500
2.13867188
11.71341202
3.17525986
0.43290191
8.29947252
0.20097517
3.31591797
1.08939606
3.59810394
8.35333877
0.12764496
3.23002106
25.39843750
3.62349457
4.94901520
9.75626275
2.17582557
10.72823028
1.96813996
0.81730164
6.32722961
4.17911182
1.90141400
2.37740082
13.84667969
9.56160461
5.39302582
2.40189606
6.41361481
1.21769226
0.52242035
6.02667443
9.84050051
11.29642980
8.28816711
4.94051086
5.87634308
3.96972407
1.40865331
7.15234375
9.64071655
1.10693359
3.74400023
8.36897828
4.97566711
3.59421087
2.50625331
1.53320312
6.88476562
3.90596465
1.93876191
4.45312500
0.03161621
18.20019531
2.55814606
9.65254544
4.81351839
2.49227968
9.67968750
4.99609375
11.13346243
18.10136598
5.40589095
1.09277344
0.01974487
11.03009838
11.22220856
1.73579926
11.55468750
25.19912013
1.67738530
1.14062500
13.70173759
1.99699288
3.89648438
6.63716644
0.55322266
6.46211326
2.56718362
6.74027372
4.85494113
4.94095856
9.87178496
1.41772523
7.07080078
12.75691711
9.50089539
18.09769684
5.66060394
6.08548981
5.63281250
3.04101562
7.26794216
6.09643679
12.25012300
0.65181488
6.56197309
12.34480578
6.44762966
3.06213597
3.94966644
6.19925311
3.78512189
12.42187500
4.89017731
0.94380707
14.16662068
7.02283244
19.97753906
5.63627106
12.56250000
2.89994293
7.05167664
0.94091797
12.40970856
0.48225548
3.43168495
20.34236664
10.02945922
1.21769226
13.40128601
5.83939606
1.50728363
10.19685727
5.74454898
9.61539672
8.29162567
10.14754211
4.36340425
12.10412567
0.14453156
16.68615692
5.28090537
0.79811502
11.19283051
10.46671321
0.15486882
14.11246454
6.91967088
9.51962239
6.86328125
6.84631317
1.01403840
9.38627106
0.45581055
0.57710785
8.03992622
0.22302277
2.55078125
2.03271484
2.54687500
1.42773438
15.24674438
14.71272828
7.90234375
0.37080840
7.71451318
2.32299867
7.20658356
8.25691711
4.01618573
1.45195423
5.84375000
5.39408356
1.48490387
0.01485199
3.03951019
3.24755859
15.07812500
0.35546875
11.19787567
3.93375111
2.85079510
0.72509766
4.41528320
4.64017731
7.08984375
10.57171387
6.11014739
9.83683289
2.48905364
6.01709109
13.72363281
10.58850067
11.70837433
4.35803192
1.15812195
3.82076019
5.95869903
0.59452363
3.63018507
0.75848680
1.74414062
4.31762633
2.59155336
11.90820312
6.99218750
8.61718750
14.41662567
7.30456450
5.81396609
20.90466309
0.21415005
3.70487644
17.72570147
0.39628767
1.27832031
17.75683594
4.73783356
8.37935394
14.94441711
2.69701962
3.74393645
7.68697362
5.70357269
3.91406250
6.81294769
19.80700466
13.16997959
3.03694703
8.15827392
5.23527039
3.81534851
14.14473294
8.05997119
7.40467087
7.80334442
2.94816101
5.96895933
0.02162689
0.86914062
8.06282469
3.90966797
19.77958222
11.42354278
13.93091921
1.48242188
9.01243778
13.78463984
8.32299867
8.24458832
15.67602477
6.07108489
9.88923282
0.44702148
2.77878866
0.59678080
9.73527039
0.40478516
7.59767067
1.13625664
14.06099457
9.82096188
5.89388187
0.73974609
4.00418163
0.55343556
11.82031250
5.21875000
10.44006317
1.84021027
0.10363770
2.77864376
5.42557956
3.70446808
8.63781583
6.64599734
6.09671654
6.43428745
6.52600316
10.71260465
1.33695589
10.24157248
2.42639627
9.63598321
2.63257147
5.08984375
5.81835938
4.81416778
2.40848847
6.37007536
2.32523714
1.41406250
14.55745360
9.87064606
0.19519136
9.01472961
9.61567709
15.22786126
11.68005651
14.58133755
18.88472628
14.93311170
0.51810699
23.40197723
5.49067709
4.08097850
1.38911957
4.17187500
9.51562500
0.94877106
17.73689135
5.24260084
1.28072113
12.55725067
0.09558137
1.31400543
4.85577849
51.47737672
5.21573914
10.35484376
6.27406249
2.19726562
17.77928192
10.50542663
1.12011719
10.93750000
1.03365082
9.72387633
1.84448304
15.81237700
3.13879488
0.27661133
16.89798981
6.87051308
14.84420766
4.97737672
2.84838929
10.65625000
0.59667969
7.52225178
4.14571697
5.79296875
0.81201172
13.85412567
6.46964539
13.47656250
13.66553264
2.84765625
2.36417664
10.24265958
17.89059064
6.97612477
0.15405273
11.45027493
1.92110324
2.89587433
14.93269836
3.50720246
19.33862024
7.33105718
8.34899933
5.03515625
1.75097656
3.26138908
2.38509530
14.34052998
8.57955424
1.99548371
8.29162567
7.40689938
2.41911015
0.89453125
9.28758644
0.90833610
6.38358489
5.35786459
17.49382092
12.59798094
1.27160738
9.18135528
0.38456269
5.63671875
14.89973626
4.19791999
13.47656250
2.16210938
8.20141290
0.87866522
0.12731934
19.61140930
5.86743133
2.65804078
8.83850067
5.51562500
9.49743683
0.80513519
11.70583206
4.13447529
5.68433178
23.85262024
7.82039367
1.86071808
9.42622894
0.17309570
1.32787151
0.78939716
13.19852505
0.23352269
3.33841949
8.39408356
17.45894379
0.17928070
4.49267578
0.17773438
5.40673828
6.08981323
3.72517509
1.60880928
2.45132425
5.85547872
8.12243683
4.59810394
0.57572418
0.59956879
1.94238281
10.38586270
2.38712710
20.52779144
0.65771484
17.13785267
0.78019725
6.15323914
5.49295989
0.44502840
2.40429688
9.39798981
6.90234375
7.01216644
6.97656250
0.10906982
6.70658356
3.13867188
4.11494903
0.01867738
4.80468750
13.65779477
15.97907137
5.94213431
2.65537455
11.51127106
9.30638963
6.47486037
2.51048279
2.66060394
5.52632536
2.21150820
6.17248006
0.68787151
12.84434509
1.36419159
5.12589539
1.66796875
10.37400587
2.31066988
4.27600067
1.57893922
0.87011719
6.96883117
13.54687500
3.14933289
2.84623199
2.35998504
5.67757203
0.10247803
6.60847961
2.90714539
14.45944214
0.43774414
1.95369321
0.72697085
2.50195312
6.54675200
12.53092531
2.26216644
5.12109375
0.96435547
3.29134032
12.96362367
8.66048094
3.93762300
6.68540335
2.15039062
12.96781487
2.06054688
4.20425342
1.90698803
7.20792664
0.95361328
0.60351562
3.34179688
8.08068817
8.34726730
14.55597184
5.18013519
19.05077128
11.62505056
1.80468750
4.19966644
1.67891262
13.13503887
5.01953125
7.27376219
0.56123933
17.41900904
2.70936834
3.18945312
5.10546875
1.80521637
2.27929688
5.74104610
3.82536015
10.59029144
3.10306793
1.08443207
18.82633422
7.26720770
1.92196863
8.04252106
5.78125000
11.97370462
5.24434729
1.64693207
0.62451172
4.27152496
2.10591644
7.99609375
1.38183594
2.48447090
2.52583832
0.44238281
6.42968750
0.01586914
0.44897461
7.64453125
10.10937500
2.45072418
5.51216644
5.23746454
0.18782843
13.83850067
10.65742576
7.58946477
6.30523381
1.37207031
6.87500000
5.73147718
10.33923831
7.13101674
9.80965647
3.65112367
6.38716644
0.57958984
2.83744293
0.90527344
3.30708832
2.38194648
19.45587792
3.72265625
2.59960938
8.05122894
15.00585938
6.46439606
4.11528564
7.30247893
8.68131593
9.97558594
13.10941559
4.83638519
9.39281915
3.35526706
2.33199191
6.31640625
2.21679688
6.59375000
1.06835938
0.02189636
6.81738281
3.02539062
13.86706450
15.59810394
1.05631593
7.10390404
3.90390846
3.13671875
10.17968750
11.73639185
4.22702764
4.86238586
7.34899933
1.80175781
3.27006012
1.58264129
4.76350953
2.98632812
9.54854278
0.32474824
13.05456450
2.08801363
7.29309082
2.95507812
6.51658910
3.57479942
3.44572085
6.34704123
5.67594858
6.40625000
15.62364695
4.00721243
4.12109375
4.68750000
12.12740082
6.65926086
14.00000000
4.95011414
1.43164062
1.25976562
10.39408356
0.29878754
0.92333984
14.09375000
3.89994293
0.77832031
4.16451019
11.09381871
11.93743129
2.18359375
6.52832031
6.32689121
6.50863918
0.31038391
2.68363309
4.27135639
7.72319259
6.67862976
1.32617188
10.35591644
0.69482422
19.61022856
2.79044493
2.02413120
1.74466949
10.74629544
8.78995789
0.15828617
2.28320312
2.98828125
5.33055768
3.34814827
3.66992686
2.94766900
4.07336768
0.37593535
10.67456117
0.19323730
1.99510473
9.90577418
6.17342102
13.56250000
18.19343307
1.15707169
3.15580231
11.24263519
1.57617188
7.30988598
9.71956297
5.68717531
0.52738434
2.68750000
1.47408051
4.96830231
5.60591644
3.61885029
1.07520030
6.56730164
14.16540558
2.59497070
7.97004378
2.26274213
9.30839206
4.21761109
0.21728516
2.25000000
7.65234375
8.83939606
13.75436157
9.64501953
11.49429300
5.86117575
9.43419881
3.24002771
9.84725786
0.07294708
11.97119016
2.58351736
13.93334484
6.18896484
14.07608821
0.82670323
10.82979049
3.34607712
0.56929535
6.13795823
7.90305739
6.98828125
7.57287567
4.58056516
2.77579898
6.38326019
6.13085938
6.90244682
5.04286568
2.72851562
16.22542110
5.25895390
0.83487852
3.43221132
8.07377106
2.44868988
3.49165614
4.80511491
5.00000000
0.49003082
2.33548981
5.33988309
4.95939273
27.85396332
0.29321289
1.54296252
6.44047650
2.42773438
0.01886505
0.62841797
0.71453857
3.64868164
6.64453125
5.96394836
4.77921570
12.79642731
4.69673676
7.13281250
1.95507812
12.08353668
14.62136597
1.43802887
10.93794769
7.58215176
5.06140292
8.72948471
1.04981216
5.15625000
3.17578125
13.03842754
5.71503102
9.65165005
4.75504765
10.70117188
6.16406250
11.47594748
3.65641733
12.01411957
8.27945922
2.94124390
5.68408203
1.53043578
7.15836270
1.11079926
0.49731445
2.62219083
2.43400210
10.36372894
4.92187500
3.15820312
17.69640958
9.28601230
12.17443817
0.02768982
2.13911957
11.23771055
4.87166445
5.21484375
3.66015625
3.80049590
0.05971314
10.87666778
10.60424867
7.39798981
6.51997894
2.76562500
9.81932846
4.81739029
2.26517731
8.73842377
4.46830231
2.17427582
1.22806793
1.63033051
6.07617188
2.03275543
13.22220856
4.61763519
0.71870941
0.18644195
4.34810394
4.34619141
5.29296875
5.25390625
1.78125000
0.19225788
5.12109375
4.81367779
3.52734375
16.01338653
5.30692597
12.18127410
5.30993683
9.14318817
0.49157746
0.41064453
7.71927638
0.68697362
2.67773438
5.95267731
4.97212738
3.50227782
1.12369875
7.50781250
1.37695312
7.85546875
4.64237146
7.16654698
1.36071808
3.89384004
10.77774712
2.60311225
13.99475067
3.41984070
1.61718750
9.89843750
9.29854278
12.29032410
8.80558289
13.90929771
8.38163674
1.55078125
5.93900045
10.22282358
19.55663564
23.24691046
16.57100620
10.79854278
5.13773714
5.90189606
9.70108821
11.36922429
9.26908356
8.95747894
0.43526215
11.68277704
6.66487921
3.21875000
1.49218750
5.65612700
10.83951906
1.75240082
10.74411570
4.99762410
1.79634613
4.88303359
18.85720079
1.17533356
4.33247894
6.13000333
1.76924092
3.28556959
8.56233278
6.18476951
2.58040780
8.33552416
1.65275709
2.03755707
14.44877106
1.71785461
4.99743683
0.07476807
2.63278945
10.82880874
6.88523700
9.98210217
3.25537234
12.07417443
18.91097296
4.83951906
8.38297235
5.85974401
11.43253601
0.07049561
1.26668274
1.65865082
0.91451019
2.62500000
15.61783688
8.91251773
6.02014656
6.71789893
7.91523805
6.93648161
3.36625277
10.67187500
-0.00460678
12.72542110
9.93473515
2.12455231
12.47656250
9.29687500
10.42622894
4.45267731
12.38838684
13.50675476
1.64400238
6.25000000
2.00390625
15.67829376
12.02640404
5.97404366
1.10664669
2.35465702
20.84114500
2.84342531
2.64843750
11.42533356
24.49848959
2.72266123
1.17504821
4.30346742
5.33489609
8.46004211
6.16015625
0.01603211
0.31372828
10.39465425
14.92708499
6.00301086
3.80488919
3.02840149
2.01481327
23.60310727
7.27356050
4.54565492
0.75781250
7.45629322
12.02328014
5.79418883
0.59196047
7.83984375
7.33287235
2.16908078
6.46246233
7.59043439
2.41585328
2.71439606
3.63716644
0.08160400
0.62109375
1.31054688
0.57324219
0.22253325
0.08121828
1.88521332
7.63627106
3.16064329
3.39209109
6.13716644
5.84375000
17.81869350
3.40786900
11.26127106
3.50826019
11.51562500
0.36861871
14.74853578
13.29841977
8.62984596
11.84996344
16.88803246
16.49308289
2.22640015
1.99820922
4.38850953
3.81445312
7.12500000
1.42532421
3.11451130
7.41451019
0.98779297
3.08353668
3.14289783
3.63098736
1.31054688
2.89648438
0.14746094
7.68402100
1.35156250
5.75097656
4.14648438
0.66943359
13.86283356
2.41060394
0.23352051
5.75890958
0.12178683
6.56193055
10.29252106
1.57625305
2.70556516
7.12736148
0.79691559
3.57902039
13.58158356
1.87080840
4.93627992
8.33092421
2.71940935
0.79195160
7.56205231
1.90083832
2.13369294
10.70667968
15.89699736
2.30826906
6.27754668
14.13814789
12.48559508
3.91162234
0.04357910
2.61328125
2.00097158
7.84180186
10.32031250
2.25345856
5.58638519
0.76416016
4.93680630
1.19502964
0.66748047
13.65791778
2.48030640
2.81685394
5.03906250
1.42923981
2.84082031
2.66060394
8.02880859
5.23213653
2.11173399
13.52189273
11.76716977
0.63952792
6.44128325
5.69761969
0.38160488
8.97220856
23.35453987
6.67187500
4.43794769
14.08593750
10.21439606
2.72176086
0.00796540
1.15197723
0.24401887
4.32767731
5.14363586
9.27433289
22.69185394
3.05078125
5.19998117
0.06519614
4.52734375
1.86665863
0.36206055
8.92756206
1.13884419
0.53222656
8.25195312
0.87963867
12.02254211
4.18839539
3.87500000
2.35066711
3.23482269
2.89107269
0.94685852
8.50781250
11.46582031
8.12589539
8.68164062
14.50781250
1.03576629
6.05993683
0.74804688
5.49268204
3.59810394
5.62500000
0.28329337
1.47212987
2.31250000
8.97106716
4.31408909
10.08723626
13.80143561
12.91206671
1.84991769
2.47460938
6.83984375
10.23091644
1.08512328
4.81384308
8.09029144
4.72776275
2.78169769
8.96875000
24.54003906
12.73950133
0.34472719
11.36014739
3.48555574
8.32096188
1.73274906
3.88822418
9.54878754
3.42532283
1.86877846
8.35156250
10.21529144
7.16104167
0.29423814
9.23807956
8.50781250
4.72765958
12.82735261
3.24877992
9.89408356
0.43933137
2.96679688
2.53906250
1.06372008
6.94815603
3.53499889
0.83052084
0.28813151
1.33105469
1.70141602
4.31250000
4.34330231
1.98872894
8.90970856
9.54341644
3.43750000
13.25345856
12.97542328
9.11367465
2.50306515
10.98872894
7.10111481
12.65942888
7.25209358
3.96484375
9.85668883
1.50044146
13.63163674
2.49845523
8.95910738
6.04687500
1.16699219
1.59908051
8.41406250
1.63387024
0.03046692
2.90039062
3.73441434
1.26558566
3.97806793
9.81342975
16.79745068
4.06730164
5.73803711
10.64794548
7.25785682
3.57617188
14.79687500
0.64636137
10.67981050
-0.00453048
9.91752106
12.91841644
1.11248016
4.06986481
8.01863586
2.78454621
7.02343750
25.95999950
7.55904144
0.91943359
6.02510528
1.54227754
9.57812500
7.98046875
17.06555145
21.71866883
11.89843750
19.69067321
11.97046449
1.65954621
8.81762633
1.46557679
0.98925781
9.81941711
9.56716867
2.74817985
1.31152344
8.22823028
3.48128297
2.86958832
7.66361481
5.37500000
4.18648161
6.79052859
1.76074219
3.01562500
1.59879516
11.57556183
16.85468912
2.98349500
0.41154117
5.61718750
0.69140625
20.98380430
9.28579566
9.62493129
15.52343750
4.43705231
1.52260346
4.27343750
6.27339318
7.61828956
5.19966644
17.14164215
1.10538758
0.01968312
3.15625000
0.23437500
5.48437500
1.51085647
7.52967087
7.24218750
6.67744903
3.92769005
0.82336831
9.51256982
9.36243018
13.55610624
2.44546541
10.83158356
4.36027039
0.62255859
11.90554633
2.79757867
11.99039672
4.23030640
1.09667969
10.88102172
2.14196808
9.56171287
0.68205147
9.65234375
13.93750000
11.63191711
3.56685394
17.01565936
0.47359846
18.60660018
5.62822251
5.23486328
16.41772399
4.46427305
10.86910128
6.04040558
3.93359375
9.02990692
3.01639240
1.23165447
8.53214539
1.57368988
4.07377106
-0.00469070
19.35514157
1.72493656
4.84765625
20.11568176
5.79386414
11.50324690
3.51237810
1.78634644
8.62500000
1.61035156
8.56917693
2.58211491
14.94673427
16.84969304
8.42443817
3.33968140
17.92879211
1.78169769
2.43404144
20.85086880
8.37345523
1.72493531
0.88179535
7.19486481
4.61763519
3.27343750
5.06250000
0.13256836
3.97253325
4.66809175
7.21785461
2.64514129
0.34525605
1.96390777
9.50435394
1.86230469
10.44877106
8.51562500
1.50292969
8.00044769
1.79349762
16.70263298
6.00004432
7.87686946
17.25716312
9.93326906
3.62109375
0.03839111
7.25781250
7.88281250
6.37500000
0.00387764
5.44051086
11.80708832
5.20267731
2.76066101
17.61070812
2.69593251
8.24218750
10.42187500
6.95434508
10.83081117
0.53906250
15.48347961
10.22554411
3.43550753
13.37064606
2.80322266
6.83504211
6.80603058
0.09729980
0.19563844
14.25000000
4.62402344
1.09480774
4.28605164
12.60412567
11.76472961
1.85692986
8.02226174
10.10156250
30.06034910
8.18529695
1.98775238
10.33767399
16.29501551
10.32192598
1.41257202
2.59179688
8.46093750
0.03491275
0.84919853
6.06148690
5.96138519
6.49910461
5.52042664
1.43164062
3.26562500
2.13191711
2.17472351
12.46439606
1.66548676
6.49218750
2.87890625
20.32659775
2.16890348
8.88037234
0.67285156
8.96781473
0.26957113
3.83475676
0.08658937
6.14107269
2.26171875
1.76367188
5.13191711
0.09958924
9.90000666
0.18894170
1.08503713
3.06038951
2.49613434
5.84375000
3.51562500
3.84330231
7.17488586
3.06136109
3.53816711
7.13582336
2.81038453
12.03203827
0.98779297
12.12890625
12.07262966
1.42293523
7.64257812
5.85937500
0.72949219
12.35156250
1.79589844
13.99706782
4.76855718
1.41992188
8.02689606
0.29252043
0.19034914
0.01231384
0.01971436
4.20275879
7.87890625
5.35294586
15.85396332
1.61621094
7.04296875
5.24218750
4.42505127
3.35591644
2.17728668
2.89107269
5.98437500
0.00033784
0.10186768
4.96093750
4.39843750
16.96025085
1.11726867
9.86811725
0.16207502
0.31127930
5.64453125
12.98783356
0.09828705
0.42578125
4.72721188
4.35481937
0.43957115
4.31237679
5.36763519
6.17533356
1.45214844
15.34497008
4.47355164
1.49116911
12.77754544
2.90149268
2.52301918
9.22893395
1.58203125
7.21830231
0.61734985
5.85380097
0.98046875
2.20267731
1.22342864
1.84033079
3.13069703
0.29842289
3.43164062
0.03274536
0.43290191
1.78267426
3.88822418
2.39814841
11.52880984
0.05420233
2.69563719
0.57153383
2.37349457
6.43501801
7.38281250
10.70361079
3.79756870
5.62320922
4.98795656
2.43794769
9.46093750
0.55419922
0.02110291
0.06744385
1.33203125
1.27982574
2.16451019
6.22033660
1.79484070
0.02434296
0.02118927
0.05599976
6.99218750
3.69921875
4.09166390
8.39466422
4.42427582
8.72656250
6.18750000
3.40429688
4.46093750
6.15970856
8.65946255
1.45247313
7.55257452
0.43750000
6.41752106
12.18558622
6.47521942
3.51347019
2.75221252
8.25691711
6.59855164
0.09844971
2.09045379
4.54996703
1.66381898
2.13521332
6.33491911
0.40580355
2.85244751
3.61328125
7.19140625
2.64611816
8.41812282
8.12935394
0.19543457
5.16974956
2.84782856
0.72233659
2.44783632
0.29821808
2.54435118
9.64164339
0.56449371
0.37866211
5.28515625
1.02583832
0.05808502
1.40526845
7.75151041
2.46769226
10.73906708
0.69314575
0.81453305
8.02535128
3.58980316
8.41406250
6.65100067
10.92712433
21.18893051
12.53933210
11.95454926
6.02266511
3.69710328
0.18664551
0.95855713
0.10906219
0.28605102
12.78112700
10.53873781
2.71866634
8.49980413
3.97347296
9.39589872
3.96302858
3.85758422
2.86010804
5.89453125
0.39350948
10.99050083
2.49409630
7.34450958
10.53906250
3.34529477
5.89298648
2.97073706
5.48012964
2.57812500
19.60323028
2.36751344
2.30521138
3.14693705
2.43404144
3.66015625
2.25781250
1.59472656
0.52001953
1.06184875
5.89888519
12.06160461
1.33955840
8.59733156
0.75882965
9.44966644
8.84285461
4.75480164
1.43758117
0.09745301
10.05602062
13.21372860
9.95747894
0.26660156
1.47808456
0.60410553
7.96215758
2.15392786
5.29673442
7.94576019
9.29687500
1.18900543
1.62447113
27.57852837
0.49719581
4.30562348
1.45800781
0.26932770
9.74218750
3.55859375
4.27779144
9.55200133
1.53238891
1.50740664
0.10029052
0.93347199
1.59077973
3.83203125
1.08256012
14.94262633
8.42431516
4.80826906
8.69445147
5.63424423
19.22468307
5.60632978
9.97668550
14.67712433
5.71093750
4.94742797
2.04085328
5.29642731
4.41624322
1.47328124
3.31294769
22.34179688
6.41796875
4.80017090
8.46398272
3.36760084
7.41661570
4.24699911
3.87442930
2.08935671
14.60397339
15.30676270
12.22656250
2.62956238
1.50195312
3.19726562
0.62109375
4.46921710
2.72369458
6.22887966
10.31750333
2.52783577
3.46004211
10.45727352
0.46155003
8.86105860
0.11279546
4.21713448
2.44820285
2.01340896
3.16650266
3.87646609
6.54755874
2.81421708
7.81250000
0.00626755
2.03251129
8.11718750
1.89032594
0.34791472
1.11478668
9.10937500
4.28951019
1.51074219
2.61132812
6.37011407
3.18929078
5.71830231
0.98657227
11.26216644
0.95998304
5.57532579
1.24804688
3.86368462
9.43709663
1.72167969
1.84667969
1.30973266
0.38216187
4.61034907
5.14355718
4.73591977
3.28855151
3.73046875
3.56986481
4.55166169
1.81792663
0.94042969
4.01953125
5.41137633
9.95145722
3.63716644
6.22220856
0.15462250
3.47733489
7.54565492
2.43074524
0.83170594
2.10607879
3.41426419
14.83862141
9.12064606
5.58247894
10.37500000
2.24479001
11.02880984
2.06233765
13.62845856
3.82989502
3.30708832
7.81180630
5.47912567
5.00158909
3.95552582
1.90039062
12.05078125
5.24218750
4.58548981
3.25435394
0.98052979
5.17533356
7.64107269
8.12500000
4.88704344
5.12858156
5.07812500
1.40611952
3.41370470
5.91015625
6.64408356
6.01216644
6.07377106
6.56381057
1.27140320
5.64542664
1.08736176
2.12650543
9.53590870
3.04657025
2.99212646
22.46295560
7.05179964
6.27673340
8.56661606
9.72440271
3.66337378
9.17277039
0.58105282
3.39282413
0.22790527
8.74910461
1.06357850
5.88281250
8.69877106
11.63435727
6.72548455
1.29589844
6.30025238
0.98828125
1.57031001
8.14355718
3.34375000
2.00736481
4.85591644
7.24564606
2.19685727
0.76843417
2.45849609
4.40779477
5.22892398
1.05859375
0.67826324
3.16983821
7.43908909
10.32120789
1.43615692
4.52042664
14.43013519
7.66406250
1.90722656
0.01716095
0.13527436
0.41870117
2.99804688
1.23730469
3.66930685
10.23499002
6.56412345
0.71614999
5.11770391
4.15573359
0.59521484
0.48681641
6.00781250
0.25205475
9.23482269
2.54439052
3.36682347
3.76383422
3.23473903
4.55972094
6.84765625
8.25781250
6.12500000
0.34106445
1.14025349
0.45109569
2.81205231
3.48820008
2.68863642
3.44914007
3.82706726
7.61360594
1.52860566
12.42879211
13.05277372
21.85962101
1.86914062
9.01562500
5.86283356
9.80610927
3.65482823
13.75923676
1.31250000
4.42968750
0.03198242
0.00560760
0.00337982
1.87731934
1.86893707
9.74849457
2.33789062
7.12410461
2.78019226
5.82800200
3.24035738
2.26953125
1.60126593
1.48104942
7.43282136
17.40933954
10.03507757
2.75675476
7.57421875
5.82198028
15.29276582
2.55273438
2.19912761
2.72177083
1.88285309
3.42053192
9.89587433
2.61563775
3.75004432
4.50085107
5.18371925
14.32198028
2.91630097
1.25781250
1.50927734
3.68750000
11.17782455
7.66402191
7.01562500
4.95022718
7.47946032
1.66947418
2.43794769
5.65625000
4.78080231
4.52657074
5.50585938
2.58984375
0.47583008
5.00390625
5.51517731
8.35156250
1.38863129
10.03470856
0.08776855
2.25630707
6.13516401
3.87264849
2.15310056
1.38083499
3.21390777
6.84810394
2.46439606
3.67382812
2.41646332
1.68216949
0.01762909
2.31349970
3.64987920
8.60635417
4.62167317
1.50227782
0.65153078
7.60247855
2.38665004
0.62109375
0.12448120
16.37369750
11.03645875
2.15189606
16.57282636
7.67566821
4.56640625
11.61181516
0.02404910
13.93916778
12.10770722
13.46634918
6.36283356
1.73233759
6.64798981
7.47782690
5.10636414
21.44482048
12.90661901
6.73059175
16.33862305
3.46093750
8.93570922
3.10803192
2.65547761
4.37125111
2.43449412
12.26652039
2.97851562
1.21191406
5.88923759
8.75724678
15.53893950
5.90759308
6.11987367
9.18225067
10.25870789
3.54966922
1.84921597
4.37778924
1.38392951
5.01293945
1.65722656
11.85400266
6.93717531
11.93493683
5.42232269
4.37455231
3.35396332
1.16015625
8.30552860
4.26991023
2.09448304
7.37475524
4.83471742
10.20711242
8.65909851
8.14408356
2.35786957
1.13236481
0.50435394
10.65707439
3.72177083
9.89359403
1.51753878
11.57877438
5.58829898
2.84570312
4.95131768
5.79746950
1.59867589
4.09240692
5.82600953
2.51562500
6.20096521
2.09245124
4.38281250
12.23501503
4.56698692
5.30033356
14.38281250
0.14583344
1.20906555
5.50596756
1.95552582
3.56250000
4.95929910
1.25554465
15.99938965
1.81054688
14.05468750
9.98437500
5.67248504
2.69425476
16.85831695
2.74503601
0.70117188
5.14655807
0.48588791
6.15477810
5.30634032
4.23280584
0.10516357
10.70558929
4.06620207
7.45145722
15.76652039
7.36104278
12.58516387
7.96541445
17.33276367
2.99226623
3.70267232
7.09391733
11.81572426
5.09109819
4.26616134
1.01855469
16.78381317
35.56270169
10.33829898
5.94567902
1.58048523
23.18794769
22.77998560
11.63318151
1.45145473
8.49572972
6.94481051
3.91847074
3.07767731
6.87420768
7.92702127
13.36726618
6.53037900
8.05893838
12.40669769
4.63281250
4.92871094
8.75948028
13.49745088
3.66585328
6.22253325
4.46150820
14.66702904
2.37443428
6.90510548
1.53951518
12.84810394
12.79073028
4.92757203
3.57588653
9.88114472
2.39693207
3.22275682
8.84585080
2.97896332
22.82686184
2.28060062
11.10453090
2.60270390
8.00984029
3.39864417
3.52494293
3.12967864
21.02798609
14.33504211
6.95792664
4.77420989
1.09981355
9.81843307
1.28658798
5.70703125
8.98156583
11.46272828
10.56697695
1.25000000
1.07609070
10.27343750
2.65473959
1.18608073
7.16177970
7.38151374
7.50659242
8.31673094
1.93221132
0.11218262
2.86775695
15.75170368
8.71445480
0.46568040
0.54650848
4.87832154
2.35786957
0.36621094
4.79601397
1.29293439
3.08443420
2.07841035
0.40600586
4.95320617
11.45597351
1.75000000
7.31420213
8.98657912
3.38476562
3.98758793
8.66406250
11.06595856
0.76411957
0.10266113
13.71157691
1.16146996
10.63134153
1.64127687
8.22843196
13.81506317
1.69372839
2.12967864
0.16748109
5.08079622
6.76926085
7.60937500
0.97571289
7.00321255
3.76330784
8.13898375
7.55871675
0.20776367
13.16917706
5.50757646
0.61181641
4.58385639
1.40637799
16.23950133
5.40893617
15.86884266
0.15633148
10.56790670
1.72461436
7.20161957
0.69832336
2.98331726
9.45902372
1.65088015
0.03957123
19.48371612
1.65091949
17.06140168
3.04882812
3.23392731
1.20064301
6.20524047
0.23323609
3.09932403
3.95145722
11.92187500
3.37079843
8.12199911
3.05753601
3.40020508
8.34375000
4.18733267
5.00797983
3.91992188
5.17728668
10.51102505
4.84834995
15.97660309
2.72619598
0.66581269
6.46394836
0.27945984
10.81941711
7.36417664
0.00907898
1.74222809
14.20660347
4.39660240
17.97521942
13.71924202
2.05847075
9.76062167
6.59012705
5.59375000
6.60982269
11.23002106
3.77779144
0.51269531
1.14786182
9.53626080
2.60156250
1.10396332
9.51908356
9.70312500
4.21919769
5.05936614
0.03322420
3.89453125
7.26953125
3.70898438
0.56054688
11.23913543
2.35878623
9.10066711
2.48213653
9.01969484
2.18286071
0.29740449
6.40150971
5.30468750
14.40152704
19.67028964
1.43334151
3.29855274
1.17089844
9.38236481
4.84460107
0.74231300
11.21107811
9.23811513
6.79732269
4.29687500
14.17886321
0.39172394
3.00589373
2.80855939
0.48876953
10.62109375
3.50842254
6.13761414
14.90129715
22.60387966
3.97123448
5.25000000
0.97705078
6.95853170
5.14404795
6.05814606
2.43208832
13.78470856
9.75000000
6.24308289
12.86962766
0.72277925
0.73181183
2.08789062
8.25390625
2.91015625
8.91752106
1.60298676
9.35477505
19.24824358
2.94776263
5.38431793
4.78669128
3.37809452
11.60937500
5.30566406
4.29296875
9.82543883
2.63435727
5.29801640
0.49340820
12.77848266
4.97509641
13.36162474
10.50488530
10.72656250
3.93074524
4.84464539
3.43794769
0.47680664
0.95756012
1.24751801
5.58743795
4.10006205
25.62450798
11.69971077
4.42354278
3.17862976
13.38415558
4.85156250
3.13671875
2.05664062
6.35696920
2.66256205
4.05859375
14.87410461
26.30475621
9.82735261
1.44886469
1.88476562
0.57580535
0.01550324
2.73136383
3.64062500
6.27388519
5.55947917
1.88147938
4.74955231
6.73872894
6.45357269
0.93635985
0.86490968
1.49023438
5.54589844
11.18366869
3.47652814
3.01954941
3.01121231
4.94283051
10.08939606
1.66060394
6.51748449
0.62659906
39.05513519
6.63085938
3.07421875
4.06986481
5.46529144
1.16714581
8.17806903
7.76757812
3.93900543
8.78560394
10.06125573
9.75382757
6.99263519
10.02282746
2.87304688
3.78169769
7.65387855
1.41057457
2.05078125
6.44140625
6.62923094
2.61490968
4.49519836
1.83683289
9.58312833
0.36853183
19.86428968
10.25289782
10.03934287
11.75023853
10.91797872
1.42622894
2.55980635
2.41577958
4.18314606
10.66841644
1.78254627
1.89616467
8.44531250
5.87841797
2.39017731
0.56343598
4.73828125
4.45312500
1.03027344
9.10502106
14.14306301
9.13212066
5.16841644
2.25736481
6.00000000
2.33443207
6.51908356
12.30033356
13.19810174
6.83404365
1.91503906
0.00292778
1.35375977
8.42097961
10.31685394
6.30711790
2.25793550
2.43750000
0.92245483
2.59916168
8.74039672
3.76696808
5.82332336
0.39705445
8.78470856
3.42142731
7.46297180
12.24913897
1.55615857
3.05932679
19.13037179
2.86304022
1.17818207
10.74718772
2.66780287
1.64068926
13.19806738
1.20537344
18.15126847
2.47376329
4.05993683
1.33638519
6.05680297
18.48152711
4.66643768
1.82522157
3.83823027
2.36612976
17.38631195
2.71289062
8.92036957
1.02648926
1.60351562
18.14709442
7.37544769
0.21049012
3.35351562
13.70898438
10.73168883
26.88940492
7.79591826
6.30122894
2.71663453
1.50585938
14.25781250
6.74511719
1.02047592
9.14302582
2.08939606
4.51838985
11.41866245
3.46573914
6.98783356
0.29854340
0.06719971
0.02445465
8.01926530
9.50417220
7.21740692
4.18103058
0.16902680
16.33939606
10.95161446
8.44490913
7.63024933
5.03792569
2.89604166
5.61718750
0.16772208
8.51113808
8.24224290
4.56342279
7.70926972
3.27051030
1.66015625
7.10412598
8.40625000
1.09210205
5.30379211
4.30948914
0.91503906
2.82233932
9.19523880
1.18269836
14.85245789
2.98264078
1.36269613
0.00644302
1.41686918
7.62515736
5.10593746
10.54687500
5.88814052
7.35270390
1.65144587
5.75907690
4.89580536
9.78833008
3.35118850
2.26939967
5.46875000
8.51456726
3.13822418
1.90669769
4.63883422
12.72387633
9.48103945
2.74609375
3.84570312
17.99218750
10.80379211
4.16886414
7.30814606
3.36975067
5.13069703
0.24475098
1.04199219
8.88488365
7.29871010
15.69877106
1.33711201
2.35620678
25.75000000
1.90234375
0.16953459
1.93876191
8.00435394
1.51671834
3.52328014
17.68298028
13.40356383
11.62805518
3.40075715
4.76908356
2.67540497
5.71048981
12.62500000
5.27388519
0.05488067
2.85201019
9.71093750
11.61104278
0.56136109
1.98384613
7.62064606
0.04729218
5.57767731
8.16849513
4.68729831
2.67878713
3.28243572
1.38326019
1.50382009
1.79883311
10.11436171
0.62744141
1.86718750
3.58784568
4.60160682
6.29296875
0.67362519
5.47260040
9.31396484
6.09720856
1.38801751
7.04948249
2.90279144
3.12500000
7.76562500
4.95463043
5.76472961
3.15323914
5.47937679
6.94921875
3.81250000
1.38911957
6.71093750
1.60742188
0.85791016
5.03197256
10.76961741
2.62500000
15.09273161
0.29154574
5.84285461
4.47355164
0.12097168
1.71171051
0.02254211
5.99173981
19.70389739
1.34822695
1.69335938
7.80488919
9.73417331
7.60937500
11.94685229
4.48869459
0.01296234
3.78759766
6.75244141
13.11718750
10.59992908
1.53093029
14.47477172
4.99218750
4.17757203
6.22086547
0.26155640
17.50199247
19.95670656
12.31774933
0.15169281
9.76997894
8.59651485
3.84489140
7.82332336
2.88329954
8.09350399
12.47471743
9.57378850
1.53470856
8.25781250
5.28169769
0.14383329
2.20023714
6.18750000
16.73205535
16.87104278
3.95296265
10.20684539
1.63476313
7.62592975
7.70858599
2.63415558
1.45742798
8.02115532
3.00305518
4.19921875
3.79190603
4.93412760
4.17040891
0.58447390
0.10902893
1.16304411
6.29480012
5.48425200
2.11743351
5.67622894
12.90869016
14.89806849
0.64831948
11.00797485
0.47151734
9.11657248
0.53165960
2.22530308
6.91963653
4.34794160
2.52689606
2.11673981
1.44523133
10.81372008
0.46020570
10.72823497
5.22835328
1.70487644
9.83504211
0.97159851
1.61787279
7.58500775
1.15714539
5.58247894
3.76668274
4.78291778
1.14864168
16.86385345
3.43750000
9.79687500
0.75907192
0.06856480
2.57812500
1.59773742
3.87394226
8.84977172
1.15271027
11.86718750
0.52827973
12.86983184
8.99564606
1.94213929
2.49023438
13.26916473
2.38175476
11.11372894
0.05493164
2.56245879
7.98616578
3.56490082
11.38582336
11.82377106
5.44352172
1.58622285
1.39204926
4.77549369
7.40854775
2.34676086
1.89595551
6.65926086
7.81730164
11.64476729
1.16622728
11.73319426
14.29943817
3.98840425
5.96830231
9.00679411
11.30660128
0.17785645
0.57381040
2.15035128
13.91841644
2.05468750
9.44339872
6.62637083
10.61372894
8.20300200
9.18070589
16.60937500
5.96350067
3.70011414
1.05513519
4.17053192
3.79821808
5.61104278
3.45731660
0.98779297
6.02510528
3.92578125
9.49833222
4.20678524
5.46195589
4.78251191
12.32466644
0.36812348
2.05224609
8.97831145
2.81713929
4.94966644
2.19726562
0.66357422
2.21963168
2.10507535
9.11718750
4.08158356
1.01912414
2.64347351
6.59672027
2.74112976
9.66829344
12.53100399
12.71207890
1.67065492
5.44531250
4.89062500
1.59082031
12.68290005
4.14237644
4.67578125
6.66752106
2.48962433
2.43359375
11.12561004
7.07076019
2.32511414
15.88183594
6.80963612
0.05908040
7.32210328
7.00512633
7.73360261
1.18615692
3.88476562
1.45935090
1.31791168
5.08203125
14.22338431
8.50574135
7.25394058
12.40315797
9.54854278
13.08426972
2.27148438
1.67215910
3.91881380
2.51537899
2.47680851
0.35888672
8.02097740
0.81300697
4.19225981
7.92199800
8.89310294
1.85384530
14.67533356
1.08789062
7.57519531
5.08146055
3.83455507
0.09615082
3.33984375
15.80280807
0.33977005
0.20520020
3.75736481
3.95552582
14.24564606
4.39892578
12.61604610
4.28674534
0.12634246
1.22399933
3.37263852
2.39298648
6.83984375
4.91316711
0.71626801
1.44868988
17.58300781
2.78230774
1.80753601
17.17008422
0.78991730
1.07857269
6.49218750
8.60847961
10.04341644
10.04341644
14.23693817
2.99548371
9.69441711
2.61027039
10.42431516
2.41508089
17.51607269
11.15625000
3.93660461
7.72745789
2.60111481
2.63521332
3.78112700
4.64563082
2.00000000
11.72131317
12.02616301
2.33260195
6.42968750
0.75585938
10.33300532
8.20593417
3.33441462
7.52605994
6.57633422
5.12980164
10.09810394
6.18993019
7.54053856
2.25846281
9.62768617
12.23790227
2.61455562
2.65580231
3.25035157
8.46982269
0.22204590
3.53523742
4.75480164
10.18135528
13.27522828
1.03462738
13.50654810
3.09306128
5.09838431
20.48653479
13.00447695
9.08479610
3.30778202
6.08792997
4.04533023
2.29669895
1.91667996
8.44388824
6.21439606
8.08504211
5.40804078
1.59444121
4.31083222
14.10937500
9.56330674
11.84829566
2.13828346
5.73437500
1.72843445
0.45690887
5.95658356
6.30993683
11.02779144
0.79793274
7.55925125
3.24414062
7.80635528
9.36897828
0.05533875
21.60449219
3.74955231
3.22957336
2.81579621
3.35937500
0.01950073
12.58686725
5.67766191
4.29878878
5.52433289
9.81941711
1.63024933
13.58934176
5.14503324
0.96582031
2.98744959
0.66985815
2.01847351
4.23001607
3.83443705
0.67578125
3.63891602
10.15445922
0.82210328
3.41992188
6.81407784
13.23393727
0.49145508
4.00451629
3.09899933
1.34082031
0.34545898
13.81621152
4.55423981
11.26216644
0.03993744
2.39648438
10.38309287
6.33825466
3.36458998
0.39331055
7.53938719
12.38667443
6.95284463
0.03436279
10.47709137
14.02437223
2.84912234
7.39408356
1.73144531
13.04073028
3.87307625
1.52084496
7.20837433
0.83984375
0.00911713
0.88476562
5.49084442
4.29941075
5.73806515
0.23142486
8.66227172
1.94559785
2.83158356
1.60786957
10.46252441
8.84004544
1.31478031
2.00390625
17.31510251
9.32865138
1.83325631
5.92386871
5.47021484
7.88403258
11.79752438
2.21928136
1.21048981
1.34781860
3.12137910
1.65820312
10.50423094
2.73555574
4.41652626
8.59631317
8.02868683
0.01545715
3.15820312
1.86771637
3.39751843
4.46144946
8.70402039
10.58593750
9.27485927
1.43554937
6.81986481
10.89007869
3.39552526
8.72643950
6.92335551
13.86973625
9.93509918
5.25537109
6.60502106
4.73722351
3.14453125
9.05521637
6.67232269
8.16214872
12.28483156
3.65458222
9.59541778
0.10892793
4.03230774
2.38761414
3.69330215
0.27427615
8.68135528
7.14534796
8.19001884
7.86076241
2.34528480
1.22803856
15.03649933
8.44531250
3.39843750
6.84585550
1.71664450
7.11840758
3.29809633
9.33939606
0.71773285
9.24071144
7.29053856
14.22238785
13.22900266
8.77880984
3.14529865
7.59884197
10.27591202
0.57023880
4.84330231
0.11271055
6.35603945
5.54443359
15.86010742
2.20117188
16.72643950
7.08951906
16.02649360
12.87544769
15.45406098
11.25691711
1.48185118
2.46630984
5.90649414
7.99121094
13.40136719
9.68261719
1.52014129
9.18839539
2.77180907
0.35022066
0.61995173
4.42570257
1.33939606
7.58349485
3.72261691
9.93945312
5.77298981
1.45650238
5.68408203
2.90820312
3.14798981
0.05922455
7.67480033
5.86556405
10.19518950
0.67191683
2.50390625
3.58353668
0.18733734
12.71023383
3.88742242
0.49243164
10.12450798
8.06817709
5.66624223
4.14107269
1.05446983
11.24703346
4.11372894
0.83028168
1.45214844
3.82617188
4.80715942
1.17356110
8.62500000
7.86689717
8.16736369
2.02115221
7.95508611
0.85103363
3.74124779
14.99473427
7.87105129
12.99243351
12.75545102
2.15800019
6.23449800
3.62890625
3.44681793
8.45450867
2.46244293
1.25435394
5.10457336
0.32633484
2.60742188
10.18916778
0.27392578
4.96708222
6.06986481
2.89888519
3.96679688
14.73209220
3.71004460
1.92212101
3.72696587
2.07186225
9.34472656
1.26127106
1.33496094
10.67585993
2.02771276
11.31282469
1.27115968
8.44942044
0.80607242
9.45837433
2.12109375
5.92183068
4.54647163
11.50781250
2.36132812
1.23942016
4.84944703
3.41992188
3.73002106
6.46371335
8.23974734
13.67533356
7.39408356
2.95100953
2.02274380
6.43428745
4.72656250
4.92187500
3.84173179
3.53654366
5.13614805
0.26810824
1.25097656
10.64920989
8.41585328
1.32592587
6.68473515
1.41589262
2.95369570
4.83158356
9.00781250
0.00652069
0.12194824
1.37500000
12.57710661
0.56058746
0.40722781
4.30423981
0.99645404
5.13835217
6.96484375
0.02210511
0.48249817
2.05033356
8.83504211
8.78214539
7.54732269
0.80029297
13.15428925
1.82714844
7.86663818
12.15706359
3.25040711
1.85196304
2.67773438
9.91662567
11.05468750
1.79252106
1.69612672
3.74218750
0.58789062
0.33325195
4.02661133
1.75370460
1.85298676
9.78035461
4.55513519
1.25044769
2.10546875
8.65535461
1.00437439
13.41193706
6.62712544
3.98730469
0.95861785
0.14055527
6.30122894
11.81881714
6.63838653
5.31819703
6.81120819
4.71093750
5.13236481
3.24263519
5.93314606
6.52209442
3.97338805
4.78348847
6.53739472
10.97045898
7.21350067
13.34118683
2.21679688
8.66406250
13.26908356
0.56013790
2.26871952
9.34029144
6.50166778
0.70926972
3.33984375
0.40112305
0.03467804
6.29553192
13.96183289
7.18359375
0.07352723
3.93766235
8.40535461
9.01887190
1.47164782
10.04687500
2.82661957
0.01956177
5.01127106
3.70894379
0.41943359
6.17533356
0.08186859
4.60546875
2.18164062
6.73437500
2.89648438
0.81656610
0.04109991
1.61718750
2.69189329
1.56201296
2.81054688
2.33394254
10.78063996
1.87618074
6.76216644
7.48783356
7.10156250
1.53169769
12.30896266
9.01420323
1.36738919
0.72782566
2.13671875
6.59912109
1.63024902
2.46048981
3.21724457
0.19482422
8.92097961
3.49112976
16.96014786
10.13834220
12.54499024
1.08660889
0.54052734
4.88972961
4.50089539
7.07979278
0.67069551
6.00691711
2.10005707
2.34224457
0.02566528
0.65966797
9.88976397
9.18400709
3.74849457
1.49723266
3.19515015
3.61812223
3.12406527
11.27343750
7.38236481
0.78902191
5.23437500
9.49173981
6.58638519
9.83158356
14.05540559
0.23365691
7.36055512
2.73046875
5.98437500
5.92923981
5.71529144
8.71634918
0.76086395
0.99593140
10.69441711
1.55655945
3.95072418
4.07857269
0.08689361
0.02049774
9.13627106
5.63667754
2.49833222
17.75826019
4.26517731
2.17549528
6.46976839
1.78613281
1.00142426
1.00646942
0.04663117
3.07181793
4.90100067
12.53649933
2.32836914
4.14888519
14.10937500
0.43041992
1.56693512
4.68404144
0.34277344
14.04252106
3.46244293
15.00480164
8.46484375
1.00000000
0.14105162
0.27787231
0.70955507
0.00846863
15.69262633
2.42606660
10.51472961
8.01562500
1.74157746
3.85457336
0.06852234
2.14724015
3.34204787
7.42266602
5.15120235
4.98205784
6.19921875
0.79890961
7.56250000
2.78266678
5.37553634
9.78727172
1.46761109
0.12070709
1.53267426
3.17079172
0.31191488
4.43404144
7.87666778
12.56534353
3.09074412
2.17427582
11.10937500
0.77408813
0.22595246
0.85445160
4.55423981
0.81709809
3.36914062
4.74892980
2.15048426
1.44632965
3.78169769
6.57519282
19.60042515
1.11283231
1.44555851
3.20703125
4.18961547
6.68013270
1.66638464
8.35156250
0.38647461
1.88476562
1.68090758
6.11360594
0.17789859
4.55814606
3.32688124
5.55853501
3.97098847
0.21972656
9.48347961
0.01789368
5.57666016
7.42362146
1.11605108
0.51452668
5.27929688
1.74857574
3.70747894
6.61205292
0.23828000
14.18851839
3.20357269
1.07572418
1.72993988
10.03470856
0.90869016
2.82124972
1.92728668
1.47945160
2.92187500
3.91393950
1.08899019
0.02610779
0.18175138
6.11429964
5.29101562
12.02343750
0.02477508
4.81250000
17.46439606
10.35843934
14.36718750
0.46557617
3.34228391
0.25463992
1.30566406
4.52582835
6.87020833
0.99361176
10.88704344
0.27152590
0.13765441
9.32902039
0.18363434
0.03062958
11.38667443
4.99613807
5.17187500
2.32714096
1.22168716
8.94531250
8.81054688
4.62500000
2.36718750
10.48437500
9.29974292
4.65321475
0.21505167
1.38814301
0.60445648
4.51607269
10.02689606
11.52229610
0.70870152
14.43932514
3.78813275
2.23242188
8.94531250
8.28983489
17.94063386
1.45507812
5.28906250
3.08200695
2.26101063
4.30769836
2.62154144
8.85591644
1.26953125
15.33235594
1.35469636
6.51082336
1.81144226
2.58203125
0.08780852
9.04610261
0.91166168
0.57364930
11.82568359
7.69799805
1.48632812
4.19140625
2.61433899
0.01645935
3.16131592
10.38281250
2.42382812
2.30871582
8.94095856
6.62186614
3.93815187
0.23551422
6.07108489
9.13985261
1.19380707
2.87064606
6.06738281
2.63130707
7.93001219
12.42211107
3.38394892
0.73128546
3.36421598
0.35648714
10.52362922
4.83574578
1.94140625
6.83203125
2.68314606
17.30859375
4.82031250
1.30806488
4.54507425
1.19577016
7.20056183
1.71582031
0.99601133
10.68326906
1.58390320
7.36629211
3.39542664
10.36478668
5.32857269
13.20410156
1.10351562
1.91894531
15.33850067
0.29455598
1.73197418
5.74955231
4.32233932
14.88627924
8.51543328
0.55961090
5.30859375
-0.00397735
13.73046875
3.20117188
0.01175690
1.05314117
3.52583832
4.45613586
8.30468750
10.01997894
14.02059799
1.05851258
14.51818817
3.85972906
2.57476008
0.23470062
4.60072585
2.53330673
3.80106660
6.80078125
1.33736176
0.60253782
0.27832156
6.38146973
5.09375000
2.16361481
4.38236481
0.17447937
0.34643555
3.81640625
2.75195312
10.39754211
0.12333191
2.48828125
7.85156250
0.53336360
0.27685734
8.02913453
6.62756317
10.05122894
4.75870789
3.86254821
0.42334047
6.43660461
1.60990387
4.84118683
5.31160461
3.77278314
4.96008643
7.03169769
8.59375000
0.25004027
0.04186036
0.73388672
3.09765625
4.13627106
0.01424164
2.01953125
5.71533203
8.41752106
7.30423981
0.27392090
2.50195312
17.39754211
1.69868988
0.80806488
7.74495235
8.27022495
9.10591644
3.34960938
2.63777649
3.58097351
7.29687500
0.24475098
5.66571532
1.11073304
12.29243988
4.13236481
6.46046967
6.22896332
14.60419438
8.06678523
0.09080018
5.37455231
0.39896574
3.54508422
2.95219027
16.66060394
0.04935699
5.72477172
1.39481660
1.17480469
3.70479278
10.31864472
4.43961547
4.83382203
3.04553192
3.57076019
17.16495789
5.09023391
6.76066101
9.56595856
1.05220551
0.02420044
4.39017731
12.17622894
9.68314606
0.41479492
3.47554535
5.69140625
2.96484375
10.47415670
0.52096049
16.46875000
5.75000000
1.26464844
0.86132812
7.36673981
1.21333832
3.92008422
1.58235719
5.31250000
4.96093750
3.20658356
7.92968750
6.37544769
5.26908356
16.37561004
3.03259308
9.42187500
3.97505707
2.83398438
2.12747701
3.46724955
12.97220856
0.20113129
14.96927887
3.46093750
5.36718750
2.67773438
10.69771332
10.22656250
6.81997787
0.43949371
0.10815461
4.95825195
0.89794922
19.48588043
31.21386719
15.84126801
4.21484375
0.97656250
4.03906250
0.42480469
1.85953735
4.21223626
5.60596077
3.44335938
9.49145508
7.48002106
19.47896332
5.51953125
3.34179688
4.28080231
12.34375000
14.92364584
3.77602060
0.65677887
5.97310394
0.46646118
1.49857574
1.95019531
12.01216644
0.11885559
2.52388519
0.34663910
8.39544750
7.47433399
4.71093750
14.28906250
4.96740692
3.82360871
7.69140625
1.00614348
2.96358308
3.55915947
5.36422096
7.36718750
0.71138519
2.04252106
5.51607269
0.04879761
0.08392272
4.15274712
4.16935616
7.71919769
0.89892578
12.79446920
5.14337988
2.77699467
2.72701019
10.37026268
10.81831879
8.76562500
12.45703125
13.47131317
1.72985871
7.52734375
8.42131872
1.48102503
11.44352172
4.53694703
1.43607574
1.77119965
6.96093750
0.09075928
4.38671875
9.26092234
6.31547650
1.39257812
13.76127106
3.17622894
0.42801910
14.08443207
12.36234154
5.09078346
15.13671875
6.90987121
4.17862976
5.65926086
12.51997894
1.55224222
6.99955231
0.27339691
1.44291168
9.27510528
13.94018617
3.27734375
8.02254211
7.37801086
0.10791047
2.80468750
0.12959809
5.08885473
8.37403590
1.43359375
8.43698804
1.18365801
4.44726562
