0.33813165
1.24931128
7.05468750
14.29448318
1.16556793
7.51594969
3.10168550
6.32466644
13.14139739
1.71895418
16.62988032
7.67033023
6.20955507
7.08365470
3.59949135
3.57035184
3.36128878
15.72656250
3.19185394
12.24910461
9.07664894
3.13518395
14.77668440
6.19600926
4.10290558
4.09419769
10.77619238
2.84490137
5.40873199
2.59179688
3.61588376
1.22863863
3.29459718
3.07332336
1.78116883
7.02298981
2.07031250
7.75642509
4.17371010
1.71484375
4.58674673
3.74088874
0.69588320
14.72310394
0.29146332
1.98828125
8.00398493
7.87821255
3.51233377
9.67443817
1.71716340
15.66790449
3.05776262
12.00386193
1.57906471
4.96093750
8.15779228
0.27050532
5.48205784
1.83825715
2.74218750
8.92879211
13.66227172
5.49877992
9.01094418
1.99454898
15.17879211
1.29288758
16.14754211
12.36743102
4.34529477
6.56063054
3.15039062
2.14988988
7.50595301
1.18599457
2.88476562
5.43359375
1.45267731
5.02823914
0.08433014
9.45613586
15.00923427
0.64738226
14.77254211
4.12398161
4.97457003
6.26627438
15.41569093
9.23360261
1.49947113
21.24445778
5.24849955
16.95446808
4.16841644
2.22660184
3.11128878
1.43359375
18.95315936
12.75207613
7.13843085
8.23192487
7.01876883
0.79093445
10.51562500
0.75927734
9.99910461
1.03702820
0.51558441
6.77856383
3.06083222
2.81294769
5.70222961
11.53177638
0.54870886
17.19009752
0.46211326
9.40547761
2.34245124
15.80362976
13.45556516
3.34888888
0.65282135
0.04025269
0.73183166
10.23135417
6.04253102
2.08398438
4.42578125
12.20312500
3.05944482
0.25203804
8.04689939
4.95220522
10.24218750
0.37931336
8.11668551
1.36333554
8.01997894
5.99564606
6.34231827
4.62854720
6.00809785
7.60892731
0.47554535
2.02254211
1.10839844
2.32316101
8.01550200
4.72285794
6.65962987
1.36861176
12.27331450
1.74381593
3.60982269
7.37019836
0.34102387
5.45502383
2.67974179
10.93077959
7.98523603
5.74654144
2.83414672
0.31266297
12.72220856
8.95133422
1.63301668
8.08613919
5.75761081
2.35062652
11.52689606
7.48917664
3.21256095
9.99271138
13.07571920
2.68750498
5.58593750
2.44335938
5.68013519
13.06835938
8.78816711
4.61718750
2.61958832
16.65189606
4.02042664
15.53035461
7.40161579
3.36987865
1.72985871
6.89798981
2.47851562
8.60156250
4.22265625
12.18750000
5.23482269
10.63236481
6.74654144
3.60892731
19.63455896
8.94401374
3.57918274
5.09810394
8.54642731
10.66841644
18.41752106
18.50080674
18.11682347
3.38057901
6.41752106
4.10079011
7.53470856
1.19868988
5.94531250
3.19486481
4.62845856
7.80904144
12.56982048
7.10596077
0.83882660
5.41406250
19.40416889
2.64616467
1.49458832
9.69741800
3.70838430
1.56933594
9.40625000
4.30513519
7.17578125
17.22773826
2.87337655
13.18944814
0.78621399
17.73923538
17.32505041
2.95569315
8.28470856
2.50435394
2.14693207
5.19400626
4.38029366
0.40153016
17.20312500
7.52307912
6.40206338
5.54085328
12.10502106
1.97851562
3.78365082
6.70434508
1.16630097
15.33640045
0.16153961
10.14705009
6.71834663
1.94958527
13.86665863
8.75768950
1.36092226
6.83105469
6.18750000
1.68314606
11.83646388
1.18742132
0.81595856
1.43457031
4.57466644
7.20312500
8.10156250
0.90124169
8.51237311
3.21484375
6.13537567
5.10937500
0.69580078
7.25833888
10.08720190
4.05423981
4.62845856
7.89408356
6.86853058
2.82287567
3.16735871
1.79882812
9.84977172
4.41125333
19.70247437
1.17033023
5.55724568
0.05635528
13.18725399
9.30672429
10.42549092
8.07105053
5.26084775
7.20008975
0.30688477
6.53615471
3.06540779
14.58430408
13.47774822
5.27901153
10.50089539
4.41149933
1.49751801
14.91003536
6.07540447
10.17097961
8.71606383
3.24654144
0.87076906
9.84700189
3.46069647
5.52689606
0.64506012
3.45507812
2.72265625
1.96468140
15.04304899
1.38090121
9.20121122
0.87789035
10.45914672
7.91271942
8.40022828
15.56339539
8.43827239
3.59297761
8.88577904
7.72013741
9.05468750
13.49129211
4.76607269
1.78267426
16.18138963
12.17326241
6.16443151
6.54162567
13.08312833
1.95772495
5.73172319
4.36202681
7.73851729
5.89384751
2.07857269
8.96243795
13.05586326
6.01577401
10.16670435
1.65918218
6.18282136
3.98929466
5.09106383
13.07333556
2.25209108
4.69531250
8.95658356
21.35502106
4.96305297
10.65368683
3.70251496
11.06738032
11.21822362
1.30371094
14.14538232
1.12317237
0.78955078
11.47375333
9.32185727
6.58329565
11.18639296
11.03531922
1.63693040
6.41752106
4.10546875
10.38219374
2.57727892
4.60201019
3.72806793
7.64094969
6.45448694
2.84330231
2.72399933
23.55708334
4.25496897
6.37500000
5.08504211
1.68786652
4.80423981
6.72460938
7.53381317
9.24552305
5.63582336
2.31246066
3.95642121
4.32880874
3.79574357
6.38102172
3.73856660
16.52327204
5.62129544
4.66333444
21.97607048
0.01127106
10.86885528
3.57092254
6.82588653
13.92724734
6.31730164
2.52734375
3.07918274
7.09419769
0.07021088
6.79882812
8.98437500
3.36718750
2.58203125
8.81416778
2.60140015
9.01293883
0.24239168
9.72387633
6.62255486
13.55582890
13.90470523
7.82389406
1.64310699
3.08007812
8.09720856
1.69620789
0.03795868
4.25646942
11.00307252
5.46853835
4.40992021
9.42048759
2.89636635
8.53906250
4.15924591
11.12350952
5.10403061
2.31098959
7.09570811
3.23437500
4.49417997
6.14253878
14.27541989
2.27296542
7.85681183
12.83504211
6.78470856
8.53548094
3.61332308
8.79073028
9.62731716
2.63965093
4.36860927
1.97183082
2.54570921
7.67601978
0.80024491
2.29891677
2.43599457
16.99763914
11.46504793
4.46529144
2.94698028
12.44339872
9.16687167
4.41931183
25.50885010
12.10847961
7.82120789
7.71439606
1.79048676
0.08414703
1.64941406
16.59273285
6.84273161
4.95804964
17.94803801
12.89216977
0.97530308
9.04508422
10.40258478
9.17134862
21.27689606
5.85693484
1.33593750
0.97070312
2.61511137
6.44844636
4.27042664
3.74863698
4.68796763
4.72745789
8.55200133
9.13756982
18.13972961
3.45780862
20.64245512
3.24532136
6.44051086
6.15368683
0.46285004
12.00000000
1.53125000
14.37845856
2.70357269
4.79463653
2.43538453
3.16646332
9.68225067
7.77716645
7.20667345
0.68753436
16.94474741
13.27563165
2.70854166
5.92150848
5.43347199
7.20735594
2.71407136
8.21529144
4.62109375
3.28811437
5.55180961
4.88338320
2.95222961
6.79040558
0.20340973
5.32409575
1.24764101
7.63041168
17.13247784
8.08134876
15.06115692
10.61840758
2.90698304
4.62801086
2.58292664
2.92517121
3.22823028
2.78890015
8.71093750
5.88972961
1.32263215
5.82031250
0.02963257
0.87064606
9.20515431
6.14168772
4.45955009
2.58716256
8.10591644
11.52075133
9.70479278
4.29008089
13.28893950
0.79459718
3.35640348
8.38818484
8.62064606
6.19742797
6.17757203
3.07767731
6.90445922
0.94702211
15.24426270
6.20782553
0.27050532
1.80326573
20.06461547
1.32356804
12.31889073
2.84017841
12.99804688
9.51216644
28.21524587
1.65340647
3.84134918
16.24820922
2.67399047
9.39074800
0.09470611
19.96431239
4.39087101
4.59598847
1.60591644
5.11405364
12.60335328
2.04235871
6.16361481
15.33207059
7.11128878
6.80146499
2.87972794
6.41841644
3.21557181
2.94698526
0.96386719
11.44531250
10.19314772
2.55835771
9.62463099
3.48083776
6.74597075
4.73014406
4.38716644
6.97029477
2.50236148
6.63671875
15.21529144
13.13340759
3.43991577
3.46769226
21.43750000
12.01127106
1.89611785
2.83532746
6.27689606
0.55070008
12.64514129
21.11079677
0.03381317
10.85502106
2.90511109
10.55802305
14.42382314
6.62317486
5.18314606
8.72391069
1.09436752
14.65625000
1.31933594
4.04374114
0.97286043
1.84375000
1.96946684
4.85621675
2.14213043
12.17097961
0.10131867
12.97867299
6.01131538
10.30403812
3.14933289
3.84375000
11.37092642
6.39815713
1.12918786
0.84013159
4.65926086
4.01005097
3.35652649
4.79732269
10.60591644
9.08625222
11.37228446
3.09765625
8.97310394
6.18359375
9.31595856
13.46498077
5.15222075
4.66597628
10.13627106
2.08593750
3.23677582
1.32963043
8.28035461
0.27258332
2.81366579
3.87684507
3.74173981
16.99568041
11.43986148
0.43957115
10.56531167
4.89062500
12.34977172
17.27343750
1.34932403
17.00488032
8.04292443
3.92888076
8.49475067
13.00333555
6.75927859
11.36271055
21.11253325
12.07741610
1.15738891
3.18701296
10.58560035
9.18995013
2.52355231
1.56986481
7.06640625
2.46484375
0.05520630
4.31294769
1.94824219
15.61311392
2.68578790
12.63229111
2.48046875
2.62695312
0.11519379
2.92773438
1.98632812
0.02048736
15.57857269
2.28710938
1.89651437
10.18461962
12.26676640
3.44291168
5.55912262
6.62109375
6.44762966
18.69779698
6.51562500
18.54819732
2.72701019
5.97586880
8.03686710
2.51713043
10.60847961
21.69616357
0.03381317
14.93212766
7.32702792
7.57226562
11.50602172
4.69710328
11.55431849
4.06242132
8.20312500
2.18164062
4.17610096
1.58215924
4.86328125
16.52689606
15.84375000
15.86763519
7.45703125
4.68314606
4.17232269
3.00585938
0.35864258
11.29597961
0.08485932
3.91060394
9.41959220
1.18099374
4.46337766
6.39302084
6.06458111
12.46720398
4.92187500
19.87547707
6.77255333
15.11335993
5.28597296
9.11539672
4.17321808
0.14750090
0.54610261
5.41796875
12.09195922
3.59598847
2.02359985
0.14241578
5.98437500
8.26908356
11.97196255
3.82100620
4.75736481
13.75345856
3.92773438
1.40856965
20.68375111
1.25108711
10.51258477
13.69095856
2.02929688
5.69576019
6.31917110
5.31754765
1.33789062
4.92142731
16.10502106
5.40836547
4.76082589
9.18098626
8.79211768
16.01818817
3.73616578
1.16136948
5.39160904
4.62974984
6.47624778
4.59932403
3.19755097
2.19893340
1.72143617
9.73002106
3.92427582
1.98925781
10.42610594
10.96016511
8.48680519
4.84567375
9.33593750
2.76367188
8.91332198
12.85230053
3.31063054
8.96350067
10.71708222
6.57001220
1.77524323
4.39107269
8.08989440
5.63602505
7.88049534
14.15869016
16.77791445
3.21573914
7.52339318
2.12699745
3.27734375
12.02689606
2.22115082
2.78663894
1.52159243
21.67139793
2.67179632
13.29060727
2.94226230
3.17923981
6.96529144
0.06365967
9.57722961
11.65535461
4.14542664
5.03560394
8.77974457
3.93359375
5.81595856
14.36193817
0.65616883
13.18660461
9.71251663
2.16638962
14.83569149
10.30237034
0.50341797
6.59765625
5.79015708
2.80652260
10.09631317
2.65954621
10.80122894
0.01997375
9.34785794
7.25671542
1.61710633
14.33984375
7.15516844
7.46850399
1.99556737
7.45133422
8.70747894
10.69274933
6.47957336
2.86372894
12.61360594
2.04610012
5.56242132
1.79785156
10.10517842
5.19169658
9.30468750
6.00000000
11.35505541
13.77854888
1.51592530
7.31640625
8.84504876
1.40442237
8.71414008
15.19947473
7.20222961
13.88024933
4.80635528
1.41780640
6.85982269
11.07377106
3.06490082
4.46740692
9.98265293
19.03850177
13.30005319
3.69140625
12.51607269
5.42142731
14.14497894
1.98828125
3.18314606
0.01831574
20.77343750
29.26928524
9.33079995
21.72653313
3.98885195
4.29296875
10.15625000
19.05043549
5.38281250
9.36437833
9.21797761
2.43522218
2.79101562
0.06652832
0.86136871
8.00336991
1.34819259
6.82421875
10.77779144
5.23437500
7.69877106
2.29341644
7.30501219
1.10416750
0.01223755
17.02058400
0.01127106
5.31294769
1.53613281
8.56250000
15.14550781
8.86718750
1.27884918
12.78906250
0.89937348
2.02539062
1.28210107
5.12760749
7.31115692
2.85021942
4.49833222
0.46004211
9.38460328
3.46679688
13.13972961
6.55948914
3.00976562
9.22566711
7.69185394
0.62548828
4.80122894
2.16166168
4.71817930
2.93298371
9.04024324
10.63972961
13.32360871
10.08414672
6.64497894
7.15714539
0.50390625
1.34908051
2.86751219
0.23771242
12.52331450
4.95825133
1.73196920
21.52486425
3.26941323
14.58670989
4.65112367
14.21606383
5.86808289
0.24910523
12.83458445
0.45350149
4.74112478
0.08728027
2.19726562
14.09195922
16.28621399
17.70926972
2.30183899
11.69620789
0.05183930
9.30179404
3.71456338
1.32493996
9.56697304
10.03470856
6.38370789
1.67968750
19.43314606
3.02994626
10.55839206
4.64964761
13.12574301
7.30423981
16.99641844
19.98872894
2.63575257
2.43733765
4.18794769
0.35396332
1.10697418
12.44673427
0.55713140
8.01781417
19.99565353
10.25960328
6.06384308
6.65535461
6.24308289
1.35839844
2.13492797
3.78800476
6.12589539
10.77254211
0.93994141
9.09952571
5.86576573
19.08984375
2.99609375
2.19771332
3.62345904
5.43800199
5.06250000
1.67970421
10.37726286
4.90821808
1.25419160
7.50089539
6.34375000
2.34765625
2.14017731
14.00870789
7.70352837
3.58064384
3.61035904
0.88134766
8.16361481
8.69531250
9.03906250
0.14318848
5.36466118
4.64269615
2.11426529
2.47745789
17.16761043
7.54012273
18.99820922
4.93538453
14.45471191
13.73730033
7.31433510
6.30415116
9.31783798
8.23693817
7.22054078
3.12849540
6.70451241
5.80423981
2.54927582
5.54914783
6.85710217
6.55581893
2.97543107
12.60323028
9.97835328
9.99414062
16.71695922
2.47880097
8.82226562
1.80912262
16.61885528
1.03686586
7.90303247
0.02254211
7.37691254
17.61193817
1.34021027
7.55904144
0.00856018
5.83939606
0.37782557
1.48783605
18.17450688
1.46733820
10.39408356
19.52550865
9.23499002
2.97745789
10.22656250
2.08353668
4.28169769
6.51562500
8.92443848
4.00781250
9.19441711
1.77974457
3.18599457
6.28816711
0.28629578
13.80635528
10.60875998
5.34660350
0.69921875
12.48681516
5.59166889
4.70577681
5.85457336
7.98962433
1.80220551
0.76273590
9.38716644
12.17097961
10.06595856
1.63806183
12.61079677
3.11141179
11.00231716
10.66014628
4.23642176
10.69173094
9.24731383
5.85689052
0.21415005
3.50459995
17.80049092
12.15173869
1.08996426
0.38753421
8.14680907
6.67399047
10.14599734
10.77600067
18.56970246
7.01855469
7.31115692
8.79597961
16.30277372
5.88350620
3.55228668
11.26472961
5.74364362
2.49357989
2.63521332
17.81093778
3.73557069
1.97342864
3.62707613
18.07377106
17.36604361
3.51668772
13.70198360
9.61039339
14.22803072
3.01171875
3.17024657
13.46106050
1.92871094
18.36791556
6.45316932
8.18237367
7.63122341
7.24214318
1.48014904
8.69095856
2.17622894
10.49629544
0.97876163
0.74804688
15.49401264
15.11657746
0.01127106
5.60982269
16.58760528
7.59163453
5.80468750
6.84029144
2.23392731
17.60359431
5.80570589
17.03324691
20.28617020
7.72778258
10.20019282
4.72807291
5.09887633
4.78784242
3.45161957
15.78816711
4.06160461
14.53214539
10.10591644
5.66861813
1.83874667
8.18404144
11.27945922
3.31986481
18.46337766
21.56608156
2.55721132
4.42187500
14.39396055
12.74426363
10.43750000
1.30611176
7.47957336
5.76761747
11.30407248
3.97038342
7.56819703
6.39709442
3.53019226
0.91158051
13.53548094
8.74397828
13.73571808
8.40689938
0.25809910
4.94144061
4.91434287
8.34655917
4.02816046
3.34179688
14.67093529
4.95394171
3.41569093
15.69006317
5.43493683
12.20600289
1.12602836
8.33247894
8.04073028
1.60628297
4.88402261
2.08517508
3.08593750
3.49955231
3.94771332
1.38830286
3.40857214
5.82031250
1.64746094
7.68680131
5.81010416
4.54756870
11.67533356
4.18635860
4.70471409
9.21875000
6.27254211
10.91841644
2.42472351
1.08789062
13.70658356
14.31481716
13.15047429
0.13720703
0.13768768
0.85054794
7.52278812
16.63265514
7.87787417
9.59387300
7.52343750
4.17923981
2.06294769
1.89646035
0.01127106
13.73828125
9.58414672
3.76981660
8.61283356
16.11118586
14.58105718
4.59830065
4.36023603
3.57076019
7.78906250
2.75195312
19.39754211
0.07670105
5.70617022
8.37535905
4.09815824
2.74804688
12.14754211
7.73872894
15.90523161
2.88187777
4.73828125
3.30619293
11.91503408
12.89590869
22.45069481
9.07722961
3.94966644
22.64843750
2.76322418
10.00512633
11.26293883
4.75236148
12.98322176
6.36077238
1.86771637
3.55904144
5.29996454
2.58870733
2.71130371
2.38431793
8.47310394
8.05033356
7.60546875
15.26451796
2.11092974
7.73925158
0.47338431
7.37504432
13.19083555
7.24589206
0.39941406
0.53759766
6.03080231
0.98677582
2.42578125
18.35502106
12.89408356
4.56685394
3.33007812
6.92565825
8.45760195
12.15270280
5.96057845
0.82421875
6.20164894
7.00147606
0.65136719
8.30078125
4.41316711
14.41495789
3.22265625
16.80334442
10.93839539
8.05822474
8.57849401
0.14453125
12.44185394
1.78808594
6.42578125
0.96586090
6.06294769
10.41894282
3.33256261
1.92329926
5.98046875
1.01810699
6.50781250
24.88511658
15.22733489
7.62618074
24.32800200
3.05923316
0.10143950
12.08951906
2.02539062
8.89062500
1.58353668
11.49849457
1.11470551
1.33105469
8.53381317
4.94274933
18.28816711
6.72619349
6.21521276
5.11027039
20.57104056
2.87622506
7.61518507
5.36092974
1.23970551
3.68652344
12.39741911
4.17679964
9.39754211
13.10937500
5.39769947
4.25899822
2.88911957
11.34137855
10.46931073
2.17714427
9.73437500
3.20943207
5.42451685
5.81767065
11.12500000
5.10176419
0.32678378
8.95747894
12.71529144
5.83113586
4.32173177
5.03788674
4.37397662
23.98221148
5.01709109
2.07645411
0.68753436
10.33936170
5.29341644
7.55244903
3.32991578
2.07181793
3.59855164
7.79329344
9.14420656
1.97073499
6.16606493
10.62589539
0.36796051
7.59810394
7.40820312
7.13281250
0.31860352
11.78588431
10.61841256
6.27689606
10.33101410
5.58548981
1.43750000
4.59375000
1.06888824
14.43827239
8.20581117
4.32556183
7.10534575
4.00793550
2.11523438
4.96048981
3.82137024
0.66642273
8.97912567
5.02042664
0.64839691
5.99180852
3.93352504
10.80033356
7.90669769
1.80753601
5.28470856
9.33760528
1.11987367
4.71732076
0.01127106
13.04854278
10.63895722
4.27343750
9.89408356
0.69193543
6.99218750
13.07377106
9.95914672
10.32018950
3.97847628
10.26704677
1.05371343
2.75781250
1.92879211
0.01009125
11.66841644
10.07812500
2.95707184
10.52779144
1.42285156
10.13711963
9.16304411
1.11682845
7.69140625
4.40916224
2.36036901
11.81250000
2.63972961
6.18058289
9.13448028
4.71581782
5.83720190
1.85334331
4.89185505
10.86718750
9.44596188
2.39673038
13.88960661
11.91348183
0.88201074
16.66616800
5.84990469
8.87552638
3.86657497
14.19803303
4.63061835
7.11275487
3.16796875
8.03906250
11.39318817
6.42277039
3.58638519
5.33939606
13.79687500
14.93945312
5.68404144
12.92533356
7.46679688
7.55904144
5.48347961
11.22607048
9.58207557
5.40969360
5.75978058
4.03759143
6.81762633
12.83602615
9.46439606
10.75129876
2.12414893
0.78271484
2.11831519
3.38909020
7.74698914
8.31595856
0.06795258
3.63236481
10.26399158
3.65654033
8.92975600
0.02700806
8.44877106
9.09165892
14.68613253
0.29414887
12.69432846
0.55274185
2.87784353
0.01127106
12.81160461
2.95642121
10.06327239
3.22619349
3.24524268
7.96919769
2.60216506
5.36711380
8.39497894
16.50744349
2.46057347
14.83081117
4.49340758
3.96362367
13.82722961
11.31766069
2.15702737
2.35628546
0.92480469
9.94531250
3.29541016
5.40926086
5.60546875
4.06339539
5.24564606
5.62890625
4.26216644
18.70243130
0.52319523
10.42300643
9.01494126
13.33056516
19.84912234
6.96439606
11.94576019
4.88191711
6.14152039
0.25992797
3.50765015
1.13867188
11.35823360
3.04788093
13.69235095
0.11271055
10.51485261
18.10245789
17.57694426
15.11515071
4.68095190
5.50044769
8.38191711
1.93058289
3.42142731
11.90832115
2.10384530
1.15039062
3.58372840
5.71855828
7.71919769
5.40177305
17.64676972
2.37874390
2.36468401
2.32314161
21.83426474
6.44023049
20.15724514
3.89428898
1.91894531
10.42354278
16.39497894
10.93045989
14.23567376
2.63493295
4.09375000
4.40234375
14.59724291
2.33244459
2.52929688
0.37255859
0.05147384
3.32556183
3.02583832
8.38414562
1.80140126
17.77221244
0.01127106
16.22993988
4.47611481
18.92968750
4.73828125
6.14408356
4.76607269
9.85412567
8.19620789
9.70943207
13.77600067
5.87288453
6.99941933
0.47376579
9.99475067
3.70491578
10.34098266
13.50610040
7.99283688
9.33272495
7.06075354
5.57421875
13.53954954
15.45414339
2.32466644
9.55981383
7.95209664
4.83965203
1.21439606
9.13814301
3.23392731
5.21822113
2.79252106
4.42232269
12.42252438
5.69075687
10.50000000
10.23192840
6.08247894
0.33459473
4.07812500
15.15970856
6.16442653
0.59736592
12.86357158
13.65100067
4.11018673
2.94975011
4.88179411
10.33828901
2.42009419
11.88346188
9.21018950
0.81215092
1.95792664
10.58068817
1.41442902
6.59285461
0.45084656
12.01053801
10.21708222
4.17386747
6.51488697
0.35368545
17.79414887
6.05635528
9.11610983
1.99310283
13.91996122
15.19291324
5.89908688
9.53751773
0.15230316
3.96335897
8.26804576
16.27443596
6.37566932
14.29274713
11.37221076
14.29943817
9.26049867
7.71004211
17.34452239
12.86319260
0.01127106
15.98425200
8.09387300
3.67622894
13.85502106
15.26216644
0.37052305
0.60168550
5.40234375
1.57076019
21.97086547
17.17366578
11.65625000
0.61621094
10.01127106
5.69307403
2.85140015
0.03435272
13.44698028
5.75230719
1.31287898
5.98046875
13.73712988
10.08562278
16.48192986
4.69120456
2.88257147
3.98677582
4.79207336
9.33504211
14.87935394
0.59659851
3.04927582
15.82303303
3.10425365
8.64949025
6.57166057
16.67187500
9.88130209
10.33275931
19.91781139
1.84845302
13.92730163
6.96643284
5.18750000
5.68750000
0.03573608
15.21289062
7.33203125
12.31062057
4.16544991
3.23291389
7.12207031
10.33939606
10.55021055
5.33260195
0.63423676
12.46748809
6.54707669
0.84631566
2.79927582
15.16202571
0.29842351
7.88598072
26.71566046
14.14701573
3.11043274
8.01741578
3.27929688
9.39229278
5.46951242
4.84778922
12.61283356
6.71708222
5.96875000
2.61914062
2.45117188
1.63935063
9.59457668
1.13911957
4.57026319
0.25923427
12.80203569
6.48068040
12.63114472
4.79565492
15.02338321
2.81255429
10.70198360
3.12178745
3.49324524
14.51009063
1.92936281
2.98437500
13.13394892
8.07849401
3.06294769
9.54687500
0.03251129
14.63732381
2.08187389
3.56640625
16.55638963
10.16467752
6.03194370
17.21439606
1.67000305
1.01884004
12.74580342
2.21619182
18.62935394
16.03125000
2.76757812
9.64735484
4.12608266
5.59765625
2.34570312
0.01527924
0.40144836
5.63256400
0.31558954
6.03617464
6.16341312
11.52510528
3.94470246
0.57556183
4.26908356
0.89538356
10.99678745
14.62046876
20.13823913
12.47656250
6.15245679
19.43693927
4.71484375
8.94185394
0.78320312
5.61828208
4.87629876
2.45907302
9.27254211
4.55647828
4.48437500
0.02301025
17.69006317
0.30798371
14.20222961
10.89318817
5.69319703
4.77530198
4.61727615
7.68065160
0.11569453
6.70613586
3.47603363
2.80273438
12.69095856
5.70747894
2.21529144
13.27615803
1.19433594
4.72342864
6.65157136
13.44787567
5.89978058
6.58158356
2.86763519
7.53861481
2.08699524
8.48323360
3.50248448
2.27734375
2.31896942
8.70837433
4.64261747
8.59566378
15.13972961
4.72696587
12.99613807
3.55318207
5.59765625
12.48693817
6.04296875
7.26013215
9.75781250
14.33581450
15.47473238
13.39229278
3.15804078
12.06070922
15.06624390
13.58133755
6.96207392
4.78878213
3.06864472
6.00781250
15.14798981
11.55790005
6.94233372
6.37243683
8.85920767
0.10143950
6.76965425
9.29496122
4.19722628
12.65791778
0.54581726
4.32165558
15.80694580
17.74673316
10.71049977
0.26375492
9.41316711
8.16678303
10.59627881
0.05538940
4.91752106
7.07377106
1.38663758
1.31054688
5.37487700
0.55924562
4.98091644
9.87898493
2.92647558
10.94929743
4.51106937
5.63913004
2.90865082
2.76367188
8.16227172
5.53942155
2.80611923
5.37500000
5.79296875
7.01301253
21.17094525
7.03495456
11.61027039
5.05167664
9.03277206
4.72131317
3.88761414
2.93404144
16.75939910
2.06534851
6.92423150
0.38321587
12.98743018
1.06640625
4.96919769
8.54943817
13.79597961
11.30700466
12.89074800
5.51542331
1.66556793
7.86169216
16.60749557
8.72612477
2.03125000
3.10005707
11.86573493
8.55159796
2.32417941
4.07895862
5.12904919
5.04687500
6.07167997
15.52140071
5.58615912
5.23046875
22.47187888
2.67310006
18.38577904
2.89457557
7.64107269
9.05725067
16.08349609
12.99324025
2.10575908
11.66752106
12.89497894
4.51216644
13.15535461
12.29524158
2.06445811
5.12902925
2.09224457
11.07377106
1.54439301
16.29959303
11.32192962
0.33813165
13.82593085
4.25390625
0.10583496
0.07220459
4.74218750
18.16137633
2.62438996
15.89961326
2.12907358
3.36673981
3.30318207
13.41048094
2.30447834
20.00151041
20.32312167
4.35156250
3.55273438
10.98872894
15.59134918
5.61328125
5.52388519
0.04721069
19.05200133
16.50642509
1.72680923
2.04757867
13.92879211
12.43397688
8.34664782
7.78690271
19.97243261
7.49487367
0.03897095
8.66316711
10.60582904
2.38338818
6.03560394
6.39843750
14.22566711
6.09069482
6.22615913
7.94486481
3.89347351
4.63035203
5.02267508
14.27314717
9.64065936
11.88139073
5.18498116
4.92968750
3.62109375
21.22509641
4.12992464
4.08454760
13.78121564
3.25826019
10.66137633
5.65112367
6.35534575
6.42635195
2.61718750
8.86283356
3.24059841
13.44299534
17.55814606
12.04597961
4.89933289
6.25646942
0.26932832
3.37500000
4.00068872
14.48640681
6.82815106
15.95173759
8.84859596
5.54732269
7.58581450
4.52356050
5.26953125
0.61865234
1.80199136
3.84209219
3.09419769
12.03861481
6.27298981
3.36327627
8.59615580
14.88525266
0.64009738
8.04687500
4.69042969
5.60546875
5.58024047
4.85469138
0.01127106
6.40926086
4.92309508
3.00012300
8.30814606
2.43570922
2.31864472
10.00345856
1.67622894
6.37320922
0.16963746
6.26562500
4.49758423
18.63208889
5.54956669
11.42968750
7.68794769
9.20556516
3.31005984
8.95658356
7.07979278
0.14209047
1.44095856
10.78816711
3.46228058
9.69877106
0.05159516
1.39160156
10.77359486
5.73242686
2.84944703
6.34720856
2.74601009
-0.01924403
0.84765625
8.88012633
10.62528535
5.79296875
4.64798981
11.97220856
5.53259308
10.08593750
6.91803746
3.70997340
8.95291335
1.04212267
7.56819205
0.15779477
8.36495027
3.42948083
9.08732491
6.40625000
12.80277372
0.57226687
4.02388519
6.05859375
0.22546324
6.85380097
0.16206879
1.86914062
5.33275931
0.01831491
5.53861481
2.29352325
0.76307679
4.75869294
2.01669769
3.17312944
8.45142287
10.78125000
6.53771942
3.05725067
11.03829011
0.24340820
27.21003204
5.15160572
7.58667553
9.79687500
11.56750333
10.18595523
0.20731629
3.14648438
13.58133755
2.21899601
8.50040337
5.82816932
11.05085993
0.25289159
4.07767232
13.22115580
2.47460938
8.58634087
1.85746620
5.31115692
0.20898469
5.00695147
0.09016844
17.78665670
12.74383483
11.25086103
0.02442413
1.29146332
15.30812561
6.69531250
0.12577332
8.59613037
1.17838126
3.52572030
0.31250000
2.81595856
15.15189606
8.89062500
8.59606716
4.86185948
17.96875000
11.50316324
0.16773520
5.13281250
7.58024047
7.78426086
3.37723224
3.67574689
12.60156250
10.63167110
1.28060062
16.52383815
14.89497438
9.85697418
3.96244293
6.87154144
2.57803756
1.18937195
12.58434965
1.02063082
4.39453125
8.69432846
3.02698470
1.41735871
6.39798981
0.13635254
12.28560394
1.22411860
3.05753601
3.55692099
0.30273438
6.93750000
6.58203125
9.61975067
13.28063498
3.86947030
4.18058289
6.81518617
8.50000000
2.13777649
9.41495789
1.72192321
1.98856660
0.93404144
15.40612700
4.63866440
3.40300310
7.21740692
3.80167664
8.01997894
0.83492035
16.58654987
11.59448803
5.18481383
0.59797212
7.14697141
7.45113253
0.05198150
6.11372894
11.66270945
5.59510305
0.55566406
8.93769172
3.32313164
4.87198914
9.12650543
8.26265473
1.08105469
5.02734375
3.58853751
14.85807624
6.63333888
8.39368018
6.45267731
8.06070922
0.13224336
0.86344360
0.12984254
12.71845816
0.09016844
7.10681183
1.77620484
5.61763519
0.22192383
20.73258422
12.73437500
5.25915558
11.31250000
6.36763519
0.62744141
0.38822418
0.27119965
4.61629211
11.41202571
4.62011968
6.33369903
0.03450562
9.42097961
0.66796875
3.24470509
19.74548869
8.76562500
1.83683289
5.55488919
4.25057070
7.90112367
14.32633422
2.39859985
5.32434175
7.89062500
0.37748199
0.01571655
0.87349457
6.61708888
4.78391178
3.72595246
12.51276153
3.98333222
0.09442139
2.41992188
0.00318336
2.27734375
0.13497312
0.30525820
1.81451934
5.74114472
1.93164062
3.29101562
3.28913557
0.06762633
13.03442445
12.56404477
3.31681460
3.80183899
2.17472351
0.92480469
9.27689606
0.22505707
0.50589996
7.91190271
16.41548427
3.29024822
9.95658356
0.03090424
22.52469443
15.13472628
4.11409796
10.06685394
8.97220856
1.23038758
5.47867797
1.11018922
5.26171875
6.74734819
4.58468306
1.09916168
15.63476562
2.07812500
15.11193817
7.57946808
11.38716644
3.85937500
9.68814938
3.96240359
6.10156250
13.33683289
10.64843750
8.61958832
8.14497894
1.71048981
6.88716644
8.95825133
6.06864472
9.69966644
4.92443817
7.02209442
4.03002992
10.37845856
2.02388519
11.46557181
0.01127106
2.96093750
7.71439606
9.29687500
3.62740082
4.31685394
7.15021831
6.04509419
0.68168121
6.27343750
1.76216644
9.32230621
7.38313719
2.22277925
14.63281250
10.06741468
13.33593750
1.21924700
11.24030807
0.67908494
6.10351562
2.53470856
12.83593750
2.05273438
3.07076019
5.61718750
2.53816711
8.64016734
2.39979055
6.08449580
2.04636358
8.42053192
1.51562500
8.75500333
3.44360538
15.10489805
3.70174257
5.89506012
7.38716644
4.18570922
4.79866578
11.53369141
4.98347961
6.61673981
12.08247894
8.86271055
5.68070589
5.61718750
9.62845856
2.56490082
1.47558594
8.14139739
5.30834774
0.13525266
11.19111592
8.05644392
3.19291168
6.57242797
4.89139863
0.36938477
16.53816711
4.88716644
6.03381317
10.10502106
15.83683289
1.29528840
11.09285461
4.91886414
8.43750000
5.56122563
17.93641289
22.38037234
8.74129211
11.92342164
3.38041168
0.04482025
10.12157580
4.62016400
10.42499890
3.82544880
8.19787567
11.27868683
2.46093750
0.03494263
8.36718750
0.77640777
2.14383755
3.00850620
3.90474457
8.20043883
5.74104610
1.06828069
0.87695312
6.18750000
6.66796875
0.00464630
14.13537567
12.63627106
5.45775931
2.80334940
3.27148438
13.32031250
1.43697113
8.80163232
0.09753761
0.00705719
14.24368795
8.99144947
2.36747783
3.49654144
11.01000665
5.83247894
0.47001440
6.14274047
5.48917664
0.03865570
5.40234375
7.82076019
4.48253491
6.38534131
4.03412993
2.15625000
8.92956450
1.67688082
2.26953125
7.12845856
7.60689052
0.29052984
7.67711437
1.40402149
3.74840094
2.84233820
6.13671875
10.16556793
3.81054688
4.12792720
4.91308843
4.75826019
2.62646111
12.37182181
2.56181626
2.67622894
18.22208555
4.66809175
9.67622894
5.36673981
1.41548676
0.00492096
4.87182181
4.42895944
1.22753906
4.83763465
5.21465203
5.61328125
14.20312500
5.13281250
2.59631317
0.03973420
7.98473405
5.34294326
13.99808123
0.01127106
4.89965758
0.70776429
0.06335449
9.34810394
1.70312500
10.13972961
6.52433289
6.61718750
4.82474762
14.57543883
8.97489472
3.66238476
1.01099567
11.25089539
7.15234375
0.14021820
2.78515625
11.05468750
0.42968625
3.14945589
12.40604333
5.22558843
6.49922761
4.60937500
1.45861785
4.65759308
0.42712371
6.80843140
2.49564606
8.34029144
9.15189606
1.33805297
8.31571255
5.35225620
10.19293108
7.30540114
6.32128906
8.24564606
2.90982658
4.34212655
8.67533356
6.88191711
2.38024933
1.96012328
2.84513243
0.20817203
5.75195312
7.51953125
0.85445160
7.74414062
8.25345856
2.69531250
12.15779477
5.70202792
1.71618216
0.10143950
1.83313082
3.69632093
3.93258532
10.13883422
12.12410461
16.07299867
11.23860594
0.64229402
1.29101562
5.95243130
2.79996952
6.83203125
8.11975067
2.08092732
4.20341533
18.13472504
6.04296875
4.62500000
0.02978516
5.88281250
7.28906250
4.31205231
7.72688719
11.85514406
2.27193207
41.23819260
7.20276595
6.42874779
3.29630928
7.05501219
3.78438386
0.25435394
5.42968750
5.09016844
11.98600343
1.44877106
2.52779144
5.50948028
7.72098847
9.79137966
0.25183324
14.61014739
14.01134974
2.84334663
3.37381926
8.18994016
1.51835300
10.00000000
7.32120789
4.54687500
8.49731383
2.56864472
3.57076019
9.49218750
4.33092670
14.91539562
10.76160571
10.54520722
11.25637524
12.52096851
5.45524047
2.35380097
0.49808684
17.19738832
7.70312500
6.16406250
7.48872894
5.08280364
2.19018617
6.66060394
6.89754211
6.61417664
6.06818706
3.86931294
4.66015625
5.74218750
0.04865509
15.39965758
10.56969748
11.05904144
23.80314273
1.56201546
4.71093750
8.18404144
2.07572418
1.95747894
8.75602172
1.85839844
0.33260133
7.81595856
1.74849457
16.60492529
3.94947473
4.12544769
12.54499557
2.62838486
10.59375000
12.59094083
8.58874667
5.13281250
2.58369903
9.04174867
0.08001709
2.98632812
0.54300934
14.46875000
0.96529144
9.46093750
9.81692793
0.99755859
6.80745235
10.70784796
13.70568817
3.68538453
12.04466354
13.26847351
18.75654810
