0.38321587
4.63664007
7.26562500
15.97117952
0.90332031
7.19563719
3.82389406
4.82031250
15.01562500
1.35156250
11.03644504
4.51433621
7.60546875
5.05078125
3.52571532
2.84016844
3.34114749
10.50000000
3.93945312
13.66406250
5.55598377
2.58952404
13.35774158
7.71292616
2.66015625
1.49609375
11.49901596
9.79785904
20.58203125
2.52376219
5.52050532
0.88053718
6.26171875
0.95784422
1.24576906
5.49609375
2.92578125
7.21158688
4.10872562
0.67626953
6.12499502
4.42057624
0.36165531
12.39062500
0.93750000
1.92024657
4.23534907
2.99837157
3.86947030
8.56250000
3.30273438
16.17283910
9.34701684
16.08235594
8.20247562
5.41015625
8.92187500
0.38321587
9.23039007
19.41764406
3.76953125
8.92968750
13.69173094
5.73795656
9.92887204
4.36653812
10.54687500
1.56250000
16.42187500
12.87369626
9.55533688
9.70963874
3.27343750
2.32355691
6.19499778
0.59570312
3.47070312
6.10156250
1.45117188
4.05859375
0.12101195
9.37483765
10.63346188
0.36019046
11.61718750
1.59602782
5.27311281
6.47688719
5.32617188
8.05468750
1.26041750
15.02501517
3.30501717
15.60546875
7.93359375
5.82844969
7.39811281
1.78906250
19.83918440
12.90364749
8.14778812
5.82519282
13.41276374
1.75293218
11.42903812
1.28808594
9.43391844
1.99121094
0.74528078
7.45019282
5.16308843
1.79394531
2.74804688
10.09504876
0.43815436
15.14778314
0.58609486
12.00244016
2.36654310
16.23046875
16.01285018
4.52439662
2.10923758
6.01269531
1.29101562
1.82910156
4.96875000
3.13281250
3.17773438
11.15266844
3.61197751
3.83919437
13.63019504
3.63184840
7.87467531
0.43619875
8.81216534
1.14291278
7.59765625
6.31640625
4.32860830
2.09245124
5.17415531
7.25390625
1.05371094
1.64583250
0.91471437
2.90039062
3.34212157
6.81250000
8.17545656
1.16894531
12.46926349
1.77683026
4.88281250
5.60457336
0.12174500
3.84862035
2.03419215
3.52343252
7.17383311
4.99218750
2.50016235
0.15474488
11.37500000
9.37141844
1.68619875
1.66568844
5.14388187
0.77633667
10.34375000
4.85156250
7.32454344
8.77441157
14.93521720
6.04525155
5.83984375
3.16406250
6.39062500
12.22460938
8.23079344
1.67480469
2.23990968
13.45735594
5.53092531
12.85156250
13.44474118
4.15560062
2.51367188
5.75195312
0.88330078
5.74218750
4.09765625
11.19531250
6.30078125
11.12695312
5.70703125
2.65429688
15.76773673
9.92057624
3.15397218
0.71972656
7.49707031
5.50390625
20.22460938
14.36002438
11.47232907
3.08073249
6.25423094
4.23405031
7.68750000
1.79199219
2.93945312
3.97656250
5.39453125
5.32031250
10.23144282
0.95410405
0.44213867
4.49218750
4.21908408
2.83431405
1.84570312
9.43000222
5.47624778
1.45996094
5.53027344
4.80468750
7.17578125
18.93163564
3.29883311
16.02083001
2.46093750
13.28026596
15.64062500
3.48535904
6.84798094
1.80045656
2.54524657
5.43163813
4.70963874
0.43286133
17.12500000
11.93371333
3.36426030
3.66406250
7.20117188
1.66145750
3.98014406
8.12923094
1.36035156
17.76584963
0.04812622
7.23958001
5.72135749
1.25000000
15.54729124
3.16438719
1.40755374
4.75781250
5.88281250
1.79492188
11.73632314
2.08789561
0.35677000
1.58756593
1.82128906
5.39843750
8.71875000
1.90985563
5.33953401
3.82454344
3.02701906
3.43750000
0.03234863
4.12760251
10.91341312
5.33593750
6.31282469
6.54655031
3.91406250
0.79882812
2.22460938
1.54003906
10.74218750
2.94563719
14.19892634
0.89030280
1.77522454
0.15779477
14.14754211
11.30826906
11.22363032
7.85628546
4.54148272
7.11655806
0.35620117
6.20180132
4.01890181
15.38541002
18.09505873
2.33593750
11.08593750
6.39453125
2.23828125
18.88113822
6.40918218
10.02343750
6.07063719
3.20670656
0.56933594
7.89257314
3.45703623
5.99609375
1.57226562
3.72265625
3.23274657
2.77506593
14.10135739
0.29598148
11.95735594
0.39860109
4.71923828
2.38313719
10.72233156
17.45312500
8.39485594
2.74967531
11.72004876
7.40495124
7.55859375
13.59375000
0.64355469
2.63899657
13.46548316
10.73764184
8.35514406
5.66438719
15.90266844
1.94270999
10.11783688
7.06185062
5.85709220
11.49447030
5.66796875
16.19726064
13.01432126
11.53268726
10.23013908
2.51465093
5.20247562
4.33951408
4.30794437
13.68674795
2.05063386
6.25032469
9.71875000
19.85123781
6.26594969
9.52701906
2.40039062
10.57454095
12.37370124
1.45507812
11.66357048
0.79150764
1.26953125
12.69173094
11.61848626
5.03353280
11.82096188
11.62849353
3.23926529
3.71093750
5.83984375
15.10610816
2.29037621
5.94531250
6.22656250
3.18750000
2.37936258
2.28775876
3.74153812
25.41275377
5.77083998
4.14062500
3.58723626
1.19010749
5.79296875
5.30273438
4.00781250
6.38345191
4.69467309
4.52408688
2.18099124
1.51529034
4.75424091
9.07454344
4.18717531
14.74143307
8.02506095
3.47819592
18.52083001
0.11271055
10.85424867
2.43798704
5.49218750
7.40950687
6.23828125
2.60937500
2.69140625
6.78125000
0.10363770
7.16406250
7.04296875
1.99609375
4.45312500
6.53157469
1.06510500
8.81852172
0.03810670
6.26204344
4.54231688
14.12500000
11.92545656
8.06608156
12.42187500
2.56087157
10.60514406
1.77343750
0.03369141
4.95735594
9.27814153
5.75032469
0.85856203
12.04817376
8.69401374
6.95312500
5.46662456
13.47087544
8.13551331
3.05403314
5.04557624
2.58203125
2.00911375
4.46842531
11.40464461
2.61784685
7.08203125
13.53548094
6.73860594
8.00781250
1.99837406
8.98079344
4.71842531
12.34375000
11.75552970
5.77604499
4.43326906
18.64647939
0.45084220
4.81868905
2.71679688
17.70761959
13.90560062
2.77734375
3.72493407
12.01139406
5.26171875
6.49609375
20.59082031
12.78125000
11.07031250
6.16015625
4.43750000
0.84553953
9.10514406
15.01696777
2.06673094
2.98990968
17.93758055
9.15625000
0.61198000
11.23437500
11.24218252
8.15853280
19.13346188
7.25683843
13.61360594
0.94384766
11.50552970
6.27181405
5.19498781
14.80207004
7.23699246
5.66015625
9.41406250
9.76887190
11.05469248
3.57877936
22.82454344
5.30436281
10.20198360
7.13850953
0.42562015
12.28906250
1.79882812
15.38281250
2.11132812
1.36621094
3.39843750
2.67382812
10.76562500
6.95538786
17.44044215
0.72134752
18.12793467
16.10774158
3.79395279
6.18066406
5.65917969
7.39908688
3.02083499
7.06640625
4.25390625
3.52196518
5.83692154
6.28515625
3.60188719
7.23014406
0.67431641
6.46549313
2.78645999
6.02148438
14.10156250
5.46012328
12.20491578
12.10579344
2.17350343
4.25032469
1.60612062
2.70703125
1.17317625
1.45996094
6.03092531
1.42187500
4.10156250
0.36734860
0.03218753
1.19628906
11.71289062
4.10546875
4.44173094
0.77050781
4.44498781
13.07812500
9.81314938
4.16341312
6.69986813
1.05729250
3.25748781
9.69531250
7.17968750
3.64127438
3.02897218
1.34733156
7.32812500
1.45703125
8.50186157
2.37926748
0.49592642
6.27962655
18.35758422
1.42463663
7.32178856
2.72460938
13.36718750
4.01806641
38.47721188
2.36849124
1.85937500
15.62923094
4.66796875
8.26702959
0.15024826
17.57844969
3.73828125
3.97233156
1.98339844
6.31250000
12.67968750
1.51074219
4.63671875
17.15266844
7.44498781
6.32649158
3.02702404
6.58984375
6.72786126
3.89323249
1.76367188
11.41015625
5.23046377
2.80859873
7.22330563
1.50618656
2.05305907
3.44303468
6.39062500
4.39876219
5.00748781
5.14843750
13.92968750
7.83365470
5.50618905
4.83984375
16.75000000
12.82812500
1.28515625
1.72851562
14.77343750
0.89111328
13.73079344
15.36791743
0.24796321
11.94441711
19.23730718
11.16048094
15.70149158
9.23177748
7.17578125
8.34569814
0.57715342
13.78125000
1.87500000
8.52050532
4.43652593
1.18750000
1.96108614
3.71323027
1.78320312
12.92610594
1.92545656
12.39973626
2.59440436
8.21875000
3.02343750
3.70507812
10.12271720
12.37238254
5.55633089
5.46028812
5.52864251
4.78385749
11.41113032
1.92285405
10.00000000
6.87205785
11.24122340
3.72884032
8.37076906
5.28515625
6.72265625
12.92919394
6.85156250
7.66373781
10.46093750
0.31884766
3.44140625
1.84179688
5.35188719
0.43522218
2.76691130
3.52898714
6.41796875
10.56834442
7.30079122
0.94676862
15.74366107
3.97265625
12.09375000
18.53125000
0.90803953
19.45800532
8.32355940
4.97201684
8.37141844
9.49218750
9.80045656
5.75911126
17.62858156
10.18287741
0.71533203
2.14843750
4.78677970
5.29557375
2.54271045
1.10449219
7.17187500
1.02539062
0.02024841
4.03906250
1.78906250
7.60611813
5.54426751
15.71680186
1.08300781
2.83593750
0.00606537
2.90039062
2.02539062
0.00146484
6.90722656
0.70045975
3.30193920
9.01086270
12.36588874
1.92187500
4.44042969
8.80468750
7.18456782
25.22168218
4.69140625
17.75927734
3.18945312
5.00064938
10.21028812
2.49609375
11.27766844
18.51530031
0.15779477
14.04597961
8.46028812
14.44726562
13.21093750
5.22265625
12.11360594
6.99186281
18.49641844
0.38614992
11.28189938
9.40983156
1.83951906
17.57812500
15.59016844
13.65592531
14.78906250
8.94531250
7.07063719
4.82389406
0.38989258
9.86718750
0.35522461
5.37500000
5.47818595
2.27181405
9.78548094
9.14321504
6.02573027
11.29166750
5.10546875
22.60626552
7.14251378
15.96093750
4.57421875
15.84375000
10.82031250
0.32796992
1.55859624
10.78906250
9.01204344
5.82780031
11.10579344
0.56803468
6.72265625
9.14062500
11.06932846
3.61426529
4.96875000
11.94954344
3.48242188
1.54459718
21.50551973
0.96931073
14.97046708
14.47233156
2.14648438
6.01204344
8.16829344
6.43685062
1.48730469
4.65673828
17.01383422
5.17822141
4.11757381
11.95019282
7.57324468
12.51985594
4.18326906
1.46386470
7.61263187
3.84357893
5.90658466
5.01627438
13.04264406
1.30403563
3.61263187
5.30078125
5.08984375
3.04101562
9.48079344
12.30045656
10.66730940
2.83659685
17.07454344
4.07389406
7.48794410
4.04330341
3.47168218
7.71875000
10.70312500
5.89093972
3.74577903
3.19335938
8.26464844
6.09895501
13.78776374
14.67187500
9.63883422
0.55891969
3.09536847
3.41439716
2.17382812
11.62923094
3.02311281
2.17016456
0.87914229
18.87410959
4.26041999
8.93814938
5.63997562
2.78320312
11.31250000
0.17651367
8.78906250
8.75000000
4.89843750
1.89094969
10.08463625
3.67773438
5.10156250
12.35644282
1.17676030
12.31673094
7.90591534
4.11329122
17.75846188
10.32031250
0.59489015
8.71451906
6.39452627
3.35352061
12.45735594
1.44987062
16.53125000
0.09448242
11.82454344
3.98405031
2.85351562
13.58593750
12.14490597
4.78515625
3.53060062
10.49641844
5.05826906
8.90625000
7.25423094
1.00260500
14.42675532
5.23828125
5.13574468
2.50781250
10.66242908
6.62272717
8.03906250
5.82031250
8.83658688
19.22491911
5.45086214
7.05078125
8.72427970
1.33138436
9.62531472
3.85515403
8.18750000
10.61425781
4.44563719
2.14030031
7.58593750
11.70312500
3.06835938
5.98437500
10.42348848
22.03549340
8.27636968
4.21093750
15.10156250
6.88671875
11.17187500
6.55859375
1.16210938
0.05020142
17.11328125
28.93001219
8.99999502
13.42388270
5.33951906
1.46679688
7.63671875
13.30359650
6.71875000
9.11002438
2.89388187
1.46386719
4.05078125
0.59082031
1.38476562
7.13524269
0.49561668
6.58203125
10.39062500
1.57617188
9.30468750
3.34765625
6.78906250
0.20837402
0.06488037
4.80516830
0.22542110
5.46598515
2.20312500
6.89062500
15.12011719
9.23437500
4.09016844
15.46093750
5.28515625
4.20280031
6.60579095
6.61621343
6.51530031
4.36751219
15.10156250
4.29296875
8.90983156
3.10546875
11.10579344
6.49186281
4.17968750
9.31250000
8.53906250
0.36572266
5.28125000
3.03157469
3.94108156
3.36360594
12.66764406
8.46093750
8.70507812
11.41829344
8.32812500
6.27612367
0.46940125
3.07421875
3.42850676
0.29683504
8.28906250
0.71158688
1.46647218
5.57796141
3.58919437
12.27766844
5.21061281
9.62500000
0.70279906
0.27132203
9.90119238
0.79216699
5.62727034
3.19531250
2.83398438
13.30891844
12.01464844
18.28483156
2.00000000
8.60758422
0.02528932
7.43132445
3.86100343
0.09174010
6.57122473
10.32812500
6.73437500
2.02539062
21.99218750
5.21158688
13.68685062
5.65624003
17.77149434
4.54687500
17.77766844
23.67610594
11.06575687
2.33789062
4.49674313
0.72786624
2.09765625
12.52473626
0.86588874
9.47053206
14.76921404
8.72656250
6.93750000
3.47070312
8.12500000
2.97265625
1.30664062
6.51953125
4.75781250
11.90266844
1.46354250
7.44302970
5.37728280
12.85546875
8.87988281
1.51562500
18.40823468
10.14095966
20.25000000
2.73096056
13.41209442
10.18588652
1.40787843
6.93750000
5.90625000
2.23632812
2.24804688
15.75781250
10.58300532
9.12271720
3.28646498
2.40234375
13.86718750
7.43359375
6.85937500
0.17297363
6.43489251
4.54980718
0.77115968
2.30468750
15.56503721
9.82487062
14.45735594
3.92936281
17.68945312
12.10217373
9.55045656
3.91926751
0.65104499
6.04655031
8.53548094
15.03580563
7.35840093
5.74609375
2.24609375
4.13866689
10.58822030
5.02831782
5.13151374
13.36360594
8.77701906
7.69335938
17.38704344
3.61881593
13.90820312
1.91015625
17.43033688
0.74674562
16.52376219
0.13525266
10.76123171
21.48925532
2.35449468
13.63793883
0.05108705
9.33593750
1.60204455
1.14014295
18.83918440
3.05144060
11.80468750
22.32291501
9.42545656
3.02701906
11.52343750
1.88769531
4.33203125
7.78906250
10.95800781
3.29492188
10.33593750
1.99609375
3.73046875
3.89213043
0.31929535
15.14485594
9.99218750
5.95670656
0.98486328
16.18391844
3.53906250
0.91764406
9.45312500
8.78125000
1.08300781
1.69628906
9.70312500
14.13704344
10.19531250
1.59928468
20.16829344
2.04069093
13.41048094
11.65168440
3.63314716
11.74706782
10.95670656
16.30793939
0.42830009
7.77482491
18.61555408
10.62663342
2.59016844
2.89615968
13.14518063
5.92399047
9.16520390
7.97265625
16.64843750
9.26171875
7.55859375
8.79329344
15.88346188
6.74121343
3.84570312
10.33235594
8.91307846
4.51628435
1.76562500
18.50487035
2.27052027
0.57324219
4.19140625
18.06640625
20.94661126
3.86979499
14.14127438
11.34798094
15.69696294
2.34375000
4.36751219
14.08951906
1.74414062
22.94302970
3.34798592
4.85937500
6.96646720
5.88476064
3.18783466
9.43033688
2.12044437
11.12988032
1.09472905
0.42431641
15.10644282
8.71256593
0.11271055
5.05916445
15.75781250
5.54296875
9.33593750
2.08593750
0.69482422
11.37117181
11.70312500
8.63932624
8.98079344
7.58462877
13.36947030
5.54948249
7.44596188
1.93636234
2.61718750
12.22656250
6.07063719
13.88704344
6.96419437
6.80891844
0.54264406
6.32812500
10.61718750
2.88899657
18.29817376
20.48665780
4.46484375
3.09375000
16.13704344
10.76334718
4.46484375
1.20800781
7.22656250
5.34439938
9.15949690
2.84017841
7.47265625
7.25358156
3.76367188
0.63623047
12.53548094
9.22233156
14.32421875
9.61555408
0.19987561
3.64110830
13.24348626
11.48795656
4.16308843
4.27343750
14.80533688
4.82780031
4.92936281
15.29687500
2.93554688
16.33495346
1.70248060
7.28092531
7.54687500
1.03222656
7.74380098
2.18979277
2.83398438
3.53906250
6.96093750
3.26855220
2.67480718
6.83984375
3.01562500
4.97802236
4.18620124
5.26497562
8.15266844
3.09927970
3.33594248
8.80891844
6.53125000
10.14420656
2.43945312
1.30859375
15.42187500
11.30110594
13.79264406
1.07031250
1.19221878
0.42757078
11.73437500
13.06608156
7.36070633
6.62890625
5.21875000
5.40625000
1.83892822
15.99478502
0.11271055
15.70564882
10.04329344
1.65983156
8.67968750
19.29981797
13.52278812
3.28905752
4.76367686
2.88378906
7.19140625
1.53125000
17.64062500
0.07086182
8.04752438
5.94465315
4.08204122
2.57226562
10.74641844
7.30436281
7.50488032
2.62597905
5.44531250
6.82421875
11.09561510
14.37271720
18.47234153
1.03613281
1.18001219
16.89615968
3.18391844
11.25781250
14.65983156
5.06250000
11.48408934
5.01530031
1.99902344
5.46484375
8.32031250
0.81298828
4.38671875
1.04882812
10.46093750
9.45312500
7.04101562
12.28937722
2.87077903
7.35904283
0.58609486
10.44938608
12.05110594
6.53060062
1.57519531
9.92610594
5.67155031
2.01171875
3.71093750
19.45312500
16.24641844
7.94108156
4.07031250
11.66829344
8.33170656
13.76399158
7.02930186
1.14127687
9.47264628
7.89454122
0.77978516
11.42382812
3.94140625
11.53125000
3.61523438
19.75585938
5.03971188
5.38573471
15.21127216
1.22558594
12.57031250
2.66438719
8.33170656
0.86523438
3.69726562
7.80370346
3.71192154
2.03320312
3.57617188
1.28515625
6.97265625
20.56046101
6.57031250
13.39225343
26.68391844
2.79604209
0.29304743
14.93742132
2.22070312
7.78125000
1.57552000
9.22037843
1.06835938
1.14941406
9.76562500
5.77734375
17.03125000
7.53775876
5.95638187
4.91796875
23.03938221
3.23796154
6.93879876
5.94401374
2.03710938
6.02148438
13.60579344
6.58170656
9.85937500
10.32812500
4.21158688
4.84310062
3.11914062
7.32193595
8.96810062
1.70801030
8.59375000
2.76171875
3.45214595
8.11230718
6.57844969
6.94173094
7.08919437
13.01562500
8.20312500
8.91406250
2.04557126
5.87890625
3.72135251
33.24455085
6.88671875
1.15738766
0.72134752
12.05632092
5.17936281
15.07031250
5.14062500
8.82812500
3.10546875
6.92219969
14.32389406
13.29166002
11.66927748
12.24218750
1.06640625
5.92187500
6.25585938
9.60156250
5.10546875
16.47525876
9.88118656
6.61718750
9.20117188
3.88899657
1.58658937
5.83414672
0.96842406
16.44954344
6.70638187
2.67187500
10.47656250
7.91796875
1.93261719
8.89062500
6.76204344
1.14420656
10.24641844
9.73437500
1.53580812
4.62368629
3.55014184
11.77766844
7.62467531
3.08789062
4.49641844
12.26627438
1.94629155
5.26269033
0.11271055
11.27791445
14.87923094
9.04687500
15.76627438
4.88379155
11.21093750
15.78906250
9.18814938
8.16829344
0.72363530
16.12500000
0.51367188
4.16015625
3.91601562
0.02462769
12.08593750
5.57421875
2.78173828
11.44433594
0.96777344
10.76496814
9.18978280
0.98665531
5.88281250
3.90378990
10.49464760
9.08593750
5.61751219
3.91373781
8.92968750
5.15722407
6.72949468
2.22493157
2.11002936
8.06282469
9.43456782
2.57291999
13.57877438
10.47687722
2.63184840
22.01692376
5.20573249
11.07096188
5.16340814
15.53498892
7.19287234
5.95215093
4.01920656
5.73437500
9.22298094
5.74186281
3.76367188
7.34375000
9.39843750
2.31005859
5.05859375
12.18750000
5.07714844
8.34798094
6.14453125
10.59375000
1.94498781
20.04817376
2.92448249
3.25260251
2.95084718
10.07389406
9.51562500
6.20019282
2.00293218
0.61523438
1.12784166
3.63021498
7.19531250
11.50423094
0.19840578
3.91601562
10.05956782
3.32747562
10.68449566
0.04348755
6.25390625
5.73501441
9.19857934
1.29492188
6.15494127
0.19320326
1.89977030
0.11271055
14.44018617
2.49983765
10.92610594
1.89811281
10.06250000
7.41015625
5.56477283
2.13298108
9.85937500
15.79329344
9.21776596
13.87598404
2.45084718
4.55468750
15.05468750
13.45751330
2.05387577
3.99447030
0.83593750
7.23469969
3.17936281
5.43359375
7.73046875
4.21875000
2.85937500
7.59195922
3.76936890
17.35774657
0.22355226
7.41405752
11.14778812
11.29622562
19.41341312
7.24218750
10.10546875
8.77766844
8.83170656
0.45076414
3.94498781
1.83984375
12.64550532
2.68553691
14.48959247
0.36067376
8.98307624
19.19954344
12.80631593
20.12759752
4.47396498
7.90625000
5.98046875
1.83007812
3.18164062
5.03645501
1.18815436
0.80029297
3.58136193
18.32226064
8.35809618
4.27831782
15.28548094
0.96452155
17.24543440
4.28581560
19.39973626
5.78776374
21.54264157
13.36458499
2.62695312
10.75000000
16.06445312
8.25781250
15.36002438
2.53645999
4.25000000
3.92773438
8.26985594
2.42155031
3.93945312
0.63720703
0.09400412
2.97819093
3.02148438
4.57096188
2.59310062
18.50357408
0.11271055
14.69588320
4.61718750
20.61132812
9.81250000
7.08235594
1.42252687
0.14074707
7.19531250
6.29687500
11.09863032
2.30566655
4.15103004
10.37110372
9.64778812
6.17578125
12.36578369
9.45442376
6.86034907
9.65430186
6.65983156
4.66015625
2.17822691
11.62858156
2.15039062
6.92187500
3.01756816
3.62500997
1.50195312
9.21289062
2.25390625
4.53515625
1.79199219
4.18750000
8.89062500
1.24121094
4.92187500
11.30688477
9.11370850
0.27294922
3.56250000
8.55694580
3.58202627
0.60863697
18.90698803
10.64843750
5.30696033
4.18132092
5.42252438
10.81509254
2.30730496
10.14062500
20.14890958
4.18702792
2.63867188
9.54329344
1.14615968
2.33789062
0.08697510
10.17187500
10.24641844
8.70312500
4.67284907
0.17594733
9.25390625
7.69205563
4.41665504
2.51628933
12.11783688
16.13655765
3.31054688
7.52907303
0.47263596
3.69211873
8.41994181
16.82973848
9.99480496
0.61930422
4.35937500
5.36328125
5.21484375
8.43750000
15.24641844
5.51919161
0.11271055
17.25870789
7.12467531
2.42968750
14.19954344
10.35514406
0.79378172
0.79410890
8.75000000
3.10156250
27.32031250
17.12597656
15.32812500
1.07226562
8.82812500
5.87141844
2.15983156
0.02644348
11.34375000
8.00910129
1.67644558
5.11328125
9.17252438
10.80045656
14.72948471
3.78646498
1.66243656
3.55664062
5.39062500
10.96875000
13.69531250
0.96777344
1.43164062
7.75878657
3.28613530
12.72721188
5.56185062
15.96875000
10.76757314
4.75227283
15.75992672
0.76643174
15.07796764
6.86263187
6.29296875
6.90234375
0.03079224
18.73828125
8.85156250
14.91372784
6.66651263
0.69319703
9.63134766
10.22656250
10.47298094
7.01741578
1.00276734
12.60742188
6.43066157
1.87011968
4.20312500
11.74901596
1.07031998
9.27050532
24.78905253
12.64747340
3.00390625
7.21093750
3.99804688
8.83235594
3.43325411
8.04103058
10.55891844
4.77766844
7.48372562
3.96679688
4.78515625
4.88801253
10.52019060
0.63867188
4.57665019
0.63117908
17.10351064
9.70769060
14.21028812
3.47233156
15.46060284
5.14095966
19.94465814
3.04948249
3.14453125
14.93690589
2.20772495
3.53906250
15.98176751
8.52213874
2.68359375
10.19531250
0.04254150
11.43163564
1.85742686
3.21289062
12.89745346
2.07162123
5.12467531
12.86360594
2.83561281
1.00878906
7.07258533
2.46843029
15.27343750
12.01204344
0.50211672
3.98304384
3.37535460
8.07812500
4.13844803
0.02105209
0.64990234
6.30940423
0.42830009
6.65079898
5.63965093
11.28125000
6.26594969
2.17740968
9.51562500
3.87662345
5.46712655
14.86913564
17.42773936
13.40266844
6.17902815
18.82064716
4.53515625
7.99609375
0.56005859
8.70117188
4.44107658
2.56087655
7.72656250
4.62109375
5.32812500
0.02900696
14.09977172
10.65087766
12.80403812
9.46875000
3.54719969
1.60221188
2.31347905
7.71094179
0.04601621
6.44563719
4.32975343
2.17382812
12.21875000
4.87890625
1.08593750
9.37825189
4.75390625
5.06282469
6.22623781
13.97656250
4.91015625
6.34375000
3.16992188
9.41829344
1.05045656
5.82031250
2.15462157
2.29850343
1.88671875
8.12377930
1.46061032
7.85872562
11.44531250
2.92643063
12.56966312
3.16406250
6.09765625
3.43554688
4.51562500
10.59277344
13.25781250
5.37532469
15.78092531
8.75000000
1.73437500
11.51985594
7.27506593
6.58235594
1.75382072
4.67773936
3.95703125
5.66015625
15.13281250
5.03938719
3.94935659
4.22265625
14.57486813
0.45084220
5.64290780
9.89973626
4.48698249
8.45133422
0.02657105
2.16015625
14.71533203
0.20485775
7.98372562
0.11639404
7.87109375
8.00878657
8.59668218
0.00325203
7.06250000
7.83203125
1.52832031
1.67968750
5.43359375
0.26098633
3.05468750
11.43814938
4.02327640
3.48632812
2.90722407
5.65227090
2.67187500
3.94726562
8.40625000
4.79133533
3.13053967
6.01171875
2.88281250
6.61229472
21.77442154
5.16308843
6.58203125
5.62109375
6.79738140
3.21875000
3.93359375
4.54687500
14.24707031
2.47460938
5.06915988
0.51846853
12.95809397
0.91943359
5.50781250
10.12500000
13.63704344
10.33235594
14.58170656
6.99186281
3.01562500
10.85073582
22.19320700
6.32715093
1.62890625
3.40429688
13.99403044
5.11295656
2.17578125
4.26430630
6.54819370
4.78906250
2.05711894
5.00000997
7.76171875
4.14062500
19.84081782
4.27457890
16.78921986
2.60319592
6.92578125
9.01985594
7.41959718
2.37140847
0.56902122
9.91048094
11.10514406
5.30859375
15.11360594
12.62043440
2.23698747
5.43717531
3.37304688
9.37141844
4.17545656
15.86523188
8.89347185
0.38321587
10.54647163
5.03727172
0.20491578
0.47998047
6.25000000
18.57454344
6.35514406
12.04036126
3.04948249
1.64160156
3.08593750
19.06997784
7.22721936
17.74511968
20.66764406
6.25032469
3.05631593
12.90625000
15.58593750
5.03548094
6.73642038
0.39728813
16.59375000
18.27390958
8.00846811
5.73764184
19.45312500
18.68173321
7.93783466
10.17024158
19.47082235
4.62109375
0.07995605
8.96875000
12.06957260
2.56348404
3.66601562
4.05029297
14.41829344
9.26692376
4.36947030
9.57812500
4.26562500
11.48188262
4.98047872
14.31412096
10.85107048
12.70133422
6.26009530
6.08203125
4.06640625
22.85579344
6.91373781
11.14322252
15.82552748
3.40039062
9.90266844
5.15983156
4.31705563
8.06185062
2.86328125
7.96875000
5.10579344
19.07991578
18.42366578
8.72298094
9.30826906
17.42675532
1.58886968
2.50585938
8.81314938
12.91536126
7.30078623
13.80956782
10.14355718
5.48437500
5.98111813
4.08528812
3.04882812
1.73144531
2.38867188
3.42382812
3.19726562
10.81054688
4.12890625
2.26594969
7.00358156
15.64485594
0.03763918
12.78971188
7.61849124
5.73046875
4.94531250
3.84081533
0.11271055
7.56307070
5.43391844
3.26530031
8.28125000
1.72688719
2.92155031
9.98437500
2.02539062
7.49609375
0.12017822
7.49609375
3.82356439
3.77995124
8.13281250
11.88281250
8.58593750
9.40689938
2.58333499
9.53906250
8.93391844
0.16739992
1.62988281
10.89664672
3.82405640
8.86539672
0.04604127
1.64160156
13.29817376
3.76855718
2.71256593
5.14485594
4.76204344
0.19270999
0.99169922
8.52343750
5.28157469
4.38248781
4.56250000
5.31250000
4.12109375
9.12500000
7.56965315
2.12403091
9.93586658
0.76595717
8.16373532
0.40575798
10.19401374
11.46304300
13.10906028
4.49218750
10.54752438
0.16316898
4.85546875
3.02929688
0.18945312
12.13785018
0.45199357
2.95507812
4.76090204
0.24837530
6.60546875
1.68863018
1.57845966
6.58983378
1.82227559
4.70963376
4.52669437
11.50781250
6.82063719
3.11686281
12.47477172
0.33284547
34.78377196
6.67252438
5.46777593
8.64843750
9.41471188
12.69466312
1.95800781
3.82421875
17.11750222
1.80632590
10.88100178
5.55259197
12.05712766
0.28344851
4.18488753
14.00879654
2.56022218
7.11783688
2.32356937
3.01774047
0.33821656
4.51790032
0.22542110
14.65998892
7.82955683
7.66439716
0.00350380
2.33789062
13.85200882
8.22131317
0.03186066
10.47106171
1.82876690
2.65463153
0.54589844
0.49218750
12.71516844
8.83170656
9.86718750
7.60156250
9.47851562
18.66117680
1.96408686
5.50748781
4.94531250
1.85807126
3.84797845
3.03711436
11.44531250
2.46484375
1.47591063
8.87103967
6.70501709
5.26953125
3.09765625
7.11718750
3.51250935
1.33593750
9.60822340
1.75358156
4.62890625
2.99640099
2.09051307
5.71484375
7.75000000
0.37451172
10.52343750
0.16145750
0.97265625
2.16010974
2.75781250
6.91015625
6.58235594
8.42968750
12.61002438
3.66536624
5.44108156
6.32226562
10.14843750
4.29296875
7.20703125
4.08203125
9.61718750
1.09082031
14.15625000
4.86848626
4.07682624
8.82633422
5.75569703
11.76562500
1.58496094
16.34240224
13.15820811
6.19531250
1.24230957
5.02115470
6.39681405
0.01068878
6.29296875
9.44855940
9.14160904
1.59342531
11.57062722
4.57781028
5.33593750
20.35742188
2.10205078
3.57031250
4.49609375
20.22786126
17.06966312
6.60611813
7.10807624
9.19596188
7.47233156
0.20841554
2.77587766
2.75341921
25.36588376
0.22542110
5.88818484
2.21451906
5.44921875
0.30584717
16.03125000
11.40625000
8.85156250
12.37500000
8.61718750
1.40722656
1.46289062
0.07104492
8.62500000
13.26985594
4.23405031
6.52164672
-0.01258300
9.39062500
0.91015625
2.90510735
18.28385749
11.86718750
1.06347656
9.14908688
8.64778812
8.36718750
14.74283688
8.12500000
6.37825687
6.13671875
0.86865234
0.01849365
1.22265625
1.13818110
1.92090093
2.68750000
6.02570036
1.97820589
0.25561523
1.05957031
0.00057507
2.72070312
0.08184249
0.10475724
1.55345434
5.95606715
1.91992188
2.15039062
1.95215959
0.22542110
14.15299687
11.94954344
3.15592531
14.43814938
3.37239749
2.14257812
10.58593750
0.29028320
0.76269531
8.31835439
8.61947030
2.84342531
7.46875000
0.00675201
24.05989251
19.47004876
0.55111342
11.73079344
7.39420656
2.99609375
8.64062500
2.37304688
8.45312500
5.91210439
1.99805186
0.26953125
2.62744141
1.38281250
16.74641844
7.48405031
7.02734375
3.87109375
10.07942376
6.01823249
9.17740470
11.21322030
9.93750000
11.51432126
5.84310062
2.58593750
7.81250000
4.94140625
5.49609375
9.44531250
2.87304688
5.94563719
4.03092531
10.80468750
3.50813719
7.98925532
0.11271055
3.57088320
7.90234375
7.96484375
4.07031250
8.10156250
6.35545878
5.32032247
1.41992188
6.51953125
3.00000000
8.73974609
5.84049313
2.50716312
7.70898438
10.83625222
9.18848404
2.06120124
7.66307846
0.45606216
2.68164062
5.41796875
7.38704344
0.52994875
3.55273438
4.89843750
1.33886719
7.77733378
1.94727559
6.12921100
1.82782025
7.25976562
1.65722656
5.71939938
3.02864749
6.64908688
7.60872562
9.31835938
6.66048094
4.60905031
4.33593750
7.80322266
2.40039062
6.37532469
11.90201906
5.92447252
1.26107435
4.96093750
9.33300532
2.47754155
1.04492188
2.61555907
1.61140867
0.31558954
12.50308954
7.65788342
2.99218750
10.19173094
3.38639406
0.18969727
17.29687500
4.97265625
4.50423094
2.40787843
10.17187500
1.07714844
4.46484375
5.58398438
8.04687500
5.54687500
6.50813719
15.77701906
8.93750000
17.74621582
2.59960938
0.01412201
10.03449690
5.28223404
9.93537456
12.09587544
14.62141844
7.38281250
14.57389406
0.44987062
11.82454344
1.56119875
14.22363032
4.49511968
4.08203125
8.10156250
8.36002438
0.15022953
1.30501219
4.49967531
5.82031250
0.00946045
12.96516844
11.98437500
5.66372784
2.66016622
3.28906250
14.77050781
2.03320312
9.99348626
4.69010749
0.03164673
12.67349596
12.98274158
3.95085217
2.67578125
10.29036126
2.72949468
0.34049562
7.45703125
3.10563110
0.04347779
4.87597656
8.53125000
3.24710436
6.13737311
3.92507806
3.75000000
7.13281250
1.61914062
2.91406250
6.52734375
5.75488032
0.34668218
2.96971659
1.43360372
1.94472622
0.44858432
5.86718750
12.11914062
1.31347656
2.83104721
3.34896498
4.16373781
5.30663564
15.11197252
2.52475121
5.06250000
22.15266844
4.37076906
10.67187500
5.17187500
3.65429688
0.03927612
0.35847899
4.79264406
1.24511719
1.51464844
3.74479001
8.10091312
13.18750000
4.86718750
1.86718750
0.13964844
5.31509752
1.92123060
3.78525631
0.11271055
5.77823914
0.94205812
0.13452148
10.10156250
1.87695312
12.00000000
5.59765625
7.07421875
3.58105469
13.85579344
5.53873781
10.24283688
2.77864749
12.51985594
13.19531250
0.26578859
3.72851562
11.25781250
1.08854001
1.40755374
11.56282220
4.96354499
7.23437500
7.78906250
0.66943359
12.78125000
3.59570312
5.65917969
2.99120845
10.66699468
6.09765625
1.21907469
2.86718252
2.91048592
2.90363254
5.65235870
2.69982910
6.01953125
1.30061517
3.83073249
8.14843750
0.73667373
0.92348252
0.95507812
3.60601729
0.23284990
3.60290527
6.39062500
0.62207031
5.37109375
7.84375000
2.96484375
9.40331782
1.48242437
0.98650625
0.33813165
3.33374335
3.52408190
8.55208998
10.02766844
12.17187500
12.45312500
8.61718750
0.93522218
2.69921875
9.19302970
15.05500222
11.15040558
10.82812500
3.35123532
3.96419437
13.20996094
6.61751219
6.80346742
0.19620789
7.68750000
3.31835938
1.75683594
5.77766844
8.13281250
3.49772218
32.57159631
14.30665558
6.31185062
3.26106937
10.17610594
5.58382203
0.32161500
5.28515625
0.65071532
20.40592531
1.83593750
2.42968750
8.63704344
7.30859375
12.04996454
0.34082405
8.34798094
9.18554438
2.49870124
2.90657469
6.51594969
3.34700687
9.21516844
4.74967531
4.53906250
7.33626219
1.62288453
2.26546265
6.10156250
3.55338376
17.22980940
7.90430186
10.33463874
9.12399602
11.22756648
6.38492797
2.28108765
0.71077391
18.40006593
5.49609375
6.65625000
7.97656250
5.25000000
2.43359375
6.12500000
5.84016844
8.91406250
6.27831782
3.38151374
3.87109375
5.78125000
0.01835632
17.34798094
7.78613032
10.81608156
13.41494083
2.01465093
4.23828125
6.39453125
3.29687500
1.54882812
8.01204344
1.32548066
0.28869660
7.55078125
2.09960938
15.64073710
6.05860372
2.50585938
10.12401596
2.26856216
8.24804688
8.60156250
0.03527557
4.30558289
0.99316406
9.35156250
0.07373047
2.23242188
0.53873532
14.65560062
1.33007812
8.32031250
9.87181517
1.37076906
7.28580563
10.28841312
14.89843750
4.23046875
10.93658447
13.35937500
22.33723626
