0.33813165
1.26058233
7.04341644
14.29399300
1.16654449
7.51204344
3.57478945
5.90625000
12.67187500
0.82373047
7.82274269
4.20024711
5.39693207
5.72778258
3.06909242
1.84281278
2.94722628
9.59375000
3.00976562
12.83939606
3.52949358
3.28736037
7.14583001
7.67146173
1.98339844
0.88671875
11.07062722
1.46648215
3.21582031
2.87109375
6.24340758
0.20784547
2.53409851
2.48588043
0.56054688
3.41255707
3.40625000
2.85436669
2.51282081
0.34204102
4.43061725
3.99158244
0.30721070
11.00960328
0.14074707
1.68652344
1.93725150
2.75805851
1.74316655
6.41796875
2.24804688
15.46341202
3.13379654
6.04784907
0.35982519
1.92773438
3.60916958
0.27050532
5.47078679
1.85001648
2.74218750
8.92879211
13.67008422
5.51049867
9.39847653
3.43489749
6.55814606
1.39693207
16.00691711
8.56152219
3.03983489
10.67737034
2.16406250
1.51647233
1.82101119
0.40616883
3.32812500
3.37650543
1.32910156
2.75630707
0.11454254
7.71244293
11.02856383
0.19258699
9.74564606
2.09692321
4.37422761
6.20043883
3.38008699
5.89017731
0.60201019
11.14151753
2.45019780
12.96732574
6.04732269
1.19437528
3.96285128
0.57080078
19.53792110
13.53210107
6.95809397
5.23053248
8.23939826
1.16015625
14.17968750
0.72363281
9.69877106
0.67476410
0.18334961
7.28491024
1.57641788
1.77539062
0.76025391
2.46927638
0.30855566
14.27151998
0.46211326
9.40547761
2.34245124
15.80558289
13.44384641
3.34791232
0.78954010
0.05984497
0.07017517
0.73722227
6.91463320
3.17187500
1.84960938
10.82377106
3.67695701
0.28833444
10.16978392
5.07586214
9.29687500
0.31758637
6.86554411
0.91721132
7.66451019
5.69140625
3.21431239
1.83813663
5.16337129
6.34631317
1.28063996
1.21830231
0.46093750
2.15474457
2.62520169
6.04052859
5.56473847
1.19433594
9.18750000
0.29516602
3.88476562
4.41015625
0.07781982
3.81781306
2.78960881
3.16039354
6.34595412
5.43554688
0.38138824
0.09069824
4.30468750
6.24955231
1.46280945
1.06567321
8.31518617
0.68505859
5.10847961
7.20402039
5.11718750
5.32356439
13.07571920
5.19381205
5.56595856
2.93013519
5.36328125
13.03275543
8.60156250
1.95117188
2.00826019
15.94095856
3.98091644
14.05379211
8.37051142
3.78853612
1.66646332
6.48046875
1.11726867
5.52433289
4.21093750
12.05033356
5.82857269
11.27494293
5.30513519
2.14062500
16.10953361
8.20105385
3.97611481
1.40421570
10.58984375
2.68359375
17.95410156
13.88871122
13.64306267
2.97852061
7.44999114
4.12422761
8.41841644
1.43021637
2.90279144
2.75390625
6.10502106
4.68013519
6.72688719
0.63842836
0.22062195
4.74218750
5.05804721
2.44242963
1.32324219
8.39614473
4.47494902
0.80664062
7.67578125
5.29117797
6.69319703
19.36246454
2.11214483
13.07392842
0.78621399
13.06627328
14.91565658
3.00919991
8.09720856
2.25826019
1.78515625
4.15311364
4.10762854
0.31958008
14.85156250
6.00933673
2.47273991
3.61824524
4.69034851
1.34684203
4.28694703
6.41393950
0.59826754
17.10721832
0.10872406
1.95442376
6.75651374
1.37552887
15.56939178
5.54508422
0.74198457
4.17622894
5.30423981
1.17232269
10.61181516
0.46875125
0.63492797
1.35290558
1.68599457
6.67187500
5.58203125
1.58779512
7.36707945
2.91556793
2.81339539
2.82617188
0.01548767
5.32621122
8.43160128
5.09330231
7.44307403
6.99743683
4.34118683
0.93265777
1.79243988
1.67382812
9.93314606
2.28922485
10.46294341
1.98734652
1.80150931
0.05635528
13.18725399
10.78674534
10.56815271
6.66711768
3.77146693
6.44240026
0.20080566
7.52187279
2.80234596
13.27754544
8.00476230
2.79581726
9.19441711
3.89737976
2.89453125
17.23477331
5.97371897
10.98002106
5.48002106
3.48331726
0.48706055
3.11201685
3.97347296
4.51607269
0.71752867
3.67533356
2.60290558
1.81429078
12.63496669
1.27885167
5.30712766
1.07373171
4.11124664
3.54780973
10.36641511
16.45926972
9.03727172
2.66975953
11.74002771
6.37325354
10.55814606
15.15625000
0.69038910
1.60502106
10.68089761
8.90475454
6.15502992
5.91361481
12.33927305
1.88578402
6.23099513
5.85494237
4.28950521
7.23588541
3.09720856
9.19034353
13.05586326
9.75598687
8.89192376
1.72265874
6.54699800
3.60949302
4.60803192
14.38056518
2.26840979
4.28125000
8.64754211
16.78951019
5.43961547
8.36116578
0.85005707
10.14188442
11.03584995
0.82275391
10.89908688
0.60774906
0.80468750
10.05635528
14.86950466
5.90572362
8.66560727
7.67893784
1.42928911
5.46919769
2.66015625
9.40542207
2.27137632
4.36665863
0.61625152
5.66015625
1.25431914
2.36132812
3.69140625
20.53783744
3.51099069
5.73828125
1.14045767
0.98942514
4.82031250
6.45117188
1.47070312
6.22176086
5.55545989
1.73449800
2.14062500
0.70755825
4.96456089
3.87365692
1.87536652
15.77843563
6.34081782
4.01009530
20.48469471
0.01127106
10.86885528
3.57092254
4.38761414
6.20971742
4.35982269
2.49023438
3.18900543
6.54687500
0.03172821
5.69140625
7.67187500
2.59375000
2.69726562
6.92744903
0.29227754
8.46439606
0.01465363
5.05033356
2.49942930
7.37500000
13.45491578
7.09688386
1.03568512
2.24849457
10.64318817
1.98571808
0.03543091
2.72582946
9.04374757
4.43961547
0.49153687
7.99495235
2.51871952
11.17968750
2.16913080
11.48760748
3.99767590
2.05285364
4.55115026
1.81205231
0.94962337
4.84232823
3.85773319
2.57078013
6.45145722
7.65189606
5.92187500
2.27661071
2.21700105
5.18904477
4.58304964
4.65055297
1.83670739
0.04927956
3.21529144
3.89660146
0.80024491
2.31018783
2.42472351
16.99690672
11.46504793
2.47656250
3.94291168
14.17622894
3.38476562
3.75826019
23.13402176
12.55379211
9.39933289
6.24564606
0.54341644
0.16943359
1.03515625
11.45532227
0.09407531
4.80558289
16.61352477
7.26281583
0.29362187
7.85156250
6.51069786
7.98999335
16.28023161
4.22636081
0.84521484
0.73242188
0.81376067
6.45145722
5.30948914
1.39301647
3.86015735
5.10156250
7.13492797
7.12230386
7.90735704
2.63379155
17.73795407
5.47155917
11.11437833
4.52836214
0.21337953
13.53125000
1.25736481
11.40279144
2.10697418
1.50663176
2.34493074
2.50826019
9.19954344
5.16742244
5.01433683
0.68753436
16.94474741
13.27563165
2.71049479
5.92150848
5.14396180
5.00903258
2.62032136
6.61718750
2.02929688
2.44448691
5.63029366
5.81685394
2.25195312
5.86763519
0.29858398
5.71350067
1.68884308
6.46244293
16.16060394
6.51821899
10.40189606
11.85099180
2.63488863
3.01472961
1.97798676
2.44230164
1.41023742
0.83829773
6.13326019
0.62406402
3.55904144
0.09741211
0.04891968
0.69974762
7.73392731
3.94262633
4.54956117
0.60489930
4.64843750
10.44441711
8.94775266
4.76363253
1.59956754
0.77205507
5.07902039
6.71093750
7.03906250
2.76533965
2.12093140
1.65669769
4.08203125
0.38281250
9.70427704
2.75619278
0.27050532
1.80326573
20.06461547
1.32352036
4.93686059
1.03861481
7.21138519
2.77514648
21.88239408
1.11670046
1.41548676
18.80635528
0.62353516
7.40067597
0.03915405
12.67573942
2.91601562
3.83500277
1.61425781
7.15234375
9.39062500
1.39550781
4.85546875
19.14652372
7.20113253
3.88207447
2.85140514
5.38370789
4.16279311
2.54379044
1.00923676
4.83593750
5.00487783
2.15039561
8.50064938
2.87435062
3.06628325
3.13879488
5.05078125
5.41361481
3.68599457
8.62500000
14.21439606
5.21353502
3.46480939
2.82210328
12.01953125
11.91406250
0.38700348
3.49654144
8.92968750
0.76855469
11.44559723
9.99749226
0.03381317
10.85502106
2.90511109
10.54675200
14.45071920
8.07629986
5.50000000
8.58263631
0.96761608
14.82377106
1.72408051
4.22989805
1.03670351
0.31372070
2.60967788
3.96087876
1.41849762
12.59350399
0.84887882
9.69245900
2.10697916
8.76741578
0.78173828
2.65039062
8.01846853
7.87215647
1.08784755
0.90596714
3.93900543
2.58817597
3.84375000
5.67187500
5.55033356
5.42727173
5.01022827
5.77734375
5.75435394
4.61718750
4.63236481
7.77920723
2.71846465
1.62626191
9.82466644
1.00976562
1.76562500
1.22167969
3.12259918
0.29756684
2.11677416
2.08635084
4.37410461
8.70222961
8.50166279
0.43957115
10.56531167
3.06250000
12.53125000
16.05814606
0.81449371
16.71927638
9.20368573
4.24199578
9.03816711
11.87756317
5.18583222
6.33992243
18.53662234
11.58635921
0.56152344
1.44433594
2.95324302
2.99943055
2.20967518
1.12695312
7.94726562
0.85449219
0.01473999
4.10937500
1.73535156
7.14652372
3.51720911
14.55892342
3.91947418
3.14107269
0.01314545
1.83158356
2.51411957
0.01830536
3.37451172
0.34326172
2.92830196
9.36930172
14.48140846
1.75834137
5.62162262
6.48783356
7.76179743
18.05009253
5.40625000
13.41403198
5.48437500
1.01712918
9.10445285
1.42187500
8.19685727
19.63427859
0.03381317
14.93212766
7.32702792
7.57519531
11.50602172
4.69710328
11.55431849
3.54484319
7.24263519
0.85009766
3.09687390
1.86601673
6.48046875
15.11283356
14.19877106
11.10343445
7.72611481
2.44771332
4.41406250
3.22416168
0.33662934
10.21439606
0.04681396
5.90669769
5.02217310
1.03153784
2.77555297
7.65138659
5.46075575
7.43823242
4.36328125
10.60008987
7.35315720
8.34631317
1.42126496
9.00781250
2.36914062
0.07343505
0.30403687
2.67382812
8.29252106
4.09419769
1.58353668
0.08815521
8.13627106
9.68750000
5.41951352
3.21765292
3.29162567
5.34676086
2.05887910
2.95898438
11.52488864
1.25108711
10.51258477
14.96875000
3.02343750
4.87890625
6.61783688
5.06185062
1.28320312
2.62011719
13.74129211
4.71170989
4.16866258
2.37312556
8.60974401
15.02689606
3.59615082
1.36852685
3.30578956
3.28364210
4.59184618
4.56628325
2.22623781
1.52888852
2.25280917
8.54252106
6.22701019
2.05468750
10.03637633
11.49487367
7.19632093
5.62399157
10.39062500
0.28735352
5.94292984
4.35076573
2.58472240
4.33939606
9.38716644
5.62177749
1.10478501
5.04296875
8.13935333
2.62137412
4.07829233
13.35847961
8.15714539
0.19763184
1.63524518
4.06495013
1.77343750
8.80468750
0.45166016
2.55119873
1.52159243
21.67139793
4.18351507
8.89819149
4.24243351
2.74654144
10.46875000
0.06915283
9.42533356
5.60758422
1.57841035
0.32132965
6.51607269
2.68314606
5.43404144
13.06250000
0.55521637
11.45210661
10.47851064
1.30180463
11.20568817
8.09554078
0.54052734
4.98392731
4.90616384
3.21440104
7.08894836
1.93306488
9.01216644
0.02268982
5.51594969
7.70235261
1.01607269
9.77343750
5.75492171
5.41589262
1.83439273
6.51383422
7.70882203
10.57031250
6.65580231
1.91743988
8.71862700
3.82157192
4.77034796
3.41015625
9.48811392
2.57829233
9.68750000
3.23437500
6.98786791
13.76727782
7.10967530
7.41752106
8.40933954
1.13851202
6.39773383
4.67558953
8.76908356
7.63460328
4.58280364
1.27168855
5.83158356
9.11372894
3.77929688
4.01818817
10.75031472
21.60263020
11.91406250
2.82808566
10.55033356
4.57031250
8.51562500
6.68794769
1.78222656
0.01330566
11.83789062
28.65926086
8.53060549
5.60672556
2.30342808
0.80371094
8.13102172
8.72690370
6.88671875
7.75602172
0.48669465
1.29634613
3.16210938
0.04879761
0.62060547
6.68935949
0.42978113
3.10937500
10.21093750
0.82226562
8.35156250
2.35351562
6.02465758
0.41284242
0.00762177
5.40151707
0.01127106
5.31294769
1.53613281
8.57377106
15.13716644
8.86718750
1.27689606
12.78906250
0.80318207
1.56640625
1.02442257
4.27624667
8.67533356
1.36840758
4.26530031
0.35294555
9.57210328
3.41556793
10.88281250
6.94185394
1.30761719
13.54764739
5.77266511
0.23876953
2.57226562
2.09765625
2.81034021
0.88497229
1.22729492
6.02343750
3.05468750
0.98978668
3.80423981
6.18750000
0.58195008
2.04296875
3.49039672
0.24495484
9.72375333
1.14025599
0.85917581
2.37527663
2.19206560
6.67822141
5.46240359
9.21093750
0.12998443
0.05537934
15.44164229
0.35478501
7.28192127
0.08728027
2.19726562
14.09195922
16.27644836
17.72489472
1.76802582
7.38671875
0.06756592
8.15531371
2.96663453
0.06814799
7.62121740
7.75390625
5.85156250
0.90039062
17.96093750
3.64684841
9.45862034
4.08381705
6.03922983
5.61718750
15.06160461
9.29016082
1.99794800
2.44771332
4.67578125
0.98433441
1.20312500
14.24385528
0.04738404
3.18602519
13.13624013
9.51652039
4.66886414
2.50150543
6.07466644
1.45019531
1.53568512
3.66406250
4.88326019
6.45222961
0.36320008
4.93900045
4.49459330
14.54296875
6.05566406
0.45438629
3.93410273
2.79050420
3.87500000
1.98196639
10.38853392
11.00375886
0.91097047
8.37500000
6.12740082
2.58548981
1.69921875
13.86372894
7.68765736
4.80810173
3.63705341
0.91601562
8.36673981
7.37154144
7.05423981
0.14119477
4.73612146
4.52905585
0.85111481
2.55513519
12.52739804
6.99446781
14.42968750
6.12154144
13.17456055
11.24548969
6.17212101
1.95686143
10.09729720
8.06160461
6.02823914
2.95263423
6.21777593
5.99218750
0.93261719
2.71813498
4.73499002
4.23030142
2.33805795
14.04418883
7.54174867
9.82572418
16.46004211
3.22009308
8.20458984
1.54597961
6.46439606
0.45617707
4.93847594
0.02254211
7.37691254
17.61193817
1.32893922
7.57031250
0.00849915
5.83939606
0.39184383
1.31176945
19.23574247
4.56882202
7.37276153
15.33300781
8.27189273
2.92187500
8.96529144
1.58203125
1.08646637
6.03560394
7.37406402
3.25195312
8.22656250
2.30904144
4.13281250
3.64994293
0.37959809
5.54508422
9.25256317
7.62032136
0.43286133
7.96394836
3.88822418
0.94034851
3.08308899
8.55558289
1.97505707
0.80375152
7.53515625
6.53125000
7.75301086
1.82556183
11.58544548
4.44971077
3.70853668
5.95539783
0.45378186
2.19185394
6.18598959
5.40413578
0.21415005
3.50459995
17.80049092
12.16300975
1.08113461
0.38655765
8.13509032
4.29956117
8.07902039
6.99865692
14.47595246
3.44824219
9.11629211
8.94787567
17.30456450
4.44376773
2.48482269
8.01428192
5.60574912
2.36629709
2.33548981
9.80809924
0.61723432
0.61515320
3.80468750
15.43359375
12.70605157
3.29468085
13.01448360
8.80558289
14.01185276
1.60750305
4.44250333
14.83618351
0.74511719
21.75796986
2.94666057
5.85502106
5.52941490
3.83300532
2.41687666
6.97566711
2.32405640
10.65869016
1.09423953
0.12878418
15.49784021
7.71313663
0.01127106
5.60982269
16.57633422
4.97835328
8.40625000
2.51171875
0.55078125
10.53033042
6.69612921
8.55135195
9.45222961
0.98180810
10.23233821
4.77987256
4.57275266
2.07348757
1.84570312
14.48002106
5.99686614
9.37845856
4.16418550
8.02555297
0.22155793
7.41060394
5.03426086
2.71980774
19.87450798
20.47359596
1.34216340
3.72851562
17.96004211
6.03605164
3.43750000
0.73779297
8.05200133
3.97237090
7.52721078
3.98930961
7.71061281
7.10457336
2.15909851
0.56005859
10.14664672
3.08817597
6.30594879
9.45091091
0.48703678
1.47696431
4.91434287
8.34655917
3.58675421
3.43164062
13.76607020
4.58618351
3.10575410
11.54597961
1.24698914
13.51142842
2.62874889
7.18013519
9.25256317
1.26261414
4.19611426
1.73357324
1.76704926
5.07421875
4.46484375
1.89314633
1.05704898
4.78080231
0.78609223
2.34179438
4.05078125
2.78959386
7.66451019
2.57791833
3.76298315
9.03214539
6.27164672
7.05603058
1.88228363
0.81835938
14.98002106
6.95230829
10.47782690
0.01982117
0.00057244
0.02633392
3.45747894
10.36283356
5.65802372
6.30078125
3.48046875
4.44140625
0.25601006
2.35693641
0.01127106
13.73828125
9.58414672
1.47391816
7.75000000
17.38581195
14.01241245
3.44852006
4.98356826
2.25785309
6.63326019
1.36132812
15.62064606
0.10390228
7.51794216
6.47341867
3.71176418
3.15234375
9.14408356
8.35591644
6.18347075
3.31652925
6.74609375
1.16076629
7.46906815
13.43879876
18.44979942
1.23685699
0.61324066
14.91015625
3.66406250
11.21785461
16.33939606
4.81384308
10.98718231
2.40563996
3.07767731
2.85786957
7.23196920
2.77193705
3.20996094
0.84183746
10.24910461
8.71618683
4.83691406
11.16063830
1.57568982
3.33617229
0.47338431
7.37504432
13.19083555
7.25370456
0.41068512
0.52876801
6.03080231
0.98677582
2.14648438
17.94877106
8.44441711
8.27868683
2.88431793
4.84330231
9.01652039
10.54625998
5.04358377
1.19095856
5.09935340
6.04757867
0.57714844
8.46875000
3.04838043
16.04687500
3.59224457
15.58211242
3.21484375
3.43220634
7.85384530
0.18847656
12.75781250
1.70072418
9.95747894
0.91064453
3.56445312
4.04934952
3.22408798
0.83691406
4.71484375
0.55712891
6.27644836
31.25361902
3.95316434
10.65079898
19.58744293
2.56499101
0.10143950
12.08951906
2.02539062
8.89062500
1.58451324
11.49654144
0.78413910
0.63671875
9.74129211
3.93839539
19.03381317
5.44901457
5.66809175
5.10156250
20.11433151
2.71131150
7.31611592
6.01982158
0.74511719
0.52978516
7.88236481
3.53320312
5.05859375
6.71875000
3.08581450
4.97713320
1.71289062
10.88871122
8.73616578
2.39615968
6.77779144
2.92968750
1.40547512
6.28495456
6.90234375
2.85522274
0.13651706
4.96529144
10.14062500
3.31835938
1.49906029
6.53340979
4.39090537
22.69284485
5.35937500
0.71581844
0.68753436
10.35063275
5.28214539
7.55244903
3.32991578
2.05664062
3.60982269
7.79329344
9.48795656
2.90677638
5.12402593
11.44185394
0.40966797
7.76562500
5.27734375
4.84375000
0.31229645
7.99092060
9.03589428
2.60937500
9.33044434
2.80273438
0.62109375
7.54642731
1.29154449
16.14396055
8.15983156
3.21468140
8.35066711
2.60831726
2.35546875
5.71830231
4.91841644
0.63525391
9.32812500
2.27884918
0.38179535
6.61989806
1.98662843
8.90714539
6.88671875
0.93750000
2.50150543
2.77779144
0.12445068
2.71243795
0.01127106
13.05981383
10.62768617
4.27343750
9.89408356
0.69431580
8.38281250
14.63972961
4.40747008
8.48527039
2.07104554
11.54329344
0.64469484
3.31400543
1.25630707
0.01976257
12.11718750
5.84810394
2.48864746
6.84619141
0.61722809
8.72501524
5.46785461
1.22749972
5.28125000
8.64067377
1.91401373
2.41748047
1.15775543
7.84419769
10.89664672
3.21529144
7.76696808
0.60213195
4.45792664
4.59765625
6.13301419
1.13456394
12.70121122
6.08393507
0.22124196
17.36481605
3.28406914
9.51037567
2.32096126
14.19803303
4.63061835
5.47558843
4.51607269
6.01953125
9.13793883
6.45190492
3.64994293
4.75781250
4.14497894
1.74320465
5.07466644
9.90625000
3.88627106
3.84615082
0.67142731
13.15279144
0.05984497
4.39698614
4.44106714
1.63146942
3.51110871
9.09810394
6.50736481
7.81494016
2.38863253
0.43945312
0.55879294
3.87292885
6.41886414
11.40625000
0.01176453
2.44921875
12.62231383
1.92614777
7.97412504
0.00630569
2.93855774
6.85651153
7.01157136
1.09863281
2.99019005
0.02250526
3.17248586
0.01127106
12.81160461
2.95642121
10.07454344
3.21492243
3.25110206
7.96919769
2.60216506
2.59412400
5.79296875
13.24475067
1.40332031
14.27868683
4.48783356
1.75533051
14.62756317
12.75494903
0.59697750
3.05176030
0.54052734
5.03470856
2.78413910
5.10457336
7.50826019
3.71138519
4.92578125
4.45658356
5.43404144
12.33894836
0.13370789
5.04076463
6.49785017
1.72289977
11.84643617
4.33247894
13.92578125
4.64017731
6.30513519
0.19478332
2.54386414
1.16796875
4.19698028
2.39659243
12.31836436
0.11271055
10.51485261
18.09118683
17.59895750
15.11515071
4.85327460
5.66752106
6.09029144
3.36914062
4.84285461
5.15478391
0.73771304
0.81494141
3.84942709
4.27166666
5.67578125
1.68957364
16.22847628
0.82071961
3.04309849
2.26886745
17.72557846
5.49317154
13.25037223
4.23348117
1.66255707
9.52420989
14.65698304
6.72375333
12.36795989
2.01615636
5.43314606
4.00826019
1.78523742
1.46769226
2.11132812
0.16601562
0.02849823
1.88618988
3.69335938
2.38928192
2.14392121
20.51435312
0.01127106
16.22993988
4.47220856
18.92968750
4.73828125
7.60156250
0.10872406
0.06713867
6.70613586
7.33097351
9.13537567
0.87585480
7.95323804
0.29631427
8.46260528
2.49292054
8.84674604
10.08723875
7.14180076
10.21924202
5.35795323
3.64843750
1.10377515
10.47758089
1.39941406
8.75000000
1.78713688
4.56857601
1.54101562
1.78027344
0.97269684
4.67036957
1.13476562
4.75000000
7.12890625
1.57128906
3.75390625
11.11608887
6.90258789
0.03834534
3.49609375
7.11291504
2.43562244
0.59736592
12.86357158
13.65100067
4.12190548
2.94975011
4.86271055
11.93582226
1.89873282
9.81738032
7.95180630
1.40960549
1.27628601
10.46785461
0.76945008
2.31835938
0.02047729
7.97184203
11.32991578
4.75256317
0.64981806
0.07784339
1.25610352
7.65401153
3.93117922
1.96172484
14.07501552
9.05848881
3.29329344
7.86295656
0.26196289
6.01429633
7.74937554
17.06232270
5.39247007
2.08622285
3.22851562
4.80033356
6.02388519
4.08548981
9.91906583
5.71767731
0.01127106
15.98425200
6.87557070
2.18554688
14.28381317
9.61808289
0.23087492
0.50260500
4.34765625
1.06640625
20.06656860
15.22058137
12.89497894
0.15393066
7.33593750
5.58805297
1.21769226
0.01841248
14.35835661
7.78973627
0.68544381
3.55904144
8.83544548
6.23698249
14.94717698
3.81714428
1.45817265
3.71679688
4.88972961
10.54687500
14.95402039
0.28588867
1.50781250
6.94412678
1.56323803
3.01611204
2.38277316
16.84375000
11.88195147
6.31665226
14.87767620
1.84845302
13.92730163
6.97770390
5.17622894
5.68750000
0.03549194
15.22851562
6.73437500
12.48774491
2.62704177
0.06984467
5.20312500
6.57812500
10.66918883
5.12723847
0.98535156
10.30224609
5.69897274
0.68184605
2.61132812
12.02945922
0.07900025
7.16100732
26.11442265
12.50883089
1.45711242
6.29280640
3.78470856
9.20568817
2.92186254
4.95171320
11.99129211
3.86250886
7.24609375
2.79492188
2.55078125
2.41205757
9.34868461
1.19433594
2.64524809
0.25923427
12.80203569
9.78312943
13.97656250
3.68489749
14.94294105
3.22502770
9.93395778
2.16715702
2.09480774
13.40974111
1.20788730
2.32812500
8.89802915
7.65425753
3.21724457
9.95658356
0.01125092
10.49861259
2.90763741
0.95458984
11.09366135
1.25309951
4.36372894
10.56250000
1.82759613
0.62304688
5.86803857
1.31758948
16.64062500
11.74654144
0.20849609
6.27857326
4.40652592
5.83683289
1.92480469
0.06106567
0.15445953
2.17061060
0.31558954
6.03617464
6.16341312
11.52510528
3.95597351
0.56526734
4.26908356
0.89782497
4.83362034
14.94266069
17.35856826
10.21875000
4.71507481
17.66924312
4.92142731
8.02779144
0.51318359
4.71052915
4.95507314
2.65186170
7.04296875
4.16105164
3.70312500
0.00711579
5.63793883
0.25976625
9.70658356
5.58203125
1.85990387
1.22489099
3.52799811
6.46439606
0.02547211
4.52343750
2.15010590
2.44877106
13.38627106
4.70703125
2.50870789
6.96483877
1.19433594
4.72342864
6.65157136
13.44787567
5.91105164
6.57031250
2.86763519
7.86283356
1.92293274
3.63415558
2.32421875
0.67919922
2.87650543
12.51094574
0.94901457
5.49532136
12.90189606
4.41214872
11.25236148
4.23046875
5.64453125
5.43391844
3.96842531
2.78271484
13.85156250
6.60892731
14.89497894
7.18359375
0.45043945
9.55033356
3.09810394
3.98738586
1.69705491
5.56950576
3.36702515
3.58158356
4.39790863
6.73848294
4.06547755
3.76652039
5.77286182
0.10143950
6.76965425
9.29496122
2.41597628
9.94441711
0.05190033
1.21626801
13.51995850
0.10376921
5.67110261
0.03002930
6.88627106
6.96716091
10.46297429
0.01565552
7.60156250
5.81205231
1.38130707
1.04296875
3.18314606
0.07869477
5.65234375
7.49373227
2.31941867
4.31294769
2.35656583
5.66396392
0.67382812
3.06054688
3.46093750
1.29358865
2.66374778
3.39062500
5.55468750
4.47702399
26.65688496
7.89176640
5.73828125
6.25044769
8.36009598
4.01953125
4.80468750
2.38867188
2.77425628
1.73677582
4.58193263
0.38321587
12.98743018
1.06640625
4.96919769
8.54943817
13.79597961
11.30700466
12.88293550
5.47636081
1.56250000
6.75711880
18.62032136
5.68115359
1.49023438
2.81445312
14.38579838
1.82023133
1.38521332
2.27701408
8.16455452
5.07556183
9.57661459
1.80078623
8.60156250
9.29687500
25.22659810
2.29342143
6.44681295
1.64844248
7.98482269
7.15152704
2.12390417
1.63333015
0.89450188
8.52164672
5.52958222
3.94531250
10.52254211
5.67187500
1.08349485
4.68941378
1.03365082
4.57767731
0.45650238
17.56070922
1.97138704
0.33813165
13.82593085
4.25390625
0.10577393
0.07214355
4.75736481
18.16573028
2.62438996
11.48860594
0.62699496
1.98828125
3.18750000
14.05545989
2.13639157
19.48026706
17.37528535
6.66841644
3.64257812
9.80033356
9.98579926
1.59765625
3.81445312
0.06216431
15.81506317
14.49271388
1.38646869
1.18559618
11.57377106
11.04040532
5.18471076
2.63520834
17.75547919
5.52388519
0.05767822
7.06640625
4.58212612
2.85031803
3.29732269
5.89941406
17.26562500
2.39363088
2.81836436
8.10591644
1.72993988
5.13359096
6.49390957
9.31057625
9.64065936
11.87011968
5.20015846
4.92968750
3.61718750
21.24072141
2.69482546
3.95104389
12.68913342
3.08052582
8.85912899
3.93383976
6.74987700
6.24967531
2.79146332
8.89408356
0.90893492
5.67891511
13.01908356
10.08939606
4.29732269
4.41361481
0.28190125
4.73828125
3.88049036
12.07560118
6.69680153
16.43750000
10.78906250
2.24218750
0.80883727
1.97729554
1.65580231
0.41206879
0.65490692
5.13024933
2.68945312
10.45507812
2.40625000
2.05619293
5.21529144
8.72285794
0.89921238
4.98046875
3.87695312
3.41796875
3.80468750
3.98518174
0.01127106
6.40926086
4.92309508
2.99035738
8.30814606
2.43961547
2.31864472
10.00345856
1.64302582
6.81986481
0.08620209
6.83203125
4.09997341
0.49869999
0.32027191
11.53906250
7.67968750
4.94339872
3.05074191
8.68750000
8.49475067
0.10693391
2.20898438
8.88102172
2.84554078
9.30814606
0.04344696
1.21972656
12.03881649
2.89734042
3.37198914
3.80078125
5.55297540
0.22872229
0.87890625
6.86328125
5.81835938
5.01517731
4.13326019
2.81070922
3.80603058
8.05122894
4.86478170
1.99805186
7.93464650
0.23039256
5.42822016
0.15779477
8.36495027
3.43534021
14.56388741
6.36328125
9.53804411
0.09965090
4.32556183
0.03289795
0.18770293
7.41585328
0.05977387
1.14648438
1.90445922
0.04317262
4.30423981
3.32204649
0.57346132
5.40920657
0.61663175
3.49845274
3.68025820
9.32812500
3.82722961
3.07934508
8.95670656
0.25272613
25.26152039
6.53511442
3.75927859
7.60937500
6.74507536
9.49320589
0.08227539
2.48632812
14.65100067
2.90759308
7.40490692
4.52087433
4.71350067
0.11100281
5.61970634
12.66544991
1.82173676
5.86718750
1.61621094
0.67537414
0.14762391
2.83613669
0.09016844
17.78665670
10.08768084
4.92001551
0.00894165
2.45703125
10.12567859
1.38228363
0.01012421
6.69107819
1.54092573
4.74764849
0.05645752
0.49979645
12.36372894
6.58984375
8.75948028
8.88460328
10.07076019
10.90187188
0.09406027
3.67232269
4.39798981
2.52262079
3.24348626
2.81832502
8.53125000
1.59533660
0.70812957
7.89748206
7.01855469
3.56640625
2.71740692
5.09118683
3.17934918
1.13814301
6.22998858
1.14152288
4.02689606
2.13829164
0.53460050
2.80362976
0.63529449
-0.00381332
4.85937500
0.01522064
0.74324274
1.84504564
0.30273438
6.93750000
6.58203125
9.61975067
13.29190603
3.85819924
4.18058289
6.70825258
5.47656250
1.52148438
9.50000000
0.11352508
1.49938996
0.91162109
3.55049590
2.37829247
4.15763741
3.33850067
2.50134308
5.22265625
0.83349609
2.93864987
8.40121730
4.68404144
0.21914673
8.25935727
1.28361148
0.00106621
3.79882812
6.95336104
3.74195146
1.09375000
9.08973516
4.31216089
2.34615082
7.61914062
2.72167969
0.59375000
5.20312500
2.30215495
8.55066821
2.18404144
6.58862367
6.23124114
7.21529144
0.15686097
0.29203277
0.08632416
11.64006771
0.09016844
7.10681183
1.77620484
5.61763519
0.22180176
14.31595856
9.57722961
5.02868683
10.79252106
7.06685394
0.79248047
0.15641266
0.26802582
4.78080231
10.42842310
4.03296210
6.80078125
0.01018524
8.23002106
0.97066254
5.04943567
15.19087987
5.54341644
0.17480469
3.95930907
1.80761719
10.03137300
11.95568817
4.19576019
4.46529144
6.08247894
0.43188477
0.00388527
0.88671875
0.11499449
1.09981355
1.63326019
3.04849097
0.87240746
0.12432861
1.08007812
0.00212097
1.93164062
0.08767638
0.23217836
1.91978329
5.56337100
4.54296875
1.08398438
1.63976316
0.06762633
13.03442445
12.57966977
3.31681460
3.81160461
2.16691101
0.94047027
9.82031250
0.14253754
0.80859375
1.51109999
8.16516954
7.56250000
10.78906250
0.00331306
5.91426268
17.15087766
1.17212101
9.39062500
8.20747894
0.20446777
0.53006926
0.72579011
5.85111481
3.42399047
3.62137910
0.09466553
1.93347168
1.33646637
15.66573028
4.38159242
4.06986481
1.49947113
8.48950133
4.17065492
3.25931793
11.59810394
9.51562500
4.93509918
5.30904144
2.30423981
6.68794769
4.03531860
3.35335328
8.05468750
3.16796875
5.55468750
3.81445312
7.23002106
0.50288910
5.47265251
0.01127106
2.96093750
7.71439606
9.30033356
4.59118683
6.34375000
5.36501774
4.31076351
0.64896637
5.18359375
1.62349457
8.74222809
5.50602172
1.66239472
4.51810699
11.12491135
7.16398382
0.41422983
7.48851729
0.71603197
2.82812500
1.86433899
6.89709442
0.23152711
2.59810394
4.68359375
2.48152649
7.21540448
3.02767841
4.99358933
1.50250442
5.73535156
2.07889739
7.29406583
2.58992741
10.47208555
0.81307070
4.00415039
6.93314606
3.92036957
5.25390625
3.70117188
1.03719055
4.50826019
11.05468750
5.67634198
0.53557208
2.24218750
7.84932403
2.73901429
0.45365387
0.74975524
0.90999297
0.13525266
11.19111592
8.06771498
3.18164062
6.58369903
4.87670961
0.38065582
16.76127106
5.12589539
4.60021942
2.28259308
9.57377106
0.74947113
5.39408356
4.33833832
5.28080231
3.15641235
4.76741578
14.06685394
8.68314606
11.07704682
2.44637024
-0.00926696
11.40379987
5.36874224
7.29379988
2.16022051
2.44502715
11.95926972
0.89160156
0.04000335
7.63671875
0.85445160
0.43049985
0.41300601
5.53906250
6.97823028
1.13260832
0.13871371
0.59224457
4.01953125
6.78125000
0.00399399
10.85412567
10.82722961
4.39240083
2.96245788
4.43404144
10.72973633
1.83247894
10.58214429
0.32801196
0.00372505
7.26187113
8.99144947
3.84794658
2.31685394
7.56717864
0.32755555
0.12955781
5.45267731
3.66406250
0.02629608
4.18164062
10.20312500
3.56025654
6.34379432
3.86030819
3.36372894
6.41752106
1.51314301
1.91015625
6.46439606
5.44116024
0.28365269
2.42158217
1.16879044
1.93451290
2.23268284
4.57421875
8.23535156
0.27758789
3.22716756
3.89783244
5.77734375
0.48616329
14.53702571
0.69999612
3.52583832
21.69083555
2.18176363
4.38281250
3.31099457
0.58593750
0.01318359
0.33052520
5.44364472
0.55078125
0.49308227
1.43050172
2.39798981
7.96919769
1.04056793
0.26485199
0.01071167
1.48449053
0.23674146
3.61625028
0.01127106
4.89965758
0.70776429
0.06335449
9.34810394
1.70507812
10.15100067
6.51306183
6.29296875
1.53027344
12.10233489
3.80977449
2.45239196
1.38798066
10.32466644
7.48303192
0.46813996
2.17578125
7.96875000
0.11462371
1.05558289
8.53873532
1.96480441
3.55407746
0.47725434
0.34069793
3.71032746
0.25358031
5.89583375
1.76961242
8.43839539
1.29162567
0.35550934
2.01147025
1.76221077
1.57469706
2.44589317
3.28520447
3.43990082
1.44152427
3.81388741
9.55904144
0.97363281
1.15429688
1.16235289
2.72595246
0.03222687
5.64660645
5.75000000
0.92484527
5.94966644
8.94441711
2.64542664
7.65152704
0.81331671
2.92977959
0.10143950
1.83313082
3.69632093
3.94385638
10.12756317
12.12410461
15.63460328
11.08939606
0.43298371
2.58398438
6.77510528
2.69559785
5.31595856
8.05468750
2.92142668
3.80391511
12.53072113
5.94095856
2.71289062
0.01820893
7.07421875
3.07763672
0.85595703
7.42097961
8.10591644
2.08052582
31.17959885
4.12028701
4.73750762
2.29610261
8.69787567
3.26066101
0.12227387
3.42578125
0.28898039
5.67989168
1.17879211
1.46671570
7.25301086
6.12980164
8.39127438
0.12215335
5.53861481
6.47826962
2.27022495
2.80619293
5.53849180
2.88533632
5.69576019
4.36328125
4.28125000
4.38582336
1.61612976
3.04296875
4.48392731
3.07148826
14.90412456
8.09038009
9.55582890
12.80606939
13.26078456
5.22912567
2.70056183
0.99629668
9.99699708
5.23437500
6.10502106
6.16451019
4.81026153
1.50223847
6.39453125
6.81986481
6.28951019
2.56819205
3.72237588
3.90474457
2.48242188
0.00225258
12.45320617
3.27367853
10.28393617
7.12496343
1.37321171
3.90039062
5.41796875
1.23588043
1.46709198
9.44441711
0.60705535
0.34309937
6.63492797
1.67801972
15.06087274
2.09115248
2.00585938
9.92496454
2.89294714
7.58638519
8.60937500
0.02000671
5.53035461
0.51208527
8.65625000
0.02041626
1.83593750
0.23368316
15.65279144
0.61865234
8.83593750
7.49528175
0.21700043
9.80725067
9.73181183
9.14408356
4.25781250
12.92471832
9.32617188
10.04988088
