0.33813165
1.24833472
7.05468750
14.29399300
1.15527344
7.52331450
3.57869570
5.90625000
12.67187500
0.82373047
7.83792000
4.18897606
5.41015625
5.71260528
3.05932679
1.83154172
2.96435671
9.59375000
3.02148438
12.82812500
3.53392869
3.29126662
7.14583001
7.66364970
1.98339844
0.88525391
11.06281472
1.46648215
3.21728516
2.87109375
6.23950133
0.20808961
2.53019226
2.47460938
0.56986481
3.40083832
3.41015625
2.86217919
2.51672706
0.34204102
4.42964068
3.99158244
0.30916383
11.01741578
0.14062500
1.69531250
1.93822806
2.75024601
1.74511968
6.41406250
2.24804688
15.45214096
3.15288009
6.04003657
0.36226659
1.92187500
3.60501919
0.27050532
5.48205784
1.83874543
2.74218750
8.92097961
13.67008422
5.51049867
9.39835446
3.43489749
6.55814606
1.39693207
16.00691711
8.55859250
3.03983489
10.67737034
2.17728668
1.51305436
1.80974013
0.40616883
3.32812500
3.37650543
1.32466644
2.76757812
0.12581359
7.69726562
11.02856383
0.18107179
9.76472961
2.09887633
4.36295656
6.21516844
3.37369875
5.87890625
0.61328125
11.13761176
2.45410405
12.99222809
6.04732269
1.19242215
3.96285128
0.57177734
19.53792110
13.52819482
6.95809397
5.21926142
8.25066932
1.17142731
14.15279144
0.72119141
9.69531250
0.68945312
0.18334961
7.28491024
1.58671238
1.76216644
0.78125000
2.46882868
0.29289007
13.94778826
0.46211326
9.39766511
2.34245124
15.80558289
13.45556516
3.34791232
0.78954010
0.05967712
0.07020569
0.72595121
6.92199800
3.18164062
1.84960938
10.82377106
3.67695701
0.28882272
10.16978392
5.08367464
9.29687500
0.31685394
6.85427306
0.93629487
7.66841644
5.69531250
3.20064052
1.83813663
5.17073609
6.32722961
1.27478058
1.21146637
0.46093750
2.15279144
2.62520169
6.04052859
5.56473847
1.19921875
9.18750000
0.29541016
3.88085938
4.41015625
0.07781982
3.82269587
2.78960881
3.15205217
6.34941267
5.44335938
0.38114410
0.09063721
4.30468750
6.23437500
1.48091644
1.07694426
8.30391511
0.68652344
5.10457336
7.20402039
5.20312500
5.30387079
13.07571920
5.19381205
5.56595856
2.93013519
5.36328125
13.03275543
8.60156250
1.95019531
2.00435394
15.94095856
3.98091644
14.05379211
8.37032832
3.78117132
1.68261719
6.48046875
1.11726867
5.52433289
4.21093750
12.06160461
5.80948914
11.26713043
5.30513519
2.14257812
16.10416251
8.18542885
3.98738586
1.38610871
10.60892731
2.67232269
17.97025543
13.86616911
13.64993919
2.97852061
7.44608489
4.12422761
8.42968750
1.41894531
2.90279144
2.75390625
6.10502106
4.68013519
6.73469969
0.63842836
0.22086609
4.74218750
5.04633227
2.44047650
1.31835938
8.39614473
4.47494902
0.80322266
7.70312500
5.26818817
6.75089539
19.05431849
2.56722296
14.04027760
0.78621399
13.06627328
14.91760970
3.00875221
8.08593750
2.26953125
1.77486176
4.17166833
4.10762854
0.31738281
14.86283356
5.99806758
2.46492741
3.61238586
4.70402039
1.34781860
4.27913453
6.40612700
0.59436129
17.10630279
0.10884613
1.95344720
6.77559729
1.37552887
15.55810547
5.54899047
0.73266664
4.18900543
5.28906250
1.18066406
10.58927305
0.47953402
0.63395141
1.34606965
1.68599457
6.67923981
5.56685394
1.58819185
7.37098570
2.92533356
2.81730164
2.83007812
0.01549530
5.31449247
8.43941378
5.08939606
7.43916778
7.00524933
4.33728058
0.94193512
1.78365082
1.67631012
9.91406250
2.13688110
10.37214354
2.00057070
1.80850759
0.05635528
13.18725399
10.78674534
10.55688165
6.67838874
3.76853724
6.43458776
0.19934082
7.52187279
2.81015846
13.26627438
8.01408023
2.79581726
9.19441711
3.89737976
2.89453125
17.23074499
5.97371897
10.98002106
5.48002106
3.48331726
0.48706055
3.12719415
3.96220190
4.52734375
0.70235137
3.65429688
2.61222351
1.81331422
12.61982997
1.27885167
5.31103391
1.07275515
4.11857086
3.54780973
10.36641511
16.47054078
9.02600067
2.66780640
11.73221521
6.36934729
10.55814606
15.15625000
0.70214844
1.59375000
10.67308511
8.89498891
6.16630097
5.90580231
12.34362700
1.88578402
6.23099513
5.85103612
4.28950521
7.23588541
3.08593750
9.18989584
13.04805076
9.75598306
8.88997064
1.72265874
6.55871675
3.60168052
4.60803192
14.37277652
2.26450354
4.29252106
8.63627106
16.79732269
5.45133422
8.36116578
0.84956879
10.14579067
11.03584995
0.82470703
10.90689938
0.60774906
0.80566406
10.05635528
14.86950466
5.90572362
8.66560727
7.67893784
1.43124224
5.46529144
2.66601562
9.40586977
2.28264738
4.37056488
0.61234527
5.66015625
1.25431866
2.36132812
3.68750000
20.55932181
3.51099069
5.75000000
1.13996939
0.98649545
4.82031250
6.43750000
1.46484375
6.22176086
5.54374114
1.74576906
2.12740082
0.71882930
4.97139683
3.84826629
1.96468140
15.81386654
5.81001552
4.14201241
15.55228107
0.01127106
10.86885528
3.57092254
4.38761414
6.20971742
4.35982269
2.49218750
3.18900543
6.54687500
0.03172821
5.70463043
7.66060394
2.59375000
2.69726562
6.92744903
0.29227754
8.46439606
0.01465363
5.05033356
2.50040586
7.37500000
13.47054078
7.10079011
1.03568512
2.23872894
10.64318817
1.98571808
0.04697662
2.71651153
9.03988710
4.41662567
0.51700867
7.98368130
2.51090702
11.17968750
2.16949701
11.48760748
3.99379349
2.04992395
4.55115026
1.80371094
0.96284755
4.84232823
3.85580105
2.55906138
6.45926972
7.64062500
5.92968750
2.29960051
2.21993074
5.18558622
4.60559175
4.63928192
1.81709497
0.06913612
3.22310394
3.96662830
0.80024491
2.29305740
2.43599457
17.01025297
11.44250582
2.48783356
3.94291168
14.17622894
3.36914062
3.75826019
23.13011551
12.54252106
9.40669769
6.22656250
0.55517578
0.16943359
1.03808594
11.45648193
0.09395324
4.81730164
16.61547789
7.27062833
0.28235081
7.85502106
6.49942681
8.00126440
16.28023161
4.23026706
0.84472656
0.73242188
0.82991453
6.42891511
5.30904144
1.40672894
3.84107380
5.10156250
7.13492797
7.12230386
7.92644060
2.62252050
17.74869626
5.46419437
11.13692044
4.50537234
0.21386781
13.52539062
1.26029449
11.40279144
2.10111481
1.54374114
2.67155031
2.49023438
8.90958555
5.51414396
4.75538480
0.68753436
16.95601846
13.26436060
2.71049479
5.92150848
5.14298523
5.00903258
2.62032136
6.61718750
2.02929688
2.43516898
5.64156471
5.81685394
2.26322418
5.84855164
0.29809570
5.70568817
1.69079621
6.46244293
16.17622894
6.51470947
10.40189606
11.85489805
2.62166445
3.02990692
1.97798676
2.43103058
1.42248504
0.85591644
6.12198914
0.62406402
3.55904144
0.09686279
0.04934692
0.69238281
7.73933899
3.94457946
4.54174867
0.60734070
4.65625000
10.42533356
8.95902372
4.76798648
1.60888547
0.77693789
5.08638519
6.69576019
7.03906250
2.76338653
2.12093140
1.67480469
4.07466644
0.38500977
9.70429993
2.72077132
0.27050532
1.80326573
20.06461547
1.32352417
4.94813164
1.01607269
7.22265625
2.77514648
21.88248563
1.11767703
1.41841644
18.80635528
0.62402344
7.41239472
0.03912354
12.67378629
2.91992188
3.83304964
1.61425781
7.16361481
9.38716644
1.40136719
4.85546875
19.14652372
7.20113253
3.87230885
2.85726451
5.37589539
4.16474624
2.53642564
1.02050781
4.85404449
5.00288412
2.15039561
8.50064938
2.86653812
3.05501219
3.15592531
5.07377106
5.40234375
3.68208832
8.62500000
14.20312500
5.23217088
3.45353834
2.82405640
12.01562500
11.91406250
0.39754211
3.49112976
8.93750000
0.77001953
11.13248688
9.57105945
0.03381317
10.85502106
2.90511109
10.54675200
14.45071920
8.06502881
5.51127106
8.58263631
0.95980358
14.82377106
1.72408051
4.22989805
1.04158632
0.31176758
2.60967788
3.96087876
1.40039062
12.59350399
0.85473820
9.71251912
2.11283854
8.77522828
0.78173828
2.64648438
8.02583334
7.86088541
1.09521235
0.89469609
3.93900543
2.58036347
3.85111481
5.65279144
5.52734375
5.44635528
5.00827515
5.77734375
5.74654144
4.62500000
4.62845856
7.76753235
2.71455840
1.63602754
9.83247894
1.00585938
1.76367188
1.21777344
3.11088043
0.29683441
2.11677416
2.08635084
4.36238586
8.68660461
8.50556904
0.43957115
10.56531167
3.06250000
12.53125000
16.05033356
0.81449371
16.71927638
9.18460218
4.25717309
9.03816711
11.87756317
5.18929078
6.33255763
18.54789339
11.57510341
0.56201172
1.44433594
2.95031333
3.00581879
2.19839268
1.14017731
7.93208832
0.85937500
0.01472473
4.10937500
1.73535156
7.16170102
3.51720911
14.54374612
3.92142731
3.14693207
0.02439361
1.82031250
2.50435394
0.01830917
3.36621094
0.34326172
2.91853633
9.35754239
14.49267952
1.75834137
5.61523438
6.48738586
7.76525599
18.04663397
5.41015625
13.41651397
5.46919769
0.97855497
9.16939425
1.83593750
8.41829344
17.52852449
0.03381317
14.93212766
7.32702792
7.57519531
11.50602172
4.69319703
11.55431849
3.54484319
7.24263519
0.85009766
3.09687390
1.86601673
6.48046875
15.11283356
14.18750000
11.12764496
7.72611481
2.45552582
4.42533356
3.21484375
0.33711762
10.21439606
0.04663086
5.90669769
5.02217310
1.04476202
2.75842254
7.64402178
5.47939161
7.42305512
4.36328125
10.61270370
7.34994279
8.33504211
1.42960633
9.00781250
2.38085938
0.07346557
0.30403687
2.67773438
8.30033356
4.09419769
1.58060699
0.08778900
8.12500000
9.69877106
5.42341977
3.21569980
3.30334442
5.34676086
2.07015015
2.94380707
11.52293551
1.25108711
10.51258477
14.96875000
3.02343750
4.87890625
6.60656583
5.06530917
1.28320312
2.62011719
13.74129211
4.71170989
4.16866354
2.37312556
8.60974401
15.02689606
3.59615082
1.37292138
3.30578956
3.28413038
4.59184618
4.56628325
2.22623781
1.52888852
2.25280917
8.54252106
6.22701019
2.05273438
10.02510528
11.50614472
7.21931073
5.61272052
10.39843750
0.28784180
5.93707046
4.33949467
2.59208721
4.34330231
9.37935394
5.62568374
1.11162095
5.03906250
8.14325958
2.62137412
4.07829233
13.34285461
8.16495789
0.19531250
1.64749280
4.05367907
1.77343750
8.81595856
0.43575043
2.55159165
1.52159243
21.67139793
4.19132757
8.89819149
4.24243351
2.74654144
10.46875000
0.06915283
9.42533356
5.60758422
1.57841035
0.30981445
6.52734375
2.66210938
5.44531250
13.08939606
0.53560394
11.46337766
10.48632314
1.29887494
11.19006317
8.09554078
0.55472809
4.97265625
4.90518728
3.21244791
7.08894836
1.92179383
9.02343750
0.02282715
5.51594969
7.71016511
1.01802582
9.78515625
5.75112609
5.41003325
1.83341617
6.51383422
7.71618683
10.55904144
6.67879211
1.90616883
8.72989805
3.80639462
4.77425421
3.40429688
9.50373892
2.57829233
9.67968750
3.24609375
6.98982104
13.77854888
7.09840425
7.40625000
8.42842310
1.13167608
6.39773383
4.67168328
8.78035461
7.62333222
4.58280364
1.28393617
5.80904144
9.12500000
3.77929688
4.02014129
10.75031472
21.60946614
11.89843750
2.82808566
10.55423981
4.56294769
8.50781250
6.69921875
1.78222656
0.01325989
11.84570312
28.62064606
8.54187655
5.60717325
2.30688663
0.80322266
8.13102172
8.73221375
6.88281250
7.76383422
0.48767121
1.30664062
3.15083832
0.04840088
0.62060547
6.67764074
0.42685145
3.11621094
10.21093750
0.83402496
8.35156250
2.34810394
6.02856383
0.41186586
0.00759506
5.42255375
0.01127106
5.31294769
1.53613281
8.56250000
15.14843750
8.86718750
1.26464844
12.80033356
0.80318207
1.56640625
1.02393429
4.27624667
8.67533356
1.35713653
4.28047761
0.35318969
9.57210328
3.39843750
10.86718750
6.96093750
1.30761719
13.53983489
5.77266511
0.23791504
2.57031250
2.11869293
2.79125665
0.88399573
1.22607422
6.02343750
3.05761719
0.99027496
3.79252106
6.18750000
0.58292664
2.04492188
3.49430297
0.24690797
9.73156583
1.13927942
0.85278756
2.37674147
2.20333665
6.67431516
5.46240359
9.21093750
0.12937408
0.05562348
15.44164229
0.35478501
7.28680409
0.08715820
2.19726562
14.09195922
16.27644836
17.72489472
1.76704926
7.38671875
0.07883697
8.14526336
2.96663453
0.06814799
7.62121740
7.74218750
5.85156250
0.90576172
17.96093750
3.63557735
9.46989140
4.07405142
6.05050088
5.60591644
15.06160461
9.28820770
2.00966675
2.45357269
4.66451019
0.99609375
1.20312500
14.24385528
0.03611299
3.19631968
13.12515218
9.52779144
4.66495789
2.50496399
6.06339539
1.45019531
1.53861481
3.65820312
4.88326019
6.45222961
0.36271180
4.93900045
4.49849955
14.56054688
6.05419922
0.45218902
3.92291941
2.80958776
3.86523438
1.98160018
10.37726286
11.00375886
0.91638215
8.37500000
6.12740082
2.58548981
1.69921875
13.87500000
7.68765736
4.78555962
3.64832446
0.91357422
8.36673981
7.37544769
7.05423981
0.14119477
4.73176751
4.51778479
0.85111481
2.55513519
12.52788632
6.97929050
14.44877106
6.12154144
13.18383789
11.25720272
6.17212101
1.95783799
10.09729720
8.06160461
6.02042664
2.95654048
6.22904698
5.98482269
0.93212891
2.72008810
4.74670877
4.21903037
2.34932901
14.06327239
7.53047761
9.81595856
16.46004211
3.22009308
8.20654297
1.54597961
6.45658356
0.45544465
4.93456969
0.02254211
7.37740082
17.61193817
1.34021027
7.55904144
0.00856018
5.83939606
0.39184383
1.31176945
19.23574247
4.56882202
7.37276153
15.34427887
8.26062167
2.91060394
8.96875000
1.58744293
1.07617188
6.03560394
7.36279297
3.25195312
8.23002106
2.32812500
4.12154144
3.65384918
0.37959809
5.54899047
9.26037567
7.62032136
0.43286133
7.96785461
3.89408356
0.94132508
3.07963043
8.56685394
1.96919769
0.79248047
7.53470856
6.52734375
7.74910461
1.82556183
11.58544548
4.44971077
3.69726562
5.95885639
0.44694592
2.18990082
6.18598959
5.40413578
0.21415005
3.50459995
17.80049092
12.15173869
1.09240567
0.38655765
8.15026762
4.28438386
8.06339539
7.00646942
14.47595246
3.44628906
9.10502106
8.95914672
17.30456450
4.42859042
2.48632812
8.00301086
5.61702017
2.36629709
2.32421875
9.81839373
0.63045850
0.60388215
3.81595856
15.41060394
12.70653985
3.29468085
13.01794216
8.79431183
14.00057407
1.61877410
4.44250333
14.83618351
0.74511719
21.77705342
2.94124889
5.85502106
5.51814384
3.84037013
2.40365248
6.98693817
2.32405640
10.65869016
1.08838015
0.12878418
15.49784021
7.71899601
0.01127106
5.61372894
16.57633422
4.97835328
8.40625000
2.50585938
0.55078125
10.53008628
6.69612921
8.55135195
9.45222961
0.98278466
10.24015071
4.77987256
4.56148161
2.08646761
1.84570312
14.46093750
6.00813719
9.38627106
4.16418550
8.02555297
0.22155793
7.41060394
5.03426086
2.72176086
19.86323693
20.50049202
1.34118683
3.73046875
17.94877106
6.04927582
3.44335938
0.73339844
8.05981383
3.96109985
7.53457558
3.97803856
7.71061281
7.11584442
2.16495789
0.56005859
10.14664672
3.09989472
6.29447418
9.44700466
0.48703678
1.47672017
4.91434287
8.34655917
3.58675421
3.43164062
13.76826747
4.58618351
3.11356660
11.54597961
1.24796570
13.51142842
2.62874889
7.18013519
9.25256317
1.25231965
4.19611426
1.73357324
1.77636719
5.07421875
4.46093750
1.89216977
1.05997867
4.78080231
0.78706879
2.34130610
4.05078125
2.78373448
7.67578125
2.56664728
3.77425421
9.02087433
6.27164672
7.06774933
1.88130707
0.81787109
14.98002106
6.96012079
10.47001440
0.01985168
0.00057209
0.02633392
3.46875000
10.34375000
5.65802468
6.30078125
3.47070312
4.44140625
0.25741386
2.35718055
0.01127106
13.73046875
9.57287567
1.48518922
7.75000000
17.38581195
14.00114140
3.45979112
4.98356826
2.26175934
6.63326019
1.36132812
15.62064606
0.10329193
7.52921321
6.46214761
3.70395168
3.16210938
9.14408356
8.34810394
6.18347075
3.32434175
6.73437500
1.17301391
7.46536545
13.43879876
18.43026817
1.24173981
0.60835785
14.91601562
3.66947418
11.20658356
16.33939606
4.80993683
10.98718231
2.41149933
3.07181793
2.86177582
7.22851064
2.78320811
3.20703125
0.84037262
10.24910461
8.71618683
4.83740234
11.16409686
1.56246564
3.32880749
0.47338431
7.37504432
13.19083555
7.25370456
0.41068512
0.52535004
6.03080231
0.98677582
2.15775543
17.93750000
8.44441711
8.28995789
2.87304688
4.84330231
9.01652039
10.53498892
5.05876108
1.18900543
5.10325965
6.04757867
0.57714844
8.46679688
3.04838043
16.03125000
3.60396332
15.58308899
3.22265625
3.45714927
7.85038674
0.18823242
12.75781250
1.68945312
9.96093750
0.92338043
3.55904144
4.05716202
3.22799423
0.83886719
4.70703125
0.56054688
6.28426086
31.24971289
3.96834165
10.65710605
19.59134918
2.56425859
0.10143950
12.08951906
2.02539062
8.89062500
1.58451324
11.50435394
0.78902191
0.64062500
9.73002106
3.93990082
19.03381317
5.44999114
5.66809175
5.10156250
20.13093307
2.71131150
7.29703236
6.03499889
0.74511719
0.52978516
7.87109375
3.54492188
5.06986481
6.71093750
3.08581450
4.98840425
1.70161957
10.88871122
8.72835328
2.39615968
6.76997894
2.92968750
1.40059231
6.28495456
6.90234375
2.85522274
0.13578464
4.95747894
10.14062500
3.31835938
1.49979271
6.54468085
4.37963431
22.70250432
5.35937500
0.71557430
0.68753436
10.33936170
5.28951019
7.55244903
3.32015015
2.06791168
3.59855164
7.79329344
9.48795656
2.90677638
5.12793218
11.45312500
0.39839691
7.76562500
5.27734375
4.85502106
0.28951019
7.99047291
9.03540600
2.60937500
9.32263184
2.80273438
0.62011719
7.54642731
1.29154449
16.14396055
8.15983156
3.21468140
8.35066711
2.60831726
2.36478668
5.71093750
4.93013519
0.63671875
9.32812500
2.26908356
0.38179535
6.61208556
1.98662843
8.91841644
6.87154144
0.93750000
2.49023438
2.78320312
0.12524414
2.72928365
0.01127106
13.04854278
10.63114472
4.27343750
9.89408356
0.68943299
8.39408356
14.62845856
4.40747008
8.48527039
2.08231660
11.54329344
0.63342379
3.30273438
1.26757812
0.00847626
12.12845856
5.85982269
2.48791504
6.84619141
0.62064606
8.73091520
5.45658356
1.23877078
5.26997894
8.62895502
1.91010748
2.42382812
1.15775543
7.85201019
10.89664672
3.21529144
7.77823914
0.59476715
4.44620789
4.60892731
6.12174313
1.13456394
12.70121122
6.08393507
0.23251302
17.35354500
3.28406914
9.52164672
2.31384059
14.19803303
4.63061835
5.47558843
4.51607269
6.04252106
9.12666778
6.45190492
3.63867188
4.76908356
4.15669769
1.72802734
5.08593750
9.90625000
3.88138824
3.84615082
0.67142731
13.15279144
0.05987549
4.39484991
4.44106714
1.63146942
3.50329621
9.11372894
6.49609375
7.81494016
2.39990359
0.43945312
0.55879294
3.87683510
6.42277039
11.41406250
0.01171112
2.44726562
12.61104278
1.93058289
7.96631409
0.00629425
2.96154754
6.85651153
7.00811280
1.09277344
2.99019005
0.02006386
3.17288259
0.01127106
12.81160461
2.95642121
10.07454344
3.20320368
3.25500831
7.96919769
2.60314163
2.59461228
5.79296875
13.24475067
1.40234375
14.27868683
4.49955231
1.75533051
14.62756317
12.77403259
0.58765957
3.05176030
0.54541016
5.03080231
2.79931641
5.09330231
7.50044769
3.72265625
4.90279144
4.44531250
5.44140625
12.33992492
0.13370789
5.04467088
6.49785017
1.72289977
11.85424867
4.33247894
13.91406250
4.65144836
6.29386414
0.19502746
2.54777039
1.17285156
4.20434508
2.38873934
12.31490580
0.11271055
10.50358156
18.11372894
17.58768645
15.11515071
4.86454565
5.64497894
6.10156250
3.36718750
4.84285461
5.15478391
0.73771304
0.81005859
3.84942709
4.28684396
5.66841644
1.68957364
16.23974734
0.80456574
3.04314427
2.28058620
17.72415420
5.48971298
13.25055724
4.22945285
1.66353363
9.53548094
14.65254793
6.73547208
12.37923094
2.02396886
5.41841644
4.02343750
1.77201324
1.48677582
2.11132812
0.16601562
0.02837616
1.88814301
3.69921875
2.39318817
2.14392121
20.51728281
0.01127106
16.22310394
4.46830231
18.89888519
4.74955231
7.59765625
0.10780853
0.06713867
6.71004211
7.33097351
9.13537567
0.88073762
7.94151929
0.29533771
8.46260528
2.49292054
8.83549406
10.07995512
7.13052970
10.21142952
5.36922429
3.64843750
1.09737785
10.48885195
1.40625000
8.76127106
1.77440098
4.57203457
1.52486176
1.78027344
0.97757965
4.67036957
1.13085938
4.75000000
7.12455231
1.56099457
3.75390625
11.13651520
6.89131684
0.03843689
3.50736481
7.10937500
2.43464588
0.59736592
12.86357158
13.65100067
4.11063442
2.96102116
4.87398161
11.92455120
1.89873282
9.80956782
7.95180630
1.39442818
1.28755707
10.46785461
0.76993836
2.31835938
0.02047729
7.97574828
11.34118683
4.74129211
0.65055048
0.07784339
1.25683594
7.63102172
3.94786196
1.93527648
14.08628658
9.04876897
3.29134032
7.85514406
0.26196289
6.01970801
7.75372949
17.06232270
5.39247007
2.08622285
3.22851562
4.79642731
6.02388519
4.08548981
9.91125333
5.70445313
0.01127106
15.98425200
6.88684175
2.17036957
14.28381317
9.61808289
0.23075285
0.50260500
4.35892731
1.05415863
20.07633422
15.22546418
12.90279144
0.15283203
7.33203125
5.57287567
1.22896332
0.01829041
14.35835661
7.78973627
0.68544381
3.55904144
8.83544548
6.25606604
14.93936448
3.80587322
1.45914921
3.71679688
4.87064606
10.55814606
14.95402039
0.28735352
1.50585938
6.94412678
1.56519115
3.01611204
2.38326144
16.84375000
11.89322252
6.30538120
14.89330120
1.84845302
13.92730163
6.96643284
5.19877106
5.67622894
0.03549194
15.22851562
6.73437500
12.48774491
2.62313552
0.06984467
5.19726562
6.57812500
10.66918883
5.12723847
0.97408051
10.31058746
5.71024380
0.67155156
2.61914062
12.03727172
0.07906129
7.16881982
26.07580784
12.52010195
1.45808899
6.29280640
3.77343750
9.21695922
2.91502660
4.95952570
11.99129211
3.87377992
7.23482269
2.79492188
2.55664062
2.41205757
9.34868461
1.20605469
2.64939849
0.25923427
12.80203569
9.77531693
13.97656250
3.69616855
14.93167000
3.22112145
9.94026485
2.17842808
2.09480774
13.43273091
1.19759281
2.32812500
8.90974790
7.66943484
3.20597351
9.95658356
0.01140351
10.49080009
2.91304909
0.94380707
11.09366135
1.24919326
4.36763519
10.56250000
1.82759613
0.62353516
5.86803857
1.30880042
16.62935394
11.75781250
0.20886230
6.27857326
4.40261967
5.84464539
1.92773438
0.06094360
0.14331055
2.19998864
0.31558954
6.03617464
6.16341312
11.52510528
3.94470246
0.57653840
4.26908356
0.90909602
4.83016179
14.94266069
17.34294326
10.21875000
4.71507481
17.68051418
4.89888519
8.03906250
0.51367188
4.70857602
4.95507314
2.65186170
7.05078125
4.16149933
3.71634918
0.00725311
5.63793883
0.25976625
9.70658356
5.57812500
1.86283356
1.22440271
3.51282081
6.47566711
0.01420105
4.53470856
2.14986176
2.44877106
13.37500000
4.71830231
2.50870789
6.96190908
1.19433594
4.72342864
6.65157136
13.44787567
5.89978058
6.58158356
2.86958832
7.86283356
1.92293274
3.63220246
2.32226562
0.67919922
2.87650543
12.51057953
0.94901457
5.48750886
12.90189606
4.41605497
11.24845523
4.24218750
5.64843750
5.41483489
3.98360261
2.77978516
13.84375000
6.62064606
14.89888519
7.18359375
0.45043945
9.55033356
3.09615082
3.99324524
1.69705491
5.56950576
3.36702515
3.58894836
4.37589539
6.73848294
4.06547755
3.75524933
5.78022662
0.10143950
6.76965425
9.29496122
2.41207003
9.94441711
0.05190033
1.21822113
13.51995850
0.11504027
5.66764406
0.03027344
6.89754211
6.95588985
10.45516179
0.01565552
7.60937500
5.79296875
1.40039062
1.05033356
3.18359375
0.07924408
5.64843750
7.49373227
2.31327457
4.31250000
2.34138852
5.67132968
0.67431641
3.05664062
3.46289062
1.30522591
2.64271110
3.39062500
5.55859375
4.47629157
26.64125996
7.89957890
5.73437500
6.25044769
8.36009026
4.01953125
4.80078125
2.38867188
2.76827484
1.73872894
4.58681544
0.38321587
12.97615913
1.08451324
4.96919769
8.54943817
13.79597961
11.30700466
12.89074800
5.47636081
1.56250000
6.74584774
18.63159242
5.68115359
1.49023438
2.81445312
14.39706944
1.81188996
1.39204926
2.26574302
8.17582557
5.06819703
9.59915670
1.79732768
8.60156250
9.30814606
25.23290517
2.30469248
6.43554189
1.64648936
7.98482269
7.14762079
2.12195105
1.63430671
0.89450188
8.51037567
5.55212433
3.93599457
10.51472961
5.66015625
1.08007688
4.67423648
1.05078125
4.56640625
0.46875000
17.56852172
1.96170302
0.33813165
13.83720190
4.24263519
0.10577393
0.07214355
4.74609375
18.16573028
2.63566101
11.48860594
0.62699496
1.98828125
3.18359375
14.05545989
2.12902676
19.49153812
17.37723847
6.66841644
3.64062500
9.80814606
9.98384613
1.60990387
3.80318207
0.06250000
15.81506317
14.49271388
1.38794879
1.18168993
11.56595856
11.04066806
5.18080451
2.62393728
17.75548586
5.53515625
0.05819702
7.07767731
4.56700985
2.85422428
3.30859375
5.88716644
17.29252106
2.40339650
2.81295268
8.09464539
1.74121094
5.14529493
6.48219082
9.30911140
9.62938830
11.86576573
5.20015846
4.92968750
3.62109375
21.23681516
2.70609652
3.93977283
12.67786236
3.09179688
8.85912899
3.93383976
6.74987700
6.23840425
2.79492188
8.88627106
0.90600524
5.67891511
13.01908356
10.10502106
4.28560394
4.41752106
0.28214539
4.74609375
3.86921931
12.08784879
6.68953835
16.43750000
10.78125000
2.24414062
0.81030211
1.97729554
1.64453125
0.42333984
0.65588348
5.12634308
2.68750000
10.44921875
2.40429688
2.06746399
5.20792664
8.71504544
0.89921238
4.98046875
3.87695312
3.41210938
3.81595856
3.97244584
0.01127106
6.40926086
4.92309508
2.99231050
8.31941711
2.41857879
2.32059785
10.00345856
1.64302582
6.81986481
0.08620209
6.83203125
4.09997341
0.49869999
0.32271332
11.56595856
7.67968750
4.93212766
3.05074191
8.69877106
8.49129211
0.10668976
2.21679688
8.88102172
2.84554078
9.30814606
0.04320282
1.21875000
12.02319149
2.88757480
3.35681183
3.81595856
5.54906915
0.22872229
0.87792969
6.88236481
5.78560394
5.02298981
4.12935394
2.80680297
3.79626496
8.05904144
4.86478170
1.99023936
7.93074025
0.21960979
5.43997950
0.15779477
8.35367922
3.44661126
14.56388741
6.36328125
9.54585661
0.08752535
4.32511414
0.03289795
0.18770293
7.41585328
0.05977387
1.14648438
1.90445922
0.04317262
4.30423981
3.32497618
0.57150819
5.42047762
0.60926695
3.50724180
3.68025820
9.32812500
3.82137024
3.07739196
8.95670656
0.25309234
25.26113892
6.54390348
3.75927859
7.62455231
6.72208555
9.49320589
0.08258057
2.48828125
14.65100067
2.90563996
7.40100067
4.52087433
4.72477172
0.08907105
5.63097740
12.66544991
1.82173676
5.86718750
1.61621094
0.67146789
0.14884461
2.84643119
0.09016844
17.78665670
10.09895189
4.90483820
0.00901794
2.45703125
10.11442566
1.39160156
0.02139526
6.67984909
1.53307264
4.75501329
0.05599976
0.48950195
12.37500000
6.58984375
8.75948028
8.88114472
10.08984375
10.89842477
0.09406027
3.67968750
4.38281250
2.52457392
3.26061669
2.81832502
8.53906250
1.60021942
0.70812957
7.88966933
7.01854706
3.55078125
2.71936004
5.10636414
3.15876019
1.14648438
6.23687130
1.13025183
4.02298981
2.14614473
0.52528257
2.80558289
0.63480621
-0.00380951
4.86718750
0.01521301
0.74324274
1.92797104
0.30273438
6.93750000
6.58203125
9.61975067
13.29190603
3.85038674
4.18058289
6.70776429
5.47656250
1.53177887
9.48872894
0.11352508
1.50036652
0.91162109
3.55049590
2.37780419
4.15763741
3.34826629
2.50329621
5.22656250
0.83691406
2.94746468
8.38799312
4.69531250
0.21795654
8.24808622
1.29292941
0.00106335
3.80078125
6.95336104
3.74585771
1.09472656
9.09754766
4.32343195
2.33292664
7.62109375
2.72949219
0.59277344
5.19531250
2.30020183
8.55066821
2.18208832
6.57690492
6.23905364
7.22310394
0.15710512
0.29398590
0.08638519
11.63421119
0.09016844
7.10681183
1.77620484
5.61372894
0.22247314
14.31595856
9.56595856
5.05122894
10.78125000
7.05513519
0.79296875
0.15653473
0.26802582
4.78080231
10.43969415
4.02559729
6.82031250
0.02147918
8.21093750
0.98291016
5.02546931
15.18697362
5.55122894
0.16365570
3.94954344
1.82572418
10.03918550
11.95568817
4.19576019
4.45011414
6.07421875
0.43188477
0.00383568
0.88671875
0.11502501
1.10274324
1.62740082
3.04751441
0.87045434
0.12524414
1.08007812
0.01339203
1.91743988
0.07640532
0.24393769
1.91703671
5.56337100
4.54296875
1.08105469
1.63538770
0.06762633
13.03442445
12.57966977
3.31681460
3.81160461
2.16495789
0.92431641
9.82377106
0.14253754
0.80859375
1.51109999
8.16516954
7.56250000
10.78906250
0.00331306
5.91738310
17.15087766
1.17309757
9.39062500
8.19966644
0.20446777
0.53177824
0.72139558
5.83984375
3.43526153
3.62137910
0.09509277
1.94474273
1.31294769
15.66918883
4.38159242
4.06986481
1.50923676
8.51639739
4.16719636
3.27058899
11.59029144
9.50435394
4.92285156
5.32377106
2.30078125
6.68794769
4.03487090
3.34403535
8.05468750
3.16796875
5.56595856
3.81835938
7.21919769
0.51416016
5.46825798
0.01127106
2.96484375
7.71439606
9.30033356
4.60245789
6.33247894
5.36501774
4.31076351
0.64896637
5.18750000
1.63476562
8.72802734
5.50211547
1.66239472
4.50585938
11.13618241
7.16789007
0.41422983
7.48851729
0.71017259
2.82861328
1.87117492
6.89709442
0.23152711
2.59810394
4.70267731
2.47025543
7.21540448
3.03894946
4.98231827
1.50250442
5.72363281
2.08280364
7.29406583
2.59188054
10.47208555
0.81160586
4.02445465
6.91060394
3.91992188
5.25390625
3.69287109
1.03523742
4.50435394
11.06250000
5.67634198
0.53557208
2.23632812
7.85713653
2.75268617
0.44482422
0.76200285
0.90913848
0.13525266
11.20238697
8.04517287
3.19291168
6.56070922
4.88798066
0.38065582
16.76127106
5.12589539
4.60021942
2.29040558
9.56595856
0.74947113
5.39408356
4.34912109
5.26953125
3.15250610
4.75569703
14.07812500
8.66406250
11.07771820
2.43660461
-0.00946533
11.40965925
5.36483599
7.29335218
2.15285571
2.43375610
11.95491578
0.89257812
0.02874756
7.63627106
0.85445160
0.43098813
0.41642398
5.53906250
6.97823028
1.13260832
0.13822543
0.59224457
4.03125000
6.78125000
0.00400162
10.84285461
10.83850067
4.39240083
2.97417663
4.44185394
10.72900391
1.83150238
10.58995679
0.32801196
0.00370026
7.24819925
8.99144947
3.85185283
2.31685394
7.56717864
0.32779969
0.12955781
5.44486481
3.66406250
0.02605194
4.17968750
10.20312500
3.55635029
6.35311225
3.84902664
3.36372894
6.41752106
1.51216644
1.91015625
6.44531250
5.44071255
0.28365269
2.43480635
1.15751939
1.93378048
2.22877659
4.57421875
8.23535156
0.27832031
3.22912068
3.89783244
5.77734375
0.48665157
14.52921321
0.70194924
3.52583832
21.69083555
2.18566988
4.37890625
3.30708832
0.58984375
0.01316071
0.31925414
5.46272828
0.55078125
0.49308227
1.42854859
2.40189606
7.96919769
1.03861481
0.26509613
0.01084900
1.48351397
0.23674146
3.61814237
0.01127106
4.90356383
0.70874086
0.05208344
9.35156250
1.70507812
10.15100067
6.52042664
6.28169769
1.52587891
12.10233489
3.80977449
2.45239196
1.38798066
10.32466644
7.47957336
0.48872894
2.17232269
7.98046875
0.12619994
1.02620484
8.55586575
1.96285128
3.53694703
0.48925781
0.34265106
3.71032746
0.25321410
5.89583375
1.76765930
8.44620789
1.29162567
0.34497070
2.02762412
1.77002327
1.57469706
2.44491661
3.27391815
3.46244293
1.42488212
3.81388741
9.56685394
0.97216797
1.15429688
1.16137633
2.72790558
0.03216584
5.64660645
5.75781250
0.91357422
5.95312500
8.94441711
2.64933289
7.67105829
0.81624640
2.92968422
0.10143950
1.83117769
3.69632093
3.93258532
10.13883422
12.12410461
15.62333222
11.09285461
0.43298371
2.57617188
6.77510528
2.69559785
5.31595856
8.04687500
2.92258635
3.80391511
12.53267426
5.94095856
2.71484375
0.01813263
7.07421875
3.07763672
0.85253906
7.42097961
8.09810394
2.07857269
31.17418717
4.11983931
4.72623656
2.30932679
8.69787567
3.26066101
0.12227387
3.42578125
0.28885832
5.67696199
1.17586242
1.47257508
7.25691711
6.14152039
8.39127438
0.12215335
5.53861481
6.49295864
2.25895390
2.81009918
5.54630430
2.87752382
5.69966644
4.35156250
4.28125000
4.39709442
1.60095246
3.04296875
4.47611481
2.98900931
14.91539562
8.07910904
9.55582890
12.81388189
13.27205561
5.21785461
2.70251496
0.99629668
10.00826814
5.22310394
6.09375000
6.17578125
4.82153258
1.49442597
6.38326019
6.81986481
6.29341644
2.56037955
3.71501108
3.91601562
2.47070312
0.00223160
12.45027649
3.29862146
10.28047761
7.12886968
1.38448277
3.88521332
5.42187500
1.23099762
1.46809906
9.44441711
0.62418578
0.32080140
6.64619903
1.68094941
15.06282396
2.09896498
2.00585938
9.92496454
2.88558233
7.58593750
8.62500000
0.02002197
5.53035461
0.51208527
8.65625000
0.02041626
1.83593750
0.22241211
15.66406250
0.62207031
8.83593750
7.43667274
0.20882172
9.55725067
9.35245789
9.25000000
4.22265625
13.07505417
8.85298676
9.58646138
