0.11271055
18.62557070
18.13704344
19.11446199
10.36718750
2.91015625
9.38627106
10.99849457
10.80700466
2.19299534
2.00781250
12.26627438
5.37044437
9.83467310
8.02124335
1.96289062
8.14062500
0.41219055
32.22757626
7.16841644
5.70222961
23.74067709
1.31490580
25.60839096
17.17069426
10.14083665
0.43745941
1.87109375
11.00512633
15.38883422
3.15291445
11.11629211
7.50089539
12.61002438
10.55314273
6.38582336
8.78304078
7.85502106
6.63972961
9.27478058
7.04943817
3.57360871
15.50077239
0.52315340
15.86974381
5.39282912
8.75089539
2.24023438
8.23233821
3.02006261
8.49218750
8.46329150
2.91659131
15.71211326
51.07914028
16.13635846
5.23571808
1.17871094
12.75630209
0.53231272
3.35005707
14.96785461
17.27794881
11.01127106
5.82841533
5.19140625
5.28906250
12.33325133
6.69384641
3.34399601
5.69921875
10.93460218
6.98336657
15.94531250
3.67349845
-0.15592033
30.57181793
16.37784353
4.63822916
12.68762207
12.13525266
22.95308068
10.22717752
21.66227172
4.09252992
14.84362700
8.63293550
2.89302582
8.65331782
6.15722905
3.17338043
11.31929411
5.97802859
7.43314606
0.27616363
15.20226397
4.28691267
9.00373892
32.14363102
5.57418439
3.36718750
13.64717310
4.24813054
0.97916750
1.51464844
15.25520750
7.17744965
14.38697960
9.24296487
12.53906250
13.97220856
22.77713210
10.75605608
12.06947140
12.21797761
7.56245568
11.52751108
5.48046875
6.97566711
16.35821665
7.12845856
7.78125000
1.95597351
9.79854278
15.92952515
20.54418883
0.72823152
1.65965613
7.51543328
2.35156250
14.40229943
1.75049202
18.49129211
14.16771277
1.67888574
13.42312944
5.88322584
8.06816842
5.32031250
7.29073028
1.81083222
4.03560394
11.91100732
3.21203956
1.26855469
12.99218750
20.48783356
13.29597961
2.99157746
4.50781250
16.41132951
9.01994459
7.63520834
5.69607990
8.15247672
4.27343750
0.60742188
10.26908356
0.16780609
7.05488919
4.13472628
3.10725953
7.67700133
1.92358461
0.94242340
12.81449247
19.39209109
13.35746122
9.19633089
2.30574524
13.72041778
6.00101839
12.42243573
9.39380319
1.64229776
19.92264739
3.10770722
16.77103170
7.35730136
20.74475067
21.54496122
4.74638408
40.15189606
5.82076019
12.43969415
11.91341312
5.89733046
4.57723958
2.36718750
10.99348626
20.64368018
2.04056793
16.87792969
20.28971188
4.59745456
3.79882812
9.50657135
0.03985596
3.00000000
19.38642842
20.40136470
3.33525376
11.55545989
9.16764406
7.76681519
4.03035461
7.79777039
17.28098405
11.82558177
7.56876773
7.07230497
8.60783023
2.07031250
17.55203569
7.92798537
7.46529144
19.05545989
8.62487700
3.15682070
8.28393617
10.95775931
8.05261635
2.64392121
19.33776700
4.49100178
3.46057845
4.46919769
8.35502106
10.15970856
5.13179411
3.23172817
6.55338874
13.56648493
10.04545323
1.97595246
16.88260583
17.35860261
5.58886968
3.18900543
13.69095856
4.55513519
2.34810394
14.94441711
8.36425532
3.79866080
3.40589095
7.21529144
8.09720856
1.84029144
1.94681793
14.92533356
5.40819814
3.95207225
1.11576324
10.53560394
0.47102844
13.07120789
18.41039229
9.33525376
2.58353668
7.48482269
4.91707336
6.01696808
3.67984985
3.88024933
4.19140625
0.24035645
5.57242797
3.44364472
13.96671321
9.68428745
10.73767121
5.35746122
8.50191378
0.61132812
3.52783079
4.16373781
1.72347047
14.20263298
12.87141844
1.21305795
7.51830619
10.11243018
3.99625610
8.34822695
6.85245789
3.65661403
2.08362034
12.66662567
7.68240803
4.47909131
18.64525931
9.21757424
4.37154144
1.21683622
15.41869681
15.59147717
6.00813719
10.49141511
0.16548676
3.42338043
15.13793883
1.00952211
2.02388519
13.08748227
13.44347740
2.83818096
8.12410461
5.49609375
4.00345856
3.86733988
5.05380208
1.72286043
13.83850067
4.35636414
6.33686725
6.38322584
18.10579344
8.26033134
0.29647288
13.82470703
11.26863586
18.07454344
11.44429873
6.90234375
2.49458832
6.35233489
0.38204011
23.30203569
12.14782248
2.85092309
13.26309619
12.54504986
0.82568359
10.11621094
6.04675200
8.84927610
5.29341644
11.67879211
2.89737976
3.46919769
16.39318817
8.07046986
10.94151929
2.06312499
0.27774048
8.24731383
13.75077239
15.66597628
0.85591644
5.69742797
1.82405640
7.75256317
17.86834332
16.67071918
3.71712157
6.53182070
2.24654144
7.16796875
8.02689606
2.95312500
7.45703125
8.80033356
14.22281860
20.88097740
13.01379862
5.75345856
5.08748227
1.33296847
7.99654144
1.00781250
7.40100067
6.20857602
0.40698429
9.00345856
2.80318207
7.70267731
0.28218598
0.15917969
0.42972809
5.59179688
8.13183594
9.12141844
24.37251552
5.42358710
9.49308289
16.41752106
7.49654144
18.57952683
11.39268173
3.25195312
10.46439606
0.30729187
4.80142066
9.95114250
7.87967864
9.91853945
8.79252106
9.03799978
5.52962655
4.99487367
25.17187500
6.73482269
2.30468750
8.45991911
8.46557181
9.08809729
5.23649047
7.96386968
2.08683289
3.82865387
6.83247894
11.98868462
19.42545656
13.77189273
4.48587545
2.78377881
10.85591644
3.90474457
11.11705951
4.37484264
7.92846742
7.07633422
7.74397828
3.87923094
7.57344636
21.94775266
9.54385417
8.06308067
12.11515071
0.83850316
9.87935394
13.10937500
0.96773285
13.46695922
10.33850067
8.20145722
19.60851397
16.87447362
5.35384530
11.55033356
4.41451019
9.88793883
12.20991911
13.33662124
4.06161458
1.46679688
19.18110927
16.55460384
11.16446587
19.79964982
15.99629544
3.81754765
16.92871094
14.45010417
2.63929188
13.04337212
3.86999667
4.56319370
12.55379211
1.22009308
0.28271484
3.62149712
14.65291445
3.02986757
0.05595035
8.40445922
1.13341413
2.94519946
8.10591644
13.17968750
6.71048981
3.36523438
8.15189606
7.84855164
5.74519836
11.13479998
6.75183510
3.02547429
2.13566101
12.21646720
25.16801307
14.76652039
4.47701019
7.63716644
11.64204677
3.43847905
9.68859220
30.26204157
5.57938940
6.74576906
10.24910461
3.45686890
14.17752771
7.47827460
6.73445368
7.59712987
5.80948914
13.71850399
12.77502161
11.61145487
5.58459442
6.01261414
7.48482269
10.27689606
1.40303496
0.19531188
1.43994265
16.48588043
14.97631649
14.12060173
5.77584330
11.75614472
0.08337402
6.61539672
25.79671265
2.43554688
22.72701019
17.57124225
10.78377881
17.64525931
12.60461768
5.14338736
5.16557291
6.19844636
4.32031250
4.28470856
18.75988614
18.51843417
18.73156583
16.03893950
4.47994237
10.86160351
8.48958998
0.09021276
0.47265625
28.88471128
24.27998560
5.95170323
3.36954898
12.91406250
0.07509369
3.77884918
8.51729278
0.55297914
1.55273438
15.97220856
21.58397939
7.37589539
12.37651041
17.32183733
14.66704897
16.09961436
15.94058954
11.44311835
2.88911957
8.18481383
16.92111703
16.68430739
10.00228280
0.69966644
7.48783356
3.02555297
1.95279533
3.28577127
2.42443817
6.23828125
1.73474152
6.78470856
19.95979610
3.40197972
0.58203125
11.42008422
19.38936060
1.24719581
0.60205078
7.11718750
1.17153941
11.86235150
3.28174202
15.34285461
2.93538453
12.78356716
16.77742243
2.58700022
10.28014296
5.87220079
1.79882812
14.36836326
3.40702737
2.97505707
17.88968529
6.85115913
4.84415711
5.58658688
3.92167331
3.27494293
16.84683954
1.78642065
3.93359375
9.39583250
8.77250241
10.55761968
5.83203125
8.20312500
5.94396942
0.97024795
8.25969193
5.42667664
1.94042969
10.86283356
1.32799576
6.56649490
1.80220551
12.86962766
0.05017214
8.50142177
8.54455784
9.02433289
8.16450521
5.44653258
7.67184851
3.01981660
17.76818817
17.01411459
14.76611702
6.94332003
12.90535461
1.76533965
5.08056516
3.92993351
4.87980164
8.47387633
3.15893617
5.70222961
3.12177749
2.00171708
15.21943374
6.26839982
6.27042664
7.48671654
3.50937721
16.23314495
0.08033161
13.61678039
12.07962545
11.25447695
5.46789893
8.02701906
2.58158356
15.15588099
8.27449025
9.58871232
3.63175476
12.64664672
0.56547027
8.60770722
17.60156250
25.24700364
5.72748335
20.09325798
7.73576241
10.85644282
4.06978612
3.24088376
0.19783695
5.94539118
4.55444149
8.64815713
8.41451019
7.28816711
2.98722351
8.27510528
0.63846894
1.03515625
16.62401596
4.43413009
3.58638519
15.41312279
18.26219831
7.02108599
3.28019226
10.95735594
3.63204011
11.23950133
14.63008699
7.20312500
12.86258755
3.97066378
1.11515320
8.03995789
6.69620789
3.48783356
6.93750000
0.26656098
13.35310727
31.85724956
7.74276817
19.28844748
4.84212655
5.24007203
2.72701019
17.40580231
18.60171986
16.11857491
13.01993960
18.03600981
4.67065492
3.54671265
16.83831219
9.20559952
4.43392841
11.78995789
21.48738586
5.02823914
9.77261082
9.42705562
3.87695312
4.21325466
1.91129765
15.54162567
8.89664672
0.57438234
10.22558594
8.35981771
4.22058510
10.19108156
8.34195922
6.06086658
7.45219525
3.31054688
3.99654144
2.47851562
8.28279477
19.68371551
8.78060062
7.87365692
16.63498671
8.08120012
7.91361481
9.24252319
8.55725067
7.62679078
2.71875000
9.57698360
11.35693484
17.66601064
5.68253103
8.96139516
3.63220246
7.38761414
11.15189606
11.20739030
4.86727615
7.31896942
7.00520501
5.37447362
10.79699800
22.43253601
19.31640625
2.18900543
23.07673759
4.18542885
9.45133422
16.97054078
3.49715149
0.60685242
17.11645446
14.51769615
9.24971963
5.84016844
2.77791445
5.76127106
8.04341644
1.30078125
8.18878879
5.08810726
7.51806516
2.94527316
7.59179189
9.31824135
3.59582613
12.47240027
4.45940270
0.09847047
23.94111529
11.08732491
13.52180408
18.15552194
4.91878546
3.53544160
5.98917664
6.49686614
20.22534242
22.64863919
22.10823111
5.70353834
2.10306793
13.66357048
1.62353889
19.22705656
2.43388408
18.20901998
6.80876108
4.91239472
4.62935394
10.00000000
13.30802305
0.30851320
17.16707336
5.27689606
15.07991578
10.80366911
1.23486453
18.65746011
14.45635001
3.50585938
14.83412927
15.23370123
3.41707336
4.28169769
13.16292110
7.44383644
10.39389184
4.63082003
9.17712433
6.71830231
0.07309998
8.88346188
5.31050753
13.36514978
18.00288786
5.53251440
4.74109042
9.91752106
4.06551086
4.94710328
3.27494293
3.67232269
9.28702571
0.71500859
2.15519226
20.91421986
26.25182514
4.40113364
10.83081117
6.03125000
1.79536957
7.05680297
12.27600067
6.32690492
4.70357269
6.51322418
6.18359375
8.12149712
14.67737034
4.42199800
11.92700133
1.36063691
5.05098294
0.29642980
1.68750000
9.30273438
4.57332336
3.64107269
20.59215094
10.65170434
1.80745484
12.66841644
6.88716644
18.72041778
18.92263991
5.51807513
4.06595856
14.65205342
35.00557403
8.00419658
9.50345856
11.86462433
2.25179078
17.63268950
9.83146055
0.39038273
41.69938110
6.97790558
5.09016844
11.66072695
4.33158356
1.70825195
8.09810394
5.78125000
15.10082447
1.55302471
12.05664062
2.51713043
26.48391088
16.10245789
1.31055186
16.22310394
8.49564606
14.51562500
11.02734375
6.28861481
20.86873227
24.59517177
3.83182956
3.15002659
4.65625000
8.03906250
5.90669769
4.60742188
8.44441711
5.60636414
7.10502106
19.42808467
5.22847628
11.86836326
13.75235151
3.21176418
4.25044769
24.20193928
5.68087322
28.47045213
6.19361037
19.44877106
4.89843750
6.59765625
5.11584442
4.38460328
3.39453125
5.92476286
14.40184176
10.60393395
4.05383643
1.68750000
12.12666778
14.72294160
3.93119293
24.01513298
15.31400543
10.52412124
14.35608689
7.69352172
4.06864472
17.46004211
16.46183289
10.72900266
2.32808566
12.16910018
16.30858378
2.39340979
14.20531915
7.81376440
17.52973959
7.86315825
13.28723736
8.63281250
0.51806641
14.39562833
4.13113974
2.23796154
11.83683289
6.16015625
0.81005859
10.87210716
9.67928413
14.84427638
20.56030087
4.59827127
8.32031250
8.83019615
11.59424202
9.37679078
0.39485656
6.23412650
14.38204011
21.27917387
6.77014627
14.88537567
6.84554078
2.14257812
4.93225067
15.64408356
2.66780640
11.54882812
15.71004211
15.11808289
11.30814606
13.95133422
16.49906029
5.76932956
20.11820589
0.87052554
2.48632812
16.02362922
6.09746453
3.74414062
12.75948028
1.58915254
5.29092199
16.71595079
15.29647163
6.41182403
2.23795656
5.87109375
11.08158356
26.79764739
10.09875333
8.52982823
2.82617188
17.84378186
7.86869791
5.08732491
6.74564606
11.14453125
25.84545213
3.51001662
3.55085370
14.57463458
2.84570312
2.29105497
9.38704344
4.86360440
6.55847075
17.89856050
3.74458832
11.98900931
10.45194924
14.16009199
3.70184618
14.59183590
4.36487034
15.58035351
13.08584885
5.58379764
2.77539062
16.58044216
10.37617576
8.56323803
13.75235650
13.69116522
7.10258089
3.93735706
6.21543439
3.09456173
7.16475620
19.45357269
2.37650543
16.01626940
4.36182014
3.40381659
14.29162567
2.15563996
6.49218750
16.49820922
14.63960661
3.82747562
3.81445312
1.62429446
17.49480496
5.80106660
42.86705453
3.37513297
14.65600399
10.63651706
4.77188525
2.80603557
6.01595422
7.66471188
10.50459995
3.22660184
3.60152316
10.09631317
6.56986481
3.47688719
0.36816531
16.66369349
19.93220634
4.38412123
11.28727172
7.76428192
2.51057735
5.16097296
12.33377771
10.55835272
9.19315271
2.84378934
6.13688608
5.51517731
1.42179383
14.95902372
1.74117160
5.44531250
12.96723959
9.30424479
16.43419881
26.92806880
3.72701019
3.69966644
18.27689606
12.61673981
8.91451019
7.91752106
8.00244016
17.29258977
24.19715757
19.73509309
9.77092863
3.86271055
7.07356937
4.09330231
3.43855774
6.31144226
3.05513519
0.21012359
4.17443817
10.23962433
12.80033356
17.18964983
12.94303967
4.83500277
15.81713431
10.50663674
1.64107269
0.91166168
4.09129987
5.44527814
7.03764073
10.00948028
2.53519559
8.13448028
12.65656472
13.93437610
20.72762024
20.90978910
0.69682291
5.32165558
14.04258977
19.39905502
9.10575908
11.61681849
4.21130651
4.81685394
12.14408356
20.14192376
13.91186835
1.33378020
10.54866578
3.96712157
23.11787124
7.64185505
13.15344083
2.19812167
13.20791667
12.45080784
6.49361923
3.68766235
7.28503325
3.37345523
7.42142731
3.98482269
3.62109375
12.43212766
7.95068484
6.37320922
4.90022828
15.95747396
29.35666361
17.38627106
1.90766678
12.66940048
4.92655364
7.74922761
2.31294769
13.93916778
13.42243573
8.70398603
3.98865026
14.89843750
2.36177582
10.51985594
16.87751884
5.89034463
1.14685090
7.36030475
0.04301557
4.95703125
10.90848349
5.38208444
5.07633422
14.20377438
13.35937500
2.03389683
7.96817930
15.93750000
6.87255984
13.48347961
1.60005707
1.55708832
11.12376995
6.70000110
6.98091644
11.39229278
2.68619626
22.82018950
26.60958582
15.73511303
4.78951019
3.97550476
10.25736481
16.43750000
0.86340301
13.65819814
1.77869182
10.00781250
4.09724790
7.68204898
5.55904144
4.03291778
10.89676972
5.17488586
21.59029144
9.64843750
0.94185394
15.69754599
5.93587655
12.12923094
15.93754183
2.75781250
1.57963043
12.96393839
11.60091312
12.07284131
5.29097628
4.45459109
29.27336608
13.80805741
6.07910904
15.75654810
25.58284796
16.74535541
10.65877881
12.62291889
23.59868378
18.86882092
2.97220856
12.81294769
14.18750000
6.91406250
7.16227172
7.09589983
2.26481826
8.08158356
2.91931183
5.87410461
7.21516346
3.61971631
11.08146055
17.39652372
10.44482048
2.37752881
9.05981383
9.54125665
16.76265846
23.42317376
6.05941046
7.73950133
9.35502106
21.26005097
3.42997285
14.31098959
13.20862034
6.73474401
0.63134766
7.70568817
1.12398161
0.15348453
0.47294098
11.41514961
8.34266289
13.37898493
9.67720800
5.07238365
8.09513741
9.12589539
24.57779034
8.97246204
14.24759918
8.05468750
4.43847407
11.95782826
3.47159851
16.64216977
8.00626773
16.78535794
10.60286126
14.78336547
5.14693705
4.26045435
14.89713874
0.34297699
5.64363586
13.35858268
3.80023049
11.80301972
8.16646332
2.64408356
14.30545989
1.63985261
1.25097656
16.12991468
8.88916888
8.67610594
18.70820701
8.46244791
9.54085328
6.66259641
3.59281527
10.18265404
5.96479943
1.87598404
15.71529144
4.65625000
9.60579344
3.77506593
2.85892731
13.72668052
14.35193276
29.98157120
11.08203125
19.24725954
9.96624113
15.76306183
3.55318207
8.76976729
14.83065381
24.68245235
27.91528258
15.15584663
8.91162234
3.12695312
18.34236259
26.08972988
3.59928967
4.36372894
8.25052887
9.86860927
17.32039616
20.27254211
5.41975953
7.01249114
5.23360261
2.90429688
10.29459220
10.60551307
13.15413453
3.13281250
22.58246882
7.25579565
14.98002106
15.59615082
14.91210938
12.49629544
3.57356937
1.07490872
4.95857602
8.68274268
7.17923981
8.01371122
17.29258977
24.19715757
19.73509309
5.49928191
9.89843750
7.75511636
3.63205008
9.99295989
4.65983156
30.49108993
9.16060394
13.64062500
4.05423981
3.37198914
2.29492188
6.68566490
2.10294991
15.65856716
20.70202294
6.21167553
3.73677582
15.99475067
13.33532248
8.79492686
5.09720856
3.90527344
7.51171875
9.70312500
4.94140625
1.21822113
13.74955231
12.30509087
5.58593376
5.01571365
5.70568817
9.58723626
1.27620733
15.56685394
14.32209830
14.20939273
23.21684120
17.30969083
5.80448581
13.46126219
11.53770945
1.13384086
3.90189606
15.20568817
10.41149933
0.12353516
16.87219083
12.69376773
18.19877106
4.49173981
2.52522828
4.32303303
5.53589428
3.01757812
13.77103170
1.35539256
1.07421875
14.01443928
11.76399158
19.85144946
5.18563054
2.68554688
6.60086880
12.45036015
14.82466644
9.30700466
17.91129765
13.07377106
11.33683289
8.62064606
17.55354610
3.75354222
3.99804688
11.16629101
9.97242021
6.82959109
9.08495595
14.24410128
19.71231993
11.86442514
8.34631317
1.59464539
7.01273216
12.15462655
10.05021055
6.06506317
3.02925753
16.84186060
0.16906583
3.07072085
6.23392731
7.35546875
18.46129655
5.14897384
1.62402344
14.64213043
2.79793274
9.15779477
8.40214206
7.01517731
17.02254211
0.53312195
10.49039672
10.55435783
3.61047706
3.13383089
4.80122894
15.85489805
18.44152925
7.43750000
0.18489594
5.74519836
17.38883422
25.10936752
5.74886857
5.08683289
11.44877106
4.13281250
14.99828292
4.82007646
8.32466644
20.87890625
17.32958984
2.03515625
11.01529034
3.98426196
2.65474457
10.32486906
20.14603668
10.71606383
3.49703097
7.21529144
15.88960661
3.32283632
8.39453125
13.80814606
9.18765736
10.77673869
16.43058289
6.50736481
1.10636414
15.89102837
4.23397163
1.39843750
13.46829234
5.54342641
16.47589318
3.51584662
8.60502106
9.22823028
9.14396055
5.91776706
11.06973931
2.58703956
14.42854610
11.66866245
19.11014739
2.03527925
17.32670074
3.91646332
13.07563055
4.18608820
0.69775391
22.33683258
8.27600067
8.52868683
8.93945312
11.10937500
6.43404144
25.14382758
21.98711297
13.23527039
3.55273438
3.69140625
7.43705231
7.25781250
7.26607269
3.71679688
13.21350067
10.27087433
8.78727172
7.57556183
9.65433622
21.55012689
14.88480995
3.12422761
19.38089872
14.67468417
6.26171875
2.21378601
10.51908356
16.84375000
31.69186533
13.34445920
22.60703292
10.17674090
5.90670766
1.68672761
22.34553580
5.20284463
8.45568817
9.13460328
7.19140625
3.51908356
14.88525266
19.16552859
9.11413232
2.47766456
7.64843750
11.93725399
4.47802859
7.71439606
2.53198304
21.24161680
1.48193484
3.04687500
8.61283356
0.01047272
14.24324025
15.52148936
2.80018229
2.15075964
9.88593640
9.70756759
3.22831394
10.92968750
4.32409575
4.05692597
11.30098294
7.36141179
16.76000665
11.40661901
16.57812500
7.88415558
2.10546875
12.39664672
3.19502217
4.54460217
7.35522274
4.70113253
16.86083112
3.84453235
10.40445922
1.10286375
4.64241578
4.21504045
4.62207779
5.40055297
17.75841756
10.70463541
4.78047761
18.18704234
6.15466838
4.91833776
6.79109929
12.81595856
3.47701019
7.77689606
0.05946869
7.54508422
9.11897828
2.62603951
0.89570358
9.57475509
2.55558289
13.58158356
12.34029144
17.40189606
2.22460938
12.98079344
3.28527925
10.70726729
5.86560837
0.36800172
11.20210661
0.89769947
2.38367353
14.06250000
3.12740082
1.89790863
12.98258422
24.88504599
6.68465647
10.42956450
5.16072695
4.22957336
8.93839539
7.62365692
13.90538482
0.21199524
1.79309175
10.72220856
0.48380555
1.81445312
15.22619349
8.79724401
13.62385860
4.99355996
4.41143062
7.57466644
12.64408356
0.27832031
2.52343750
6.83158356
4.66886414
15.10696920
14.72261691
12.20618018
0.77087433
7.89709442
3.51317986
0.32414132
8.34810394
0.07971191
2.80078125
12.02600067
17.09887633
0.79659090
2.06534851
16.02945922
2.41422485
5.95625886
7.99173981
12.30444149
12.17212101
15.55574025
6.19906139
12.70267731
16.66267509
11.39803413
13.29817376
12.03751524
6.66622229
3.69030917
8.15970856
15.16283744
18.07393838
5.75500333
2.64778812
6.84545213
6.11894392
13.73950133
3.79805574
8.54585661
2.98148714
3.96830231
6.74731383
8.89587433
19.50442266
16.12956560
5.00923427
3.88200576
2.13085938
11.43484819
3.02954787
13.24006206
10.33471742
6.83057513
13.78202239
9.84822695
1.96972656
0.03107696
0.32515473
2.11132812
9.43314606
8.24654144
17.70133422
5.20820701
13.09627133
7.29940381
13.63972961
15.89152039
7.16406250
11.65189606
2.87394226
22.21048981
11.99039672
7.23791224
6.65495124
5.95658356
3.66047097
7.36341422
2.12695312
17.44086991
2.66069259
18.33288232
12.51477393
6.18314606
0.13936371
1.06317180
9.38058399
2.66540558
12.07506982
7.53950023
9.40100067
8.75558399
8.12292885
1.62552887
5.75736481
1.77921570
7.12890625
6.81294769
1.32084137
1.96919769
1.23730469
17.85990138
3.00857990
4.42945146
10.55904144
10.68302305
12.80558289
0.34753511
13.17879211
3.66841146
5.00195811
15.59765625
4.83438276
4.15434618
4.95267731
16.42879211
11.15538897
5.12720412
9.57645224
5.78251440
4.10738253
3.69726562
16.41829344
0.12699465
6.92610594
1.58622285
6.70446808
13.27388519
6.25000000
9.00781250
11.01781915
10.90946753
11.00781250
11.78125000
2.24401762
3.33638519
5.45235261
0.02106751
14.53893950
11.92545656
11.49778591
9.17063053
10.16316711
5.87980164
9.23900931
16.51326352
15.46391369
11.74564606
4.37500000
2.56099457
15.67008422
2.41422485
6.74141511
8.21093750
7.81250000
10.01192044
20.73462101
0.03251129
8.25000000
3.72265625
12.07880874
2.86516068
7.43929078
10.99873560
7.80159796
7.35982269
1.37893874
6.95333665
3.84960938
7.76562500
0.00607681
10.15669271
18.67281471
3.59041445
7.05423981
5.42386747
6.65425753
1.80513519
9.59236259
2.78654366
1.00878906
10.96004211
9.22208555
0.90771609
15.91316711
6.77030114
5.25171210
10.10656583
2.49979831
5.57767731
8.66406250
9.35591644
2.28710938
4.81693263
6.15572362
2.63102172
4.71862700
7.99410128
7.72622784
2.16451518
12.73397163
0.14563051
6.06506317
8.07091756
4.59590979
15.73462101
8.61917823
8.28186502
4.45511747
8.50191378
13.03088099
1.43095190
0.12404326
13.36975067
1.82442293
3.18208832
6.36328125
0.08249908
6.26562500
6.03217975
11.28377881
1.99190215
1.67793855
9.53202239
6.59773493
3.12956061
8.62935394
14.51133977
3.62537898
7.87455231
7.13450466
11.03346409
14.24475067
1.62288453
10.05012190
5.25757646
16.09419769
2.66752106
17.09863032
8.16007757
14.59977172
0.06951904
3.77327515
15.82738697
7.13355053
16.35697418
3.26367188
2.70312500
21.19156860
0.54915406
11.21850399
3.00760583
3.62349955
9.50435394
8.24417747
22.36783688
4.85531139
9.28548094
2.08020113
2.64453125
19.49564606
7.94185394
4.76953125
4.02298981
5.87154144
13.73783356
12.12695312
3.76953125
7.80078125
2.32076019
4.33548981
6.95869903
0.24047914
20.16421986
10.32438608
17.73836336
14.26818817
3.07791833
8.49178413
2.03125000
18.21019947
4.64188940
5.41699468
1.24991883
11.26818817
4.33292664
9.10412567
9.84431073
9.32410571
4.32120789
5.58939606
14.05688165
11.89880651
3.60441101
3.12438996
17.48791748
4.10937500
8.11649380
14.68309176
9.66859374
2.60453402
12.71646720
12.20736092
4.74218750
10.08402372
12.86027039
17.59452239
27.70430076
6.14181072
6.32120789
13.79239805
8.94775266
14.40600399
7.96285128
4.45048315
18.71337766
14.95402039
14.43493683
3.75854554
2.18013519
10.02257647
4.68836103
1.38476562
15.30354610
21.76525599
5.88944924
16.28304078
0.62540711
8.23693817
5.23734154
4.98275155
1.32617188
24.97619349
10.50728612
5.46785461
8.83214429
9.82935505
14.72298094
12.06962160
9.34195922
8.66105164
19.60020945
7.99878989
17.70703125
8.62500000
0.29032379
15.72062164
9.01562500
6.60599762
13.26847351
3.97505707
20.54150266
11.56262300
10.92260306
19.87280585
2.24996066
18.82576103
9.41199135
3.20747894
1.75398742
7.80558289
5.92785240
9.93888741
10.49039672
6.18623560
8.26212212
8.87329787
13.29597961
4.89933289
1.50773133
40.87475399
12.78205674
15.85250720
9.16125333
13.82490747
8.46488807
3.29716035
5.07857269
9.57120789
11.01667775
11.34363323
4.76953125
2.10005707
21.12375854
9.98700688
8.32549312
5.61853058
2.39843750
7.44051086
1.53552277
1.94140625
10.03921986
4.83138187
8.56120124
11.79341644
7.31685394
7.14497894
11.94827904
8.55863807
8.29341644
0.79158508
13.92956450
8.67724734
3.82857269
12.44417110
11.42557956
6.29658467
16.59288897
6.14657801
25.66438221
5.83153923
5.48124550
9.38325023
14.14710438
4.49308289
7.19608489
1.73750886
17.50747784
6.36873227
5.84298758
15.11914062
14.75589872
17.99463015
13.96529144
0.15421539
2.25630707
12.99609375
13.29162567
4.28548094
1.46195589
18.28079605
4.12064606
11.87935394
5.61238586
22.13012633
8.93237367
2.22745789
12.05033356
10.99592642
22.55351174
10.14717310
12.34118683
5.32377106
1.80639960
9.25500333
2.26749446
2.52197639
2.96964539
8.86132314
2.88236979
9.77254211
5.57242797
8.66808677
9.29598459
7.67533356
12.62320922
5.69486481
9.67944149
14.29455784
3.83878601
5.70511747
8.09566378
3.20312500
12.86193817
22.89870094
3.54002215
7.37626440
2.79341644
8.42879211
13.34675089
10.30949911
7.49519836
19.75321005
7.02694038
4.74365359
16.01550200
7.06807403
13.01062167
4.26505430
12.60079011
21.02254211
9.39579316
8.82722961
9.25724305
2.95027649
5.87980164
12.14754211
13.82198028
12.46406638
14.21655585
10.30558289
1.28519808
3.03515625
5.81038453
14.79854278
8.19364472
8.00817155
6.85165115
16.19262633
6.93794769
10.34081782
12.85974401
9.97310394
2.38326019
1.59375000
15.26281583
1.03484235
7.20447805
8.93302305
0.49096742
16.86083112
6.14250443
8.06262300
8.73270722
3.57812500
4.91011193
2.25785682
7.66462323
9.33448138
4.66105164
13.58158356
8.33247894
6.12455231
22.99133145
10.55043662
20.95611147
20.84334663
16.59415337
6.53532358
5.79943817
11.96695922
1.88248781
14.65006344
15.04968417
1.85689301
0.83744293
13.48799092
9.33488475
5.14843750
11.04431183
0.23083496
7.94095856
14.75577571
3.19254765
10.62064606
5.29556627
15.28316877
1.10612062
3.10546875
15.47477172
7.29812944
12.01827681
6.60335328
3.48046875
15.43314606
13.76606298
12.85847961
0.19860996
13.97302246
22.35937500
11.36568207
12.99719083
10.03751773
5.21394836
3.27478058
2.20222961
1.27246094
0.08107514
17.12735961
21.22832644
9.91143187
3.70267731
16.32377106
12.25089539
7.73046875
11.67731605
10.39991356
13.82722961
14.31429078
7.02689606
7.13045102
12.75704011
6.85261525
11.25944592
2.26908356
9.96618683
6.14717310
12.69372839
9.97131317
5.38114472
13.90869016
2.95654421
0.90527344
15.02180408
5.32975842
12.63476064
2.71875498
11.96093750
15.96007647
4.77429853
9.26818817
3.68001219
15.99743683
8.39998227
10.88741245
3.49548371
7.81205231
6.47807736
7.17682955
14.11193817
15.56599291
10.60986702
0.90637550
12.65653037
7.44921875
7.33130319
5.96203458
1.81722171
4.67175200
12.13985261
7.17578125
4.55558289
10.70812833
7.49109042
3.16796875
10.55521388
15.98233821
15.32951241
25.46402704
5.50439827
6.03035461
12.77140320
6.20511747
11.44099291
2.71912400
13.97656250
10.50040337
8.05063209
3.95402039
10.82352505
5.99633976
12.50166778
4.27176972
12.57722961
3.92517121
21.90836547
14.34145723
32.91785571
11.21513408
19.33149491
17.15288009
17.72448201
8.33138187
7.11478576
5.70792664
2.70182126
5.21614251
5.43119791
18.68784908
10.29135527
3.97737921
12.24458832
8.27343750
8.30220302
4.44165226
5.97880097
5.46484375
0.01215119
2.87341091
3.59321864
7.40136968
15.87154144
6.17647495
7.32031250
15.29373117
7.89352282
3.92077792
10.38972961
0.80253144
4.76082336
3.89767964
13.40173869
4.13993130
11.25024601
7.37500000
6.29899047
8.94750665
1.21879432
12.94262633
4.19755097
7.63764850
3.35498670
18.07226064
5.21264960
1.69458195
12.88325023
3.56942708
8.11718750
12.45795103
4.47429964
9.67622894
5.84810394
0.30167664
8.67533356
6.91666002
1.64433455
5.42488586
13.83763963
9.18144392
6.99308289
17.29963487
11.31950576
6.01818817
6.78625333
3.50861426
1.04949246
5.58960893
3.44576019
2.86763519
8.70357269
5.40824247
6.34079290
2.30581448
6.33850067
5.76440492
8.51818817
4.63647274
6.19299534
10.38182846
4.60254654
9.30814606
12.33470745
15.30993683
9.95345966
7.76037567
2.42126496
7.21398272
-0.14664049
8.38435727
9.11624779
6.87459663
6.44511081
10.83158356
6.10412567
16.12719415
1.30721382
9.59285461
7.28857048
12.08642952
10.58699555
5.98002106
14.29218640
0.12915974
18.06049757
15.46639849
5.57466644
7.73738586
5.43839539
2.15669769
2.45463043
9.81871344
11.93128656
6.47957336
9.17622894
9.57287567
3.36747285
14.14562833
12.56713431
6.08757092
7.95658356
7.24129211
21.58581450
5.02420739
13.89522495
15.06197362
1.01615387
12.12756317
0.17305543
13.20410156
18.79243241
9.57821365
9.36193817
4.60335328
13.62426197
7.36011303
4.70914672
8.91227172
4.80834774
6.43697362
2.36177582
4.38402760
6.37785350
8.52868683
14.28962323
2.86512134
3.11132812
14.94921875
6.40222075
6.58606050
4.91613365
2.71053413
13.95524047
8.52356050
3.88276818
3.95316932
10.00296654
4.97827460
5.00268617
16.92064495
2.31914173
18.19945136
4.79489250
5.32991578
12.08158356
6.10412567
9.59810394
15.79882314
4.41300975
6.27376219
15.08170656
7.60201019
6.62845856
7.69921875
0.14544615
2.59688386
17.81920546
3.38302415
10.92996444
10.67554521
5.16963653
5.06819703
9.50781250
3.31880707
4.35033744
3.78442819
10.09285461
6.58292664
16.16405752
6.08744791
6.61539672
12.29431183
3.33878601
5.94531250
11.33096853
5.82137522
2.67187500
15.91166168
15.59960938
17.82022385
9.98446365
11.62064606
4.86759087
13.98397163
18.49068207
9.42773438
12.72237152
17.83149491
16.49487367
4.69881538
0.36641761
4.93977283
8.22977505
14.92570755
4.02058899
7.89152039
3.17879211
5.32946808
17.93570922
12.57148826
7.20329233
8.30904144
5.37695312
6.80155364
3.36250886
13.34239695
6.75525930
1.58353668
7.58666556
0.02559854
16.49365234
14.54320479
12.73072099
17.69086991
9.91069259
5.26562500
4.80859375
0.03932678
9.70210661
1.36767703
17.79999890
4.29419880
0.59090149
4.39855552
3.21578346
11.46183289
19.56225399
7.91084995
12.46011954
3.92069924
6.12109375
20.24873560
15.33312833
6.82393838
17.93306488
18.90180741
11.53825576
3.58068817
4.19018617
2.58007812
7.51953125
2.69335938
7.05033356
0.36840820
0.00557465
1.46227311
7.03825576
10.31070922
4.03771942
13.90029699
4.77515957
1.13724762
5.45356273
7.01864583
9.18033688
14.23261858
10.88827349
3.09134918
7.52779144
8.97928303
3.53243572
15.70031583
5.21765292
0.99068207
11.77510528
17.32096188
2.53194370
1.99894226
3.29101562
19.40189606
11.87043440
7.57129654
7.45601286
7.88651706
16.97896332
4.88162678
1.59147717
7.24218750
12.86277926
6.64067929
3.75675476
11.67879211
3.19816101
14.83886719
21.06419216
16.97637577
16.48437500
3.91060394
1.83060699
15.92447252
4.23067044
9.02800310
3.79838043
13.05126953
13.49112976
16.68750000
11.87617576
3.90507424
12.52643839
4.23918661
21.13545715
15.41715204
4.54537269
13.45295767
3.36149545
20.61193817
18.02152372
0.25350101
2.47070312
9.18314606
6.88716644
17.25000000
3.24063276
7.27800310
13.70658356
3.78722740
7.16288674
3.53365082
8.21548316
7.14299645
14.15625000
20.94051086
7.65856217
2.95215591
20.30399380
16.22879101
8.27047844
10.59211658
1.75057568
1.84960938
7.62097075
9.63410628
0.68753436
16.49459330
7.25927859
1.42045074
11.64269615
2.02331948
3.65820312
13.47196255
13.27945922
15.18021886
8.53560394
11.27050532
13.34489140
4.49743683
4.94966644
3.36559467
2.56067486
6.98828125
9.48693817
2.57165558
2.42028591
8.83707890
13.54483821
4.53373448
1.60644531
16.65087766
1.64652621
2.35201019
13.72663121
2.02682734
17.28256316
4.33525376
19.79642731
9.51037567
18.37679078
4.11763519
0.58886719
7.83300532
7.57279698
11.44225732
2.70446808
2.14669104
2.48902756
19.95442376
4.43229499
14.89908688
0.36112644
10.74747119
0.99178662
17.69078749
6.85266954
12.88614805
16.90165005
4.43095190
8.51114805
6.65563498
7.76388104
2.51517731
16.93135528
2.61792054
13.81895945
5.86463430
5.19486481
4.14107269
0.47265625
8.11629211
5.74482685
3.56323803
13.72656250
3.80187833
10.85783023
9.05122894
13.82031250
16.44550920
6.90454787
10.73604278
11.57283134
10.82784463
3.58203125
0.00455093
19.01908356
12.45507314
0.97310893
3.74218750
8.76037567
9.42666667
0.68653341
5.91828347
4.12814383
12.30025238
15.91316711
13.96760860
0.98311558
2.43733765
12.97094415
7.28251440
2.30708832
6.10156250
14.28779810
1.61605108
5.59029144
9.89754211
15.79255541
1.96029310
11.70133422
12.04259974
8.88308020
5.28515625
16.56250000
8.50948028
11.30203569
2.35840591
13.63537567
1.63663758
1.28951019
12.23783356
6.18993019
3.70460106
12.22487479
7.80291666
10.29687500
11.54162567
1.48474152
7.83715758
1.94755097
18.71560866
1.73503435
6.95295767
4.64079233
1.79447418
13.44531250
4.43448416
0.13432291
1.84525543
16.41479056
7.56132424
1.46964539
0.66796875
2.80423981
9.47477172
13.22220856
5.11161347
12.47138188
11.38363918
3.56925476
10.69095856
15.68570922
7.83385639
3.14103834
10.96350067
7.44962586
21.02510528
11.27176972
15.39575133
14.22208555
3.90214206
3.47656250
6.24132647
5.02295545
9.43839539
14.83068817
3.49938996
7.84375000
2.03816711
0.43884308
2.63867188
12.81827571
14.67948083
18.65332280
10.20349401
11.76456726
6.72509766
6.50736481
2.11568207
12.83992243
9.17444066
6.79764739
2.91658632
8.67968750
1.69327820
5.04259974
2.47693151
2.20703125
12.99747119
9.06530917
2.81026651
6.21093750
10.98412899
17.19466312
11.28270612
19.34013408
3.25110206
2.88610373
25.59859596
9.46708222
22.39062002
4.15865580
15.79162567
3.27184841
3.66353612
13.37666778
14.66381649
13.49373227
7.42672096
0.68990082
12.06941711
1.23234070
7.59228391
3.10550560
5.96635416
19.21710661
6.49082003
8.40010528
5.05257203
5.57535018
12.69462876
13.96439606
13.65279144
8.45031583
1.27632785
3.55651762
14.23885195
3.11673981
1.19620789
17.67773438
12.17700133
8.20312500
10.89664672
20.04264406
9.96875000
1.40474457
6.57320036
12.55598626
3.20284463
9.44469748
4.04749002
15.87299757
5.92908244
6.66487921
12.62064606
5.37198914
4.56384308
10.81685394
1.76862589
3.64153036
15.56944150
18.00042331
4.36807791
9.76278147
2.43359375
8.50926862
53.37309618
12.07902039
4.27343750
4.67053192
19.82323850
10.90217642
9.99382092
8.55558289
1.85253906
12.00512633
5.50614472
12.08336935
18.48888631
13.05973515
22.02058400
12.22579011
9.79724401
3.86869791
7.30200133
13.01903923
4.15552194
3.80078125
6.16015625
7.17309508
9.64754211
3.60860261
14.67533356
9.76891623
28.92622894
6.96028812
13.02779144
12.62438498
10.67721298
4.03906250
17.25482053
17.42227837
3.35262522
13.19787567
24.83577515
4.69531250
11.28971188
18.51696933
4.85591644
23.44597734
24.59668218
4.06465979
8.31339539
0.78397676
1.52148438
10.76025266
19.50643007
13.65714539
3.08052582
17.03756620
0.24381593
2.41874114
7.60681183
0.68143769
12.03637135
29.35514406
5.85079011
14.07861702
3.04626496
1.24023438
13.34569814
3.18901041
15.51660156
6.61193817
1.91487672
22.06607658
27.91918883
5.04749002
13.26513298
2.99463264
14.83052582
5.35502106
13.62923094
53.87934398
29.03377881
6.96028812
10.70939273
7.47253325
19.07792331
6.75329123
12.12024268
19.24550104
7.24231050
8.68799202
2.61568207
4.40970856
8.73628380
6.57645722
2.42163397
5.83247894
17.57608821
14.23196920
3.78959884
1.08886719
13.27901153
24.43041556
17.90596963
3.53108765
11.14359154
6.09334663
5.91869681
9.38688608
2.73828125
26.04361813
15.25142177
3.48470467
12.51012966
9.26676640
4.79341644
11.30200133
21.59554078
3.70206726
12.50756649
9.89281915
5.47371897
2.20597351
13.12775488
18.55526817
4.51574800
13.87577239
2.83561281
20.73286459
12.53959635
1.84863281
15.86783688
7.95158023
7.52779144
18.11428968
5.01071032
1.28169769
12.97570147
10.40532025
10.82108489
7.74967531
19.92036459
6.04704233
3.64286347
14.42317625
14.53714872
2.00398991
0.72119141
11.62410461
12.44074690
8.44230662
8.63932624
22.36673981
3.28755707
9.91796377
8.05281555
5.89412788
2.77205507
8.22143617
23.43534021
4.54032690
6.77343750
11.11795989
1.67981050
8.92171016
7.79886747
8.97176086
2.68168495
12.13525266
10.84887633
10.57568484
19.46056849
11.01509862
7.15690187
6.17834442
5.33292664
13.96378103
12.89615470
8.66952349
7.45100953
9.04752438
6.71073581
7.84976175
10.94666555
18.24751801
22.40429688
9.74475067
7.06774933
15.19859376
4.51836546
18.46618683
3.31160461
15.81339539
19.49519338
4.47717752
13.13895722
23.19807735
2.49995568
5.63444592
12.88179411
11.74938498
2.87663342
18.56750333
15.31787234
9.21618683
8.73437500
1.91796875
11.60567044
14.78829011
10.34822695
1.75781250
14.70418274
9.84044881
3.76591533
3.93945312
12.87500000
16.73453143
14.45276097
3.28894448
16.06103391
9.77099734
0.88570160
8.77689606
4.56436946
2.81258366
11.70535849
16.91030364
14.77542063
20.18705231
0.35538758
0.71582031
17.45221954
8.71093750
4.19576019
11.25417665
1.05246398
13.40067099
3.39185006
14.85387966
11.80395695
4.57165558
6.25390625
7.82812500
20.10941029
2.30257701
9.56685394
6.71305297
12.48644615
8.12382424
6.73828125
13.92879211
8.32954863
4.67199800
14.61629211
1.01330037
1.76351451
6.09375000
14.75000000
13.33210993
24.09350399
9.92672096
3.94108156
12.52254211
14.28369016
7.57234680
10.38269199
7.49609375
5.64497894
7.95658356
10.00077239
15.39745097
3.18283133
4.07031250
12.02928192
5.16647827
10.65189606
14.77689606
3.79341644
21.09848738
4.74480994
3.74113475
17.94775266
4.54443484
5.00736481
9.06250000
21.07031250
8.20747894
1.20703125
20.83243711
12.32738697
8.39494459
15.05777704
0.08659124
10.50512633
15.61340425
19.54626371
19.71044548
6.31356272
2.26322418
9.35835661
10.37166445
15.12923094
18.25247950
12.09208222
5.42704565
11.89693207
4.65234375
2.67187500
19.18540436
7.46830231
2.48331726
21.18705231
6.78470856
2.46183289
16.06400543
6.40625000
2.16451019
16.24369293
2.54101562
6.45267731
2.36417664
11.20124557
20.01245740
11.13089872
1.09314245
11.64932541
14.95862533
16.99173981
8.21862700
13.45670656
20.31437195
13.44917443
1.64022163
5.49308289
20.90592406
8.14652372
1.36849124
11.81506317
16.74820922
14.75540670
3.84102947
5.03169769
16.78816711
15.05981383
3.48059175
4.17317189
10.20793162
14.44787567
4.16695036
15.15230441
5.38057403
8.10424867
10.21350067
0.17386840
14.20776429
5.13191711
14.85591644
14.52779144
0.54687500
19.97805298
18.11203180
8.41817044
7.92773936
3.57767731
7.12263852
18.51293385
4.09684951
17.83967642
6.55794437
2.52665503
2.15820312
13.78677970
9.89201241
17.94701463
10.04802138
11.52140071
11.59541778
14.30326573
22.93493683
4.36014739
3.01289949
15.11283356
0.20821137
14.07474762
2.15820312
10.80122894
17.65767426
14.54854278
0.25541230
22.95401541
7.50842752
9.18225067
9.26195479
7.40735704
7.17834442
9.39550532
5.43050421
17.57035309
12.93554189
3.88676307
3.41207003
15.97265625
3.83984375
15.14855552
4.18933510
17.99654144
21.23079344
5.58907136
6.18750000
14.31639628
3.44141622
1.32954926
15.30423981
13.59375000
0.98775238
15.76757812
19.28275543
12.64497894
4.58593750
8.14843750
4.63016069
6.17017287
19.55200133
23.20775931
17.60937998
26.46365803
7.26290447
13.77343750
9.92187500
7.50826019
5.68004655
10.40621564
21.95938993
11.27278812
3.85681183
15.51818817
11.59508312
3.28215536
5.02689606
22.54515293
10.37928523
23.54463653
10.63639406
16.11657248
19.70764627
12.49129211
5.00915558
17.41393950
1.31901125
0.74800629
8.09988476
1.61300587
13.09916168
2.39603668
2.83247894
17.17866163
15.88135638
1.37890625
24.33674424
3.80388076
19.76891623
10.84533909
3.17090093
12.59195922
9.49654144
2.09509308
7.57519282
8.02453458
6.15417885
7.45703125
18.94486481
18.43827239
12.78092531
9.02058899
11.43391844
6.62333222
2.53544160
5.05483988
20.66110157
23.63894726
7.03260305
17.50948028
6.82645722
4.33959774
1.87569370
7.06673094
15.49650148
6.31054688
19.24149411
16.50716312
11.02343750
3.87511802
3.01160073
1.93554688
20.42923981
4.59765625
4.37109375
11.66752106
2.41886414
19.00345856
3.96529144
6.98738586
12.16381649
21.59171321
9.06478280
5.14664672
16.66634156
17.31056483
8.33797429
8.32120789
0.25777191
21.94695139
15.70222961
0.96773285
18.33325133
21.50109209
3.30042220
3.81490082
13.58210993
11.27681737
2.98046875
11.69966644
1.80761719
10.79662899
4.26196476
9.18225067
15.03259308
4.52254211
17.04011525
3.05994182
14.62544769
15.61416667
19.60266954
16.44677859
7.69864805
6.33606050
5.24564606
2.23962433
12.01525599
17.10017509
16.54427748
3.99910461
13.16737811
13.85422428
12.35437167
4.22924867
8.91520390
10.19266069
2.88351119
10.82377106
8.90100067
2.05887910
26.86197252
10.16838209
27.48482269
28.28946587
17.67813276
5.69556848
15.01216644
2.58443207
14.67879211
1.30598626
5.23397163
34.79117797
6.60892731
5.36071808
21.45637689
4.57381538
2.79146332
17.48950133
6.74487367
11.00512633
11.34146720
13.30212433
3.12231881
15.20287899
1.88350620
16.96101618
8.22171654
3.65230939
14.46720025
14.77803745
3.28841312
15.69945479
11.90266844
6.64201739
4.17968750
12.41214872
2.21525210
13.74950798
1.89502327
1.87695312
20.04679258
4.48885195
3.26562500
21.30814606
6.64497894
4.05423981
20.37381926
17.06518617
9.85245789
4.60892731
17.37190672
9.06518617
15.33850067
17.71004211
4.15950189
6.22839760
6.67187500
5.51953125
1.59497008
0.03796449
12.15100067
4.13122590
14.65625000
3.74849457
12.73860594
5.44583888
3.55578956
3.93164062
14.57930076
8.13074135
8.40010528
16.65328035
18.10400266
16.54353945
3.29915282
5.62166445
18.83158356
11.63191711
19.83683289
4.85156250
3.86914062
8.75000000
10.80114030
-0.10391526
8.25043773
1.30770833
5.27779144
8.20825133
14.47847130
7.59916604
5.65580231
17.52734375
16.05891844
8.22383201
9.55619791
22.50813470
0.22542110
3.60075077
18.26309619
0.48690381
1.17187500
21.48978668
6.32812500
6.25000000
12.86873227
6.75256317
14.35599513
7.61601174
10.08504211
4.29138215
7.46138519
18.44738365
21.35994072
7.89339982
16.46650177
5.18570922
8.42801972
15.75410794
16.53075798
7.09404033
12.68827239
2.53092531
10.46158127
5.68714095
2.97310394
11.97285794
14.17000056
17.11617409
17.63321587
20.43034186
5.01139406
10.33548357
18.50947475
6.68132644
22.51306183
18.91027427
7.06148161
25.97294658
7.05647828
4.68297374
11.10189716
16.22310394
5.53304078
9.10130652
15.82798206
27.19436834
15.85863697
17.27917885
6.69555851
6.35846964
1.98332723
12.21004211
8.94966644
17.65498560
8.36409796
6.72355164
14.09907552
5.65942819
3.74247285
15.54150266
10.75793550
10.88439163
5.57349069
12.91020057
19.24198332
4.47623781
9.32405142
5.09001108
20.86995235
1.42399296
9.33593750
17.01367188
11.36193817
2.77111536
11.43765736
2.86048204
1.00630707
16.71793485
11.16625665
1.36104776
15.30635528
7.25109708
12.39896388
14.28438386
14.57213764
16.54069592
16.50919991
0.98042816
27.03918301
14.64924424
9.38827349
2.71695922
5.19319703
9.17622894
2.87304688
20.17809841
18.24410128
0.99674562
18.17956450
0.48063234
2.06640625
17.06070673
65.48791224
6.12439494
11.96381539
7.77670434
3.32421875
15.94596188
14.10046542
2.75976562
9.59810394
3.42382812
5.83556849
1.04236120
15.12401596
4.27397384
7.01997894
22.11523438
6.71565049
14.25561835
12.97387633
4.44189827
9.95670656
2.38281250
5.13744681
16.69242909
7.06420765
2.50826019
14.91316711
15.76985594
11.73437500
17.87421430
11.11051640
1.21724457
11.57034686
17.17289339
12.04928080
6.49654144
18.93847407
4.25260251
4.91052526
18.55252771
4.93376108
27.03982990
14.34899933
12.03455119
3.88663509
3.57670323
7.19456450
5.98467530
19.78185506
13.22965702
5.73641179
9.26574800
5.26953125
0.65620941
1.93457031
13.89476729
3.37822251
13.17443817
4.87438498
21.39648936
18.47900266
3.98238253
8.15523161
0.91463320
4.24218750
17.80305408
3.81067486
13.91048094
6.98405031
16.15165005
1.66235538
3.71138519
24.00183012
19.28165337
3.13253213
13.59631317
10.07275266
11.86039339
6.43493683
14.72360105
7.42805408
4.02263076
31.43196532
18.90470025
6.18965979
13.05570589
2.34615082
1.12617015
1.53667165
12.86169216
3.76436558
7.28572197
7.33297096
20.47505707
0.60196961
12.23197418
7.38749114
3.73360261
8.58374023
2.95084220
4.32291999
5.69591756
4.06458111
5.72009308
4.83569149
3.40905917
4.52478058
7.91316711
20.86680852
3.77682734
25.93839539
1.91495789
19.81444814
3.32768229
12.99564606
10.47708888
0.66687292
1.88671875
12.45836935
5.94010749
6.93807070
8.16149933
0.15104156
4.61673981
3.35050476
4.40523161
0.10087191
3.96484375
14.91141069
19.90189606
13.21875000
5.28723736
15.09041445
6.30021055
6.50838320
20.69093406
3.26880319
9.96594083
3.64298648
7.21398272
1.47156416
15.68154699
3.24423426
9.07031250
3.24068207
20.96701963
12.20833001
5.65930518
4.36657248
2.66825908
18.05045158
11.35294991
7.15759308
5.99519836
6.98046875
8.91841644
4.34029144
21.65640736
5.31266733
15.88265015
3.26892121
4.65416889
3.32870068
2.20703125
6.80590758
13.49560173
6.45752327
7.72489472
2.44966644
5.68424313
11.31966312
11.23604278
7.71113919
22.57144892
4.84001108
19.06380250
2.54146332
20.24324025
3.29386912
13.84375000
2.30513519
1.11328125
5.31640625
10.32633422
4.98135417
14.27735372
3.79191101
16.88016069
12.00805851
7.25305518
7.68294437
4.51550200
18.89031557
7.56294769
10.26716977
2.79789339
21.09313248
4.14897384
4.29252106
13.06200798
18.28637633
5.94145057
11.99308289
4.95235261
11.54585661
6.21427305
7.91520390
21.69429411
11.26264850
5.82040115
13.02075133
6.57690492
14.59936337
3.69209995
10.13883422
5.78214539
5.94844138
3.11377327
10.73360261
2.94095856
20.99462766
6.41809175
1.23669465
8.32006649
0.15844913
0.81148285
10.81445312
9.51562500
4.58158356
5.79296875
7.45714429
3.03158466
12.84094083
8.92468417
7.02819482
12.89368018
6.46862700
8.25268617
5.93346078
16.02078901
7.19746980
6.11633643
1.73811890
8.12349457
2.67142731
6.88191711
20.02066268
5.88168107
5.02440160
31.28079027
4.95137854
3.29443484
9.02449025
22.12634807
7.49072141
8.86107713
10.26750443
16.59554078
12.75585938
19.95999779
8.86332557
11.28869349
4.27848515
2.23254488
5.28125000
5.63281250
5.37845856
3.13045102
2.29923648
15.92272607
10.31453679
12.59899933
12.31685394
9.63639406
14.61990803
5.94995678
3.34504876
7.79993018
14.45031583
3.77819482
5.81612588
7.54085328
2.67622894
7.00736481
6.77331450
4.42590425
4.93013519
12.76883755
2.86202183
13.63976397
4.77039228
11.32767731
7.29764739
20.43883312
7.64441821
3.00040835
9.96044548
5.44490913
6.45402039
18.02445037
7.88525818
4.55814606
5.95792664
17.15563498
6.07349069
13.05033356
9.39241578
1.29740387
1.97115082
15.51012966
1.80432347
3.97851562
14.62845856
4.59375000
4.57275266
8.30660128
12.51358821
14.06799534
4.79687500
12.09366384
8.37821255
7.63021498
0.26704926
3.07661957
11.97236592
7.69425975
14.97382204
3.79180296
11.88806183
0.18566895
26.55635528
8.15335218
11.82154255
0.97412109
15.26155142
6.56168329
1.80567154
1.86718750
11.90758810
9.28690769
5.74112478
5.42721298
5.58268063
6.35526706
4.32140958
23.66597628
2.58052582
4.19300228
14.88369223
6.44010998
14.48527039
18.87401596
2.19222794
6.91015625
24.05256206
5.78593860
12.70399514
10.99507785
6.17826573
0.85709594
2.95642121
0.86031098
5.04784907
6.43998448
3.77376219
1.22265625
9.97054078
26.64196808
19.10570479
10.84033577
5.23868462
14.10087876
11.17968750
2.24849457
2.08336374
11.45358266
13.06160461
17.76240622
12.31311502
14.76235816
3.57703789
14.02192709
5.13069703
18.10172983
3.58939606
16.64473294
4.55003325
24.67721797
5.94246897
15.22823028
2.01440492
15.08923091
6.14196808
0.75988988
12.93151264
14.18387910
10.56189494
10.20222961
5.83894836
6.13850953
8.46516844
11.23559010
6.61979499
2.41231604
2.16015625
17.96056849
7.40617132
3.43684065
6.35657579
3.50585938
11.43781971
3.80395944
6.06715846
4.73872894
1.72456754
3.86535738
8.01261414
16.13018507
34.35178911
3.97220856
3.89731301
6.13190269
15.71093750
0.04656982
4.35892731
9.51216644
17.21048981
5.91796875
12.94787567
10.49324025
15.32690990
11.38281250
9.62845856
4.01997894
23.66787013
31.99695915
5.52206006
11.00206865
9.19784131
6.46016511
7.37291889
6.23690381
4.76171875
2.49023438
13.41644837
4.99326019
13.77229610
9.50114140
12.73708556
7.63054964
13.44803303
5.48722850
19.83768396
6.25696143
4.50915558
5.73246246
6.22285794
8.00128086
10.03995789
5.75308954
5.13696476
4.48449800
10.85156250
4.61328125
7.21919769
21.86091977
12.86910128
10.89831450
0.55871675
3.33833832
9.91829344
13.69108156
6.09285461
3.66886414
8.16658134
2.68302803
13.53881649
14.96268894
6.33247894
6.58939606
3.99804688
11.52822917
5.81552083
3.48872894
17.90160572
5.25057070
6.05831338
2.00000000
2.48872894
10.36328125
2.64213043
12.44006317
7.71964539
2.78605164
2.18119293
3.23242188
12.29341644
5.55423981
3.59753325
7.98885195
4.04267873
4.72892398
6.21206436
4.22009308
19.62654477
3.23824191
18.13048538
2.07654587
12.93012523
3.25000997
2.50345856
10.47968640
5.64006427
6.70446808
14.43750000
5.64346853
2.84888131
4.40804078
13.28906250
2.78169769
6.92142731
2.95942709
5.88443595
4.19686724
8.98750388
12.00911126
3.67057624
16.34887633
6.69950410
4.62544769
11.35066711
7.60847961
22.75988365
14.70105385
13.50414728
8.25305518
1.64107269
10.33800865
11.82503546
24.02554300
25.39181072
18.82349069
17.83988309
5.62492132
5.83984375
12.80240470
12.72705452
14.71967975
10.74740248
1.08203125
16.99336326
16.54285073
4.71919769
3.42036957
11.73514739
14.14497894
3.25809785
14.55247341
2.25612034
4.44140625
12.90538897
21.10498670
3.80021055
2.82072085
11.86543108
13.14176640
5.85596077
13.23380617
9.37450798
2.50244514
13.71699358
3.27519392
3.21529144
16.27075133
5.22562279
5.72058510
2.88220246
6.86457004
7.45768063
13.16992188
16.00762078
7.84757757
14.32815936
25.51204344
5.40633865
10.19530752
6.32271830
16.20597351
0.38248719
1.55708583
7.36954898
2.02160738
4.38671875
15.76729278
11.59899933
18.18727257
6.55863807
16.13313719
8.53995789
2.97233156
10.86795989
0.11047426
17.47517509
12.85730385
2.96980774
11.97220856
14.83223294
4.91084995
4.53125000
23.40583666
14.34554576
2.87601839
8.31160461
2.26847351
22.07694488
17.26484265
4.33281360
19.70686392
3.34001108
21.70194426
4.59688386
5.41752106
13.64062500
20.72345302
9.70216090
11.12666778
14.24715647
7.94160111
9.26818817
8.69877106
1.67118379
6.19668994
22.91268007
17.82422373
8.78906250
9.71544881
4.32307735
5.14551529
25.58170158
5.68754432
5.42366578
2.16451019
10.33878103
8.38419991
5.31563386
1.19824219
10.93404144
7.20673095
2.26592530
9.20351840
8.61801418
3.13354554
9.12845856
11.09375000
0.89754211
1.41638215
1.80468750
9.86914062
10.27004766
7.93653590
4.01953125
11.66739805
11.68916778
4.65905917
12.34375000
8.20312500
14.57470080
3.39449689
15.27343750
3.42382812
9.61718750
0.48563504
25.52038232
17.66601064
6.14755208
19.37970302
22.36744348
11.64362589
8.71034241
7.59863032
6.07369237
11.32543883
8.52958222
3.56517620
3.11406360
6.89102837
2.47074745
7.62890625
9.42243573
4.46428302
2.04101562
11.95735594
0.40543703
6.99312348
5.03906250
5.48291016
12.82474762
6.89062500
12.34375000
6.44576019
0.61767578
12.89489030
2.77282746
11.18144392
16.41752106
11.38179411
3.54748006
16.64059064
1.40474457
6.18839539
14.17008422
5.17968750
5.02522828
16.09866468
9.17823138
2.91841644
10.00000000
6.11328125
5.42865914
13.95333416
21.29382480
3.94580452
24.42178635
21.89132369
13.87052305
2.17533106
1.71667885
5.44486481
9.36465869
9.09192486
8.79341644
3.45808899
8.65714539
5.60982269
13.67085661
11.50793550
3.09720856
13.53381317
3.12438996
3.79235871
7.51037567
3.08532746
16.92923482
3.76021830
12.49023438
15.69262633
4.76427195
15.86854055
10.93981716
2.83435339
10.68302305
9.40782913
1.22510638
8.42187500
36.76320399
8.25488032
5.55619791
10.81685394
10.11193817
7.14575133
0.20076601
9.29471521
1.76778479
15.91958971
4.77250775
8.18147828
24.11718750
9.26753754
19.94269504
10.00607601
17.91344748
6.65686502
2.58203125
10.95902372
4.98571808
2.21932070
23.61718750
11.33984375
17.20389739
11.14766511
2.32466644
14.22045213
7.72831892
5.20312500
8.68660461
8.57018950
18.79084830
8.87227947
19.09960938
17.65625000
15.84338099
6.51990026
1.45658356
15.16031860
3.69079621
7.77823914
8.93482910
3.55705895
3.06835938
15.29536459
6.48633311
9.24002771
13.52124335
10.87761007
1.40510291
11.33825466
5.27950354
10.65637300
5.96740692
5.78906250
17.25000000
3.50394247
3.48934397
12.38627106
25.60502106
11.38260085
2.00696642
12.20739030
7.42888076
12.27603502
6.07898603
7.55122894
17.51517731
7.46211480
4.07567541
13.44364472
13.66406250
9.90754876
5.71521276
10.15893617
11.92700133
1.74145446
12.52189273
1.13321462
11.04187167
3.33073249
5.03426086
4.84464539
14.20470413
5.00566267
7.41809175
4.61022607
-0.06143853
1.43359375
11.48392731
5.93021388
9.04878878
5.21630984
10.16406250
14.35156250
4.39648438
15.00000000
19.89156098
19.09764628
5.49565602
5.56961880
9.69209995
22.72195791
16.83521442
4.02751108
8.36104278
3.25419160
15.60790891
7.23059175
18.38752549
8.84180186
2.06889073
2.52734375
6.35591644
1.35229056
0.14628518
4.53515625
12.04064163
3.53793107
15.32193346
12.28597296
20.26526097
18.90368683
9.98299257
9.33971078
12.72356161
3.33410738
13.98425200
10.79687500
15.52266511
0.02237976
7.14017731
20.03560394
3.92240387
4.71093750
11.95735594
5.45324800
8.79943817
35.63301356
18.36397495
4.96382536
10.76973294
4.28520057
12.66752106
3.66060394
29.63968778
24.92952515
3.84147218
30.58853502
28.82613253
4.33187389
12.32930076
2.61426030
1.83964206
12.09285461
15.45214096
5.73625443
2.92533356
13.66141069
11.43090758
2.65617630
7.08984375
9.85502106
10.52945922
7.19576019
6.00915558
2.23242188
3.17248504
14.09029144
22.58611054
23.92685321
6.84017841
6.76127106
1.30070008
23.15307181
15.37092642
10.42823138
15.45312500
9.53384752
2.40650099
5.46830231
11.04740138
12.08308649
5.20597850
22.95613586
0.77913453
1.47251632
8.34908798
1.66210938
10.73091644
9.39819149
9.65214206
7.18359375
12.25500333
8.59057181
5.78979554
9.53328679
9.38843085
21.44280808
5.86924423
13.07763298
3.84770057
3.29418883
15.22647385
0.46416001
16.68570922
6.72835328
2.73632812
17.66730940
3.07097185
17.25482998
4.06754765
14.18517537
17.65568553
14.60811060
0.73218085
9.36311392
2.32243295
16.00552970
9.88871122
20.15609264
21.62548704
5.89760584
13.21815491
12.01265846
3.92818207
17.42451685
17.11527372
4.06132424
8.76562500
1.72993988
6.75000000
0.05231720
23.35065714
1.87049368
4.63236481
22.97900266
8.53121066
14.57417443
2.03520057
3.58841949
13.67187500
2.22611481
20.72200189
3.96444038
18.60354500
21.38864250
14.57327904
7.91109596
27.04776042
9.02405252
2.93599955
30.99936504
15.37187610
17.69984374
4.94409242
7.17219969
1.92155031
7.37845856
4.87544769
5.03682403
10.46300865
11.53072362
13.44376773
5.46516844
0.67476535
15.19733932
9.62598404
2.18884308
16.82377106
13.17879211
3.17472351
14.06294769
4.28906250
17.30330009
7.76265846
12.74913897
17.58195257
12.92672096
7.53951019
0.02684021
6.16406250
7.75345856
5.79732269
0.01681519
13.79780475
18.88684175
6.45886635
5.43416445
15.99274823
8.75289782
8.81685394
14.42533356
9.69698028
16.11987367
0.27270508
15.25858489
14.48375998
4.38265514
11.11629211
7.38273133
7.32031250
8.88716644
1.54032192
0.10982456
18.06941711
14.17818207
3.25781250
3.89497894
13.31941711
10.76025266
3.51598405
12.50756649
13.03260305
27.04771057
0.09726837
2.59810394
10.46878436
10.55212433
17.85962101
6.23230385
6.19531250
10.98693817
3.63850953
3.22721188
15.34370568
4.81192930
8.06938275
2.16060394
2.01607269
2.94531250
6.51223516
10.15182734
14.19864805
0.19808047
5.83101286
4.37601839
24.99668365
7.01647607
13.13240913
1.70507812
14.57396277
3.52889849
9.53613032
3.77507092
12.73693817
3.92036957
2.62154144
12.15356383
0.51680574
13.09467975
2.60140514
4.36258256
6.77486923
13.92276541
5.61857491
5.32389406
3.43554688
9.19429411
6.34281527
6.87500000
18.69494349
3.36950964
18.81250000
2.10591644
15.76037068
13.73872894
4.17818705
15.64107269
3.39062500
2.78959137
7.13281250
4.01607269
16.60721521
4.14669104
1.76074219
8.40612700
3.91132702
1.39153036
0.06945801
8.03381317
9.84924036
12.58797429
6.69067445
19.69185394
3.74458832
8.49129211
6.94185394
14.96289062
9.00000000
2.86132812
4.88716644
13.21350067
2.58386137
2.34256926
13.96106050
13.76770113
28.32421875
3.63281250
7.61975067
1.80159547
0.67431641
8.58504211
17.19445147
1.54277205
0.90429688
17.48928968
16.13802249
0.46211326
4.34899300
5.64843750
6.31551086
2.36885528
17.68440548
5.31018284
3.57051419
11.44596188
2.41439217
3.28949773
7.64311945
1.91308594
7.47220856
4.25345856
8.46093750
1.18448914
4.25150543
3.02392454
6.54655031
3.72839262
0.89652621
3.72009308
0.25272613
1.94006317
2.65218140
8.27600067
9.29369681
11.59834995
0.51798773
4.31538786
2.60213320
4.38326019
14.56445312
6.77990692
17.19494349
6.17085661
4.73576241
5.55790005
6.11487034
10.38793883
0.67696199
3.98705619
4.13163674
4.17968750
2.94368407
1.45520113
11.19477616
12.01188608
0.32409948
4.31538786
1.96691988
7.73091644
9.67879211
11.56151596
10.75444259
9.23181183
8.93314606
6.03995789
6.96048981
8.62154144
9.68314606
9.61836326
6.34053745
15.38680241
3.89453125
6.66015625
14.80635528
7.85534575
8.29533023
6.98242188
6.77197141
13.65035128
3.53666168
3.63822418
8.21732325
5.32190159
3.25809785
8.60066711
0.37976105
9.66752106
4.31685394
9.73783356
12.16796875
13.63067871
11.51997894
0.22774262
10.27017066
7.49110039
3.60424369
4.61091977
2.53634197
5.67968750
7.71529144
0.29903168
2.64408356
6.88102172
0.39974000
4.29899047
9.94799369
6.85217752
3.03169769
13.68029785
3.97709137
4.25536736
10.93799202
5.05708832
8.96439606
8.73091644
12.25390625
36.83089203
35.25651301
17.97904200
5.74145944
6.37813386
2.58398438
12.73445617
3.96582031
4.25536736
12.46464206
11.66064329
2.40962987
9.96234140
10.95287899
17.02103170
9.77519392
6.45104389
6.92485150
12.54162567
12.04996454
11.62764808
3.30537622
9.31152952
11.85201019
4.11641013
6.72148049
4.68122729
6.93010084
1.96236176
17.67700133
11.25280419
4.00158909
5.12524601
2.77343750
4.22265625
2.85937500
4.41406250
4.27298981
5.43220385
6.59973736
15.64575133
2.23164949
11.45926972
4.79252106
9.00000000
8.15970856
7.72745789
10.74552305
1.57531832
14.52757979
10.20329123
7.64644503
3.02041667
12.78964068
12.83243462
9.19413674
4.03425588
5.70027171
4.80212433
8.80993683
1.51729278
3.19018617
32.53138742
5.55455008
13.73828125
11.85306793
2.91166168
8.13537567
3.44608489
8.27958222
1.97485289
2.78031527
3.05362976
1.27547180
9.05558289
8.42578125
4.10546875
3.87695312
13.53291778
5.43404144
11.58174092
11.25077239
8.30900709
14.91357048
7.20707557
14.54764739
15.53393617
7.19710328
9.39652372
0.95068484
8.10156250
6.07335772
7.72742353
3.55904144
34.06367576
8.05697030
6.84419769
5.91157802
5.43127659
10.60375665
3.52559729
5.60534575
5.29353945
16.06591797
16.27054840
16.70568817
9.48181183
6.23482269
7.67488586
4.83459442
7.39895391
9.33151484
8.46594083
13.08300532
6.31913674
2.97505707
21.72452571
0.16414616
32.37043440
11.26327349
13.84871399
15.09992783
14.35058843
4.08764960
3.03796542
7.34997341
5.84533909
11.00781250
0.09956879
7.75390625
9.14664672
6.34496011
2.37558067
2.59342033
10.59424202
3.77327515
1.63183594
9.04252106
28.51371122
5.16943484
9.29687500
9.04446920
14.61613475
1.32156818
7.94259197
1.48189301
12.71637855
7.97458000
2.51411957
7.28080231
5.11673981
2.01802582
10.96955674
11.61202681
6.11547540
6.76011366
3.66044160
4.38236481
4.54694371
2.46326961
5.09720856
11.88521332
7.08548981
10.20312500
2.94966644
8.70658356
0.03444428
12.61425532
16.67573693
6.88835217
10.61116080
4.69413674
3.70243130
14.28090992
9.31852172
6.68762300
21.55032857
4.46232491
3.57088320
2.75240082
15.13642842
7.81714428
5.83158356
8.95825133
8.71504544
8.95772495
5.01786347
6.54296875
20.66361481
4.42578125
8.05468750
10.96875000
10.29805076
5.34648049
12.70747894
7.74173981
6.06461547
7.32210328
15.75435394
2.72281860
13.93493683
4.83247894
9.40612700
13.31217531
7.99507536
25.70442376
13.76534463
7.13281250
3.22265625
1.97123199
10.36197252
7.00566267
4.83203125
25.46328901
8.40556626
7.38598695
30.36885528
14.81314938
4.79862146
12.17517619
2.19945728
4.20040447
0.74169922
11.01818817
2.88187216
7.95374002
7.87455231
9.40612700
9.98889719
9.39062500
18.02689606
4.44921875
6.89261747
8.10001773
6.49609375
5.97330563
2.58935671
8.77868683
10.38154810
1.85433233
6.14957392
5.01134974
6.77942486
1.98392731
2.47070312
6.51907359
3.18059286
10.15189606
1.99617492
10.75524933
14.27343750
8.79252106
7.62500000
7.07377106
3.39689148
6.53080231
7.52990692
2.67472351
7.40355386
7.27299977
6.83563720
2.20159518
9.82432182
10.69777260
2.79777039
2.10473571
8.99096742
7.98913107
11.15686502
4.29516290
6.90181737
2.28605164
2.53230774
6.04320504
7.54777039
8.42879211
8.85591644
1.21626801
10.63655142
0.60465952
8.15189606
10.65652538
4.78011857
5.44856937
2.77343750
6.23168883
1.88415558
12.50000000
17.60143950
22.78129183
4.12154144
8.04597961
8.67533356
18.66219749
4.62430185
19.09134918
8.96875000
10.16060394
0.76660156
1.23933899
0.32930512
8.16601562
9.20910115
12.48812389
2.89017731
7.03291778
4.71752992
13.77217310
6.61063940
11.67533356
1.40868393
3.66850509
9.06250000
15.12552638
18.67573693
4.25431959
5.39843750
13.82022385
23.53865913
6.05127327
4.26081339
3.82512411
5.08935173
4.44267065
7.51395722
4.39139739
3.81608156
9.25617908
8.50012799
12.85847961
4.80948914
2.09720856
7.01607269
4.26562500
17.34883574
17.05252771
7.21834663
7.25122008
7.94454011
12.72566711
3.71573914
7.48347961
7.02087433
11.74218750
9.86328125
4.42968750
1.35990387
4.75846188
5.73763187
8.79931516
7.14733544
11.38741245
1.89355718
6.18884308
3.82852837
4.93709663
3.52529450
1.30771331
21.48587545
6.51367686
4.39664672
3.81278535
1.81205231
6.62276153
0.07629457
7.33174092
2.81279033
8.34260860
15.77848515
7.81538786
7.38728945
28.78193374
10.23625443
6.78694703
7.53161154
17.51121002
13.87154144
3.81791168
24.37336658
14.33667553
3.46228058
10.07979278
-0.00379394
20.12531472
12.89364583
17.95320368
13.82852837
14.71069647
3.82190159
8.63908023
6.30737367
25.62015404
16.93444482
7.15589095
14.66512055
4.05033356
8.72823028
3.16357048
1.89770944
14.11364030
3.52653701
14.13537567
8.39497894
4.07946808
10.32497867
8.26584164
21.16393950
6.44665558
5.70971742
12.59285461
21.04764739
11.34418773
1.01335715
1.88402760
2.39722240
7.76322418
4.14107269
12.42008422
7.71907469
9.66162234
8.15189606
7.30468750
1.69673676
1.73828125
15.35440603
9.56221963
6.05155364
15.94189329
8.32580784
15.27026305
17.82299867
8.21875000
7.86283356
2.39558899
2.06819703
10.28242202
6.18636857
19.79239805
1.82869570
10.65612700
12.98852228
6.61141179
8.95883610
14.22295105
13.85551307
4.60840093
8.85705784
3.48286957
8.41869681
2.45239694
3.70312500
19.52872119
7.57629986
2.61958832
13.07364805
0.39660738
14.77643839
14.50835134
2.47595246
3.32857269
13.26846853
3.86735483
26.21683622
3.29187167
9.87455231
11.89920989
7.49902095
4.27592198
13.42358461
2.68493683
0.95218902
14.25747784
3.65613696
19.15234375
11.32510417
4.49610372
0.43920898
19.63594024
11.16739307
7.56502881
11.19274933
6.78381317
19.75561087
13.85999002
25.51147274
5.01558504
5.16910018
12.13135638
19.76843168
7.57034686
3.48580673
1.42675781
29.14924424
33.67912178
25.70682956
7.47180269
2.90511109
21.49536133
25.01118241
14.16801307
5.77592198
4.36572390
6.94884974
7.19177526
2.47460938
4.96350067
10.28413536
21.89184508
7.40067597
9.37895057
21.82857269
4.16585328
15.12064606
15.12564938
18.71806335
6.90988585
9.71822362
9.93314606
14.13333888
3.55371343
13.61930297
7.50223847
21.03080231
15.41495789
10.71093750
4.79418883
9.16674867
3.69189329
12.09985040
10.16185157
3.87170877
19.87442992
9.21618683
22.00219415
2.62325354
16.53743407
7.94889406
4.81595856
4.38781583
26.32918398
19.60798759
6.48800088
13.79394282
2.89355718
11.98156583
2.71569980
7.18013519
10.31673094
14.01908356
10.33247894
5.88895722
2.68298371
9.82377106
7.64269615
3.21277260
18.31676530
7.90108931
10.38806183
11.55533688
6.40169437
1.01322418
10.57368490
37.10160682
14.77359486
5.45097517
4.68001219
17.73429383
3.06278535
0.87349457
9.04833112
2.61528368
11.91520141
3.82015015
1.58345551
14.96032248
13.59924784
3.70898438
9.34106383
16.77221742
2.70312500
35.47855497
14.44083555
11.18969415
5.42607158
2.71093750
17.23518174
2.00114638
13.07132840
9.18896111
11.30638963
18.30530252
2.65198470
7.24218750
0.22009277
11.20726729
7.39429521
4.02779144
8.22649409
7.44125886
3.72575077
22.18619594
16.35962101
0.97159851
15.06485525
6.39514627
3.68599457
15.29385417
1.14559895
13.98656915
11.47782690
19.41461949
2.27772273
19.85839096
1.86772384
8.15234375
2.49955231
4.75089539
14.42341977
6.19364472
0.71594332
25.14769496
14.94750665
20.46948803
7.23624446
9.30582890
3.41495789
7.52799313
1.02474124
7.10216756
3.93298869
14.51908356
7.88402261
6.84119680
6.72387633
7.39206514
6.06941711
3.49662013
5.72436835
5.81372008
18.32734763
13.28727172
9.46423869
17.49552305
18.29141401
4.59933399
7.80379211
0.35119660
11.57364805
8.67891511
0.84655793
6.90412955
29.92598917
9.81994349
21.63313719
11.54993018
6.44205563
23.05493351
33.15107935
25.23681516
6.69324135
11.81339539
1.76216644
1.07963043
3.57628491
13.37879321
7.63480497
6.62691378
11.90356383
13.01973294
7.19690159
19.72903702
-0.46621932
6.42488586
11.58443207
6.62109375
2.21679688
24.40844415
19.80346302
10.35909463
3.33426972
25.41841644
5.97765958
4.37780917
17.71622618
7.45646055
23.79789339
29.55912013
13.86144615
3.89551529
1.56099457
11.65697806
8.10143950
4.32458776
19.79154698
12.28476302
3.66780640
5.28515625
16.91764157
0.26794589
8.53702571
3.29740636
1.61283356
11.10396332
7.81595856
8.27164672
18.69881164
18.24116911
10.45682956
3.28906250
2.92427582
8.38781583
13.76871205
6.49914893
3.92883643
15.58760528
12.77371787
3.00151041
15.64497894
9.12108378
3.28170766
8.37845856
11.24519836
5.71484375
10.50589872
4.99935062
12.51374557
15.21887300
6.38456892
13.39570701
33.18851839
7.22001440
13.61718750
6.18908162
3.41781139
10.25423094
7.66829344
6.06966312
2.83398438
19.11795989
8.39224845
20.56229582
15.52079565
8.39355718
9.52680741
9.14506759
4.56685394
1.07377106
3.80440215
0.93925019
5.30033356
1.95650238
22.52217310
22.28792608
4.00000000
5.36751219
17.69543550
9.81685394
9.21004211
2.21378601
13.26414894
4.82915336
7.38281250
19.11527372
18.15063165
15.87882757
9.12691378
2.62333222
2.73588043
0.03496308
8.42610096
3.82874002
6.64945589
6.04312611
7.36613475
7.26953125
7.79386414
3.71875000
3.02917387
3.41223238
5.33984375
12.88065271
17.29137966
15.90596963
3.96390404
3.94503213
6.58683289
12.13883422
1.27567597
12.46418440
0.35612810
45.29670767
13.80876108
3.73392731
4.94140625
9.04252106
5.11440770
15.09440935
9.14168772
4.67578125
6.88191711
17.18375610
13.20747894
4.88883422
25.87713986
5.83155917
4.26363253
11.35200023
0.89169270
1.18599457
14.95072418
7.49719083
4.93513852
16.16878546
2.25329621
10.26692376
1.70182624
16.96134087
18.86063940
11.94827904
14.58678857
13.50521498
1.59777925
1.99876621
4.04167996
3.00976562
10.95210661
7.14754211
4.09175753
13.94095856
9.26452294
6.30729499
5.89888519
3.31880707
9.47131317
5.06538786
5.01472961
23.84939641
13.54333776
4.58593750
3.18359375
14.49731383
1.82885804
6.32377106
6.81294769
12.77835218
14.96680186
14.11076241
0.10009766
4.76171875
13.12756317
8.36462433
48.17252438
9.78125000
12.71170989
7.95243130
3.60864694
11.17008422
2.20296265
11.36885528
0.70491578
7.19531250
4.28426086
19.04642731
8.00849624
3.46070146
2.86177582
21.69552109
3.84998337
1.97656250
13.93465149
0.34928344
13.33325133
18.78177638
4.57287567
19.52624169
7.42977615
5.46573914
1.10982269
6.44140625
19.56034332
16.16707274
4.14867354
5.79497118
2.68058289
23.91494574
6.14242575
17.10827792
9.04581726
5.30078125
24.20466977
8.70890071
3.08252327
3.99369293
18.80859375
12.64908688
28.99532136
10.48091644
6.69576019
2.34733156
4.12890625
16.15625000
13.23876953
26.41023493
7.81783300
4.56506317
3.42325743
17.59041445
4.02522828
9.92097961
3.10831726
2.14981993
0.25114015
7.16295546
21.16304411
8.51123670
7.73743018
0.40962738
19.70568817
20.06485400
8.70219525
11.61027039
12.00983621
4.30827903
13.13191711
15.43118795
5.02623671
19.68608758
3.73136289
7.34867464
5.70727726
6.79642731
32.36555408
9.84538342
1.28291840
16.04943817
8.54687500
2.36462433
3.76415891
14.52295046
2.78470856
12.35156250
3.38381594
1.55022550
0.02030945
6.60099180
6.79182735
9.01023573
11.24641844
10.35428303
9.74740248
9.09097518
7.61650376
51.50028037
11.55973764
7.54060727
7.74546843
10.70658356
8.30948914
8.15189606
2.96333832
16.33930741
12.21720523
11.08321697
3.17321808
11.15344083
12.20593417
14.03140736
5.19470744
13.79341644
11.26887190
12.25367021
1.16886414
3.51367188
12.58047651
14.65091202
19.56113253
5.41869681
2.69307901
25.82722961
4.66601562
5.64017731
8.94787567
12.43058289
6.29112368
4.34347960
15.73892938
9.92647495
13.58146055
11.50109708
4.72916999
4.48799652
6.61673981
9.79341644
4.38627106
0.56339539
6.21048981
10.30468750
13.21063720
3.86659241
3.80167664
15.28035461
0.14392121
15.70144726
8.80058455
3.81889073
4.94323139
4.88790447
2.36181516
3.58780198
7.34664782
41.46394836
7.11751219
4.00345357
4.18904975
5.46419437
8.77665005
1.28304327
52.41869681
11.10563608
5.26472961
4.33613919
8.48116245
2.77343750
4.33203125
13.06673094
10.00339429
5.33299090
6.93078458
12.76121312
11.77034796
6.48482269
1.28145418
7.87890625
6.81750333
3.40470523
16.62622008
19.38940492
6.89062500
16.05085993
2.95499944
9.78779810
11.65751440
2.75044769
8.16711021
0.01127106
6.40926086
19.87353391
3.16491855
2.61718750
16.09789229
9.05445146
8.51908356
16.92113946
8.24691046
2.06925476
12.00781250
16.54117797
11.22310394
5.67390182
6.81226396
18.06506317
10.15869016
3.17468417
10.03551530
1.59534408
16.73872396
17.66121897
10.64843750
0.19055176
9.64497894
11.10773161
4.29416444
8.69531250
1.83312833
8.58068817
15.28397053
11.78268173
3.85546875
8.41752106
8.25089539
2.49331395
9.05884973
8.02701906
22.13431793
22.46337517
3.93152260
15.97041778
3.14611536
7.46785461
10.17403479
2.26306183
4.07912689
14.69295102
3.51062167
3.58353668
5.89396055
5.69783632
8.04764739
5.28092531
3.87996399
5.95780364
9.62734653
7.67436945
1.80883976
5.67622894
13.51199912
16.66242908
1.17758200
13.50081297
0.53877840
10.44339872
6.53645501
1.62952127
9.02779144
2.93994141
7.64595302
9.24845523
2.96496675
12.66125333
2.48913730
21.61616474
8.18953679
3.30054022
9.99564606
5.50044769
7.02554799
5.94124889
4.21093750
6.39497894
4.83068817
6.07454344
2.29744570
21.47293091
4.16841644
12.31595856
9.84171321
1.08939855
14.53417969
3.72416168
10.51997894
7.91393950
3.88248781
12.38537567
1.52478058
14.01680076
10.66776706
4.99556737
5.39798981
20.84838431
8.08541112
5.80057956
1.49165863
7.34593917
7.30746232
6.98917664
21.61938165
11.39868351
8.47322695
3.36254821
1.89615968
8.15954123
5.25212045
3.69140625
3.06880707
10.81160461
10.79162567
8.64061503
2.17021719
16.40693872
14.35795323
5.21752992
3.08353668
11.30753103
9.05965647
0.46431488
10.09032580
7.66748670
14.57287567
3.45251496
12.52396388
12.19050837
14.70976174
11.17341977
11.89355718
18.51127106
9.71350067
4.93493683
1.23775238
13.58577017
5.34692819
7.17264739
5.08215425
1.52148438
6.87442930
9.90921654
12.43030252
4.34228391
4.99186281
6.25028037
19.08834330
2.51562500
4.16117340
18.96906721
4.37732712
7.11206117
2.47220856
1.31490082
2.35118601
3.16541555
8.28727172
2.93945312
6.97074247
3.49153812
16.17064994
4.17114694
10.03816711
18.37341091
13.88830784
1.18591340
6.93705231
5.94486481
2.12784851
14.56058622
14.23506372
5.67672096
6.30244903
5.18807070
2.89648438
15.91442155
8.55298537
3.47790558
21.61966949
25.45389739
2.49177478
12.63367353
10.04687500
11.28816711
7.92064994
7.51611702
5.14074800
1.08858184
8.15279144
16.30561725
10.13432291
29.61956257
15.48071974
7.06091091
21.88830784
7.65478391
2.44774892
11.46578596
4.03567764
1.94088486
2.56791168
10.49759420
3.83443705
19.84446809
9.10084441
17.93875942
9.66520390
11.09016844
3.49385528
13.33825466
5.56933843
8.06262300
0.41206879
4.59375000
14.44713764
2.96497174
1.11816406
6.79459220
6.08642952
11.51997894
15.05342559
17.86067376
3.34379432
1.87500000
2.29671265
11.90600399
3.29321476
7.70357269
8.10835661
1.10062777
2.82963043
19.00000000
3.57617188
3.43208832
15.49987700
3.18371675
7.96439606
5.36718750
7.84330231
7.66841644
13.48242188
14.05545989
3.61295656
17.87576740
3.71602947
17.15143839
3.71530141
18.16796875
11.13716644
6.31205231
8.44531250
9.54252106
1.83976258
11.14513631
12.12048869
2.71484375
15.86193817
21.07726397
9.63456892
8.73347961
1.49353058
13.95723294
5.23718417
1.42272046
8.95390735
6.65580231
7.62109375
11.97823028
5.12719415
10.48128546
10.54748006
8.87138408
14.03428525
2.96795323
4.73437500
6.41970524
6.24871121
13.16316711
7.12027455
6.26847850
11.97733489
15.62166445
1.27681488
9.58850067
4.13806183
19.38500665
13.55505651
10.24308289
11.99181849
2.75036901
9.06469415
6.51387854
7.13386525
3.71769725
21.14214983
5.17458111
10.81685394
5.95812833
4.85046542
5.53047761
12.82812500
11.30802305
10.49571477
2.84771054
8.39396055
7.96927638
14.12235317
5.96769725
8.15486259
7.98214151
5.37455231
27.09773773
4.16841644
10.82198028
12.49218750
3.32796265
25.18238312
9.98091644
7.26953125
3.27193207
12.67972186
0.33057264
21.51337656
18.18518534
5.48307624
7.83886968
14.07543883
0.77901277
16.02449025
4.38912455
2.52974457
6.03661237
4.01327349
8.01562500
10.96353502
7.67273603
2.03995789
11.63357990
12.08040780
1.14388187
9.67533356
8.34774473
17.04838541
6.19230164
11.48900931
7.02348182
4.04040558
0.79870637
27.10038809
5.79224069
10.34285461
0.01383515
1.72123199
10.77269947
10.48706117
6.42383311
4.84375000
8.25256317
15.42842310
11.76432624
0.20381684
12.72358600
16.15149268
4.34712987
14.81250000
1.65376801
12.96211326
3.24231050
3.51627936
10.48002106
9.26997894
0.03449493
1.36470551
10.88972961
9.70621454
12.52034796
4.53995291
8.00036901
7.31408909
2.66752106
2.90474457
18.51127106
11.71084885
4.35946365
8.30033356
20.32828236
10.46272828
2.02433787
12.55004821
14.56860040
5.37504432
13.15100067
5.72399933
2.00000000
4.24568041
2.64885084
1.55220551
10.53946587
2.35266456
19.19006348
15.76562500
12.71516844
2.27160738
5.45524047
3.27416556
8.00780253
4.81312499
10.98002106
13.41060394
7.13838653
4.74051972
8.35477505
12.80366911
3.32442542
11.25256317
5.34300200
20.22539671
16.42663730
17.42349845
7.05505651
9.17378878
4.73091644
11.35306793
8.23002106
21.34504876
9.49691046
4.09989472
10.56738032
1.19380956
10.19892842
2.80107158
25.58609486
2.30273313
12.71578346
9.42134862
8.19006317
11.39241578
7.60184287
6.10909463
16.03125000
9.50435394
3.92187500
9.39257314
6.00280917
10.90393284
16.97114584
12.56759197
0.77966340
11.58535683
9.34433067
28.23406427
11.73030142
12.64506759
4.26029200
3.40120733
18.68419881
2.30904643
10.03336049
0.13525266
6.15336214
5.59838867
21.72220856
3.92818207
17.99898161
8.20849734
22.73054930
16.05542054
25.10546875
21.17187500
11.35912899
16.56578126
13.42075229
14.96227809
16.78283909
11.58007812
4.38326019
16.56941711
5.34842864
1.79113863
10.08967642
8.66378213
1.77779144
9.19640708
6.72827460
18.57043550
9.88167110
7.44856937
15.12243683
5.26997894
9.78088099
1.94372839
12.72033536
6.09957003
17.58581450
2.29353945
4.67968750
15.21773161
2.17334109
5.70893507
4.76372118
1.56009918
10.17536791
9.79060727
3.42464982
6.47611481
4.79084830
15.94429909
4.47534242
1.95007355
5.86718750
5.64843750
6.19242340
22.28861481
8.29341644
10.85542443
12.23832557
2.43041556
13.19600807
4.73270722
17.28356716
29.08227726
15.23099263
11.84615580
12.98965869
8.82466146
6.52145500
4.90100067
7.54777039
16.39693207
5.96952239
4.01049867
7.39408356
4.38370789
1.99316406
11.46862700
7.80541556
11.36511635
9.52701906
10.95882203
5.06986481
13.98530475
15.04907413
3.07349069
12.46939938
3.49890292
11.42720551
2.26517731
3.27193207
17.56558954
4.93396276
10.49698416
3.47026041
8.25935727
3.29638796
9.08247894
12.80468750
7.88793883
13.82991578
8.61885528
4.21842531
12.79280142
5.92159463
5.05904144
7.67053192
19.22725122
8.54712101
16.80200133
11.61051640
4.23828125
17.54329344
11.07735261
10.17187500
13.27689606
11.22895834
5.28865913
6.37284021
0.74129709
1.79882812
16.85530142
11.36076241
15.07571920
8.20386303
5.14139739
3.98360261
8.23693817
11.01550200
0.17085910
0.39208984
7.27164672
10.53486592
15.37731716
2.60718583
8.65356383
6.12385611
6.70553080
11.95658356
0.05592865
2.97607422
3.67427582
11.33504211
8.53125000
16.75435394
0.21875000
10.91072570
8.23527039
17.30859375
25.66316711
13.96769226
14.90413391
5.97310394
12.60323028
13.59008727
14.26550200
7.04846409
6.93269836
1.16052277
0.95166016
14.93119293
15.50349914
6.19486481
10.47810727
10.16341312
1.22212738
4.35591644
10.86783688
8.66011691
14.82958112
5.93303302
14.95552582
2.94095856
14.55784088
14.15279144
16.54740387
10.32909409
9.09819259
5.87351502
6.12129544
10.87435062
3.00089539
11.14396055
14.35156250
12.89884087
4.97013741
7.67020722
16.13964844
16.51383422
16.70926972
2.06835938
8.47220856
12.10156250
3.64431960
2.98653978
9.46529144
8.40685506
6.57751994
0.98193359
10.92968750
0.02253967
4.86840758
21.17622894
9.31762633
0.59033328
8.12287955
8.62638741
7.54585661
2.73026706
6.72855497
8.38472628
0.09835234
5.03784242
16.25150543
3.40865082
15.70914672
1.44950410
5.94095856
3.36958832
10.70658356
3.00585938
4.78234708
0.28133304
1.48242188
10.66292110
2.18233433
1.35591644
15.71646720
13.94584511
2.41585328
8.08247894
8.01818817
11.48860594
0.65873324
16.21633724
8.95682956
1.37703056
2.76160073
5.98046875
13.83002882
10.98735400
4.73514739
8.41674867
0.74263519
12.62629876
3.47721686
22.53027344
12.98774491
17.77901402
12.77771526
5.22387633
10.14676972
3.98063110
9.65189606
0.58858308
9.17097961
2.00870789
8.95658356
0.03017182
1.62988281
13.54641734
10.49520833
4.62634308
4.99039672
4.88415558
4.82678192
2.06188996
12.76216644
7.09106383
1.29573609
6.63370789
12.17142731
8.68660461
13.56685394
13.43830674
1.21448470
9.51216644
8.59720856
3.68208832
9.74475067
9.88537567
16.17020722
3.07377106
7.07857269
13.79919216
2.51961491
3.15356383
7.23616578
2.19799369
0.92399545
9.90881317
11.84166889
2.80615857
19.86014739
13.39216977
14.31066490
5.31502881
2.31294769
2.93404144
7.37756317
0.36197937
5.48437500
8.36283356
16.53125000
11.57466644
5.69966644
12.18750000
2.71679688
4.66182403
5.39180076
5.99218750
15.15853280
3.67667664
12.24548371
14.40234375
6.50390625
2.04838043
5.11808289
17.53637633
5.38505097
19.07726397
6.41146498
17.77945922
7.82120789
1.33097351
9.05830342
0.87333721
15.73887634
4.93210327
20.95747894
7.51025266
6.53226839
7.23002106
4.25312639
8.92452681
4.83992243
16.68981716
11.99255651
5.50549534
0.77697723
5.70402039
5.96939938
10.78405917
5.30904144
10.01818817
15.23669216
10.53983489
3.73698249
10.97566711
3.99364861
3.84513741
2.72611481
8.44352172
3.90502494
4.74325022
17.61220856
8.85263519
26.09720856
5.82857269
12.62642177
25.53389185
13.29943817
6.89962322
8.29687500
4.72387633
19.04914783
2.41297041
11.14754211
2.76082336
2.92171265
11.09708555
8.66239472
1.37679078
7.94173094
3.92715371
6.20293328
10.06685394
0.60982269
8.63667443
0.94633339
17.78006428
15.25883089
4.06465979
3.21871066
15.32377106
2.64453125
2.61568207
21.03059564
13.53613032
14.69950908
4.44185394
2.28409851
3.84826629
12.08491911
7.09667221
10.72322944
5.83097850
17.40132660
3.83984375
11.60131649
8.13305851
3.48482269
0.87707779
10.92285904
17.23677582
11.56250000
4.24564606
6.99910461
19.10502106
18.67517121
17.34375000
9.66752106
5.06180630
1.70914921
1.34029144
13.81688830
6.88233045
1.02734375
14.39146610
5.43816433
3.91752106
17.26997894
6.35502106
0.13545746
17.74719083
15.68623560
5.26534463
7.18932514
3.99158244
8.16239472
19.68644226
5.37154144
3.02929688
10.99885860
15.23042443
5.92988919
2.26856216
4.44531250
4.36710134
8.18465647
10.67097961
13.89562833
0.97351230
13.46711658
10.22473736
3.93990082
11.57722961
8.26639739
25.08561281
3.37500000
27.22196255
10.45609154
12.91646830
9.90112367
4.03694205
13.24280252
3.78169769
20.80175532
13.17024657
6.97872229
2.38716644
19.09230830
2.20232823
15.39843750
4.80558289
6.71573914
18.08398438
11.64941406
4.98828125
2.26997894
9.31379876
1.11295905
19.30228668
15.64448693
6.75740913
21.50646942
14.34980608
15.58321697
7.77579898
2.84615082
15.65510860
13.73604278
1.87011968
9.57087323
19.41992686
3.70105385
8.09439938
18.72668613
17.70775931
2.21261026
7.88826352
0.75874972
14.48261858
5.73222517
5.39843750
15.74950798
3.25158909
15.58683382
5.90413453
1.58398438
9.26708112
2.07080950
8.75435394
2.48437500
7.72521942
10.00166778
1.60514406
10.80317709
6.70072916
12.09220025
7.85897163
18.20166016
3.35607879
3.27628601
12.05033356
0.29317230
2.72115082
9.56583555
9.86376330
14.10953859
7.69438275
0.95939148
14.85156250
0.09926361
16.28470856
7.90535461
0.34484894
5.55757037
4.60274822
4.69665558
11.32812500
7.89107269
19.33300532
6.43652593
13.26960993
13.28681406
9.20484707
0.83496094
10.75031472
5.52747672
9.45658356
13.09375000
3.31880707
7.96952239
0.84057679
17.28478973
4.29040558
8.78816711
14.56047763
3.28717862
0.46960480
15.97322197
3.56193428
9.56160461
0.22416199
1.19095856
13.67175200
13.67076796
4.73470966
15.28763575
6.37837987
11.12064606
3.82015015
10.20006982
8.31120124
11.15702239
1.73954316
4.99263519
8.48091644
11.75142177
10.42826573
11.64229278
5.52612367
0.77510154
3.30741799
16.85400266
8.75537234
12.21683622
0.01220828
1.27388519
17.60782525
7.82938940
9.44364472
0.75753784
4.19140625
17.87320922
2.76936890
0.65429688
14.21443041
7.04850842
13.83772828
3.40128601
14.11104278
3.72790558
15.79906915
2.85372229
12.78088099
3.96867132
13.37377494
5.28052194
3.98063172
19.65820312
16.24018507
8.36548537
1.70735843
9.18750000
7.36975067
13.06074358
9.21013076
15.94095856
0.26224637
7.49442597
2.25643007
0.80570465
7.03816711
20.71365803
4.69560283
5.78120568
11.85551307
4.20100953
15.49654144
10.84812221
17.14477726
11.98347961
7.13024933
0.37939453
7.03482658
12.00228280
14.82185852
2.34696005
10.18420877
13.88972961
7.38191711
12.32152261
5.17982047
14.00781250
6.34029144
4.25256317
13.01908356
8.43391844
1.24222933
8.20568817
2.22444703
15.43359375
6.38492797
8.39152039
18.41841644
4.16451019
8.00768950
21.32499114
3.99153812
10.48543274
5.34073914
4.74039672
7.38648716
2.31407468
13.58927305
1.95760195
29.98782359
4.98694813
11.18147828
6.53861481
18.28995789
11.81595856
18.66111236
1.71939315
3.91337876
15.17382812
4.06294769
24.27107602
30.75585439
17.18400709
5.42476286
1.57230746
7.65970856
2.72432403
8.01383422
20.23135417
22.63920323
4.78146165
16.44331879
10.92443817
27.36897828
6.96439606
2.19576019
5.37500000
12.11283356
21.01973294
5.31787234
16.91650266
10.73462101
18.82421875
8.85502106
11.43570922
11.66495789
0.56278410
6.12756317
1.87300753
16.89912124
5.28434951
7.55045656
17.60758422
12.06750333
16.90035128
4.74922761
8.13390958
11.35029810
16.88651706
9.44132757
12.97566711
2.61808289
13.52254211
7.95357269
1.00480164
0.25126067
3.90470025
5.10775155
12.30545989
2.12858156
15.06151596
10.00086103
9.53047761
2.83878601
18.60534575
19.68989584
8.91134197
20.98872894
15.51037567
4.64453125
14.29252106
11.07933511
2.87513297
14.74129211
8.52433289
6.11283356
7.97115082
13.01729278
1.71903535
4.69877106
13.25832061
6.54219636
8.19006317
10.33247894
3.72867797
1.16186586
18.44172596
14.60653147
8.51228945
18.39603668
24.09102324
9.06505818
7.41915447
12.93058289
13.75459915
6.60054411
7.05179964
2.49609375
5.50345856
16.58683289
5.30468750
12.47477172
9.48147718
4.14877216
6.54707669
3.81575687
8.52856383
7.55045656
1.66406250
8.08124890
6.45781360
19.36612478
