0.11271055
18.62557070
18.13704344
22.00162843
9.96875000
2.66210938
7.12500000
1.80936676
3.35668883
1.44266816
0.68253601
10.38346188
3.12239749
8.54638298
8.84424202
0.22167969
3.30273438
0.02050781
19.87321854
2.59932403
8.21004211
11.02795379
0.69930117
19.14697141
16.44071130
9.57003213
0.20202637
1.14408356
2.84676086
13.91752106
3.05452515
7.95267731
4.79687500
5.38704344
0.75524933
1.57377106
0.37227449
6.13582336
10.43404144
2.85449219
6.26082336
5.99698914
14.84285461
2.61657746
13.43196532
3.94498781
2.42382812
0.68017578
5.09842864
2.37618074
2.67578125
4.47135001
3.34798592
16.05802305
10.48500154
24.46777344
2.25826019
0.87255859
6.33850067
0.08886750
3.37890625
18.88012633
8.95149158
9.02933622
5.13424423
1.97257508
7.28727172
5.28169769
5.72778258
2.07584718
3.76411957
2.43183234
7.23418328
12.71439606
4.25780752
0.31832377
23.67631012
6.67185506
0.30666056
9.09196281
11.74373227
13.33462129
12.72775819
9.40692902
0.65042740
8.78291778
5.56551086
1.10612062
6.64440825
0.66813234
2.24234985
6.41361481
4.78002992
8.93033688
2.55855441
8.05402815
2.05473681
7.02640404
6.18230563
1.33744542
2.74308289
12.74657580
4.43132092
0.22351105
0.86568207
13.05228668
6.56933594
1.46846290
3.24878740
8.56933594
7.46830231
8.21158563
9.55777704
13.81917110
8.31092087
0.12094054
13.55045656
7.08939606
4.74910461
8.80533488
6.63191711
4.97745789
2.06250000
9.92789672
8.08142121
16.80883727
0.24629793
0.32218897
3.89099401
1.99263519
6.87430630
1.24145695
10.50781250
14.75043773
0.24272634
13.20621703
1.91601562
10.37083222
5.48872894
1.73392731
0.06679291
5.24609375
5.52396388
0.81543218
0.89693207
10.71093750
2.12493896
8.71093750
4.36328125
3.03515625
12.37267474
9.36882092
9.40270280
3.08272745
8.64099401
2.89453125
0.35498047
7.72566711
0.28776062
4.18827239
1.43973847
1.88077820
3.60758422
0.84456422
1.17675781
2.90844809
11.07747811
7.18526153
6.33471742
1.03824828
13.47131317
4.70625886
11.97301530
11.13883422
3.22018173
15.69698028
1.49735566
18.53409353
6.71252909
12.39627771
21.07624557
0.61874473
26.07377106
2.15865082
11.23428635
3.51872451
0.80443713
7.10197584
5.51908356
14.49620679
20.05502216
0.26464844
8.33984375
4.98591977
2.00386691
1.93111176
5.18782287
0.02287811
1.17578125
8.38313719
11.31481965
4.32255097
10.30200133
6.95092836
3.09375000
5.53080231
11.14318817
17.38658578
4.33159352
6.56486148
10.40535461
1.53605164
1.39798981
6.62764185
7.04468085
8.07812500
16.43615692
1.75834137
1.84969055
2.00659242
1.11339927
0.64689522
0.92281098
17.88881927
6.80704898
3.06690824
3.85441101
1.93554688
5.14408356
0.45161957
1.50345856
0.47310394
4.81506317
0.12992371
0.45751953
10.32873504
5.84037013
3.14445257
2.13220246
6.73303192
2.37634308
0.80468750
10.21875000
5.77461326
4.17899380
3.57931072
3.08292664
6.83638519
2.52823914
1.58789062
13.77689606
1.73713487
4.74182845
1.44726562
11.61104278
1.64713376
10.57145390
8.01915227
9.22726617
1.23990968
8.12756317
3.17293274
5.57255097
1.00394684
1.78605164
0.98632812
0.05436188
4.24263519
2.78320312
7.03767509
4.30517952
3.92423523
0.62288328
5.94108156
0.76074219
2.04101562
3.76953125
2.16210938
6.22044216
6.06303634
0.33663868
0.68330871
8.78906250
1.41601562
5.79252106
5.75826019
3.44576019
1.11275238
7.36673981
6.20601286
6.06351839
16.78279477
0.40222324
2.71484375
1.68119293
14.05545989
2.98457918
1.29785156
9.18225067
0.34700562
2.95898438
11.02331450
0.86979250
0.91308594
10.49385528
11.57255097
4.14107269
6.60502106
3.48242188
0.43916840
1.23794597
10.23971298
1.97334995
13.80366911
3.14209109
1.23905114
4.59590979
10.82722961
0.92671286
0.83219858
12.00835663
5.30664062
4.29162598
2.59452862
4.63281250
2.39453125
6.50390625
0.04571533
19.96825798
7.49015071
1.28040143
10.29447418
12.33414672
1.33276429
7.73490387
1.83593750
9.50288200
2.79492188
11.78125000
2.81445312
3.04687500
9.58504211
5.64550781
9.77038232
2.24267952
0.30814606
7.20959442
7.64798981
15.90458222
1.00488281
4.89843750
2.54492188
8.58068817
13.78820147
11.28300642
1.26586229
4.08468306
1.52539062
4.48242188
6.24609375
2.03515625
5.16894531
5.98046875
16.40311614
9.12231508
2.83496094
5.46529144
4.98729721
1.04688248
6.92578125
0.67578125
11.21439606
3.52254211
0.53015168
8.80814606
3.04536957
5.88191711
0.32788086
0.04532898
0.13126617
4.39624023
2.01070160
6.02343750
7.43908660
5.55558289
6.43843598
17.59375000
4.45703125
7.09497008
5.44018617
2.79296875
6.99955231
0.21626801
0.41491606
6.97623781
5.74654144
4.75000000
4.91752106
2.27355926
3.67533356
2.18387910
4.14111328
6.82377106
2.07226562
10.02600067
1.42647246
9.83146055
3.59866966
3.89225842
0.36914062
0.63525391
4.16947418
8.33866301
4.53759641
10.01843417
3.57547319
1.38847517
10.52176972
3.33247894
4.32812375
4.72143617
5.49877992
3.69726562
5.60156250
2.23889129
4.94710328
8.51701355
0.48461665
3.26570866
10.28470856
0.12316926
6.13867188
13.83158356
1.01997894
10.73783356
1.79207336
7.41105164
15.90584165
3.37801086
2.78645999
8.46875000
3.76411957
6.98176751
4.72436835
7.41800311
3.12976728
1.10644531
16.52587766
7.24320589
12.03876220
15.38746675
0.17669553
2.27445589
11.21626801
13.94439717
0.69728556
8.25443512
1.63875305
2.49983765
9.61885528
1.62182679
0.48632812
2.49462766
10.23193484
0.44726562
0.01499939
1.25008117
0.98314282
1.70948138
1.97054078
9.26127106
7.43404144
1.53320312
4.49129211
5.40323914
4.86673981
7.97489410
7.18660461
1.01696808
1.86079926
13.91918883
15.24833222
3.37561004
3.12483765
7.21984708
2.70315936
0.77230607
5.34443066
26.12514979
2.79508422
4.58907136
9.16959220
2.56913674
7.83206561
2.96932568
2.02689606
2.53845246
6.58247894
18.37145280
6.28646498
12.86747285
0.90437805
1.95792664
7.34375000
7.44921875
0.16967742
0.01022370
1.46777344
4.05517578
16.06941711
4.84765625
2.13643340
11.67456117
0.01778168
1.27254211
15.65865082
1.38671875
28.12544769
17.21076020
3.22629210
22.87348959
7.11088541
2.55273375
5.74609375
6.83516511
2.07031250
1.81888824
18.48340269
12.68518160
6.68359375
0.07516036
3.02958222
10.16357048
5.19868241
0.48585106
1.41796875
30.31601866
9.10005707
1.83292664
1.98315492
11.08247894
0.11914062
2.62109375
5.57800200
0.29797457
2.06054688
13.01472961
11.74340758
9.45995346
12.68771165
19.69704899
4.82109735
5.82702792
0.23406276
9.83618351
4.01997894
6.41707336
1.01594969
2.65474457
6.35559175
0.83105469
9.89062500
0.29459594
0.90905076
0.53915115
1.18314606
2.37695312
1.26411957
8.61283356
8.19461880
1.07243046
0.19706207
5.53515625
4.58641955
0.40816877
0.04724121
8.16406250
0.41093834
0.65503241
2.47550476
13.41585328
3.13085938
9.83735927
10.23205784
0.97745789
7.52327017
2.55876108
1.56152344
8.90087766
3.45804964
1.85689301
8.06009918
7.86673981
5.05692566
6.39530364
1.31616273
3.29146332
11.28613032
3.52787511
2.38521332
5.70817016
3.00433561
7.47550975
3.60201019
5.68314606
7.55904144
1.51494616
1.53805906
2.26953125
3.16210938
7.58984375
0.10953184
4.02311281
0.76513672
0.77148438
0.00514984
9.45312500
0.42968750
0.66796875
0.83793020
3.71305297
7.23381974
2.96484375
10.00781250
0.43953430
0.52685547
0.04679383
3.15055297
0.93603516
2.96695922
2.32194093
2.49609375
9.26127106
4.54732269
5.26127106
2.05313525
3.61971631
12.99234486
4.02718639
0.37910980
2.61619225
3.51417885
10.48131982
0.16614112
13.24027496
4.91463195
4.38537567
5.58337433
5.36853058
2.71679688
7.87455231
5.26806516
0.82129031
1.74458832
8.32722961
0.19519012
7.67020722
10.00585938
15.24283732
2.76673757
10.78548094
2.82344636
8.27766844
3.34191988
1.12800961
0.13204074
4.10875998
2.06249502
2.90882313
4.54882812
6.69877106
2.99894226
4.75736481
0.09938568
0.44144684
7.70314939
0.55856936
0.99849457
3.83524504
18.26122175
5.36918993
3.21289062
12.01460661
3.19482546
10.36527372
7.16695285
5.46484375
12.89550532
3.35014073
0.20568785
5.96752992
5.29341644
2.36132812
5.12410461
0.09507264
9.95646055
15.09728724
1.81539284
16.17899380
2.05883976
2.81054688
1.54243988
12.51269531
11.61644947
14.20988475
1.83142121
19.67606535
4.69454011
1.49458832
14.45578938
6.28326685
1.97645943
12.41841644
16.75211547
4.71663453
0.91784201
1.62366190
1.38920074
1.25976562
1.42871094
13.84195922
7.71439606
0.35498109
7.02148438
5.41804556
1.77572030
8.97399933
11.85502106
5.93313609
8.54387411
2.37410461
2.71228058
4.58203125
5.02152372
10.52032076
0.75931824
7.80680297
17.01362257
0.76648853
4.67533356
4.79137940
7.94095856
2.52583832
2.96093750
6.03714872
15.12935394
7.49910461
1.47402871
3.89311945
1.40633117
3.94531250
10.15189606
7.24328458
1.19600620
8.11684287
4.28122561
1.94824468
7.75256317
16.39038148
14.99857574
2.31595856
12.61795495
4.34245124
7.54496122
14.67378878
0.49727324
0.23417207
9.52766906
4.33584387
7.43987145
3.01875886
2.37740082
3.01021332
5.55513519
0.07177734
2.92242825
2.88669436
7.18562057
2.56437943
1.59057306
8.90405585
3.25435394
11.13491800
3.71574911
0.02048768
18.30321956
6.33281360
10.71875000
11.32442044
1.98026706
2.72717254
5.21272828
5.49629544
20.77182194
15.50394559
20.08272910
1.83382701
1.90527344
8.16048094
0.11991457
9.21750018
1.11215480
8.03058837
1.34802277
2.95943207
4.30122894
9.92968750
14.33850067
0.10758484
11.97310394
1.89363586
15.09285461
16.53230275
2.82886303
20.88686614
14.10776277
0.30737305
19.73460843
16.22656802
1.86238586
5.44274933
5.18570922
4.31807403
3.09057679
5.12711547
4.72489472
7.07767731
0.04343689
4.58156860
4.24806183
13.91833091
16.57519780
1.34993656
2.75976562
9.88972961
4.12365692
7.79821808
2.98181183
3.02148438
10.56673094
0.27799562
1.68261719
15.47802610
19.33622285
5.24353058
7.78816711
4.01049867
1.22949219
6.22887966
16.27239917
3.73700243
0.60595703
10.70507812
6.69531250
10.37141844
12.98693817
2.61686281
11.30623227
3.17317874
1.41703153
0.19572085
0.29345703
3.29789215
4.80859375
3.83833832
16.02481494
7.36971631
0.22485352
10.76127106
1.79536957
20.10758422
9.90443503
6.10939494
4.80033356
10.73368254
34.19892842
8.32450908
8.97387633
14.87813386
2.16524324
15.47721188
7.32808068
0.07902537
35.93509918
4.80814606
2.53800476
8.39107269
2.37304688
1.40652466
10.66752106
4.04687500
17.98135417
1.98153645
11.54927582
2.13102172
22.05012383
16.48254986
1.89457557
19.29687500
7.26607269
14.13191711
6.74654144
8.31941711
22.65588099
18.23706117
1.88289616
2.54748504
6.43737700
8.22847628
6.64843750
4.29003906
8.41406250
3.14168274
5.22310394
22.39500031
2.54256538
14.78804411
7.56224402
5.73040004
4.47009308
16.19734181
5.64693705
25.91897718
8.04977282
17.47505707
5.92923981
7.47265625
5.97464872
3.30029421
4.33292664
3.72586880
13.67441823
5.21889294
0.83003878
1.14648438
10.14575133
2.46948304
6.08593750
19.60151818
15.44043218
10.52412124
14.35608689
8.44441711
4.39632203
21.17008422
13.11116578
8.88411126
2.45963874
4.74323028
14.88167110
4.67587987
12.63577904
9.96924202
17.62141844
9.00781250
8.13293550
4.17968750
0.15698242
14.54329344
2.01472463
2.47669049
5.07857269
6.01953125
0.84867340
6.46333334
9.71244791
15.68969415
15.78361148
2.28690769
3.89213043
7.11193817
4.33056516
6.58919437
0.07468658
2.21898791
4.25586436
2.43790414
3.11145113
9.63627106
7.01216644
1.43457031
2.87064606
16.90189606
0.43599457
3.06587738
9.76127106
17.12500000
4.35156250
8.01863586
7.14111204
2.81742464
14.32120789
0.85294617
0.98685699
8.05484486
2.82841533
3.53906250
14.12064606
0.59370941
0.29227691
14.47985373
13.98649545
0.98494445
2.14436890
6.10892731
6.73046875
24.49731383
6.79520722
3.37003601
1.38964844
13.45704203
10.76531028
2.55939604
3.20898438
6.48286957
11.08332689
1.83590314
3.95840869
12.44584760
2.89062500
1.40116301
6.53006428
5.37824247
4.32678192
17.70056183
3.15669769
9.13821920
10.68119791
6.50007868
3.64099401
10.62089414
3.35933566
15.92218972
8.34239695
2.52056958
2.22265625
4.54508422
1.35644531
5.03259308
2.85575285
12.34696504
4.73962433
5.06166834
6.92856604
1.26550200
1.68005465
7.90234375
0.82080078
8.05891844
3.47476175
2.13927204
14.25000000
2.18990082
6.78125000
19.44877106
11.85847961
1.55407746
1.25976562
1.36934210
16.47380762
2.66943359
24.05375028
1.83687472
3.67984985
6.48225953
2.65535461
2.33487976
5.67722935
8.35131649
7.85180851
0.74914520
0.54626496
3.80468750
5.55814606
0.95613212
0.18542885
2.42732602
3.14462959
1.76015956
9.43750000
2.51969360
0.84484708
1.68233433
8.55545989
12.52657136
10.11975067
1.87402344
0.84655793
5.82812500
1.74804688
11.20300200
0.61389254
2.98437500
7.49141387
8.12874390
9.33711326
18.34563119
5.76171875
0.36527496
3.28072113
3.74804688
5.29833984
2.31835938
4.48783356
16.73839429
21.85010638
8.38456145
7.05444398
3.08329067
5.73730718
0.04618316
0.42480469
4.69335938
3.27974457
0.05512481
2.32271332
4.13232422
13.01562500
0.36515289
8.68330840
2.92944398
15.32812500
11.30033356
1.21626801
1.12792969
3.65368185
2.44531250
3.05139627
3.52689606
0.16761167
2.58426972
2.41648408
8.16662567
0.44970503
10.09964228
0.49361550
5.23514739
14.34866468
14.15444874
7.20682770
8.79357381
4.70732158
5.27343750
12.03027344
9.07963043
14.68404144
1.17695950
13.12870456
1.21073208
13.94588320
7.07824800
8.52856383
1.88354554
9.71841534
6.38664007
4.08199689
2.07271332
7.72720191
1.11264184
3.43554688
1.73730469
2.93554688
8.58670989
5.10469636
3.73978668
4.42622894
0.82971160
11.57821686
13.24564606
1.09578430
12.00524933
4.14798981
8.77343750
0.63814301
12.13537567
9.57096188
3.85362866
4.85169547
9.62935394
1.15039062
9.38793883
14.51578236
3.17245068
0.19641113
4.08854001
0.08211429
1.52050781
7.59138977
5.82902039
3.18314606
7.92175200
8.80545989
1.70097019
5.57722961
10.37353298
3.35164616
9.87500000
1.42232269
0.38037109
7.20702128
4.60893727
3.68599457
5.05033356
1.15970482
14.28125374
9.83182782
8.98539339
5.00435394
5.18839539
7.78470856
10.63281250
0.22530090
10.89309952
0.94426224
7.07902039
0.32942688
4.55167664
3.77539062
0.02401977
6.28951019
0.56542969
8.88631164
6.12589539
0.76708984
5.40287262
5.41015625
4.91015625
10.68234772
2.93945312
2.18554688
6.02151375
7.84957003
12.00737477
0.11254883
2.23482269
7.76320648
9.71982714
3.98329786
6.43570922
5.28646119
11.46523582
8.17443817
11.15458222
5.81917585
9.34912234
1.85164367
10.47745789
7.06595856
7.42622894
4.22265625
0.60163993
0.20849983
4.94921875
2.76456726
4.94486481
3.22070312
2.43404144
11.11437833
7.39774380
9.34159021
1.31966810
6.51562500
5.73994903
10.21362367
15.83076965
4.87589539
4.54252106
1.18623809
16.03393617
1.51562500
12.70568817
12.23079344
6.75101839
0.39624023
2.95312500
0.10573303
0.14127625
0.08044434
1.63838403
2.91142065
5.42834442
6.80505402
5.39082575
5.58585882
2.28808594
4.63053344
6.44807984
13.75781250
5.90747008
2.05813858
5.11398564
2.87634308
17.41752106
3.08593750
5.14290282
2.33316019
3.98043938
5.55769836
1.86152732
14.02226174
0.94820160
5.75390625
5.62337157
3.64811281
5.30098294
3.75219913
2.13236481
14.49129211
2.07511414
0.22078461
5.91784575
2.11535738
4.45666224
13.59310062
7.46150820
14.20312500
5.73233821
2.88334386
5.41429854
5.42724734
0.20585799
6.66841644
5.78080231
10.35143950
2.69588320
0.27880859
1.22224914
13.74454773
14.60925293
5.63671875
14.02209442
7.36132812
11.40714539
2.68013519
8.98972740
11.28528922
4.24418172
13.65645808
13.41406250
8.46529144
2.40820312
10.98828125
4.98802018
5.93986148
4.04687500
12.53125000
5.97269061
14.13326643
13.63720703
1.12259918
4.26037567
2.38655640
1.13574219
4.38431793
8.38138824
7.26652039
0.73535156
5.72140628
4.19469303
11.13281250
3.64160156
4.74863678
13.96260528
2.30301972
0.62585293
4.82454593
6.89017731
5.36718750
4.02388519
4.75657747
22.59649046
2.22526000
7.60290558
7.31685394
1.96150571
2.19812167
5.37231383
3.18432679
14.58958244
5.14017731
7.52583832
3.91438719
0.62760500
1.76855469
4.53035461
2.68058289
15.63500665
16.62377494
2.56348404
3.14408356
10.73771055
7.42223405
4.99284685
1.86816406
1.91711426
1.04394531
6.73392731
3.26216644
0.37475586
11.59375000
6.35066711
3.14542341
5.35508532
1.57759613
8.26383422
0.09700562
20.73002106
0.33585570
8.19352172
3.44630526
14.17533356
4.85591644
4.93727600
8.93903480
0.61752465
2.62064606
15.75781250
10.36372894
0.00361252
10.27689606
0.20192475
9.43750000
3.44592254
1.30212433
3.38407192
3.18038120
2.47851562
12.44689163
1.56287400
0.64648438
6.21455840
10.44310838
16.70968939
6.21757424
2.47070312
6.22537678
6.31417401
8.46093750
5.48111813
2.07653964
2.95703125
3.38232422
4.86328125
10.38871122
4.51798648
1.48881012
8.94164229
3.79504986
1.56551335
2.28169494
9.26334220
2.74403381
4.84269632
6.76127106
2.06490082
6.56640625
2.86523438
5.51428192
5.24308289
1.14400238
6.11149047
0.16906583
3.07072085
6.23392731
7.35546875
21.42024158
6.00252881
1.50488281
13.77148438
3.07181793
3.13012633
8.56172761
6.88671875
13.94095856
0.30830902
5.73828125
6.56078790
2.72798925
1.55257203
4.15669769
15.51281583
14.40470523
5.61372894
0.04183960
4.71875000
12.03458555
21.75011927
0.98592475
4.44274933
5.44877106
3.92232269
16.72273493
3.47062444
5.67923981
16.91646332
16.04711914
0.52083313
8.86323693
0.80953346
0.87353516
9.03538721
22.16597628
7.59733156
2.72233156
6.25000000
20.45133422
0.37536652
4.22310394
9.99218750
2.70664198
12.09324356
10.64676972
6.55814606
0.27583832
23.98851729
0.64136552
1.08300781
16.03001995
2.69654255
5.69431351
3.13185837
9.73437500
6.91304411
6.74397828
2.52071199
2.04931267
2.89697639
2.51277649
0.28995633
8.12255984
1.51013215
5.72045660
4.54687500
3.45719360
3.27132203
0.19616699
3.42746502
2.04101562
4.49564606
8.50533051
10.57812500
4.35847961
9.67362395
12.86486910
9.94486481
3.01411957
2.73828125
3.00345856
4.57539887
1.13822418
2.64693207
7.59285461
9.22115082
7.65189606
6.28169769
4.45825133
8.60135770
12.59033390
3.94291168
10.23258422
12.23270722
4.79496122
1.38366855
8.91316711
11.06571255
31.11979516
9.98087319
19.14123450
11.32860260
4.14055629
1.34960938
19.36124446
7.74723515
5.91361481
5.93013519
2.25480164
3.36523438
1.55273438
3.37692261
2.77343750
0.26444488
3.97505707
10.93570922
2.98392731
1.27042664
0.85298676
17.10025876
0.95727726
1.76367188
4.89017731
-0.00222259
8.12051308
13.96497672
0.76888989
0.12890812
10.78807846
4.67272607
1.94455008
12.45133422
2.79085328
3.20987976
9.90026264
4.85364361
3.32767731
0.27892879
1.13944675
7.10636414
1.99316406
3.46305297
3.57986149
4.71880429
2.54109431
5.67480718
13.18451353
6.18702792
11.41406250
4.09240692
5.85681183
2.58593750
4.90669769
2.80859375
1.69917567
9.87947695
2.05240968
17.02668440
3.24093057
4.26746010
4.44230164
14.03125000
2.81685394
9.39754211
0.07468689
6.80859375
3.23828125
3.46464729
0.45246535
6.79113365
1.93966478
7.18359375
0.23845211
3.93864140
2.54687500
3.75125942
2.16040226
13.00833888
0.41524449
0.08150301
6.11559841
1.38382217
1.84392231
10.11885528
1.55293855
1.96289062
3.13972961
14.91259641
7.12255984
8.16841644
5.12154144
6.99955231
7.17232269
8.98002106
10.84019089
0.02931732
1.27343750
6.64017731
0.10805268
2.41406250
11.01472961
1.35514344
9.69006317
0.51529719
0.97363530
8.25345856
10.83504211
0.33044465
3.72701019
4.88972961
4.09029144
11.76334220
4.18607823
11.93339206
0.75435394
7.09330231
2.87410461
0.09556092
2.07661957
0.00444794
0.91723633
13.28816711
10.32608821
1.03328679
1.00142426
12.42097961
3.09391235
2.33907136
5.05423981
6.50199247
13.38037234
10.23965869
7.04594525
13.17089844
4.78836880
5.25895390
14.88776153
9.71457335
5.52433289
1.82706726
7.64843750
12.46598266
18.94958527
2.77709774
2.10555241
5.13455896
0.71077765
15.75321255
3.53719304
11.63398826
3.46952737
3.79296875
7.00369460
7.84217087
20.83282802
12.36573138
2.79471521
3.54322473
1.23046875
5.41282747
4.87082335
9.23037013
6.77862186
8.34977172
17.56583555
6.79756870
0.84960938
0.03273498
0.06955994
0.06597900
8.09977172
11.39587433
8.62500000
3.44620291
7.88538065
6.22310394
11.99218750
15.82031250
4.25000000
8.10066711
3.01696808
12.93750000
11.60937500
0.69128325
4.94063386
5.76953125
5.21060284
7.32935505
1.13378906
9.23160018
3.13709275
14.89274047
9.97977754
5.51908356
0.24605316
0.53258535
13.31299202
1.23885195
8.55033356
0.78320063
2.94119460
4.01575797
1.87695312
0.09767639
5.19396942
1.93538453
8.65189606
1.51847351
0.75585938
1.44824219
0.79541016
4.25390625
0.77579649
5.30481050
10.36372894
2.47521942
4.91149933
0.03771973
4.00781250
0.86079490
5.37728280
10.37518554
2.92837877
5.34941267
3.31880707
11.93367492
4.96622119
4.54639295
4.90775543
5.10847961
2.64152039
4.04296875
12.81835906
0.06496217
7.51383422
0.96036805
4.00826019
5.15962738
4.18359375
5.23828125
9.24295989
2.99898347
1.34037262
8.93404144
0.16308563
4.01696808
5.87711547
0.35896851
14.84375000
4.09330231
6.42008422
2.40653535
5.19832336
4.72745789
7.63281250
2.59476715
12.55318207
11.84631317
5.15279144
2.64542664
4.37019836
3.87711547
1.21024629
5.33593750
9.19531250
1.33459442
17.56429078
0.13195801
4.36673981
3.14497894
1.91296293
0.63879488
10.23783356
4.29117797
6.94319703
3.06099457
1.89086852
8.17456117
7.00000000
4.45703125
0.00577164
4.05765777
15.45389739
1.55533937
3.32963043
0.78714872
5.83349734
1.38378906
10.70967310
1.13301917
1.25052887
8.44531250
3.51367188
0.11653656
3.16210938
6.00980621
5.94441711
6.73034575
2.01078402
4.29899047
2.90218140
4.98339844
1.35404449
2.24804688
5.89062500
2.25044769
2.38521332
1.99466949
3.38657581
5.45961435
2.21061281
0.34964840
0.78576878
0.97928863
3.60351562
12.06852172
5.52546345
0.38460453
2.02478058
1.86861176
12.37845856
0.04103607
0.15423522
9.99397828
0.20076508
3.03169769
3.51322418
0.04793305
1.59179688
0.35257840
8.41418550
4.34554078
0.74515777
3.34960938
3.16963653
3.78979554
3.01171875
4.88435727
3.39493960
6.79207336
5.55992687
11.82333333
11.69006317
0.62581422
5.80976951
2.65238807
17.05106660
3.59330231
10.67866911
6.55224734
12.74641844
0.11291597
2.52539062
7.33063387
9.82126218
21.67956450
0.63000582
2.83052582
14.28046568
0.33699648
3.73392731
0.91905959
1.71566544
13.58158356
6.72957336
25.56546654
4.21277260
10.06481716
1.65731023
3.51953125
12.04296875
6.18314606
4.18750000
1.72896332
4.75000000
13.65189606
6.23824066
3.20463043
4.19877106
1.38956726
1.36226286
2.77555297
0.12443179
12.87117492
11.10823360
12.46734837
8.04028258
1.51277649
2.31954011
1.78267426
15.54980469
2.93660461
2.32511414
1.34082031
8.28035461
3.19877106
9.98347961
8.94379212
4.48121675
4.34375000
5.64831450
9.47399933
10.72745789
3.74430297
3.38639406
9.07458115
5.40189606
8.93391844
0.54846285
5.55289672
5.62634308
5.02326519
9.42009419
5.47656250
11.39729610
0.02897343
9.60502106
17.94486138
8.03340979
0.59167512
5.07844969
5.33357602
9.77014378
6.28401485
3.52742741
17.14396055
10.67622894
6.12723847
3.26350953
1.64453125
11.33727062
3.45179188
2.02388519
16.28869349
16.05717198
6.25000000
12.88281250
0.49890168
8.42354278
4.05232602
3.92301640
0.81058746
14.97025481
4.13549867
7.41060394
2.76346521
7.83809729
9.97656250
3.50319428
7.59285461
5.23429383
19.56778369
3.88444592
13.49698914
12.03369016
0.84086214
14.44582092
8.41662567
5.01806703
11.54349762
3.40429688
16.50691711
8.72745789
2.84818512
14.33101286
0.88916140
21.94877106
9.11027039
3.60742188
1.67683899
8.09029144
2.47521942
7.35290558
8.28125000
9.08670989
0.67732602
0.21228245
1.81156278
2.73673648
2.58744293
32.34635251
16.87441933
14.59075160
10.32877438
7.74109042
6.76684508
0.68908660
3.58414672
7.75972628
11.89408356
11.74353058
4.79252106
1.80468750
21.45603943
9.97147053
5.34839428
3.56730164
2.13671875
7.58068817
3.59269226
2.60005707
11.69417110
5.81449247
6.07682624
4.09171321
6.82580784
1.67818207
16.63886858
8.13021498
10.07812500
1.30708832
2.17232269
3.34765625
3.08007812
12.73656915
7.66975953
5.69254765
16.62164451
6.78293771
6.99575393
5.83153923
5.48124550
12.17280475
13.93221631
4.44230164
5.83715758
0.81225648
16.17101397
3.26533965
3.35376662
14.44681824
14.12141844
22.47774324
9.19966644
0.03860474
3.91406250
4.08646637
4.68750000
1.69209746
1.52958222
18.05236816
2.39986176
10.41752106
2.62109375
20.62145280
8.45667220
3.26562500
12.09375000
10.54284575
18.16027925
1.94311337
6.89644503
1.93570922
1.69641207
7.11328125
1.00467739
1.29801640
2.45507812
2.97354666
1.55636026
8.93493683
0.60205078
6.05627410
9.09118683
7.27734375
8.26383422
1.51607269
9.01297319
11.03479720
0.91748047
1.96777344
9.48437500
3.44681793
14.40791778
17.20902765
0.31797096
5.89408356
1.16992188
11.53816711
8.40326353
6.81638186
9.66841644
6.71834165
3.97021609
4.25044769
15.27164672
5.96964539
9.70747894
0.62577239
0.19348238
14.80814606
6.24414062
14.80981383
1.89717683
1.97965453
5.69274933
7.30814606
14.96439606
10.70967559
11.34208222
6.50768950
1.09981355
2.68058289
4.32076019
8.71529144
7.02343750
4.25032469
4.72668550
14.50512633
2.20971742
1.94924376
6.62786347
7.40413453
3.49068207
1.79252106
10.71004211
1.48356078
1.53446504
7.84330231
1.19470246
6.03295712
3.13261081
8.59887633
7.86250886
3.21484375
1.91043911
2.12764683
1.67813276
1.46009142
2.46529144
9.11616911
6.54398714
3.02343750
23.16878048
11.36966202
18.76151706
9.07414505
8.47973446
6.30192265
2.39453125
6.97220856
1.19868988
15.77569113
17.08655252
1.45410156
1.27494293
3.82909409
5.62553634
3.47131317
6.07600953
0.09242768
9.38191711
13.88704344
1.63745179
9.91841644
1.29032192
13.55538120
1.07849152
1.10742188
7.68660461
5.92329677
5.79935948
6.09855164
2.92578125
13.58504211
4.39483714
10.17277039
0.09429932
5.68304443
15.39628315
11.52734375
13.37064606
12.27343750
11.58779699
3.66655695
3.49039672
3.18599457
0.04075135
16.31209289
9.80333644
11.10896851
3.95267731
10.86091977
7.10046542
2.33398438
0.91943235
4.75012300
4.31730164
13.67968750
5.95703125
3.06250000
3.36629211
1.03373137
11.00704011
2.18164062
9.75134308
2.04252106
1.46675629
6.06461547
3.74788453
15.65535461
1.63859070
1.22167969
10.73258422
2.83186890
13.96523715
1.10116910
16.07421875
2.10323028
4.49833222
10.38627106
1.04589470
8.55082557
3.49458832
7.25691711
5.41398133
8.39062500
6.04535462
0.16362976
11.13627106
14.78832447
7.92505319
0.99357242
13.15152704
4.66601812
7.13024933
5.19783134
4.68107491
2.09525543
7.04341644
0.47753906
3.73872894
11.47823028
7.11942597
3.36088043
13.42443817
11.11840758
13.87617576
18.07457281
5.60646276
2.75345856
1.51269531
0.49633789
12.03217975
2.76904920
13.15535461
4.77294922
5.54458756
3.71093750
6.97115082
5.19787567
3.97237090
1.23164949
3.63716644
3.22025543
22.22566711
5.02038481
19.32792269
7.27026505
0.24185309
11.23706117
3.73743879
4.65128352
7.43763379
2.97595246
0.43902245
4.03328679
1.16170351
3.16654449
5.06445063
2.56905308
7.57539949
8.86718750
1.62506104
3.19547485
7.57991578
3.29687500
0.02392059
0.87662594
4.29577792
6.03560394
11.48786791
2.51062666
3.24023438
2.36147427
3.28073359
3.50484596
2.93631926
0.22033785
0.61580383
1.73108948
10.35742188
3.05932181
9.74101174
6.53906250
3.78710938
0.94462004
1.21211824
0.88330078
1.60298676
3.93415947
2.54240303
17.25923427
6.28804411
0.48254737
3.14614473
2.71367796
0.34814453
5.46980774
3.64257812
10.17533356
0.33520446
0.34338472
10.94095856
5.24742687
1.97763020
0.50150543
2.65570867
2.62012965
4.09285461
8.83235594
7.51094636
0.99654144
5.15177305
3.38789949
0.67570008
2.61627516
1.90246675
1.75292969
1.12719727
0.31302887
4.33576519
1.63404255
1.82580535
2.09944703
6.74654144
4.61450133
4.06172761
4.56892509
4.66154366
4.08113586
9.83303968
14.40266844
9.56552083
0.84330231
4.43058289
4.35081949
0.67945395
2.15478391
5.21980898
3.22656250
4.06294769
9.64062500
0.76562500
21.38911459
3.35307291
4.90234375
0.87442556
9.58732491
8.45267580
6.46785461
12.68200466
0.62211339
18.90909353
17.54569924
4.43973847
3.78515625
7.51037567
3.94425476
0.92134613
9.47792997
11.20912233
4.14363586
9.35502106
10.33927305
3.26212710
14.23425200
14.14281915
1.95451241
9.63716644
3.34525543
9.27075133
3.18119355
8.67866911
13.08349734
1.17818207
10.23160018
1.30701462
3.25144905
1.09891742
3.42489583
10.34887633
6.41975953
5.13170546
7.07186724
1.17045074
8.68700798
2.05167415
5.01514295
0.55224609
1.30668121
5.95043883
7.61206117
10.32176862
2.37594470
1.76127106
1.52901215
1.84037262
3.12695312
1.06253249
1.22738419
13.99084442
8.95235261
1.42866911
2.00297152
11.41511525
6.39726174
0.10461519
6.98101951
1.46579842
11.24554443
2.25736481
3.60982269
7.00000000
0.89408356
5.93526153
9.30252771
3.79691932
2.04988586
12.37935394
1.73722351
7.21964539
1.76562500
0.01708984
2.73197418
6.03950023
1.19096852
2.03778475
6.45798093
1.00736481
2.01456726
12.60066711
2.65519226
1.51244681
1.70044381
12.02343750
3.01277649
0.51489258
3.79927582
0.80806488
12.80725067
2.40173371
2.61673981
5.92149602
3.59067043
1.53275543
6.97432465
5.05806351
0.19037206
6.36731050
12.22656250
3.11372894
11.68481383
10.53588929
1.34375000
8.23867798
0.16391798
10.77652704
7.22526374
0.13338258
3.94486481
8.71829234
4.70305380
1.69742797
6.34509308
0.41206661
2.30822972
20.43827239
10.52176972
8.35591644
3.78755707
2.76074219
1.53710938
2.03861481
8.39663675
6.36162344
3.01713043
0.40116208
0.02323581
7.29052734
1.68945312
4.87022591
0.26866047
7.35872562
4.85546875
7.67187500
0.01051331
10.77689606
2.64257812
14.84785794
3.02563663
0.30981445
3.02644836
0.65332031
6.07076019
5.25687279
7.49703346
8.03816618
0.91259890
1.16992188
18.76383422
7.23291016
6.99788453
7.52291298
2.51730411
6.72581005
1.96980774
1.76350953
2.54927582
7.75345856
2.24218750
6.49263519
0.01067352
0.00337601
0.09785506
11.84297761
1.73677582
6.17187500
6.75890958
6.84655917
1.24121094
1.95007231
4.00793550
5.10892731
1.43363060
0.66988503
6.37935394
1.58398438
9.51785351
7.98470966
14.40625000
2.11071808
1.48535156
10.28381317
13.51204344
1.00134308
1.77701906
0.42240387
17.49385528
5.67728668
6.75781250
5.12935394
6.32946808
14.63028992
3.35501607
0.55416362
1.17036957
10.12994903
4.92538785
3.59851230
11.51127106
1.41691101
1.84063721
19.58235456
18.06802081
12.96093750
1.37500000
1.97070312
15.44176530
3.48527039
8.83858931
2.52103668
10.55963135
8.82808441
4.73783356
11.66829344
4.35559175
4.61245956
5.73324357
9.21210724
16.80021055
2.94557802
8.79618130
3.49918827
13.83459442
18.68570922
0.16003480
2.03515625
6.82421875
2.54296875
8.50435394
1.19777383
10.80860372
14.65368683
3.27717642
8.73153147
2.66060394
1.16083999
3.95891068
6.59899933
17.08325133
6.90417387
4.02970523
12.86149047
19.95674092
11.70129986
5.99348626
1.82096686
2.07857269
5.67053192
3.85119598
0.68753436
16.49459330
7.25927859
1.42045074
14.13191711
1.94868988
3.15083832
15.80175532
11.41508089
12.31681460
10.38793883
9.99543440
11.76852282
5.39843750
17.07812500
2.31587364
3.97705452
7.23783356
12.30033356
3.47355164
2.05680297
6.24308289
10.02779144
1.30957031
2.02388519
14.68314606
0.15047211
1.32963043
13.66304411
0.48095828
10.77692382
0.54517038
7.91162109
2.72688719
14.88549867
3.75284851
0.59765625
6.53535794
5.36307956
9.82006649
0.93782718
0.85245789
1.80735546
15.19095856
2.03800476
6.95389739
0.21923890
9.30484486
0.10478252
2.61278281
3.18478944
10.46838099
12.71183289
6.02246343
7.77209442
0.34281402
1.55476930
1.25638824
12.21529144
4.00826019
8.48990470
6.11076241
4.31294769
4.43359375
0.47045898
9.07031250
1.49906184
3.04545323
11.51037567
5.17565825
12.27791445
11.25089539
12.82722961
13.34694843
4.56938275
14.95914672
5.48998837
11.95080784
3.05708832
0.03265381
20.07572418
10.35066711
2.30993683
1.13724762
8.02343750
5.70524047
2.33817597
0.23734465
1.74096742
1.88033051
16.19441711
16.55021055
0.68811129
2.57316101
7.28503325
5.33215425
1.22408051
3.52539062
5.83821033
0.17204358
7.46093750
7.69262633
13.30114030
3.81437943
5.57767731
4.24490803
8.09098889
5.76562500
16.85937500
10.13883422
6.35624114
4.56005984
12.19877106
2.29732269
1.10742188
8.43314606
1.02632536
1.66357546
9.99796321
3.59834995
7.99743683
13.79508422
2.09554078
7.21785461
1.45161957
6.56074326
2.49138076
3.79625499
1.96591145
0.86767578
13.09720856
3.17451186
0.37378740
1.29394531
9.65843917
6.40601396
1.81933594
0.62695312
2.23046875
11.69787567
14.99975399
9.95862034
0.94673240
13.64111702
2.15848847
8.63627106
14.81070922
3.01871454
1.06555518
10.72298094
7.51969484
7.23999023
5.73002106
5.45088653
13.43558622
3.96553745
3.03515625
3.26329788
3.51270279
5.73181183
13.84273161
3.46390902
0.05903106
0.47090668
0.02626038
3.27929688
8.08414672
5.02217434
17.89078885
9.54211768
11.34855164
5.83300781
4.32421875
1.60449219
6.06578126
6.04359374
2.65926086
1.26322418
6.11372894
0.64933289
0.85526457
0.51338777
0.32128906
2.30736993
11.86002438
2.63493295
2.89152039
9.82608821
11.78674534
3.72700521
13.57528147
1.78507508
0.75740539
27.33247894
1.47408051
16.83735927
2.69193761
8.97566711
1.50223598
2.99528202
9.67097961
14.64334553
12.04826241
2.02262577
0.08392334
1.40873199
0.83345551
6.39652372
1.36783719
4.10884862
16.68582226
4.60368794
0.89229278
2.98466035
5.65087766
19.06172761
8.43493683
5.67667664
5.43558622
0.78279726
1.30070008
10.98872894
5.31640625
1.26757812
14.47656250
5.43485504
8.13448028
7.99865692
13.83142121
11.48258422
0.63000582
7.28303829
6.25719748
2.24199080
9.41730940
4.52409685
20.30667000
7.59135915
6.06441378
5.59362700
4.05525820
1.23677582
7.75345856
0.85929258
4.88773714
9.85973903
9.86051640
3.62605774
7.45011414
3.26802582
5.34756760
37.27547927
7.33593750
2.51562500
6.98994903
18.63000732
8.92447252
7.64213541
6.32279698
3.62695312
11.54943817
1.64587433
3.25199247
18.48888631
4.08569772
23.84455674
12.20377438
8.94442459
4.29545323
7.02600067
12.60602097
3.59127548
3.35937500
2.68164062
4.00061004
2.19771332
2.51261414
12.24632979
11.79504986
3.87378117
7.55814606
8.68045989
8.09427638
10.83988807
5.21093750
12.05893889
16.35384032
3.12194980
7.52241911
18.38916140
5.35156250
7.92309508
10.37772432
4.35892731
18.62466431
9.90710356
3.94108156
6.45108821
0.77246343
1.25683594
10.83414672
22.02868683
9.17187500
4.00781250
15.38520346
-0.43662039
10.29381982
7.98563940
0.53841187
16.01737395
5.34047486
3.32421875
11.36718750
1.87634308
0.89550781
5.01784354
1.48516732
7.07825589
4.20593417
1.86718750
12.30533813
2.91481049
3.54101562
8.66483489
3.76680574
12.81587738
5.54687500
8.11629211
39.64062500
2.32295990
6.34720856
10.43827239
5.66975953
16.62877577
2.25598986
14.20377438
13.51302737
2.28784242
7.27433289
2.02539062
4.15625000
10.11120512
7.00602172
0.64742160
5.01562500
15.98607713
7.82230497
2.52169603
0.54833984
12.66015625
20.60718728
9.37199911
2.72143617
11.90563498
2.81523049
5.04955120
3.70960438
0.83247894
24.91369598
8.70711242
4.26786347
8.19429411
12.08260195
2.55513519
5.34720856
20.63191711
4.86853058
10.70377438
3.56689578
7.75435394
1.46618683
9.66845080
19.14624335
3.06347407
12.80453014
2.28995789
18.22867797
12.97444703
3.05423981
14.12324358
8.09550642
8.42008422
18.28538544
3.66346741
0.82271332
10.79014961
9.29533023
11.24085438
4.50679411
16.95593417
4.69095856
2.91105164
18.53397551
7.77030364
1.64103335
0.66796875
4.89017731
5.60038176
7.54923150
8.40161569
14.70410156
3.11132812
6.01175934
7.45702502
4.29549756
3.14143673
8.91609929
14.96973051
0.98734652
6.68269836
5.12967864
0.88924257
8.04487880
2.00874225
7.41952349
4.91361481
4.23412899
7.16975953
6.05065825
10.80521388
10.32068151
4.07723210
8.51908356
3.02539062
9.40958555
2.45501885
3.64878213
9.13895722
12.44531250
5.41406250
9.94118463
4.28191932
6.56954956
20.25781250
7.89062500
3.53861481
6.35937500
3.41210938
17.04732269
2.18465149
11.59810394
16.05957031
2.51322418
7.15669769
17.18465024
1.96853835
3.81116688
13.58235594
7.24674562
2.94185394
8.18101111
11.64241578
10.73376496
8.70658356
0.71919769
4.00333555
12.52310284
6.02434286
0.60253906
12.70853668
10.94627660
3.29245234
2.42187500
11.10937500
10.95073531
5.97005250
2.89648438
9.03849180
5.63684175
0.62886566
7.89709442
3.76216644
0.79093445
4.53470856
21.75842200
13.07508458
19.00158660
0.48470094
0.67386871
18.22229004
2.43794769
4.52343750
7.42821144
2.34913231
8.65336090
2.88911957
13.85977837
8.21444007
3.53214539
3.54732269
8.42097961
8.23363604
2.16972517
5.40970856
3.08247894
10.11855497
-0.71958860
7.58984375
14.03470856
5.34556092
2.59330231
13.08414672
1.65872950
0.44116522
6.69051086
4.58850067
9.77677305
19.39961326
5.14811779
4.10156250
12.12410461
14.52754544
5.44462004
4.76119237
3.55273438
8.10591644
10.67073360
7.01196476
6.81009235
2.77650265
1.43599457
7.64314384
2.54240303
5.05716949
9.40010528
3.55887910
18.01304190
2.47621592
2.85786957
14.27152372
3.37886691
5.64062500
9.69441711
14.21573914
9.78381317
1.15519226
22.38541002
8.47267067
4.21959662
11.62064606
0.47094727
4.96203458
11.77368351
19.46946042
12.46881861
7.70976174
0.38358551
4.39058068
10.55684729
15.89408356
9.97050019
10.93342642
1.82678690
7.87845856
3.56640625
1.50728363
15.73510742
1.57519531
1.53808594
9.72623825
0.84228516
4.79687500
10.42675781
1.15820312
3.09375000
6.78763824
3.69921875
2.18599457
3.73437500
9.24531140
22.30416736
4.41841644
1.90856965
2.62601715
12.76411957
10.79252106
6.27734375
12.65625000
14.50887055
11.11539672
0.73824066
1.64587433
14.83289550
6.38968529
0.79276956
10.78470856
12.94787567
9.91453458
5.68055850
2.96333832
13.68225067
12.64794548
0.51648354
2.94095856
11.54341644
7.97298094
4.30948914
12.21167054
1.47558594
9.03035461
8.34875333
0.15556003
8.60156250
7.00423094
12.30558289
12.95837433
0.43078644
19.59406472
15.85348376
7.62070480
6.37563496
0.95894379
6.90779477
5.42952791
0.49891289
9.70845551
5.97375333
1.20752078
2.61808289
4.47420102
4.22155917
5.02839650
10.82218944
9.50948028
14.41230608
13.70911236
17.80757785
6.31852172
3.44034851
14.61885528
0.15987215
8.71875000
1.71447723
6.65714539
15.88236481
6.88057403
1.23653230
12.55033356
8.05814606
6.36283356
1.94107658
6.36255319
1.75248199
8.03906250
7.21183289
9.99839783
1.71317535
2.00000000
3.89168274
14.24353058
5.22131317
11.43298371
4.24564606
19.66451019
19.45344969
3.19498781
5.25781250
6.93891180
2.21538508
0.57865387
7.38155121
12.99218750
0.39477539
15.90527344
7.77880859
9.91406250
4.61718750
5.21484375
1.20287338
5.75834884
10.75423094
16.71842531
13.62642426
21.16316711
8.20747894
14.06237700
7.53918550
4.71484375
5.52587766
12.86039339
12.73318921
5.29903479
1.22025543
16.63448028
4.94392509
1.12569620
4.70357269
8.74195591
1.65994015
15.36983215
5.96183289
15.48598848
14.66928496
8.94185394
5.46484375
14.06404477
2.40470523
1.61869293
13.42117133
0.72576074
4.04545074
2.91166168
6.93794769
13.91556362
8.34834995
4.03125000
25.48570812
5.51038563
9.37825375
9.80704400
3.51188608
12.64485594
4.49877992
1.73706117
6.98860594
6.32147829
2.48198913
1.29191101
10.44291168
10.83414672
9.41825410
3.61140930
14.51383422
3.39001496
2.11657746
5.15270280
19.08814006
14.70548648
7.33638519
4.77990692
4.00134308
4.02127771
1.52205757
7.13627106
6.86946625
1.74584961
1.90366718
11.52266511
9.14485594
2.34100455
3.18316599
1.55212433
13.77396637
5.41092864
2.09928468
6.98783356
0.32906098
19.01127106
2.60396332
8.42264739
7.91951352
5.50834324
11.28035461
3.45926972
13.11740463
18.22749525
6.14217974
2.24414062
0.05574555
13.51485884
10.28010860
1.02803745
14.08581450
26.64846189
3.25835881
3.52148438
16.01924092
4.51005596
4.50736481
7.89062500
1.28560394
11.26309619
3.13879986
8.59841867
10.20818137
2.80664062
9.85953485
3.01253546
11.51464844
12.38358489
15.28393617
16.16206879
5.68705231
3.79296875
4.86539672
3.38895722
8.30765404
9.67504821
13.09692819
0.99361176
3.99386969
9.12836297
7.09126552
3.58044714
4.09720856
7.47406805
2.72905695
11.21439606
5.91752106
1.44177277
19.18004655
5.05388076
26.12740082
5.35087004
7.95145722
3.09676086
10.70056183
1.93261719
16.23437500
0.58064291
3.87305186
23.43815094
8.33235594
1.11055574
17.17187500
6.20402039
1.62597656
12.39627771
6.89083167
9.54597961
8.57454344
9.38871122
4.68563054
14.09004544
0.53833195
17.76794216
4.29059730
2.75697140
10.99068207
11.45380874
0.78199052
16.97097851
8.92431516
6.11447196
5.56640625
6.31237700
4.74231050
12.43456782
0.48242437
0.74609375
25.62226951
0.71073831
1.95507812
2.86499023
5.66796875
1.85644531
16.16389829
10.47306460
7.22656250
0.61791930
6.00353336
2.14135804
9.98002106
9.37935394
2.82038370
0.98137411
5.16601562
4.65279144
1.81176696
0.02372285
3.87695312
3.12304688
15.14754211
0.86706574
11.86873227
4.28629267
4.83520944
1.18164062
4.64636199
6.22355164
8.66406250
11.00548310
5.74161680
11.25358156
2.81705563
6.57837101
13.24955231
10.27075133
8.93672761
4.39709442
0.70361328
5.22790558
6.57763298
0.73291389
2.99041861
0.96172982
2.40039062
5.91560727
3.56945894
11.81526734
6.74654144
9.28275543
15.00077239
7.57800200
7.35481937
22.26673889
0.22542110
3.60075077
18.26309619
0.48788037
1.39941406
18.88138824
3.82421875
8.51127106
13.55033356
3.55021055
4.22061946
7.84245124
7.00044769
4.58878601
8.10937500
21.02729943
17.09961187
4.18807070
15.44373046
5.07812500
3.53649933
14.31327239
8.07010085
6.61662677
7.51863586
2.40714539
8.31384754
0.03497314
1.33886719
8.05847075
5.47538051
20.62793218
13.13268950
21.20075594
2.26847351
10.44701463
18.50780698
8.97474289
16.14465425
18.28625333
8.54817376
12.72001627
1.07031250
2.84015349
11.16936613
10.43774601
0.63529449
9.09661792
8.32645722
25.56520611
11.19429411
6.08650820
0.95507812
5.13752549
1.06551834
11.49039672
4.25569703
8.51293883
5.03393617
1.45800781
6.44689661
3.67090093
3.20642121
7.11917997
6.12166445
8.88411126
5.96394836
7.71533577
13.72725371
1.95341035
10.52115470
2.22689217
10.34866966
3.04240303
3.43119293
6.18261719
6.36104278
1.88362672
7.68066157
2.51749944
1.49218750
14.50170774
8.09395169
0.53890265
9.94441711
8.76513298
14.50642509
10.64542664
14.11116578
17.39880651
11.87907358
0.54349762
23.58707641
10.06611592
17.13957225
2.26680574
2.45507812
8.38281250
1.41646332
17.76883755
12.94095856
1.82881870
14.73168883
0.14693269
0.89261871
6.00990596
53.53735538
4.81730164
12.83625222
7.71843528
2.31986481
14.85286126
5.23938331
1.63964844
7.76171875
1.50337738
7.59273161
2.70414339
12.77217310
5.99076573
0.83146180
17.19665558
6.71186725
16.41032358
5.04325410
3.08020113
12.33247894
0.79744445
7.16153369
9.02631539
8.28179631
2.13911957
13.34720856
11.07979278
10.99104610
17.05586422
8.26907359
1.96631981
10.45702128
18.95235261
11.61227282
2.07181793
12.87040005
5.59664035
3.18371675
13.84151153
3.04610261
23.56664603
9.68542885
3.97599180
4.81441378
1.43701047
3.05870679
2.47986868
14.13521083
8.69608738
2.57059785
9.08837766
6.30765404
3.25675975
2.06054688
8.76133977
1.16790004
8.00801419
3.88838154
16.60991134
11.44750665
2.28100897
7.70466977
0.43937320
5.92923981
16.66242908
4.47864361
13.37064606
3.96093750
9.49848959
2.55664561
0.69685852
22.86287414
6.79724090
3.57299867
7.55200133
5.50524933
10.67533356
2.37048371
18.11071258
5.73192487
4.46428302
28.47566711
9.48978668
2.73917664
10.33247894
0.34834809
1.05113874
0.80030169
12.89501330
1.36039838
3.72566711
8.56339539
17.49804688
0.27364105
6.98388672
0.37329102
4.52001953
6.51975494
3.60440603
2.37321420
3.44652261
6.04566489
5.35245789
4.01953125
1.06392426
0.73144531
2.95808899
10.47603114
3.05416112
22.38972961
2.17232269
17.15327163
0.89482408
6.76383422
6.64460993
1.41968085
5.20747894
8.87658660
5.25089539
6.39017731
7.50044769
0.43037934
8.92968750
3.62650543
4.81538786
0.04541140
4.28515625
14.84455674
15.50105275
9.21609819
4.07065713
10.99218750
7.03877217
5.88745678
7.26920044
3.26066101
4.36149047
2.20686890
7.69310838
0.84107131
10.47496344
0.84835992
5.92277039
2.73197418
12.70373654
3.02632785
5.51082336
2.77673371
1.18509918
7.72904449
13.78202239
3.46496675
3.29003906
2.41121399
6.73917664
0.36189758
7.62516235
3.03544160
12.68551880
1.74849457
2.58483544
2.07186225
2.77298981
7.47733489
14.28784242
2.10982269
5.30468750
1.53267426
4.11303524
11.08170656
9.59118683
6.91630097
8.36221832
1.73828125
14.48803680
2.60725953
6.90725780
1.62232380
8.47310394
0.18513977
1.03951019
4.41361481
8.97196255
7.11916003
15.69480606
3.61295656
15.68602394
10.43515098
2.45987976
3.42968750
1.08621662
14.38235928
6.85156250
9.50333555
0.98645113
15.76292761
2.60572473
2.70898438
6.09330231
2.06009918
2.94816101
6.98221521
3.99044104
10.53291778
5.68225067
1.09777925
20.63614805
8.84432806
3.05596187
8.90535461
7.52388519
10.11133139
4.12427194
4.10156250
0.96626801
3.00008117
1.82076019
8.68404144
1.80521637
3.21162796
2.68599457
0.58740234
5.21048981
0.04951996
0.31815582
5.27583832
9.54687500
1.57678192
6.09899933
3.33275931
0.18970163
11.51192044
9.96736259
3.52533633
6.12233377
1.42826324
6.62711547
7.03184509
13.73919159
7.75369958
8.33720190
2.41133699
7.13521332
0.99169922
3.22615415
0.82247043
3.61523438
2.47577765
19.24662895
4.78560394
3.07165558
8.70312500
18.22115082
3.94832336
3.87208722
8.38767840
9.37101258
10.63578277
14.37963805
6.00704011
10.50219415
3.66776706
1.59468722
5.69921875
2.57031250
7.62109375
1.20507812
0.04357910
6.21643035
4.25480164
11.63358489
15.19429411
1.79561558
5.34332669
4.54339206
3.14648438
10.14062500
12.17707004
2.51689937
5.17533356
7.16149933
1.91646332
4.01127106
2.28576629
4.18103058
2.58052582
10.59977172
0.36633332
11.20108821
1.98295323
5.12670898
3.19726562
7.01516734
4.03593860
4.23405031
5.77481494
5.42786236
4.85937500
16.27520834
3.66664560
4.18314606
4.98482269
12.57629363
6.73482269
12.32722961
4.52132203
1.31054688
1.03027344
13.84887633
0.37939515
1.78222656
14.28906250
4.03906250
0.67728668
5.21529144
13.08433844
13.27503656
1.90527344
8.26131164
7.21979527
6.55551418
0.25927641
2.51456726
3.14216479
7.81950576
6.43900543
2.11417664
10.17968750
1.69238281
18.84676086
5.08626219
2.86775820
0.52148438
10.75488032
8.87772053
0.45679521
1.22460938
3.10990387
6.90473959
3.22054078
3.09631815
2.55138381
3.51750443
0.49039672
11.73270722
0.63041168
2.33592005
9.02373967
6.30078125
13.86372894
17.59992908
0.99719830
6.02343750
12.63191711
1.98527039
7.84223753
10.30497192
6.24007203
0.58105469
2.23632812
1.20019531
5.16963653
5.10424867
3.46964041
1.09017342
6.94352172
15.31262300
3.40116363
8.45051502
1.61947030
10.20414339
3.63594636
0.23742676
1.87361633
6.96573914
9.32722961
14.75455750
9.58154297
13.05142066
4.44813164
9.30626663
3.85204954
12.41635028
0.04763794
14.08723626
2.43773106
15.62093447
6.70064301
14.53189938
1.24100925
11.06708923
4.85901595
0.32678254
9.91302417
7.25201490
7.13085938
6.32198028
3.34529477
3.24288120
6.90234375
9.87695312
6.91779145
4.39080230
2.17968750
18.17598294
7.28495456
0.58402247
5.59712987
5.89453125
5.41361481
4.07157192
5.87794194
4.37500000
0.83703582
1.37687195
5.48994903
6.39196808
28.62707551
0.19958496
1.62246745
6.44007313
3.57031250
0.03294892
0.20178223
0.73956299
5.56982422
6.73437500
6.27254211
7.02726258
14.58593750
5.47265625
6.56595856
2.20943207
11.51277649
17.11733479
1.40136719
8.78125000
7.94999051
5.43986148
8.23518174
1.07198775
4.79732269
3.04882812
11.65659908
4.83123448
10.26102505
5.84834995
6.64611785
6.74397828
13.09659353
4.14124002
13.41060394
8.86450133
2.67456117
4.99353027
1.62426696
7.16382184
3.20898438
0.60532623
2.90555630
2.45621952
10.54687500
5.58203125
5.03906250
19.25333555
10.57238863
11.07722961
0.02640809
1.97701019
10.68302305
4.38728945
5.30078125
3.51367188
4.11694149
0.10107609
11.13704344
8.55240968
6.04252106
5.78951019
5.51562500
11.74673316
6.41732934
1.89062500
7.39380890
3.96093750
1.76509613
1.31595856
1.55806488
3.54003906
2.23197418
13.71875000
5.15144836
0.60485871
0.19689910
4.92712433
4.64550781
5.49955231
4.93794769
1.12500000
0.24237029
4.42277039
4.75896544
3.72851562
17.18676696
5.43237367
12.67594360
5.30212433
9.31070922
0.74051972
0.53369141
8.36246454
0.51497687
1.62011719
6.39062500
3.25000000
5.33715758
2.62377992
10.90625000
2.91015625
6.64843750
2.64847186
7.19209995
2.39310948
6.18969913
12.00911126
3.65885749
13.42443817
3.52673371
2.63822418
8.95747894
9.00768950
18.78161652
8.56941711
13.08930741
9.16427415
1.41406250
5.54947252
9.31901374
19.15754876
24.30562721
16.72859929
16.69128325
4.24064273
8.00736481
10.13448028
11.74487367
11.90535461
10.20377438
5.33227726
13.49450466
7.49084691
3.45463043
2.26607269
5.93302305
11.04610261
2.14392121
15.72004876
0.42985358
5.06250000
3.40470025
24.33118018
1.65279144
2.38627106
9.14741911
5.32075770
2.79708167
9.71402009
6.50988365
1.90808510
9.16820479
2.87325853
1.41406250
14.00602172
4.09899933
4.71529144
2.63085938
3.11533744
7.39818152
8.11692832
10.04834109
6.30172096
14.99132647
17.05302471
3.96195589
12.07124723
7.06652925
9.21305359
0.09393311
1.83040282
9.88883422
3.97412234
4.92968750
18.52254211
11.91060394
20.02752550
6.80286236
11.72481843
6.88614805
3.56502382
11.25781250
0.03636688
10.68110927
8.70170323
3.13387024
12.09029144
11.56852172
8.40458222
3.87455231
16.09216215
18.02026461
1.19380707
8.62845856
2.85351562
23.54524750
16.06705563
6.53316378
14.19038661
2.48970800
16.83325164
2.48811890
5.09375000
11.03470856
23.40224513
5.99440159
3.00301086
10.54085328
13.62451172
8.38806183
5.60892731
0.46748871
0.66194329
17.77506593
22.83691655
8.14664672
5.84183622
4.98571808
2.24800753
19.85310727
6.73539339
5.31384308
1.27583832
7.23485705
12.71423869
4.37430630
0.87581671
6.47656250
5.54547264
4.24163674
9.34238698
9.13539560
3.59794160
9.38960661
13.24666445
0.77990692
2.48661347
1.47558594
9.98144531
2.13019099
0.74619237
3.07076019
5.67923981
4.43994016
2.31547152
12.09464539
7.75390625
19.19307847
3.17801528
12.28470856
3.22310394
11.69095856
0.65303122
16.19970579
13.38818484
7.98319924
17.48293330
20.95907801
16.53764073
2.31722296
6.84541778
7.73571808
6.07120789
7.73828125
2.11355663
3.35189716
6.88806183
2.62544769
7.28771942
12.45689828
5.13819481
2.31250000
10.06852172
0.50769074
7.48236084
3.86914062
5.55712891
9.02539062
7.43916778
12.65368683
4.13806183
0.26562500
5.89261747
0.19791750
10.22294160
10.85066711
5.27298981
2.81433012
7.94978945
1.57767731
4.17277039
14.07722961
2.13777649
5.96317597
16.22916002
3.27865248
1.17338043
8.01216644
2.83593750
3.60545130
10.34384800
20.41861938
2.80179964
6.00618407
14.96746401
17.18045989
1.95222712
0.91463569
1.70463043
3.38593640
5.44218860
8.81685394
2.56355774
4.74698914
0.32153320
4.93692930
13.89420656
2.28320312
13.51729278
2.28739472
4.36417664
6.12455231
2.52388519
3.73942016
2.89587433
9.57271332
6.42565825
3.11991301
14.64343417
10.50231716
1.21199773
8.28381317
8.23806960
0.75350786
8.26127106
21.51242399
3.45658356
5.24698914
13.24218750
7.73905364
6.93538453
0.29577668
5.87943263
0.45361577
4.19938110
4.02823914
9.06339539
22.13326019
4.83105469
13.74957669
4.51950686
14.65523161
3.25687777
1.58919188
12.35656583
1.85928884
2.47079177
17.20312500
2.66015625
17.22387633
8.08426972
5.07076019
4.76627438
2.46614749
5.60546875
8.13012633
10.20145722
14.51289824
8.08081117
9.22460938
17.66752106
0.75447570
5.10681183
1.22167969
10.11387878
4.92578125
4.87935394
0.38801416
1.78821143
2.43013519
8.82352505
7.16084995
8.56494016
11.80713015
11.82332034
3.07481687
3.67142731
6.27388519
9.55122894
3.85656583
3.33829898
10.55533688
3.30501468
2.62589539
9.69531250
22.79056793
10.43277704
1.11552222
6.28893950
6.56998781
6.63915891
1.03076296
8.09375000
14.72798676
10.23787963
3.07168549
8.33593750
10.05468750
10.79351951
1.20953069
11.83528812
11.96695922
1.49747618
11.60681183
4.68371675
10.68737700
0.56990664
4.26953125
2.65083832
1.26806142
5.68676197
3.21363364
2.47398687
0.63929438
1.62890625
2.88110352
4.81986481
5.02298981
3.79191101
11.76472961
11.25089539
2.69653320
15.03470856
13.60229492
12.06269172
3.63607934
9.24987700
8.23103945
18.10326504
9.88905335
3.75044769
8.72733489
1.36381012
23.42793108
5.75362588
13.59501440
9.39652372
1.00341921
1.59171570
5.50390625
2.89391623
0.40100565
3.84570312
5.25642509
3.21037178
6.85803192
10.33609486
19.94816600
18.63268950
7.33048648
10.07905475
10.50765514
3.82930574
15.39831450
1.60163869
10.66569592
0.03149445
8.96093750
16.97566711
1.46333832
1.31835938
8.47298094
4.10559175
7.30423981
32.69029140
5.93794769
0.31278473
5.65657469
2.35363863
10.33158356
6.38326019
19.98766996
22.32389406
5.66796875
27.24759233
13.20760631
3.21810062
13.18663897
2.44617353
1.03027344
8.04117797
11.76859154
1.33138436
1.14550781
15.23604278
4.88220246
3.12198914
7.20357269
10.82722961
9.53112700
6.57478945
1.63476562
3.20357269
1.26318235
10.68851839
21.80840736
6.94649705
0.17196116
6.12967864
1.75935976
18.92508755
13.70226397
9.70858599
15.22656250
8.46158688
2.33821781
4.22656250
8.26269282
7.91097047
5.20202792
22.59073914
0.52380402
0.03858422
3.95597351
0.44018555
6.57031250
1.90648604
6.31181626
6.48482269
9.37629876
5.82233932
3.49577903
8.78279477
6.95984042
16.30758572
4.18297428
10.60323028
2.76395722
4.82812500
14.67150599
0.76501745
17.47131317
9.42224152
3.44291168
17.86885528
2.41479554
18.39334926
2.66866245
10.73543274
16.54829926
11.15665337
2.68168495
11.86632647
2.02189771
20.79255541
6.40666334
6.53365082
14.82153258
5.29662899
9.16084995
9.80301972
4.53125000
8.03437888
13.06636193
4.66203568
9.01997894
2.87935394
4.12500000
0.01233673
16.83239528
2.46838597
4.62109375
22.86450133
5.54956117
11.46523715
4.97616910
4.65570068
13.20658356
3.14680907
16.84726616
2.40987588
19.15424757
16.22954150
11.01204344
3.69063386
23.26672208
2.55420046
3.20100953
18.89614972
9.91390514
6.29252479
1.11132812
6.81160461
6.91105164
5.33504211
3.55017121
0.70218902
4.55663564
12.84001108
11.56070922
5.59352838
1.61167275
11.48799590
9.85681183
2.62589539
13.70222961
11.08158356
2.30558289
8.86035156
2.56099457
15.03332115
7.33341866
1.82824551
16.67110261
10.09733156
4.52555297
0.05283662
6.19531250
8.89408356
6.66060394
0.01358032
8.38358489
16.17704316
2.65039062
2.73482269
17.47700023
7.11239583
7.19576019
10.14408356
7.70755763
13.49947362
0.29850281
16.32608821
14.24950798
4.38053967
10.88281250
1.95796723
5.94531250
6.63326019
0.75408312
0.58793744
16.48437500
6.46582031
1.72416168
3.66105164
17.09195922
8.48347961
1.07450285
6.88773714
13.42097961
27.06059511
-1.20768952
3.28365082
10.53755209
14.66455452
9.86144615
1.91886912
4.56640625
10.67533356
0.05211364
1.72269559
3.84822695
2.69755097
7.58113586
4.64542664
1.04296875
3.04056793
6.95833001
9.80774268
18.08275931
2.03487588
5.55553857
6.05729499
23.66068512
1.83329067
12.34489140
1.95259613
14.07940382
1.04726395
7.76562500
0.18998262
7.72220856
2.09330231
2.00435394
5.92744903
0.17431703
10.95263298
0.09232948
0.90282642
4.61446697
4.00887024
3.35396332
3.11958832
3.54195036
9.56917110
5.24239417
3.40730774
12.83760528
2.11401429
15.67773438
2.09810394
13.34781860
11.91406250
1.88122590
7.34615082
6.40580231
1.55977387
7.14453125
2.45507812
11.64989985
4.54590093
1.86816406
10.03983489
2.15319482
0.73568124
0.02522278
0.05725098
7.52825409
7.91796875
5.75598145
15.29243988
2.26953125
6.15881317
4.48136414
3.77391571
2.29838043
2.06099457
3.79492188
8.25000000
0.02423340
0.64302582
7.45703125
3.66015625
22.03570557
2.33353668
8.92533356
1.51411957
0.62251801
7.18359375
11.17252438
0.50769199
0.56445312
6.64575133
4.20434633
0.46211326
4.34899300
5.64843750
6.00345856
1.22408051
14.84212157
4.13415558
1.83312833
12.53637633
2.15421819
3.01032636
10.50725177
1.28267426
10.80814606
0.67838500
6.40804078
1.37544769
2.73046875
2.20499197
8.79659463
2.59423704
0.73478335
2.50976562
0.02928681
2.97521942
2.29431183
5.06250000
4.85652399
17.03897385
0.19983876
4.26671709
3.93221631
3.37227449
16.16841644
7.48591977
18.88394268
4.13750110
6.63972961
4.53796542
3.06640625
10.03458555
0.89021914
0.11334166
0.42334047
1.69726562
1.93412262
1.30415863
7.82938442
12.64741911
0.09692694
2.90283079
0.75659242
11.18147828
4.49609375
10.02591202
10.69283798
7.13130707
8.92968750
6.30122894
4.73828125
4.75390625
8.89754211
9.24592642
2.41288176
17.55302471
0.84964996
4.60982269
12.79650599
9.48335661
6.51310616
2.25431305
6.17097961
8.70056183
0.14701324
2.18619626
5.86185699
5.25927859
4.24442597
7.98950133
0.33028230
4.31738281
3.40189606
9.63191711
3.17570008
5.89491804
15.72668550
0.43603516
9.50808290
3.10609374
0.60104214
1.71008394
0.34733094
2.77705840
7.31416778
2.26949191
1.83174590
6.52132203
1.67081726
0.24125121
5.51330286
8.40751440
2.78995789
11.92784575
1.55497285
1.09240442
8.04199468
3.69274933
10.51908356
7.14017731
12.49894226
24.20461273
17.35088352
12.94698028
5.17647495
5.41194703
0.45996094
1.55879637
0.20377687
0.25154539
15.03625333
10.22460938
1.79951934
9.28399635
3.21721021
11.25754655
3.47080673
4.35790891
4.00582003
6.55033356
0.61864009
10.51408085
2.16946920
7.19068114
10.06445312
3.57295435
9.54468085
2.93155280
5.63458886
2.53365082
17.52152372
5.22216921
2.08935173
2.60311225
3.85245789
4.08638519
2.75000000
1.58789062
1.08353668
1.02201293
6.95402039
9.62645612
1.82967974
8.64241578
1.20507812
8.42187500
6.53771942
5.99007203
0.82771789
0.12788910
9.09211658
10.09664132
8.60591644
0.35233551
5.23030609
0.64371703
6.81461547
2.40767177
5.68208386
7.34375000
9.30122894
0.78881774
1.40502992
30.85619681
0.67700631
4.40629059
4.14204926
0.38167297
10.01216644
4.18269836
3.91691101
5.92354278
1.76501496
1.63122590
0.29679227
1.14013796
2.36279297
3.54146332
1.72318512
14.67187500
5.78112700
6.65669769
7.87951131
6.14750775
18.85017509
6.29423315
8.80737367
14.17712433
7.47310394
4.46260528
1.65218140
6.62154144
3.25361510
4.59445367
7.60892731
25.34480774
7.32991578
4.44433594
8.24568041
4.11324689
7.06037456
4.75167774
4.07966977
2.71960605
14.82127899
16.64868164
13.31941711
2.04134125
2.75630707
3.67382812
0.15472381
3.07375361
3.07264959
6.35086880
9.19302970
4.00553967
4.08337433
18.80533688
0.87382175
7.55048396
0.29256413
6.55114365
2.40073034
4.49739999
3.14229278
3.58890902
7.83361038
4.00668107
8.81941711
0.05153412
1.79243988
8.62410461
1.96605075
0.39983488
1.12410461
8.63102172
2.71557679
1.64453125
2.91166168
6.58249846
3.42846742
6.32902039
1.28771942
13.99743683
0.66264270
6.02852947
1.42818207
1.16788384
9.31209663
1.65429688
4.57421875
5.29899047
0.42683961
4.06648493
5.20650487
4.53112700
3.91099070
3.36177582
3.39017731
4.03172208
3.28513186
2.26171875
5.44726562
6.19441711
8.77689606
4.36071808
5.13627106
0.11031098
2.56791168
3.61584442
2.37568872
2.24137702
2.52164672
2.90042997
15.00413860
8.14933289
5.17232269
10.75398742
3.36551474
5.75317819
2.57751496
13.79508422
2.57263215
4.17622894
8.86759087
6.57767731
7.02079565
4.29565492
0.94970703
14.44921875
4.78470856
8.53470856
5.72745789
1.04260223
5.73571808
9.00781250
9.00345856
5.99462766
5.76363253
5.52343750
1.64806599
5.84998088
5.90234375
6.45222961
6.42232269
5.19531250
8.06069915
1.22452820
7.80948914
0.63183594
1.04935699
11.63992133
6.56365137
3.26782227
20.87259606
7.46700354
7.05688477
10.57659912
11.33031915
4.80416112
19.74051972
0.31213348
4.13024933
0.78125000
8.09631317
1.99100769
8.01818817
6.17277039
8.58825466
7.63566039
2.41796875
8.39790863
2.57767731
2.50215481
6.75805851
3.99218750
3.85262024
5.41451019
7.82857269
3.62568872
1.88993628
3.44974762
3.93135528
5.61987367
1.08398438
1.50789367
3.50524435
5.94938608
11.10245789
1.85306793
4.20406098
15.46484375
8.24654144
3.25195312
0.03512573
0.23497253
0.79097504
3.18481383
1.63842836
3.01102006
9.71704787
8.16991689
2.55318705
5.69933179
3.80848071
0.48999023
0.83207184
5.12349457
0.51383453
8.47371430
2.94913509
4.29231937
3.29626496
3.33406306
4.57950438
7.16796875
7.72656250
6.67968750
1.01509613
1.96540697
0.65373365
3.05786071
6.27417054
2.49495235
3.58423038
3.98917664
7.77062833
1.27445589
13.38806183
13.28023161
26.62646609
3.08593750
7.51171875
5.76908356
14.39383755
3.71403202
16.41845703
5.20613586
5.04732269
0.23091644
0.06128937
0.01300568
1.50427246
2.12650543
8.99609375
2.41210938
7.15189606
3.11177582
5.98412899
4.09834995
2.50390625
1.45954324
2.11809286
8.79520722
16.21915337
10.91353612
3.38924257
8.53906250
7.31103391
16.38187777
3.86958832
2.68073527
2.48332723
1.99076324
3.81717864
8.94454011
3.02095302
3.63965093
4.34220025
4.62020210
14.69518950
3.86340425
2.06445312
8.62451172
5.05859375
11.53384368
4.93253601
7.16451019
3.54007093
8.01071032
1.43269836
2.48527039
6.05423981
5.62890625
8.60054535
5.67923981
2.13521332
0.82373047
4.55468750
5.02689606
7.56205231
1.85485840
10.75077239
0.13297578
2.66691101
6.35854832
5.68096187
2.79734459
2.21775154
3.52978516
7.33158356
2.31791168
3.10441101
1.71484375
2.36824524
0.04628510
2.52203763
3.46962100
6.09951574
4.64364832
1.59460107
0.93371925
35.15468529
4.68125221
1.10058594
0.22788482
18.62062561
23.06685394
6.12455231
25.34251995
8.41093860
4.50915558
8.77254211
0.02579773
21.25821587
12.31120124
15.01037567
9.41495789
3.37637869
3.58903202
10.60616245
6.78137300
23.29137966
14.47054078
4.91386081
16.80957031
4.57031250
6.92598294
1.68082392
3.87561502
13.14220413
4.05221298
11.69620789
8.03125000
1.04243988
8.80484735
8.33337683
21.82763298
6.27771276
4.80090425
12.26037567
15.92879211
7.05487922
2.82235926
4.06411348
1.50469359
6.18461090
4.43359375
11.50500333
6.71581782
13.71924202
8.77087433
7.51037567
3.36808289
1.74308289
15.12299757
6.51494126
1.89872285
11.97180020
6.09265292
14.63777649
9.79431183
7.12890625
1.41023742
0.75093598
1.17329926
10.31379440
5.23971298
21.28100399
1.62915226
10.26334220
7.16846077
2.80379211
4.00524202
8.83886262
1.47147800
3.67069426
6.04699800
2.71618683
5.82604389
3.35124279
4.96919769
14.69530253
5.43706227
4.66451019
13.78548094
0.22355226
3.25015736
7.69688395
3.85184785
5.91752106
8.73058179
3.41350177
19.22798645
2.75374390
13.05033356
9.76127106
5.41707336
6.96126219
13.80552492
3.38460328
1.35396332
9.54755874
0.78365830
6.36043242
9.23619017
4.73268284
0.75146484
13.19617706
2.23425200
7.78829011
15.97745789
7.09541778
16.54510280
9.08886968
19.23234070
2.46553496
3.94966146
9.93298869
12.75688397
5.94554854
3.56596852
0.60595703
20.62447051
31.84350399
16.30627659
6.82409575
1.75345980
21.96464020
23.94775266
13.78137300
2.39139739
5.16072695
6.65932957
5.12973293
4.41060394
7.94000887
6.85837156
18.55549424
5.78071366
7.29424312
13.03405917
5.49955231
6.27734375
9.59875333
10.68903826
3.80061890
7.16361481
5.78259308
12.50284353
1.54057291
10.20267357
1.89307014
16.46138519
13.73693817
2.67907746
3.09586547
10.71618683
3.25781250
6.44566438
7.41430868
3.14196808
18.37027829
2.56185062
11.76143091
2.02665503
9.17953987
4.61076241
3.82617188
2.24641844
20.54208924
12.78507508
10.71529144
5.76806516
1.10498171
10.47427970
3.28593362
9.24271388
10.82312167
14.75732048
14.67749335
1.58890653
1.87821753
10.81941711
3.81453181
0.88362921
6.66917886
5.08248891
8.31339539
10.05110594
2.20219027
0.18103027
2.12801086
12.65424121
5.00446200
0.32170988
0.96508727
4.90850373
2.06880707
0.72998047
6.06599291
0.97803357
4.60197937
2.83382203
0.84326172
4.77006012
12.90039062
1.78125000
7.83296100
7.63428357
3.26953125
6.12232536
7.89062500
11.08414672
6.28348847
6.55814606
16.83120457
1.65361812
11.71346008
1.03755707
8.72790060
15.44148493
5.42676529
4.60457336
0.37369812
10.36074247
6.90052858
6.57076019
1.65924560
6.67944149
3.90739140
5.77748258
7.79353945
0.18412262
12.42286314
6.12630873
0.53320312
5.39029034
2.87098071
14.46158688
7.33919437
17.94596344
0.43180359
7.57543883
2.64526429
9.40580231
1.90722656
7.95703125
11.04854278
2.62243683
0.05944855
22.19046996
2.14445008
19.11320008
2.67187500
1.97371399
1.76847351
8.43827239
0.23140535
3.24523770
3.35632480
14.06250000
3.95087656
9.11508200
2.40039062
1.41211838
9.64664672
4.11587877
5.07341201
5.63236481
8.81925445
13.27831782
5.69132757
17.45666473
2.90730774
0.48954316
7.35278258
0.49682679
12.83670989
7.78829011
0.03771973
1.28621399
11.53496064
4.02054466
18.16276374
13.55635528
1.59952820
10.05977449
7.49026310
6.16923004
7.55167664
11.98002106
3.88281250
1.78906250
1.33780447
6.12626627
2.59330231
2.07661957
10.53906250
10.18314606
4.72656250
17.13886858
0.68970412
6.84106383
8.48901429
5.13236481
0.62154144
20.38451962
6.31220306
9.59464539
2.18180297
27.95491578
3.30440215
1.34643617
10.42957550
7.07678192
16.30456450
26.65091700
3.10005209
2.98922595
1.60351562
9.45658356
4.79337212
1.29451850
12.55932617
9.96578673
5.97924867
5.01953125
13.25093535
0.17118379
4.60342698
3.58211990
1.16308594
12.68359375
3.74715149
8.28125000
18.18738219
19.73246122
4.92391179
4.63716644
1.94726562
5.81835439
7.09627756
6.47566711
2.69034851
11.61193817
10.76127106
4.42020722
15.12836991
3.36324689
8.27010195
4.96919769
15.81640625
6.08548981
14.12052305
1.58064882
9.92011858
20.17854610
3.05803302
6.57377106
6.96256876
3.25972628
13.28906250
4.30566406
4.35591644
9.26729278
5.85957669
4.49813054
0.42700195
15.58308899
3.04662899
12.09991087
10.23608710
9.15279144
4.23559508
4.74051972
3.49654144
0.66654449
1.00142426
0.84667969
4.64216977
2.80900210
22.02513963
11.68775099
5.27600067
3.24068207
11.02433289
7.90234375
5.06595856
2.40669769
6.63687611
3.42126994
3.67232269
14.01114805
26.24071144
12.17484154
1.15878878
2.14497894
1.20185810
0.20585674
3.82206207
4.34330231
6.48783356
5.73635750
2.67416278
4.83663120
6.15848847
5.39843750
1.69392758
0.77824039
1.90384918
5.64648438
10.64411666
15.19361037
2.54979721
4.56360704
8.52103668
7.62385860
1.58512577
8.14971632
2.14715868
36.51953125
8.98482269
3.24023438
3.60351562
7.06205231
1.38349561
7.78715868
8.80904144
6.20658356
7.57421875
11.71149159
10.80570589
7.66109596
12.02673371
2.98632812
3.70552582
8.92084664
1.75342918
2.49564606
6.85396332
7.37495568
2.11723182
6.18135528
2.15218140
9.29190603
1.38920573
18.19571587
11.29211768
11.74160683
16.80956782
11.24570035
2.11718750
2.91681738
2.29066156
3.15625000
11.39754211
1.97618850
1.85673814
10.05033356
7.55712891
5.61629211
2.52823914
2.92578125
4.16316711
0.77429230
6.83447141
16.77454596
13.68269836
6.48136414
2.83939606
7.93359375
3.25826019
6.69441711
7.48482269
14.95832004
16.10242353
11.12675642
0.03304535
1.78951019
17.96004211
8.21183289
9.66678832
2.17606660
7.39798981
1.38142914
4.23046875
7.60188719
1.87129793
9.75898826
1.03540475
8.92533356
3.62605774
11.16202820
8.82563055
3.02458887
3.20446808
20.08538258
1.77852947
1.56009918
14.76903778
3.44300415
1.66710327
13.20010417
3.42485150
17.37165573
2.95069481
3.75089539
1.76704926
6.23828125
22.64062500
8.36374358
2.34589110
3.80498780
2.10681183
15.89154022
2.32405640
10.69185394
1.14089966
2.15039062
17.73213653
8.76550200
0.88908023
5.27343750
15.19681793
14.60798759
27.29826241
8.89859985
7.26953125
3.51395722
1.29394531
14.87064606
9.38423676
15.02006012
8.51802582
3.03470856
4.23681516
13.44543550
3.80452515
7.98168883
0.69604554
0.30838926
0.04817812
7.43218640
13.49180407
6.28893950
5.10693484
0.33227539
22.43314606
16.30460134
7.70028147
11.31339539
6.18644833
5.83696586
15.29687500
3.21129302
6.10997009
18.91305605
5.17887079
6.41707336
6.42358710
4.75585938
32.57226562
8.40625000
2.28564453
7.26550200
11.43672761
1.58638519
5.52469194
12.20817763
2.57767731
14.31250000
1.88074124
3.25868350
0.01470184
0.92264739
7.59012412
5.45572939
8.96708222
5.36958334
7.95719858
1.93195784
4.04497118
4.09973145
10.41687012
2.82758866
2.56789820
7.16931183
7.01440492
4.75691711
2.16495789
4.97733489
12.37401596
9.61739915
2.63085938
2.98978668
15.55513519
13.67175200
3.48059175
12.78906250
0.74328271
6.29468085
0.74548371
1.52148438
8.63528702
17.31430520
17.00520056
2.67361647
2.28325243
23.17968750
3.18452973
0.31660887
3.05737367
7.06685394
1.74075826
3.28605662
15.29501789
11.87113807
17.89522495
4.87011719
4.80859375
3.12410492
6.32722961
12.46529144
5.41451019
0.12707520
2.34960938
9.21439606
11.50423094
0.61202058
2.63370789
9.57722961
0.05558289
5.87080840
6.59741024
5.46675753
2.36018673
2.68566988
1.40844913
1.28820645
2.26416203
33.70458984
0.73974609
1.47851562
3.49885673
4.19087987
7.70446808
0.85164492
7.30206299
10.39453125
8.65881317
3.53405419
8.18799202
1.63183594
2.80664062
10.78816711
4.23063110
5.97310394
3.47640015
3.14315521
9.11027039
5.66707336
1.63663758
5.90234375
1.97408051
0.44140625
14.78023161
20.55179964
4.69140625
17.82327904
0.64351784
8.98079344
4.71797761
0.76070160
2.63627106
0.01127106
6.40926086
19.88134641
1.61023105
1.67089844
7.76012966
11.83752659
7.69095856
16.84106134
5.34590979
0.08099365
5.06689453
17.35624114
11.99051972
3.02831782
1.92960882
14.43570922
7.53336547
4.14811281
7.35009641
0.56250125
16.31270169
19.34130984
9.77958222
0.25252258
10.43404144
4.95462794
4.55416112
7.44877106
1.48616329
6.13647274
12.59573250
10.64829011
2.41992188
8.37935394
6.10156250
0.27392422
2.32267398
6.29296875
18.61104278
16.60793061
4.16585328
10.87570190
1.18745692
6.49100178
10.00623337
3.40173371
1.98077393
7.93614944
3.48670212
5.49955231
5.26057735
4.29065159
5.99641844
0.66076754
0.24466949
1.07934508
5.77152496
6.02465758
1.00191378
5.70747894
10.74898161
16.10956672
0.87192043
12.41662567
0.42102082
10.37129544
4.69640958
0.98014655
8.10066711
2.30220551
3.24955231
3.00301086
1.76989777
12.03067930
0.56791293
15.19527067
7.40323914
2.57043550
11.99462766
5.32645722
6.48290891
7.88126773
2.01350953
5.20703125
5.83459442
4.06261802
1.58716256
17.56784577
3.92187500
15.08939606
0.77290614
0.06347905
3.38138824
1.35013824
4.14933289
9.70133422
2.21272828
12.53470856
1.81001801
13.05545989
10.92419216
3.64534796
3.58984375
12.23351957
3.94274933
7.69409242
0.50878906
1.27689543
7.13549867
5.59029144
9.17976867
11.89920989
7.02823914
3.07930574
2.34765625
5.71446477
11.82264461
3.41512024
2.65128601
8.21439606
8.48091644
7.41763409
1.15809009
10.23604278
14.95556516
4.54321476
5.40612700
7.44006317
12.93851839
0.09608978
0.90445797
2.12239749
13.98783356
1.81197113
10.92162899
8.18404788
11.63191711
7.65234375
9.59643617
17.01562500
8.23425200
4.26184175
0.79931641
5.63582336
4.56730164
5.10969969
3.47428468
1.07128906
5.93436614
4.64933289
9.50614472
3.50841756
6.37972296
3.22326878
11.25480164
0.56250000
1.91845703
7.16768340
3.67952515
5.53951019
1.46289062
0.87695312
2.71047111
0.76657967
13.27689606
4.32031250
0.83117645
2.49157746
4.51277649
3.11071808
9.93827239
16.52286680
15.46325466
2.05216866
6.73828125
6.36283356
2.16060394
13.20991911
10.82727144
5.62154144
7.26550200
2.32088320
2.48437500
11.15588348
8.62756317
4.81518617
21.85697418
11.90738434
0.04855083
8.06429078
5.92732602
10.27970523
0.75126098
4.46573914
1.16691101
0.93851715
4.87890625
13.09638188
8.60405695
6.03076183
11.13781832
10.14334553
16.27462322
3.51953125
0.82633422
3.79159577
4.39501330
2.39014295
1.26269531
11.22914008
5.11115136
2.57063719
9.02266511
16.24149380
3.83317265
13.63972961
6.02376219
15.29069093
5.36795989
5.71061281
0.60839844
4.46138519
11.57368241
1.71883865
0.86226410
3.23002106
5.09375000
13.59195922
7.81510437
15.58800865
7.62728280
6.44083555
6.16508089
10.96300865
2.56478280
9.94877106
7.85656583
1.34558261
2.73091644
15.97143555
2.09375000
1.74955231
18.55635528
0.78885957
8.18123227
6.97546542
7.78861481
10.51281583
11.76302249
18.16035794
4.86653812
15.60404449
3.07511414
13.22119016
2.37841921
17.31835938
6.87402344
3.81791168
9.41406250
3.73392731
1.98917664
3.52738309
5.42671847
1.98339844
12.30635528
6.90132598
6.23449800
6.52734375
0.84126801
8.43029256
5.88208444
2.05015750
5.33521941
10.67533356
8.97566711
9.56278037
3.21935007
10.84069482
13.98069037
8.74385528
12.49608378
1.12273215
3.51367188
3.92552029
8.60377659
2.05078125
2.25166778
4.93147828
11.37808954
18.76330784
2.61686281
9.36848626
5.43965979
17.26590537
17.59257424
12.23091644
9.68944814
2.53800975
6.81860040
4.69657690
4.53977561
2.67356271
9.16711395
6.94486481
10.29597961
8.23527039
2.96109985
3.39180574
13.44441711
12.38349624
6.89545103
2.19025043
8.22989805
4.42252438
5.78462987
4.10156250
8.00699579
7.28536292
1.43863891
13.96264436
2.76562500
7.05680297
9.41650266
0.15242679
21.91947418
2.92773438
5.19787567
2.51155640
4.32767731
0.04057831
15.79397718
8.31949631
5.06127992
5.71138519
13.20121122
1.64831699
14.90961991
4.25879654
1.20703125
6.78709442
3.63734374
7.50134308
16.04971853
7.23153147
1.53417969
9.06258117
11.97912567
0.97684785
7.06640625
8.07219931
15.93823803
2.67456117
7.29797208
4.13517398
2.58626219
2.11926114
20.98044560
5.40625000
10.29943817
0.38456269
1.61132812
11.08467310
9.45800532
3.84705119
3.08878601
6.58805297
14.64285351
9.35804188
0.16520203
12.14168274
21.63687611
1.70776928
13.44352172
2.49983765
15.47708888
12.24311725
2.52153368
5.69921875
3.50736481
0.05088318
3.21244293
12.18570922
4.11867798
8.04424312
1.46879308
7.20267731
2.81970246
3.20027649
2.49308289
11.62992340
9.61364030
5.85075576
2.46830231
15.41991689
8.02331450
2.02881482
7.01871703
6.42667664
7.20178192
15.25244016
2.48612644
1.26721160
9.22147053
3.05721631
1.88476562
11.51973294
0.75032718
4.76543427
13.17533356
16.54073028
4.23750886
6.80814606
3.07979278
16.08047651
6.20301196
13.81941711
14.61027039
6.25166778
0.90795961
10.59708555
8.53139739
2.94964206
11.68558622
4.76760750
23.11495899
14.69267065
7.04003906
2.87801086
4.61800172
3.41015625
15.36621094
6.52689606
15.54650599
11.57368241
5.59119680
10.53727172
0.06823762
4.81461547
3.48225953
5.92274994
0.22914085
11.35335328
8.45939273
10.22029477
10.96976839
4.53620402
4.29476950
14.35937500
7.07120789
3.67968750
11.26198915
4.43763297
9.96220190
16.70446808
12.65881317
1.27718140
6.78608600
6.45264295
15.35823272
10.21170989
8.00524933
6.74189717
4.32027814
18.52745679
0.70549396
7.23046875
0.13525266
6.14209109
5.59838867
15.27136230
2.86478668
16.27331450
8.02791445
20.28576629
15.24308289
24.02148438
9.67968750
10.29308179
13.96853835
12.69834081
11.40563871
11.02205507
8.58593750
0.97428344
9.79162567
3.99568540
2.27697972
7.95925976
5.35279255
1.19087738
7.41922568
6.16589760
13.28694703
6.23746454
1.84216589
6.51509613
2.04492188
4.27555297
0.15588410
9.40791030
4.63168107
13.85542443
1.30074440
3.08007812
3.40401153
0.22538301
17.32945812
1.86194813
1.57128906
9.89973626
7.41579899
2.66448581
3.91902649
1.71496084
13.35689799
8.71081450
3.29008089
2.96679688
5.14453125
5.15384918
10.22130341
8.62845856
9.22919438
8.73495567
2.39977560
13.26328138
1.35087129
10.73237257
16.66004228
9.73318834
13.99919326
13.43871572
3.36560339
6.78104831
2.55452515
3.81835938
10.18501801
2.00390625
3.50736481
6.36405364
1.40299562
2.56054688
11.01127106
0.34716735
4.67500886
5.93269836
2.70792664
4.56640625
11.43904477
7.38806059
2.21102116
3.94811669
2.39368018
6.20747894
1.28230774
1.54386414
5.93501552
1.87357823
6.40059231
1.81185062
7.06583555
1.12024019
9.58247894
3.83972075
5.13333888
3.12805518
11.82377106
4.55603058
2.05676114
5.30704898
4.90669769
4.42097961
7.95019926
8.55135195
13.29073028
9.73795656
2.89062500
3.79471521
10.22090979
7.11328125
6.42968750
15.48720483
6.58842198
5.67561392
0.61410045
2.39453125
8.58491911
11.19441711
0.94555602
9.38997562
12.20300200
6.62166445
7.12276153
10.56160461
0.55139254
0.36743164
3.46634918
16.64838321
1.57659020
0.40588597
4.22131317
1.81237326
5.98409463
8.52522828
0.10367859
1.28619385
1.90332031
10.29854278
12.09285461
10.00435394
0.94897523
12.43760681
3.13281250
5.61523438
12.81941711
5.14839691
6.70126862
2.85351562
12.72477172
11.32076019
4.71260528
3.51139406
3.32767731
0.33687348
0.50390625
8.42822266
5.03852844
3.15580231
5.56929411
4.53182070
1.78800476
3.58789062
7.53381317
0.49515809
9.09182625
5.38909020
3.69681793
1.96638852
0.22529758
8.15625000
12.67475372
6.67598294
5.05013187
6.56962098
4.50256317
6.78906250
2.78259308
9.09285461
8.83325133
3.32446227
3.40083832
8.29264406
14.65266969
17.13781583
16.34220523
2.34855164
10.17968750
12.84798094
0.99633353
1.55318705
10.29687500
7.88398826
5.22839760
2.89062500
6.18359375
0.15661652
4.16227172
20.55122894
7.72253325
0.20947390
4.68692930
7.04911347
9.48774491
1.44178025
8.16752106
3.94185394
0.13232422
3.83593750
5.32466644
1.01277649
4.52274380
0.14196995
4.92533356
3.24263519
7.35937500
4.89017731
1.95145473
0.02824101
1.12792969
5.04170435
1.73173315
1.54980469
1.91336880
13.75720184
1.70870152
6.35201019
8.09029144
6.39741911
0.81445437
12.64721399
10.35539007
0.52005763
0.40177679
2.91015625
6.59472656
12.61914062
3.24279754
10.35591644
0.73824066
12.30456450
6.05916445
19.02581787
12.20275599
13.10746527
4.59045929
0.21374512
9.77945922
2.06404228
6.41194703
3.11857491
7.26383422
2.00765015
4.87845856
0.04839081
0.76025391
4.90594970
9.35096741
4.42232269
2.81477782
3.35559175
4.15087766
3.99275820
10.84810394
6.96484375
0.91455078
5.84419769
9.64843750
4.94921875
10.03035461
8.91152372
0.32720522
9.80615234
1.83540863
6.27689606
5.44095856
5.45402039
8.05468750
1.87674895
1.26538148
12.44352172
0.68680879
3.37605774
5.25089539
0.14202819
0.07462617
9.90100067
5.30623352
3.55106660
15.76562500
6.51037567
5.82775817
6.18884308
2.45926972
1.89737976
3.08597684
0.27510714
3.48046875
6.57678192
12.42277039
2.43721527
5.39453125
14.40625000
0.40091949
1.72318512
4.69620789
0.78129059
12.21875000
4.12430630
12.05538120
12.39107269
8.45133422
0.26472899
0.53499079
0.70060616
0.01506805
14.09195922
3.69319703
11.02766844
6.85725953
1.60921265
3.47432403
0.15482637
10.10643784
1.95907302
10.03013092
6.99466202
4.38558732
5.66361481
1.02071137
9.74564606
2.98469471
13.21257092
14.44099291
6.39539228
0.27547149
2.73661347
4.60599513
5.94087987
4.25345856
10.30981383
11.79202904
2.54480385
2.42997285
11.40970856
1.29134032
0.24890230
1.00976562
4.67354278
1.32548066
4.66015625
7.37006539
8.24276817
19.06587738
3.30468750
7.19286237
22.62488198
7.87011968
1.47627964
8.11718750
3.90298815
13.75646942
2.13635970
8.56595856
0.35693359
2.24654144
3.66589262
7.51261414
0.35079011
4.43615692
2.86603364
7.48186613
5.08215425
0.24414062
11.76896055
0.02840273
6.06302887
10.03433954
1.76029698
0.48417207
4.74068207
2.23107879
4.03649933
11.10371824
1.26843168
13.83874667
3.62727782
2.63684175
2.51757812
9.53906250
0.75219540
1.90181675
3.83548981
5.34322113
2.79492188
5.51371122
4.20023714
0.00867737
0.27827817
9.30660128
9.21679688
12.51997894
0.04929596
4.58548981
20.44877106
11.00561555
14.74218750
0.39603606
1.92333112
1.54464649
1.48099762
4.45295269
7.06462544
0.64742035
11.53421654
0.65352761
0.57775848
10.41149933
0.27246063
0.09045441
14.21337766
5.86181765
4.98905364
3.79682569
1.02812610
8.07812500
8.96333832
3.99609375
1.60990387
10.19095856
7.10597519
5.94699024
0.46257840
3.71875000
0.86042267
5.28169769
9.42879211
11.19673427
0.90543827
14.85456339
2.97144614
3.00630707
7.31640625
7.39408356
22.25976562
1.14302582
8.55814606
5.62204788
2.22170212
4.67879211
2.48722351
11.75781250
1.53560394
17.73054743
1.84420019
7.02209442
2.33968140
5.87410461
0.05566375
8.65804078
2.23323360
1.00211796
10.54199219
6.67407227
4.66451019
2.79882812
3.95841368
0.02388613
4.98535156
14.15970856
2.59615082
3.72635895
9.25691711
13.44294105
8.73613641
1.05432098
13.11580009
12.09513741
1.17712433
7.30423981
17.99849457
2.69140625
11.94942044
17.34413822
2.75667110
1.12756566
4.72134752
0.87630873
15.24766291
6.20110815
1.69087738
5.07670074
2.83548981
14.86816406
4.50044769
2.39888519
7.59817266
1.45081781
8.93929078
2.06250000
1.54516290
10.93249667
2.04337710
6.24987700
2.25057070
8.58203125
6.68314606
18.67036957
0.83056641
3.51908356
9.97236592
1.78198803
3.85697418
8.01249114
5.05947917
13.00402183
9.10519835
0.92329926
6.92142731
0.03420014
11.32812500
3.64123504
0.04412873
2.06693512
2.14453125
3.82287567
9.08068817
7.36987367
14.34368346
2.55887910
17.01204344
4.34833500
4.52393949
0.20747894
11.13921765
2.39805407
4.12198914
10.96875000
2.92277039
2.72879101
1.61886524
14.47363281
5.93314606
4.09676086
2.77087433
0.65356383
0.74194398
6.76908356
3.41796875
11.66393950
0.83260195
2.12471465
10.84554078
0.53161403
0.83040531
15.60335328
7.40970856
10.50870789
5.02343750
6.55969083
3.42273105
10.55725067
6.96093750
5.85725953
5.44441711
6.19986813
10.23612644
13.37845856
6.63370789
1.90041875
0.97775508
5.63928192
4.66495789
3.34720856
0.02579773
1.34082031
5.14868102
8.91149933
6.16149933
0.77418518
2.38867188
18.17443817
3.37829621
1.00390625
7.50589872
6.94332003
10.55814606
4.33203125
1.48799590
4.95267731
3.56518617
4.46138519
10.24250222
1.34644614
14.39900695
4.17712433
5.86983246
6.93554688
12.11604610
8.44030917
0.63313844
2.89107269
0.34187649
3.11328125
2.18099124
12.73783356
0.18196625
7.64595302
2.80957280
1.09472656
6.17720302
13.34899933
4.79834109
5.74833222
5.02030364
4.12031638
14.86808787
6.18897769
9.46480939
8.99206450
2.50793550
0.04617310
4.22599180
12.75012300
7.77974457
1.58032164
20.34643617
13.09720856
5.11718750
13.78230275
1.19177776
13.13822418
5.62544769
2.40234375
3.17639129
8.85668883
2.81457613
6.66515958
2.56970371
6.49955231
4.50044769
3.41857879
7.07165558
5.60937500
6.28816711
19.94864805
3.22021609
8.06595856
4.36372894
3.76171875
2.83718695
4.69601617
14.40689938
0.43392093
12.89229278
2.64632203
7.78169769
5.06327239
13.03633699
9.55033356
11.07383347
0.47188262
0.11364808
5.66699219
2.75931793
16.37711547
32.70560699
14.14017793
3.47896332
0.80228668
4.47310394
0.29028320
1.55366911
8.53791113
5.10556238
4.58951906
11.66699219
12.11283356
26.71138519
4.29732269
2.56054688
7.35546875
10.69877106
14.75568706
2.61540669
8.92443817
8.67366578
7.90979004
1.67533356
6.52620235
12.86397495
1.10029810
8.68839539
2.56962378
10.15602765
7.18998448
5.09884197
17.96004211
7.28820147
14.33333998
5.46797761
2.69579954
6.61934480
6.91849513
3.83630651
9.44787567
0.73803773
3.86043274
7.12980164
0.43286133
0.21250272
5.33646388
4.72180518
10.95491578
1.69771332
11.45226397
6.05464318
4.34420766
1.86568207
12.99918516
14.49654144
9.80826906
9.06640625
14.45287899
1.63448277
10.19095856
8.34799536
1.56260859
10.06314938
6.03060062
0.95458984
2.91056305
8.39408356
2.03800476
4.76908356
11.00835252
5.85722517
5.48437500
12.82722961
3.68916778
0.77408937
13.40763243
13.33723626
6.85819924
17.48437500
11.44634947
4.16292359
5.88761414
13.73091644
2.92638779
6.35502106
4.87935394
0.84623199
7.99609375
15.78906250
4.68404144
9.24475067
7.17305076
1.47058510
1.94283051
0.46008332
9.93456782
8.31978612
1.43457031
8.67340980
5.79143395
20.53291778
