0.11271055
18.62557070
18.13704344
21.99186281
9.96875000
2.66210938
7.12500000
1.81803375
3.34541778
1.43876191
0.69331879
10.38346188
3.13366855
8.53511193
8.84424202
0.22192383
3.31445312
0.03179413
19.86930084
2.58609985
8.21004211
10.87365692
0.66760347
18.33780696
16.61331934
10.30619791
0.10909027
1.29642731
3.54402649
13.25781250
3.23962433
8.95658356
3.90865082
6.54239805
0.71993074
1.31355774
0.25492402
5.53816711
9.76997894
2.43062348
6.90926086
5.93448914
15.26472961
1.88370789
12.93111113
4.04520722
3.39062500
0.93900543
2.38598571
2.12422761
4.07031250
3.36002189
3.51986092
15.15869016
25.62190859
22.63716644
2.18164062
0.79097504
7.12455231
0.05611176
3.21289062
15.15100067
8.29027261
8.98156583
2.15874445
1.77388519
7.06070922
6.62109375
5.98612146
2.41410682
4.41406250
4.52040670
6.94008310
12.59029144
3.52750111
0.19177776
22.38769531
7.84487146
0.19073248
9.94222641
11.10054411
14.01914739
12.81255429
9.14925141
0.78433228
8.30635528
5.78951019
1.04866578
7.28498892
1.76143838
1.89310699
5.22867797
4.70190492
8.93570922
1.63956726
9.56346410
1.90227504
5.70214345
29.29923351
2.55880042
3.03951019
12.70096521
5.62927526
0.31331422
0.94730621
11.99930816
5.55086273
3.22023326
3.36991799
12.57031250
6.85847961
7.62812763
9.31753768
12.61097406
5.42378878
0.05904113
13.91931183
5.65234375
5.85701352
10.00979060
8.10066711
5.47310394
2.21138519
9.45043883
7.37137910
16.29463653
0.33471742
0.17364346
3.82853335
2.05904144
7.00455563
1.62142093
10.13627106
14.64452128
0.19381704
13.64257563
3.94209995
9.74695893
5.13281250
0.93554688
0.02645874
5.62890625
5.50821587
1.81795600
0.73974609
13.48002106
18.80318207
7.78906250
4.27734375
3.20117188
16.66523826
8.72013741
8.70600289
3.23384862
9.12789782
3.34720856
0.38814301
10.10066711
0.15450043
8.04764739
1.95568817
1.73396914
5.72387633
1.02950105
0.82080078
14.26318235
12.74275820
7.57377106
7.21964539
0.63684051
15.46260528
6.41418550
13.55036791
9.34245124
4.21610815
19.55891844
4.26786347
17.18923649
9.26287137
12.07384974
22.59350399
4.21680186
30.37943512
2.60396332
12.30024491
4.96839095
0.83247209
6.81861037
5.48091644
14.93655032
18.85987699
0.16438812
10.67089844
6.41426419
2.71960605
2.17862976
6.87827545
0.01442475
1.39941406
10.66068263
14.84944703
4.18908909
10.60579344
7.23698000
3.32676941
6.60591644
11.85502106
14.67743906
7.35714649
6.36385195
11.58939606
1.71769226
1.19681793
10.02306849
5.88753546
10.11718750
16.73303192
2.21919769
1.13395141
2.40307679
1.17911431
0.66907081
1.00826019
18.69110875
8.39448693
3.25343417
3.64888519
2.23783356
6.29296875
0.56697570
1.23820008
0.27144379
3.81551086
0.12443055
0.35107422
12.65425255
17.62089206
3.01151706
3.07226562
12.55468750
4.07466644
1.56933594
12.88281250
7.64697141
2.27921321
4.06075354
3.26261414
8.72656250
1.65429688
1.83984375
12.84810394
1.66450396
3.79985150
0.85644531
12.15189606
0.93074399
11.25626773
11.93846410
7.36968195
1.34517426
7.14062500
4.25646942
6.57600953
0.92781555
2.14542664
0.53959137
0.00632233
4.62109375
3.11132812
13.78230275
5.10050975
2.64477539
0.65519102
3.99666445
0.70898438
2.18750000
3.77103668
1.35005707
9.59304633
5.93368240
0.13635721
1.31046196
9.15149268
0.92984985
6.39196808
7.42622894
4.81595856
0.93400086
4.75390625
6.72900266
7.71586214
19.38244349
0.46859015
3.17578125
1.30281555
16.11706450
2.49568789
1.29838043
9.19966644
0.17317719
2.76713043
13.57198028
0.80102601
1.36816406
10.78816711
11.72712822
3.67806405
6.50736481
3.56490082
0.67285156
1.87006071
11.66399379
1.96220190
15.36450133
3.07735261
1.60033370
5.00367021
15.08068817
1.29409956
1.88571032
13.20182250
7.59313996
10.58349609
3.53951645
5.51562500
1.69771332
8.78125000
0.05155426
19.37478835
10.79060727
1.58114583
11.69010126
13.54634862
0.79235871
5.68164062
1.16752106
13.24649811
4.89497894
10.60847961
2.93839539
3.82181793
9.51908356
5.29625748
10.84476839
1.88578900
0.09238190
7.41182403
9.59464539
17.71618683
0.80175781
6.17187500
2.81640625
9.99475067
14.83121454
13.29122229
0.90779228
5.45451241
1.86816406
4.78470856
7.30904144
2.21484375
8.29687500
6.75736481
14.33939606
16.53857297
6.18497867
4.87109375
5.53360151
1.05677111
6.75000000
0.73384613
9.90970856
2.04492188
0.43282074
6.84720856
2.64693207
6.92533356
0.20690918
0.03374237
0.17822266
4.75366211
1.66552734
6.82421875
25.32564052
4.74813054
9.70922852
16.70312500
1.96431488
17.27766844
6.50358156
1.81205231
11.40535461
0.21984894
0.47973571
7.70971742
5.23437500
4.78470856
4.76953125
2.85257591
4.40104499
3.19018617
11.59301758
9.46875000
2.72851562
11.02933622
5.03816711
9.47131317
9.18342642
5.26994459
0.13354492
0.43493652
4.31738281
10.65998892
18.54891179
12.35001773
3.21450909
2.16618794
10.55212433
3.46919769
7.09122244
5.24190713
5.96228058
6.15926086
5.30558289
3.98213653
3.12723847
23.15926086
8.15901485
3.05822972
10.98079344
0.17297457
6.56835938
13.73783356
1.14648438
15.80098294
8.45247562
9.68314606
16.83259697
3.34261358
3.05660128
7.98392731
3.58052582
7.73656915
7.65226507
7.15257979
3.07382036
1.19433594
16.86860927
6.47261691
11.71267399
13.70586546
0.63757168
2.22351230
10.41361481
14.71771167
0.85455396
8.01993587
1.79561558
2.62829621
10.18225067
1.73714234
0.25317383
2.42280973
11.62166445
0.42769379
0.01566177
0.68452973
1.23985176
4.04700797
1.86116578
10.39843750
6.55859375
0.95166016
4.42879211
4.45402039
4.64408356
5.79715786
6.46854831
1.12304688
1.84802277
13.97298094
23.89908688
6.23295323
4.41796875
6.32262966
3.33385639
1.29708665
4.14871792
22.30585651
2.25476230
3.33036347
11.37027704
2.21806128
8.81778369
4.05286236
2.89754211
3.58638519
6.75089539
16.84097518
12.70243877
14.23539464
1.32324219
2.71439606
7.61328125
9.09375000
2.52539062
0.01270050
0.82861328
14.62015777
14.64216977
11.92321808
2.10213320
11.51997894
0.05775971
1.15551696
24.64038148
1.44291168
28.65625000
17.94757536
3.72429964
21.23030142
7.70284463
3.12869958
5.49076573
6.73885195
3.26562500
2.11478668
16.46912841
14.98803773
10.58068817
15.55533688
4.12133976
9.68818374
8.64856050
0.54358627
1.20214844
24.39516112
13.02485677
2.93376108
1.81652925
12.69966644
0.21431488
3.12455231
4.40791778
0.14526429
1.86283356
12.83939606
15.95820701
7.33711326
11.72421099
17.83437279
12.99627105
6.77527260
0.39283960
9.22782690
2.67622894
9.98335661
11.62398161
2.88232546
6.39510195
1.17435699
8.80122894
0.46813934
0.76358541
0.60531139
1.68652344
2.86718750
1.21484375
10.17533356
11.07083888
1.39347601
0.33544922
9.26127106
6.14367022
0.35873060
0.08251953
6.74609375
0.56219015
2.46345883
2.48210217
15.73079344
2.20219027
13.26269282
15.01330784
0.56384308
7.69848072
3.29175365
1.49218750
9.49987700
4.33561281
1.91451019
9.08508145
8.60783023
6.69783539
7.24206450
0.75992922
2.94966644
11.00500333
2.36218417
2.47460938
5.43831297
3.39068110
7.36108710
3.63716644
5.63627106
6.45747894
0.85276206
1.38229111
5.65714539
3.37500000
10.07812500
0.06284545
3.58772828
1.27246094
0.34350586
0.00458527
9.89062500
0.55175781
0.69531250
1.73789599
4.65661901
8.34559640
1.67089844
12.05122894
14.53010860
3.62675144
0.05505402
2.69637024
0.74951172
3.05936614
1.76086519
3.51367188
10.20312500
5.04296875
4.19051086
2.71382037
3.32809064
13.64705009
4.43107491
0.21313477
2.68931392
3.61683842
12.80382647
0.29480635
15.24515777
5.50447321
4.90694370
6.70190492
6.05167664
2.31054688
10.06250000
6.61661680
0.46691988
1.20845551
9.93225067
0.31429016
8.75614472
9.81250000
17.08017878
2.75209661
9.96516844
2.45039949
8.86271055
3.57914339
1.37487700
0.07670168
4.22423538
5.54073028
6.09172318
6.79414949
7.24564606
2.93013519
5.41752106
0.08705658
0.67871094
16.11562279
0.69492408
1.25345856
9.86519005
18.25633893
5.36918993
3.22070312
12.01460661
3.19873171
10.35746122
7.16402316
5.46484375
12.89550532
3.35014073
0.20519957
5.96752992
5.29341644
2.36478668
5.11283356
0.09507264
9.94864805
15.09728724
1.81539284
16.17899380
2.54081394
2.75435394
1.75142426
12.93261719
11.87259420
15.02059397
1.72355164
20.32303801
4.53047761
1.92915863
15.30083150
6.32476951
2.23048869
11.66406250
17.73197418
4.39152039
0.97065693
2.11401928
1.83060699
1.44779449
1.90865082
13.15356383
8.15279144
0.47977754
8.99414062
5.26443865
1.86446697
9.93237367
13.22131317
7.55077128
6.27088430
2.50781250
2.95943207
4.14062500
5.92700133
10.80052247
1.02636719
8.69352172
21.99799204
1.09754874
5.83984375
5.69287872
8.27689606
2.64497894
2.88281250
6.65747008
14.83247894
9.66060394
1.30787056
5.73239250
1.81001801
4.68750000
14.19877106
7.12800089
1.89047262
7.86131317
5.95919852
1.99463264
5.50134308
20.86222351
16.07718902
1.38041168
13.09259422
4.07560616
7.66003325
13.85949800
0.75105774
0.26265473
11.89945465
7.14049203
6.51351950
3.50268617
2.92427582
3.50585938
5.72656250
0.09265137
2.19041598
3.72315824
7.26297319
2.89132369
1.68505610
9.99857823
4.09029144
10.55793440
3.44161790
0.02209473
16.98270351
10.03683399
11.90279144
12.63753048
1.82686558
2.71289062
5.70357269
6.42610594
22.05624483
17.56266235
22.10553580
1.27901651
2.09810394
7.55635528
0.11259004
8.78944851
0.80779199
8.14539488
1.96150820
2.80078125
4.73828125
10.76216644
13.95568817
0.09973176
13.91015625
1.45719360
15.47310394
20.12324358
2.27413619
21.51927527
15.34058801
0.23286957
20.65332361
15.15576849
1.43607574
5.23091644
5.90535461
5.70133422
5.29777039
5.83203125
7.74788453
6.68794769
0.02311707
5.17625333
3.59238253
13.48066483
20.41276374
2.64953956
3.57539949
9.96875000
4.34541778
5.01786347
2.96138519
3.90234375
9.42789672
0.33776887
1.31197113
15.32897856
20.21223626
5.70496010
8.75000000
5.70792664
1.47363281
5.58972075
14.66474624
3.88961657
0.67915863
9.27539062
6.79687500
9.75691711
12.32979278
1.48803773
12.80456450
1.72615664
0.73539090
0.11299777
0.55957031
3.75195312
3.58939606
3.80122894
17.56741468
7.26071032
0.69580078
9.01908356
3.13326019
18.85099180
12.01110538
7.59994902
5.21875000
16.65848349
32.75150045
6.44519946
10.33939606
16.44364472
1.80753601
16.80635528
9.34390736
-0.03356342
39.18420379
6.69921875
3.02628601
8.50044769
1.62304688
0.82745361
9.98347961
3.49308289
19.50133312
1.65642231
13.84765625
2.12650543
23.45389161
14.99907025
1.58630651
17.04687500
8.34375000
15.30468750
7.12890625
9.31762633
22.04931516
20.21492243
3.19474678
1.90580231
4.67866911
8.05839206
6.86328125
4.64160156
9.62845856
3.15625000
4.93794769
21.71833690
2.27396886
12.88179411
6.34971743
5.51022827
4.54341644
17.22570396
6.08822030
26.51362257
7.90043993
17.94335938
4.17187500
7.85111481
5.60355497
3.20939273
3.11283356
6.46805630
14.23530475
6.63790447
0.98633062
0.95898438
11.29854278
3.73909547
4.38326019
17.65828181
17.23412899
10.52412124
14.35608689
8.45568817
4.38505097
21.17008422
13.09554078
8.88411126
2.47286292
4.72219360
14.88948360
4.67587987
12.63577904
9.96924202
17.62141844
9.01562500
8.13639406
4.16451019
0.15820312
14.54329344
2.03185506
2.46541943
5.07857269
6.01953125
0.84228516
6.47753408
9.71244791
15.58467310
15.62540835
2.39148105
4.00044769
7.37756317
4.84240692
6.20971742
0.09877502
1.74429767
3.74068705
1.57219643
3.29610261
10.43314606
7.52388519
1.20410156
2.66361481
16.68750000
0.41035980
2.47806793
10.60937500
17.36372894
6.56640625
9.11539672
6.50020169
3.30839206
14.65100067
0.91914949
1.54882812
9.81204234
2.81491079
4.05859375
14.44877106
0.62788910
0.25992828
13.89180076
13.82259530
1.10339262
1.89554964
6.06205231
6.46875000
23.08670989
6.40022828
3.62679078
1.25292969
17.39912942
10.02194702
1.94562277
4.24955231
6.92773438
12.02827350
2.79053357
3.28336049
13.40218639
2.89017731
0.59464414
7.87975732
4.29904229
7.51818817
18.59118683
3.63281250
10.26976729
10.11817154
7.05121399
3.02809175
11.66610349
3.45707308
16.64761082
8.02098737
3.80015181
3.89693207
15.44339872
9.64587433
5.82824800
5.29886497
11.78467171
5.35156250
5.50970136
6.75486590
1.35489805
1.94539492
10.90775543
0.72408051
8.57055353
4.09577433
2.25418911
14.20222961
3.64107269
8.76216644
18.67879211
12.30545989
2.59387300
3.63281250
2.00294214
16.76014959
2.43204773
33.76503685
4.25982490
11.43469083
9.40124667
2.82458278
3.28194370
5.18095535
7.40555630
8.54020390
0.76635680
1.18920961
6.65625000
5.91707336
1.35485622
0.08744542
16.55731938
17.04755874
3.03920544
8.92622894
2.62756317
0.73144282
2.70544714
12.68842975
11.84282025
9.89318817
1.58744293
0.79378297
6.04687500
1.23632812
12.16536126
0.75163093
2.99609375
8.02668814
9.06807901
16.21878436
18.72589681
4.12935394
1.96582031
8.78373199
2.68404144
4.71777344
2.89648438
4.73046875
15.31435949
21.61052637
5.92203174
7.91374279
2.88647274
7.26375554
0.05622345
1.20853668
5.55513519
1.99263519
0.06045532
2.25000000
6.42871094
13.23002106
1.02034422
4.83134004
2.98616578
15.23783356
11.36718750
1.64941406
1.26997894
2.48053995
2.10197584
2.78129432
4.36372894
0.22564541
4.05692597
2.51851410
12.79329344
19.10969969
11.03289971
0.80774518
5.88281250
14.69408245
13.81940383
6.14799230
9.94905142
4.07047983
4.79732269
11.03666168
11.32564301
13.01908356
0.49230801
9.00280917
1.06595357
11.22871233
6.39043328
11.75231716
2.48685948
10.85752993
7.25862921
3.43026817
1.88476562
6.62844859
1.97160848
2.42578125
1.98685699
3.08052582
7.54630430
5.68762300
5.30078125
5.05122894
1.94449330
23.63331371
14.30468750
1.21545379
12.25524933
4.51127106
8.59029144
0.71724457
11.76729278
10.14806849
4.79674203
5.99057402
10.18750000
1.67622894
11.29585661
15.12247119
3.77698470
0.33032227
4.00081173
0.08024296
1.58105469
8.91003075
6.16711768
3.74715149
8.48079344
9.73681516
1.46936253
6.81896942
10.13586270
3.34542027
8.62845856
1.02388519
0.63085938
8.88182846
5.07866134
4.12154144
8.18314606
0.85847712
15.35636289
23.43715154
7.10559175
5.22823028
3.83215425
9.07474762
10.54687500
0.19885254
9.73697252
0.62443678
7.21228058
0.33626281
4.28605164
4.15234375
0.01936584
5.40279144
0.43066406
7.46586090
7.42232269
1.01953125
9.37422014
5.33679853
9.37500000
11.48839844
2.58789062
2.41361481
8.27464761
10.64957890
11.50546099
0.24792480
2.16060394
20.95787430
8.15049868
4.24012632
15.94673427
22.05672429
12.53395759
8.46093750
9.04398091
4.39844625
12.31722296
2.21679688
10.70259613
9.28470856
7.68794769
4.30078125
1.06413923
0.53573443
5.45792664
2.82421875
4.68359375
3.71305048
3.12776983
14.07698360
10.42406915
9.89257314
1.28756704
7.18359375
7.45479278
10.62182679
15.93989677
4.99312721
5.95658356
1.15445922
15.17411347
1.20064301
12.63357990
11.60718085
6.92134862
0.34912109
2.81400543
0.20389770
0.07340547
0.12316895
3.78510694
3.86918993
6.23258422
6.97888215
5.68891990
6.78398049
2.74947113
10.26167193
7.37016400
13.46439606
6.86303524
1.97061697
7.59675489
4.08683289
17.67443817
4.37243683
14.14363586
8.65396720
5.25663674
6.00646942
1.98416833
16.07503546
0.30322328
3.45117188
7.63720579
5.24365359
11.65612700
5.56307070
1.33353668
14.51818817
1.31429078
0.37792969
7.62642177
3.88875554
6.09024712
12.89521997
8.65275709
15.84375000
6.85761858
3.39718306
7.20099956
5.18013519
0.17212849
7.29341644
5.54687500
8.60412567
2.67907746
0.20605469
2.67598169
14.71077765
28.64041657
4.96875000
14.92377882
8.54033189
11.84252992
2.69726562
9.04678635
15.86731050
20.46523217
13.61676411
14.38370789
7.95837433
2.58443207
12.22867797
5.04207358
6.02010195
4.16015625
9.61088043
6.89229278
14.14774629
15.73286957
1.07519531
5.54553192
0.99353058
1.09082031
9.73697751
10.38277316
7.57165558
4.04687500
4.33730309
3.52961213
10.70658356
4.09016937
5.76780182
12.02856383
2.45581117
0.85160059
5.77779394
7.47460938
5.16752106
4.76652039
15.63279256
21.35158244
11.16844083
6.27207003
9.52779144
4.82868075
3.08387632
6.86482602
2.33829898
26.44365883
4.62064606
11.98286957
4.17744903
1.47977754
1.64408356
4.66015625
2.08833832
16.51716977
20.59671654
2.33337932
3.46634918
12.77164672
8.68435617
6.25147606
1.12597656
5.27884918
3.20161957
9.48783356
3.55318207
0.52685547
11.34179688
8.14216977
2.17711842
5.16716201
1.75931793
9.20133422
0.26615449
19.02408688
2.94307153
5.89412788
5.41098635
13.35591644
4.46093750
5.10506164
8.12230386
1.04656028
2.86494903
15.28649933
10.07902039
0.00438309
12.54687500
0.39090973
11.03906250
3.25451629
1.92171265
4.60432735
2.98942265
2.69726562
9.89936725
1.11039838
1.04785156
10.30366661
11.60766290
16.56664281
6.27962655
2.18705231
5.87743019
6.29391594
12.29687500
9.51748449
15.43271082
4.93021637
4.50292969
5.34029144
11.27844083
4.24890292
0.91455078
6.61168219
4.57455341
1.01395972
3.01558273
15.27526264
19.49992132
6.03359565
6.60937500
1.55415863
6.40295379
3.42570008
8.21350067
7.83984375
1.03108765
11.16087434
0.16906583
3.07072085
6.23392731
7.35546875
21.42805408
6.01770611
1.49654144
13.77148438
3.07181793
3.13598571
8.56172761
6.88281250
13.95658356
0.30782074
5.73437500
6.56957696
2.72408300
1.56286652
4.15323914
15.51281583
14.38562167
5.62890625
0.02996826
4.95658356
12.53202239
19.52192895
1.53430518
4.31384308
7.67187500
3.82076019
17.75488032
3.86621343
6.18359375
17.37650543
16.13232422
0.63134766
8.98209220
0.81816018
1.03027344
8.95517694
21.90246675
6.27234042
3.51196320
8.46093750
16.38448028
1.03739472
3.89986176
10.97656250
2.65037006
11.99399822
11.40279144
5.75000000
0.30562348
23.79023826
0.88456643
0.67529297
16.59072917
2.83505208
10.70078791
3.27532690
10.06250000
8.10579344
5.76472961
3.75101839
2.66694786
2.45512245
16.51769615
11.21232491
16.58068817
2.03259308
15.23183197
6.00000000
3.60412567
2.56774933
0.11419678
3.40455323
1.45214844
4.97656250
8.93847656
9.49218750
5.04597961
9.49605192
14.12524539
9.31640625
3.34810394
3.43554688
2.95072418
3.45837402
1.48632812
2.09029144
5.80423981
11.10591644
8.79252106
6.25044769
4.42789672
12.11404990
13.54179299
6.61417664
11.42610594
13.92981050
9.10937500
2.14782746
8.59720856
13.80712766
32.59630711
10.39347957
18.83752107
10.48355384
4.13441156
1.85156250
21.27298482
7.52148936
5.45568817
6.62243683
3.11177582
3.78906250
14.35029810
15.64384253
3.43705231
0.61031098
4.96048981
11.48693817
2.48002106
3.51696808
1.26314301
16.21183040
1.54838292
2.19921875
5.32722961
0.00583924
15.10264961
15.20203789
0.41707795
0.06856449
12.25454566
6.40194038
2.35869126
11.70312500
3.35546875
1.72408051
6.21992576
3.30501717
17.22875665
11.80159796
4.38024933
6.37500000
2.03470856
5.16406250
3.48086714
5.29106493
6.02376219
6.59342531
11.94680298
6.84571808
12.13627106
3.47176086
6.92578125
1.50793301
1.74092808
2.87276153
6.82555685
8.73319924
3.43432679
16.83112589
4.76021830
4.55229166
4.01395722
14.05814606
3.96138519
8.37845856
0.09765625
6.69441711
8.28649933
2.79130554
0.71392359
7.79223072
3.30238031
17.65730275
11.12740580
13.57812500
3.09179688
8.30081561
5.04293439
13.50296654
3.91430851
0.18644413
8.01371122
1.60659644
1.41143062
8.86437833
1.69616855
1.97851562
9.92097961
13.76435810
7.89917553
11.10847961
4.11853058
6.13236481
6.90279144
8.80814606
9.55001206
0.02850342
1.20703125
5.63671875
0.13586426
2.59179688
13.00948028
0.72562715
13.46606383
0.94653258
0.84472781
7.67533356
10.04687500
0.23994965
3.91601562
5.00736481
5.82857269
10.87617576
4.65779851
9.77022495
0.51171875
4.83158356
3.38598571
0.07417879
2.69335938
0.00185871
0.93046051
10.60591644
8.02945922
1.03019226
1.77335633
15.39754211
2.38146942
2.36161347
4.39062500
4.31026153
13.92187500
13.06098959
6.64828014
14.93945312
5.31013852
6.18941378
13.11855497
9.24313718
4.05794437
2.13220246
6.36328125
13.78356716
18.05525945
2.71203458
2.37044437
5.23233821
0.72859929
17.87219083
3.76106937
11.26256982
3.71399268
4.35156250
7.10224624
8.84652482
21.27520834
12.86776817
2.25878408
3.49179410
1.14302582
5.78701076
4.87855717
11.66237479
10.35080632
7.86832890
17.32966977
6.95548648
4.19755097
0.03289276
0.12609863
0.09130859
9.35847961
10.37935394
13.73872894
8.20210661
12.63093806
7.02047096
11.82377106
12.10929383
6.95312500
8.99129211
2.50089539
15.56640625
12.38627106
0.87914977
5.39375886
5.23392731
5.99347629
7.72572140
0.87255859
6.94550422
2.14629266
14.94079123
9.24182596
5.23437500
0.53662109
0.52204672
14.23551640
1.00968694
8.96170989
1.28124626
4.02754045
3.80180961
2.01411957
0.12837707
5.81551086
2.32120789
8.51818817
1.85087129
0.82425934
2.08247894
0.60498047
7.66361481
1.46557430
4.94165226
9.45312500
2.75781250
9.24654144
0.02954102
12.79252106
1.00223474
4.89713874
10.67958313
3.41019061
6.15230939
4.13671875
11.12723785
5.26199912
5.47717752
4.92646997
6.55806737
3.34704621
4.20357269
15.25909393
0.04779084
6.20524047
0.72359223
3.49308289
7.38716644
4.04252106
4.88716644
10.18623560
4.21800024
1.66068512
9.12154144
0.14015686
4.70011414
4.40881317
0.24279816
14.44095856
7.50044769
9.19698028
3.09989472
8.44095856
3.81294769
11.05228668
7.98970302
18.04740636
13.97220856
4.66841644
2.10005707
10.09285461
1.64461242
4.79821808
6.32812500
5.60546875
3.89408356
18.61808289
0.08530670
6.38326019
2.00976562
4.16048094
0.77071199
12.45312500
5.69173094
7.68762300
5.85937500
1.65551696
9.55737367
4.55859375
6.51517731
-0.00414902
4.88366606
17.29329344
1.14725925
3.25976562
2.38480497
5.12255984
1.29341644
8.97119016
1.94482546
1.03417969
10.27689606
6.46439606
0.23112000
5.74955231
6.84090149
5.23136414
8.55545989
1.66231355
4.78125000
4.66752106
7.03951019
1.98189301
3.91422485
4.72399933
1.67089844
2.73242188
3.68794769
3.99968973
5.60296985
3.73388796
0.29931485
1.34692570
1.33552821
2.78764073
11.95479278
9.11049740
0.38016941
2.77478058
5.80513519
13.20658356
0.04036469
0.11997436
12.98527039
0.15926117
2.52583832
4.01953125
0.05090332
4.83939606
2.24857325
7.49422429
3.74788453
0.66703277
6.55468750
3.85428801
4.23014406
3.60306793
9.86017676
3.36052637
7.42187500
5.85163121
11.84368129
10.44006317
0.69612672
7.40050865
3.31103889
19.08683289
3.05183899
18.14652372
6.60481937
11.01383422
0.06524689
2.71529144
8.64618906
10.82256094
19.12744016
0.52006136
2.26021332
16.77151458
0.25846375
8.21337766
1.14961201
1.52954787
12.34375000
7.52257896
23.66829344
3.65340647
9.34171321
1.59037511
3.62304688
13.45267731
6.62109375
3.63130707
1.90917969
5.78906250
14.01127106
6.69966644
1.77396637
4.12064606
1.52140320
0.74861633
2.42683899
0.05678346
14.59997216
12.59130984
13.08374242
13.02600067
1.40588348
1.69071504
2.16796875
17.15107935
4.06408909
1.26334718
1.25390625
9.11193817
3.46333832
9.53727172
8.91445590
9.29090757
3.97115082
7.03727172
13.69775266
10.96285128
3.17008422
2.03092531
8.16990566
6.03125000
8.25423094
0.41988191
5.77689606
5.15714539
5.34007979
7.52906083
6.13281250
9.65779477
0.03084445
10.93750000
20.11587151
9.55684729
2.64872285
4.17744903
7.30777704
10.69108156
5.63427859
3.57853335
15.92341977
15.58414672
11.54968417
4.14587433
0.71484375
10.11249890
3.56328235
0.59130859
16.72480608
15.97807291
7.09566378
15.28125000
0.46370484
8.43916778
4.01464595
4.75126440
0.98042816
18.67512938
8.60079011
7.01607269
1.93713099
8.04724401
8.38281250
4.23635864
8.12410461
5.11661805
19.19380209
4.46981272
15.41841644
11.72989805
0.65246675
5.81288666
6.16406250
4.32566314
11.23437500
5.60982269
14.36975067
9.18839539
2.68232935
18.98820257
0.48132355
29.61234154
8.41544991
3.59570312
2.63041168
7.15279144
3.06941711
10.93839539
9.69095856
8.29508422
0.30973203
0.20813144
2.03255125
3.54850343
1.14355469
37.07124723
15.00133312
15.20333915
9.83581450
12.87796903
7.45638187
0.40620941
3.28816711
8.92801972
13.43436364
12.94686225
5.16361481
1.90669769
20.61942779
9.72582447
7.98075908
2.51696808
1.57812500
8.00345856
4.61718750
2.22505707
11.26537899
6.11840758
5.14266179
2.90449856
6.35526706
1.83878601
15.01028702
8.19540115
8.15279144
1.15580231
4.14933289
7.27734375
3.03755707
13.20967310
8.36474734
7.01184175
15.35321034
6.29445478
21.19539118
5.83153923
5.48124550
12.17280475
13.93221631
4.44230164
5.83715758
0.81225648
16.17101397
3.26924590
3.35376662
14.43909729
14.12141844
22.46647218
9.21093750
0.03836060
3.92533356
4.06319184
4.68750000
1.69750914
1.53153535
16.49835968
3.51216644
11.16406250
2.65625000
21.18240803
8.50073803
3.15669769
12.88627106
9.59126552
20.16609929
9.83837766
7.81518617
4.15010528
1.97847628
7.51908356
1.01256982
1.28084663
2.92578125
2.73351397
1.73043439
8.66495789
0.41674805
5.86592434
7.42167331
9.09720856
6.53682403
1.35770722
9.79474956
11.65056294
0.59419769
2.85111481
9.42443817
3.16931183
16.70389739
20.91730871
0.51332778
6.02343750
1.51900238
11.47823028
17.67095967
7.47581005
9.46439606
6.34732782
4.63273382
4.42277039
12.97131317
4.68660461
16.28739472
0.71842282
0.87630374
17.73258422
8.18192597
10.16829344
2.83121828
2.97326629
7.18013519
8.76127106
15.71350067
12.57710661
14.51517731
7.89453125
1.43709414
2.10998504
5.59387300
9.87154144
7.25435394
4.80545989
4.74096742
17.51562500
3.46830231
9.15412456
8.99341755
8.01741578
2.59375000
1.91894531
10.86629211
1.30883727
1.54264406
9.48258422
0.18404176
9.16971396
2.97343362
8.23604278
8.72579011
2.63671875
3.85147884
2.42000554
3.25776319
6.93124224
1.62056488
8.99129211
6.44620789
3.81205231
23.66979887
10.29267842
20.11372894
6.50928357
9.90612450
6.35506538
2.61238586
8.94095856
1.14685090
17.48380751
19.17900376
3.99654144
1.63476562
4.53608101
6.57089317
2.84871399
7.04431183
0.05737305
9.45222961
13.77331450
2.84838929
10.92187500
1.13321836
13.77030582
1.06685394
1.16308594
6.71785461
5.73848294
7.56665226
5.39497894
2.83158356
13.32287567
12.77455425
9.83235594
0.17236453
11.51838165
24.95552582
11.56640625
16.14831450
12.62512300
12.49889296
3.11829454
2.82828735
2.04431183
0.01305389
14.14510070
9.30971107
11.32369206
3.51021332
17.49027372
8.61910128
5.64843750
10.32096188
4.99499667
9.80814606
14.22745789
5.38964844
3.68615692
5.04341644
8.30029172
10.98628878
2.30273438
8.72701019
2.43465149
1.98820008
6.41752106
3.23286957
14.98783356
2.02388519
0.87158203
10.67097961
2.54146332
14.00136747
0.65728335
15.29687500
5.23864279
4.63688608
8.98258422
3.86620845
16.68261968
4.41886414
7.21785461
4.30843140
7.64062500
6.08896776
0.20835493
12.21785461
16.18367243
11.51037567
0.78438636
11.09903369
7.90328346
6.98942265
5.14973626
3.14807472
3.13627106
12.96350067
6.83528687
2.60546875
16.66625665
7.42749335
2.15234375
14.98067044
16.13516401
16.69413674
24.67177638
4.51434618
3.08203125
1.02209473
0.99271637
9.84927970
3.23515237
13.58158356
5.37617700
5.94625212
4.12064606
5.42578125
5.47611481
13.05200133
1.72969636
8.70312500
2.70898438
20.70658356
5.80020058
16.92538536
9.00660218
18.36494903
11.75960328
4.23200624
4.67769130
7.59473806
4.38716644
0.68444544
5.28271609
2.46614749
4.26358946
4.48514739
3.57898105
8.65083832
9.39843750
1.99416107
3.06506317
8.13024933
3.79838043
-0.00470596
1.44042346
4.21692486
6.97009308
14.79962988
7.59880762
7.20703125
11.73000112
3.78590425
4.08520944
4.38224180
0.12296664
0.59086090
1.77993743
11.48225953
3.09252494
9.63944924
6.65625000
5.44051086
1.30440215
1.05631593
3.62304688
1.42285156
4.68021388
4.18306737
18.97647385
6.46533577
0.66711768
5.39972629
3.19402371
1.02388519
11.84414340
3.18621121
12.57543883
1.74527953
0.58593875
9.78816711
6.09374003
2.58098348
0.97611481
2.99270640
9.78516622
5.14017731
10.80626912
7.44950908
0.85542816
4.09798094
3.66931183
0.87406402
2.14083068
0.99088625
1.52290863
0.52445465
0.47119141
3.22476175
1.74354055
2.04899047
3.24637910
5.50781250
4.29809508
4.23315492
10.21711658
5.02551861
4.75390625
7.68724402
16.20259862
8.50033466
0.90039062
2.75435394
3.44819537
0.22953900
7.04374114
8.79735456
2.81523548
5.00826019
8.53125000
1.18111176
21.76077904
3.50289284
9.71875000
0.74588833
9.79276706
10.01073731
7.17578125
13.90677638
0.51070409
18.01846853
21.84770057
4.02445589
3.64257812
6.60111481
3.38130707
0.96728516
9.21840537
11.41981881
4.28080231
9.87845856
10.25870789
5.52388519
14.69518950
11.13525266
1.80432347
10.46093750
4.70312500
10.10758422
3.36124072
16.03096963
14.10962101
1.21724457
12.53446255
0.77266636
7.26895142
20.21052416
3.87887189
5.19921875
6.13281250
14.65372119
8.88534131
2.55814606
8.96235927
2.56628325
4.58553413
0.97123199
2.18985525
6.42460549
8.52958222
10.87299757
3.39653368
2.10156250
4.77681488
2.01029449
6.76171875
0.65356383
1.17313691
15.34863032
11.07759862
5.77420989
1.60762605
11.26513298
6.43404144
0.18213264
12.21706229
0.99973459
11.26641191
2.78992353
3.82031250
11.93750000
0.85257965
6.60982269
10.45698693
3.30534186
2.32137024
11.90022828
2.82421875
8.28125000
2.44966644
0.00388527
1.58105469
7.05207004
0.51824246
2.69363326
7.16485482
1.54012024
2.28951019
11.02779144
2.94140625
1.91853447
2.34904366
15.69877106
7.28169769
11.44595814
5.24203014
2.43750000
11.94877106
4.92187500
2.98091644
8.80292111
5.31036014
1.83886719
15.38183594
11.18768311
19.33703458
5.27624667
10.66316711
4.11954649
14.16418550
18.62003601
4.74605316
7.02732849
0.20239355
13.42329677
7.09892065
0.11547883
3.88867188
9.28913121
3.18547816
2.10847961
7.27042664
0.94343930
1.76656222
17.24129211
8.57014766
8.04545323
3.53125000
2.46191406
1.73881012
2.08638519
10.19664562
6.97087544
2.25435394
0.35294368
0.04964421
17.80261230
5.24971216
9.45155127
19.05265071
8.46297429
6.18359375
7.03125000
0.00558090
10.62064606
1.92915863
17.03588431
2.52270944
0.15568023
3.09179688
0.61478668
7.53995789
6.13712212
7.06209663
7.72011717
1.75500582
2.39648438
22.47004876
12.81908993
7.06144725
7.87402291
2.55068214
9.12746010
1.97823028
1.98795656
2.94095856
6.80078125
1.82076019
10.16316711
0.09336365
0.00583267
0.08470717
12.45837433
3.28304078
6.97656250
9.72363032
6.25683843
1.43847656
2.12129544
4.14042331
7.82332336
12.96492243
1.26208776
7.11763519
1.95507812
7.96199025
8.13521830
16.10758422
1.92313691
1.21972656
10.19775266
14.06429078
0.54577668
1.46903535
0.45043945
17.89139739
8.44184647
5.47799423
4.23872894
6.64453125
15.27425172
3.28661736
0.50098030
1.39896637
13.76121676
4.83049645
3.18607823
10.99910461
2.50870789
3.16809082
20.04273091
15.91593303
11.88281250
1.77539062
1.63574219
16.49327461
2.01420822
9.18542885
2.48872894
12.98315430
10.14855957
5.58593750
11.53804411
4.68807070
6.21177860
6.00351285
7.12899261
14.88105608
6.35954451
7.86901264
2.73299756
16.63492797
18.10143950
0.17285281
1.39400238
9.17097961
8.81685394
10.36718750
1.55499911
10.23788785
15.29687500
10.29357381
7.65352947
4.21093750
9.49608378
4.22567708
12.56339539
23.07287567
7.19424978
3.24849955
14.64754211
20.12426197
13.44348736
6.63712212
2.01672706
2.11328125
8.72387633
5.06180006
0.68753436
16.49459330
7.25927859
1.42045074
14.14318817
1.93741883
3.15279144
15.79048427
11.42635195
12.32124972
10.38448028
10.00324690
11.76852282
5.39453125
17.07812500
2.31392052
3.98486702
7.22656250
12.31941711
3.47355164
2.04553192
6.25435394
10.03560394
1.30566406
2.02388519
14.68314606
0.15083832
1.31738281
13.68558622
0.47705203
9.05249656
0.68791085
8.23046875
2.72884032
14.91239472
3.74503601
0.58589691
2.88045102
5.43160128
9.64985927
0.82873753
1.11657746
1.70858341
14.49564606
1.58097351
6.87141844
0.24625734
7.01130541
0.00334303
2.52459019
3.26022827
6.75577571
9.52701906
5.29577792
6.36975067
0.29361938
1.99800691
0.81209289
11.89152039
3.23828125
7.57368241
6.11292220
2.99263519
4.54687500
0.33398438
4.77779144
1.61714380
3.31331671
12.55379211
7.62084774
12.64432956
10.73962433
12.42968750
11.98123646
6.05062389
8.00736481
4.73331477
12.50293218
3.39453125
0.02485657
18.35306793
10.90189606
3.03800476
1.06888824
8.31250000
6.53771942
2.89436890
0.27067016
1.82849152
1.78609223
14.56160461
17.85990138
0.54879003
1.85929383
8.06929411
5.36039339
0.90185547
3.83984375
6.07148826
0.22587503
4.98046875
8.57543883
15.20775931
4.65820811
4.16271942
3.89070119
6.82375621
5.34419769
17.71439606
11.52689606
4.16092864
3.40592531
12.35156250
2.25044769
0.81201172
7.37845856
1.20841368
1.88533632
10.01794216
3.81364140
7.48527039
14.88972961
2.84073914
5.51908356
1.15767426
8.44469623
2.25794049
3.96255597
0.95638935
0.99027496
10.25000000
3.69441213
0.19865428
1.61275238
2.93867451
6.65654033
1.85697418
0.41182465
2.16166168
11.59720856
20.34375000
15.85925200
0.91776208
14.71924202
2.31518617
7.64017731
17.30379211
4.31180630
0.89070866
11.75768950
7.82287691
10.05887848
5.82857269
9.13793883
15.05814606
4.09297761
3.60351562
4.46308733
5.07853834
4.80993683
6.29988586
3.96183289
0.03165680
0.52535004
0.01992798
3.46679688
7.17399047
4.62206782
16.84800783
7.24723515
10.05708832
6.10249848
3.02929688
1.74511719
8.28506760
8.04456283
3.10502106
1.45507812
6.36372894
0.85396332
0.65388977
0.64933289
0.29418945
3.33882037
10.48193484
2.15776041
3.84375000
9.96606383
11.07645722
12.16446587
13.21444038
1.97701019
1.51322418
30.01216644
1.98828125
17.05016623
3.84436502
9.15189606
1.19160794
2.88501163
11.29252106
14.21069149
13.49475067
5.59578679
0.16699219
1.85013824
0.81494141
6.03458555
1.68220821
5.33284796
16.08739362
5.52287677
2.99039672
3.54475953
8.17431516
17.92545656
9.28906250
6.90458222
5.59138852
1.13871371
1.63468445
11.29687500
5.15279144
1.05761719
14.85502106
8.49759918
10.56917110
10.95312500
19.11116578
9.14856050
1.01741578
7.16292110
6.81847740
2.00431959
8.14464429
3.54977282
22.63068706
8.68380540
6.29296875
9.55289672
5.20337101
2.38024933
12.59285461
1.63781084
4.17363142
11.37520169
8.10091312
3.20959442
9.90165005
4.45951573
5.49518839
45.15377798
5.45703125
1.98925781
6.17097961
18.67993652
9.73119681
8.93721963
7.00915558
3.12154144
11.36975067
1.73278840
2.82913841
18.48888631
4.08636911
23.86408799
12.21939938
8.95126052
4.29935948
7.02600067
12.60568528
3.60254654
3.34810394
2.69335938
4.01232879
2.19576019
2.51066101
12.23851729
11.81120373
3.86412754
7.54687500
8.46516844
8.28857048
11.07182291
5.29642731
12.62679991
17.33044216
2.92464483
7.20255430
17.42159121
5.34375000
8.50858489
10.18374696
4.85591644
18.47975647
10.28519559
6.32869570
7.52966091
0.68400335
1.65429688
11.08312833
19.34655917
10.08504211
3.99308289
15.07171683
-0.40805624
10.76077904
7.85115913
0.81282594
11.97346798
23.41764406
3.50838320
12.13627106
2.14587433
0.75292969
3.73415836
1.96762355
6.90407256
5.06998781
1.02832031
14.39656430
6.23523043
3.48811890
10.11360594
3.90637300
13.92773438
5.96830231
8.39408356
41.79907164
3.60781829
6.23693817
9.48962433
5.41361481
16.79080148
6.18759114
12.89396055
10.23766270
3.73270722
6.56518617
2.13326019
3.50541168
7.58703458
6.51985594
0.81889073
4.45747894
16.21609819
9.41483489
2.88469193
0.55277496
10.26953125
21.04812632
11.02556294
2.76635804
11.33967642
3.35852393
4.75796986
4.04728834
0.61861176
23.89896637
8.85558926
3.37825687
9.81750333
10.65816378
2.61612976
6.14798981
20.99129211
5.28995789
10.00679411
5.56416778
6.94812167
1.46085633
9.61299092
18.71488807
2.88822418
13.24243351
2.16796875
23.35957669
11.47778507
2.83789062
13.51423759
9.27738807
7.79386414
18.71292249
3.58883532
0.79048676
9.57766734
9.46952239
11.44320700
4.47086547
18.03784242
4.40234375
3.20161957
17.05057707
10.44006317
1.58402621
0.67382812
4.39017731
9.70783301
7.74313220
6.97916999
11.88671875
5.70703125
7.60351562
8.36763177
3.61304022
2.36901762
8.64164339
19.31961942
1.24658328
6.04687500
6.40791778
1.32202211
8.49812805
0.83361411
17.94759530
5.25390625
10.60912899
9.36295656
8.19710328
9.53279477
10.55135195
4.07283632
8.24564606
4.89542664
9.88435727
2.33486232
3.23203346
7.07076019
9.71875000
5.86718750
9.34287900
3.56337100
8.15255737
19.29146332
7.80078125
3.09960938
10.50405364
4.31581116
19.77388519
2.18180297
12.95056183
18.49914146
3.05066323
7.13281250
17.57149199
1.75983683
3.35080008
12.36450133
9.34960938
3.42846742
13.94803801
12.43583222
8.54333527
8.39408356
0.67036957
6.62341091
13.97261193
6.21647717
0.49658203
11.77201324
11.25825023
3.25000997
2.38671875
10.86132812
11.32804172
5.19132259
2.10840093
9.46793454
5.35091312
0.55904144
8.07377106
3.96244293
0.92228211
7.71679189
19.69242909
13.90322805
17.75781250
0.40962738
0.52054840
19.17195129
3.13867188
4.50435394
9.13158245
1.78833942
10.51684259
2.59741522
12.16894282
10.03804722
4.45341035
4.32031250
8.70658356
11.29697958
1.92924479
6.10502106
1.25488281
8.01902926
-0.76414645
7.32812500
15.03381317
7.21407105
2.67923981
13.28035461
1.60188470
-0.02852013
7.23738586
4.90100067
11.36027039
20.03869349
7.49345190
3.43208832
9.67097961
13.24027372
3.92293274
5.57747562
4.02779144
7.60111481
9.89318817
8.18660461
7.85094895
1.51466090
1.83540863
7.37117243
2.21281194
3.82812500
10.51639739
3.32690492
18.47959775
3.79994015
3.13106604
14.90165005
2.90800144
4.91495789
6.85847961
13.92277039
9.31595856
0.93599457
20.75455314
6.22857935
4.06187056
14.20275599
0.63537816
5.82429743
13.95227393
21.13740809
14.98563691
6.48116245
0.98783356
3.84260860
9.48807956
17.15523161
13.44693844
14.07596521
3.73824689
9.50195312
4.32421875
1.35298676
16.30584717
1.68945312
1.54687500
17.44189453
0.84863281
5.99609375
7.87109375
1.48339844
3.91752106
6.96040863
2.75345856
1.90083832
4.69877106
10.02773715
24.60531824
6.23405031
1.89872285
5.57909782
14.54105995
11.06445312
8.76908356
12.28906250
18.04927582
11.66573028
1.22363281
2.01786347
14.36337218
5.80834774
0.57613378
10.48002106
14.97912567
11.93463653
6.21079011
4.37544769
13.14229278
14.84183622
0.65645542
4.03942155
9.11442763
9.64485594
4.15189606
12.03475039
4.35502106
9.38281250
9.31839872
0.17863101
14.49023438
4.39965758
11.83337433
15.09464539
0.26464844
22.84027151
16.61691960
5.43089761
6.92192929
2.52343750
7.52274380
8.55310198
0.33224290
17.84985040
6.67155031
2.71313663
3.13265015
4.83927305
8.19978945
3.71642786
10.06925726
8.85156250
15.29397718
15.02198138
21.38761414
4.31237700
3.65157136
13.67968750
0.21488465
11.44584137
1.92045074
7.64843750
15.33638519
9.15010528
1.27124086
15.12585107
6.88497229
7.37756317
5.81745900
6.90308178
1.51855469
7.75390625
6.42578125
14.98090119
2.96048731
2.74121343
2.89994293
14.06925476
5.00256317
15.04284575
4.44242464
20.53951019
21.67610594
3.20475343
3.96484375
7.31378879
2.27410183
0.73876953
13.27929688
13.44877106
0.58199066
13.04882812
10.26171875
9.72656250
3.83789062
5.87890625
1.11819904
7.16870678
17.29508422
20.66682735
14.32125097
22.04048427
8.66264073
13.78816711
10.18058289
9.66316711
8.34338099
15.44389073
20.01383048
7.42639627
2.08007812
17.64318817
14.10940936
0.87675642
4.23783356
11.20603724
0.76617131
15.35353576
5.03304078
16.93948250
16.34913231
8.79687500
5.24218750
13.61527372
1.48628878
1.10005707
13.48354832
1.55551418
6.35795074
2.38431793
6.14933289
13.65975309
11.29443484
2.82857269
29.70686392
4.37126108
5.20279533
10.64119570
3.35974401
13.75077239
7.00313386
1.05407746
6.71350067
6.44607492
1.48646110
1.44824219
11.36958832
11.73347961
10.35831726
2.12552887
14.86539672
4.34073914
2.49353058
5.19062390
21.09628068
14.66267509
6.70597850
7.56896942
5.35290558
3.52709774
1.10278507
6.23828125
9.40617890
1.18750000
16.42679778
14.86987367
6.81762633
2.56866537
3.25046763
1.42765320
10.91654449
4.99039672
1.61604859
7.78169769
0.44580078
17.77343750
2.91406250
8.36193817
8.63512966
4.94225887
9.31132424
3.67968750
15.03095627
17.49823257
5.94719193
1.08939606
0.10933441
15.43787301
12.32812500
0.54300934
16.88525266
27.06541224
3.48683510
3.68208832
17.36197252
8.83578139
4.32767731
7.80078125
0.83496094
15.76745014
2.32088818
6.87307625
10.95460106
2.06880707
8.37939079
2.81494514
13.40775543
12.86975067
13.86372894
15.26110871
10.69250333
5.83829898
2.32108489
1.66276125
12.35082447
10.26570368
16.78581560
0.55029297
4.13205204
10.20742270
9.54264406
6.03015292
5.50179078
9.02240914
2.15878379
12.23002106
6.55379211
1.22835328
20.75503768
10.44719193
25.62544769
24.23994903
14.78861481
1.91487672
10.66495789
1.63130707
16.46004211
0.83031603
3.55510084
23.71341949
9.33491911
1.11918246
18.15193540
5.63517398
1.91060394
12.81750333
3.84708804
8.30379211
9.10656583
8.83390071
3.05998116
16.91381649
0.52754917
18.56802970
5.77806184
3.33705451
14.34281278
11.60579344
0.32621495
15.06843307
8.58019615
6.85092309
5.65279144
8.83414672
1.46521027
8.87923094
0.26285890
0.29390473
23.82405142
1.49723764
3.22265625
9.92431641
4.05033356
2.25044769
17.32560118
11.02107851
7.21484375
0.60384032
17.54601075
9.33772828
8.83158356
9.68314606
3.61115581
0.88929188
5.01021332
3.76953125
0.20288055
0.02466858
4.01607269
2.71537262
14.35156250
0.43282074
10.44864805
4.11303524
2.90706671
1.34232574
7.42903189
7.10563608
8.57812500
12.13130707
14.15791778
16.23616578
4.06506317
6.66540558
17.60201019
11.18314606
9.38716644
3.45959442
0.94677734
5.58337433
7.00589872
0.67964816
8.94269504
0.25314633
2.28560394
5.13012633
6.45206602
9.54793460
6.67142731
12.49263519
14.55456450
9.09195922
8.98974734
26.66575986
0.22542110
3.60075077
18.26309619
0.49817486
1.38618988
18.86381012
3.82617188
8.50781250
13.57287567
3.53698637
4.22798427
7.83118018
7.00044769
4.61079926
8.10937500
21.01602837
17.09961187
4.18807070
15.46722900
5.07812500
3.53845246
14.32889739
8.03718307
6.79016954
8.35066711
2.59855164
8.22809124
0.03047180
1.28710938
8.21862700
5.99987575
19.68786901
12.53279477
21.40988315
3.44380707
10.34589983
19.00255764
11.10934617
14.26094636
18.43994016
9.39643507
14.30160481
1.05558289
3.28876220
10.70765624
11.25704011
0.62748199
9.02988698
6.97726617
24.95032579
12.39562833
5.72412234
1.13671875
5.31407913
1.06128740
11.95479278
5.25659242
8.59708555
6.29309175
1.32617188
5.08288232
4.35718085
3.64001496
13.34273161
8.72668550
10.51781915
6.67834442
8.91748421
15.15116301
2.14375886
10.94290670
2.05469248
10.11372645
2.90527593
4.35892731
5.11816406
6.89318817
1.86950715
8.53254876
1.93078956
1.08593750
15.17506772
8.94852505
0.38977393
9.73258422
8.85107048
15.86169216
11.87845606
13.04109929
17.12268284
10.26534463
0.51660156
26.02498227
9.91523826
17.24536569
3.05224734
2.15234375
8.80904144
1.05033356
21.71683622
14.42545656
1.79077211
17.35323028
0.11332246
0.95170074
17.31261958
53.70190492
3.06079288
11.96906472
7.56653922
2.74369293
16.68228502
6.73808455
1.92923981
8.44966644
1.70605469
7.63448028
2.96708222
14.72004876
5.02816046
0.71858765
19.35546875
6.76700244
18.16724069
4.32934446
2.53267675
10.80212433
0.83740234
8.44636525
17.13558180
9.35119901
1.89888519
13.11629211
11.59977172
13.45389739
17.23114446
7.71084885
1.52576462
11.52770280
17.80456450
13.25533798
1.82157441
15.71748560
2.96044797
2.07996010
15.28677970
2.93872506
26.09337600
8.23535904
4.56595856
4.23616578
1.36869293
2.30764407
3.57952238
15.11970883
8.73331602
2.09428136
8.31929411
6.50296654
2.74654643
1.41503906
11.28298649
1.26539394
7.83357602
2.83165725
19.70435505
12.53279477
2.08439273
7.12878325
0.24939058
6.25000000
17.32482381
5.43298869
13.73693817
2.27282746
9.79267842
2.36943096
0.62646484
24.08919250
5.79101251
3.78776374
10.80379211
8.50691711
10.92443817
2.80542054
16.12909698
3.08259198
6.18693927
30.11673981
8.75740165
2.04826241
10.29341644
0.39449066
1.04468915
0.76461657
13.59032580
0.92867658
2.92882896
8.10205452
15.39005555
0.21553559
4.08500152
0.38472504
3.47766082
5.62406434
2.82543385
3.29911846
3.98705120
4.42265735
5.03995789
5.21529144
1.06054688
0.76220703
1.90437805
11.67780309
2.95395168
26.28470856
0.97847504
16.52721576
1.08907635
7.57466644
5.82564052
1.03125249
3.44877106
9.52599817
7.27726507
6.39152039
7.01171875
0.08689361
5.29341644
3.20463043
4.26729278
0.06237855
4.58984375
14.95507314
17.40909353
9.08072252
3.68747561
13.75000000
8.85119349
6.30550421
7.98370906
3.29651097
4.31026153
1.88798066
6.91474624
0.61410294
12.40033135
0.96640846
5.43448914
1.95800781
13.73440713
3.21797512
5.76119237
2.70011414
1.17525238
8.65649103
11.82157690
5.09073914
4.94335938
7.47778258
6.72143617
0.85009766
8.71638354
6.35575908
13.26945070
3.59615082
4.24832724
2.11300088
3.20312500
6.29899047
11.99450466
2.38334386
5.39152039
2.00195312
7.78324247
11.07389406
11.50691711
8.53393617
10.80441900
1.11047457
15.45209747
3.06640625
18.48351397
2.51648603
9.41060394
0.20886230
0.79052734
3.51367188
8.63191711
5.66334886
16.14434950
3.44515015
16.91783578
8.87748822
2.82874002
3.45161957
1.52396388
15.99656587
7.51953125
9.71773161
0.96781527
16.36119328
1.77186336
3.39453125
6.01171875
3.26211963
3.26937389
10.99820922
5.47277925
10.65856716
5.58170656
1.62150210
21.01985594
10.11467353
3.04155695
12.06160461
6.68794769
12.23356940
4.72859929
5.70703125
1.37056488
4.34069482
2.64563331
9.17968750
2.57031250
14.35559051
2.68493683
0.54687500
6.15926086
0.03364075
0.32861328
12.48632812
9.24564606
3.00585938
6.00044769
4.95690825
0.08719972
12.23246122
9.02152372
6.04604832
8.67307069
1.13431793
6.46484375
7.63096743
15.77891707
7.20394171
8.14201241
2.32210328
8.13863129
1.52298981
3.56941711
7.31871842
4.43368240
2.45034769
19.54763849
4.88009197
2.98421265
8.82031250
19.57031250
6.06551086
3.88380597
8.49013629
9.78365082
9.33398438
14.63585896
6.45251994
10.68623560
3.16642398
1.56237949
5.89062500
1.91601562
7.93359375
0.56591797
0.03488159
6.33219110
3.30159796
13.20902372
13.90779477
3.42029089
10.49917332
5.09848293
4.09720856
8.90279144
11.56713431
2.45642121
5.72961768
7.59208222
2.40669769
5.42923981
1.61466368
4.49275820
3.70747894
11.45389739
0.91723695
9.87308622
3.66642398
5.49357086
4.55122894
11.84403037
4.30428413
4.45670656
4.71768728
4.48153147
5.84375000
17.03021167
3.04640790
4.35111481
5.78906250
13.95657857
6.56445811
12.60412567
4.18538453
1.14497894
1.69335938
11.84273161
0.74174105
4.59720856
12.54829926
3.99564606
1.36523438
4.89888519
12.31880209
13.13432291
1.74414062
10.44925311
8.05733184
6.82988142
0.19571930
3.03125000
11.21134087
7.64457557
7.34243130
1.50762577
9.35156250
0.38183594
21.64949524
6.02632536
3.52730441
0.39770508
9.95544216
7.88288121
2.30185394
1.82759613
3.62837489
6.62756067
2.69690159
3.14384253
2.61539174
3.36703014
0.88346313
13.19274933
0.48433441
3.12888257
10.73292885
5.76481577
13.11027039
18.47903702
1.41638962
6.89408356
14.40636304
6.55803302
10.17915748
9.12528473
5.38594636
0.58699524
2.69185394
1.10546875
4.35713653
4.86551972
2.15238060
0.87032386
8.22220856
15.82389406
4.11212614
9.61304521
2.51681072
12.76151706
6.63761414
3.98242188
1.70422332
9.81327239
11.44889406
16.29128021
8.54048676
14.90378990
4.66562721
10.80101729
4.30244903
12.93063220
0.54931641
14.24975399
3.60467020
14.80310475
6.08781194
14.37308622
1.04097628
10.93755418
5.22486037
0.40181488
10.12701685
8.30417608
8.64453125
7.46081450
3.75801419
3.46281194
6.91451019
11.04642731
7.83429411
3.38836214
2.56685394
20.19596188
6.90950687
0.81123497
6.78520057
7.17578125
10.06453430
3.59818263
5.90800142
4.32076019
2.61405364
2.29174867
9.10367797
9.46747064
31.27353737
3.51171875
2.97849569
4.33205119
9.13883422
0.04213502
0.44873047
0.85412598
6.54007965
6.22656250
8.05033356
8.17329926
14.09419769
4.79589844
6.76082336
2.59855164
13.46441546
17.86360385
6.31685394
6.96101867
7.14086727
4.80192265
6.79198471
1.59127548
4.97310394
3.08789062
11.96140958
3.97173647
11.55033356
6.55558289
6.05375028
8.82568484
11.83569149
6.59399601
15.83744293
9.62923094
2.65096132
5.05419922
2.05847075
7.02495573
4.47265625
3.20153591
3.01713043
2.40002659
10.78560394
5.15970856
5.22656250
22.71817930
12.07133089
10.98079344
0.00468019
2.31445312
10.63102172
6.43538453
5.71093750
4.29296875
4.28067930
0.13317965
10.54418883
11.25268617
5.02779144
5.44140625
7.95267731
10.28783245
6.33370899
2.50781250
8.96006170
4.60461768
6.35693484
1.29296875
2.37740082
8.76855469
3.33939606
13.26908356
4.79341644
0.75533051
0.32250977
5.45703125
5.54687500
5.52734375
4.56205231
2.60786957
1.05923783
4.65711103
4.36593278
3.45117188
18.48832059
5.01798648
13.41723571
5.49833222
10.29329344
1.06945894
1.04447418
10.03344415
0.70723792
5.20703125
9.31250000
5.58955840
5.35713653
2.55481050
11.47656250
3.02974457
5.54687500
3.75357658
6.71333334
6.73055740
6.95389739
12.00911126
3.67057624
13.42443817
3.52282746
2.63822418
8.95747894
9.01896055
18.78206422
8.55814606
13.09374252
9.15646165
1.41406250
5.55337877
9.31901374
19.15754876
24.29435616
16.74332890
16.69909575
4.22937167
8.00736481
10.13448028
11.74487367
11.87845856
10.21504544
5.33227726
13.49450466
7.44299534
3.45463043
2.30273438
6.14876219
11.06518617
2.19079621
15.52807181
0.50317819
5.22265625
4.36791556
23.60474069
1.72753906
2.08203125
7.75423094
5.07555685
3.08309397
9.91985139
8.66088431
1.78593362
8.97378768
3.00712876
1.18119293
16.44006317
4.23917664
5.21183289
2.36914062
2.66884919
8.79816379
7.60687485
8.69494847
7.38798315
14.70775931
17.69393007
2.90584663
12.46956173
6.61006870
9.75630707
0.11315918
1.70585051
10.50166778
3.50341921
4.89062500
18.20825133
11.88114472
17.74284747
5.38790447
12.31602021
6.86226286
2.98628878
11.62064606
0.06099457
11.44494349
7.91203069
2.83984375
12.04687500
9.90445922
7.69755097
3.20613586
15.73311184
18.59940769
1.91984070
7.56205231
2.94185394
19.20035797
16.85868130
5.22937167
4.91105039
3.14148105
18.20422270
3.07780031
4.62544769
11.78816711
23.26263853
4.61492464
3.29134032
11.18851839
14.32306396
7.93103058
6.07377106
1.74112976
0.84354208
18.07478945
21.63000831
8.64318817
5.48490138
5.07812500
0.76794714
18.88008450
4.93550753
4.70882203
1.28072113
7.03934287
11.02738807
3.67195368
0.84139350
7.29296875
3.11981688
1.45733155
6.20522053
10.54599955
3.29760804
10.85143950
11.02701906
0.51367188
0.97652191
1.72753906
4.52197266
0.79568928
0.18335522
2.80664062
10.05814606
11.58325133
3.34688386
12.19185394
5.00390625
14.03286348
2.13510527
13.53906250
4.58593750
10.64408356
1.18033127
16.62878574
15.40612700
8.32988142
16.36472740
19.38567597
13.31058622
4.40385416
7.89062500
9.12064606
6.21484375
9.44352172
4.28901818
4.20361702
7.05513519
2.35095246
7.35502106
11.69188830
4.31637189
1.93457031
6.98783356
0.23811859
7.92602539
4.12890625
5.28369141
10.46341949
5.94999114
13.40112367
3.25089539
0.28393555
6.31225399
0.33838015
10.90893617
8.38972961
7.01472961
4.20434508
8.33951906
0.75781250
4.55904144
12.24218750
2.70178192
4.43929078
15.58890404
6.15328346
1.86576324
9.42622894
2.82617188
3.87515736
14.06461796
18.13513402
2.78617464
5.91475371
17.89631684
12.96411071
2.17553524
1.82999944
1.27929688
2.46939190
8.99598071
9.29687500
2.28035461
4.55603058
0.38818359
3.95104887
14.79610261
2.59570312
13.06673094
2.53527925
3.89453125
6.15580231
3.83487976
6.10057846
3.16114029
11.26367188
11.41048094
3.86588376
13.81889073
11.35400266
0.93941378
10.61783688
9.85070147
0.96603197
8.31595856
20.51549207
5.00256317
5.70145722
13.78125000
11.22566711
6.32722961
0.07609101
6.85981273
1.22807790
6.19376025
4.56234264
7.81038453
23.37198914
7.80810547
16.88238919
6.37888186
14.61079677
5.47859929
2.43900543
10.40730275
3.81884641
2.39042830
22.90970856
3.43452973
18.88089872
8.56005984
5.89453125
14.07417443
3.18363807
4.46093750
7.65824247
10.22668550
14.75516318
8.09526041
20.20064301
20.03535794
1.51041750
7.06563386
1.68644226
12.38858489
4.50134308
4.09464539
0.89630297
2.42684397
2.56054688
8.68021388
5.26465093
7.68546321
11.62943761
9.45523683
2.21762355
4.86808289
5.94063386
8.52868683
4.02661071
3.01155640
14.09094083
3.55708832
3.60136081
11.54252106
26.56595856
10.99796321
1.43847905
10.24194149
7.32055851
7.06237700
0.86930422
8.02343750
16.46919769
8.48470897
2.74058399
6.90848847
10.31941711
11.42083667
0.13193705
11.81005984
10.65625000
0.86226286
12.13895722
3.51005097
11.87206782
1.02282995
3.97115082
2.74609375
12.80228170
5.08247894
3.29102061
1.21825549
0.16553357
1.72265625
8.08569336
4.69921875
5.77689606
3.49654144
10.92879211
12.15279144
3.96968598
13.56250000
16.93408203
11.05626663
6.71627548
10.48425200
10.04789339
25.00442673
12.85315658
3.36324689
7.47688719
2.03063996
24.85774158
5.15027260
12.25704011
9.06774933
1.05179964
1.69726562
5.57857269
2.70938775
0.19739112
4.05122894
7.27493795
4.75240580
16.15262661
12.77872119
19.23657912
18.14831450
8.55444523
9.68126663
10.98010970
4.21451906
15.40612700
5.56054189
12.19259197
0.03068055
7.63671875
17.24564606
1.53004975
1.26615387
10.33760528
4.89721742
8.06595856
35.01716667
12.08247894
0.95613586
9.82454344
2.64750277
10.64062500
3.02539062
20.47623594
23.24133394
6.60937500
28.29434370
11.84375561
1.78056128
12.82636858
3.10482435
1.15767426
7.96695922
12.98676087
2.41346741
1.51562500
12.88525266
3.51944509
2.45760693
7.82812500
10.20312500
10.01896055
8.16239472
3.44124390
2.51216644
1.63688110
12.95056183
25.35727066
19.42468614
0.28129432
8.34375000
1.75427277
20.35900599
14.91113032
9.99548869
16.65625000
7.20332669
3.01888187
4.95747894
8.02396388
8.24817113
5.86027039
23.09240692
0.44510957
0.02069813
5.80904144
0.53812652
8.16841644
1.92691268
6.23324357
7.02734375
9.83044216
6.58047651
3.18046674
8.66609929
8.58016179
20.22971078
4.46950797
12.23258422
2.08577515
5.16015625
13.51179743
1.15519476
16.10758422
7.15218140
2.14949524
18.89318817
2.17020722
17.95589047
2.98673648
10.37690880
17.96956733
17.09891069
1.13884170
15.46609819
2.35812056
20.03384752
7.34115248
9.13480621
20.14094969
4.64229278
8.55135195
8.65368683
4.89107269
16.19949912
15.15869016
6.35230053
9.04687500
3.09615082
4.31250000
0.00935364
23.34997341
3.20621952
4.58638519
28.89530364
6.06954011
22.14887523
8.73214649
4.17073609
13.01908356
3.59195922
17.58361411
3.50407358
17.33096853
17.08655252
13.38167110
3.95471409
23.23848294
3.06791168
4.25370456
27.75062944
13.54717530
7.56498822
1.32421875
7.79296875
4.86372894
6.57031250
3.25781250
0.66117340
3.10587212
13.02995124
14.96594083
4.84801530
1.09709552
15.13878990
9.77738807
2.24637910
14.62845856
10.36629211
1.96671570
10.88867188
1.68599457
17.49513410
9.94147051
5.15401153
19.73181183
9.07556183
4.44140625
0.00803131
6.86328125
9.83593750
7.49609375
0.01175690
11.18481383
17.81542720
4.93485815
3.66796875
18.24237922
7.40158133
6.70760195
9.54687500
7.44852505
12.75114140
0.21911621
16.66214872
14.78690271
3.84782358
11.90970856
2.49019379
7.17533356
7.18013519
0.46976528
0.23287144
14.69877106
12.23775238
2.31986481
3.03169769
16.41752106
9.44262633
1.27604001
9.76420323
13.42443817
27.56129878
2.11928411
1.98091644
9.41922319
13.35242353
9.97187390
2.19007313
4.52343750
12.16227172
0.22375519
3.28763575
7.09590481
3.02287178
6.61116578
5.03515625
2.58247894
3.43705231
5.53503325
13.48795656
18.87348959
2.22852061
6.18391844
5.44498781
20.32071686
1.43526153
12.97143617
1.70996094
13.47891401
1.08472490
8.28125000
0.26692750
8.71439606
2.94531250
3.07076019
7.96126219
0.18599519
11.44908578
0.66810172
1.10066088
4.73914228
7.55146249
3.46094747
4.38460328
2.83101286
8.98103945
5.28605164
4.71048981
10.56941711
1.98136414
16.81880707
1.61914062
13.19799369
12.83707890
2.79305241
15.24072266
4.87109375
0.21000152
9.11372894
1.68359375
15.72631649
5.32446476
1.45703125
11.99531140
4.37745013
0.21610566
0.00575256
0.04095459
3.73974760
11.43237367
8.09265168
16.45796723
1.36132812
8.20222961
3.26066101
6.12149048
2.35742188
2.49023438
2.85937500
10.03125000
0.02542114
1.16361481
10.49654144
4.56054688
20.53793335
2.88777649
8.73437500
1.47257508
0.75927734
6.16406250
11.02152372
0.33321261
0.58695465
11.28177638
12.28393617
0.46211326
4.34899300
5.64843750
5.99564606
1.22603363
14.85534575
4.11507203
1.83410489
12.53637633
2.14640569
3.01227948
10.49598071
1.29589844
10.82377106
0.67643188
6.39676972
1.38671875
2.72363281
2.20792166
8.80440713
2.59423704
0.73527164
2.50976562
0.02925629
2.98498504
2.29040558
5.06250000
4.65042747
16.91499225
0.19983876
4.27257647
3.93221631
3.36100343
16.17968750
7.48982602
18.86843975
4.15267841
6.70222961
4.61218417
3.16451019
9.97733489
0.93086824
0.11242613
0.46362367
1.06888824
1.92622894
1.25541168
6.82865138
12.17020722
0.13098363
3.95088653
0.65710480
11.00089539
5.03080231
11.06265736
11.07796764
6.01216644
8.38281250
6.89843750
4.09375000
4.63281250
9.58939606
9.22671986
1.93672761
19.18660959
0.81835938
4.42578125
11.93456782
9.52677305
5.80428413
2.57043457
6.44531250
12.37500000
0.18961578
2.37442930
5.28466672
4.85962101
4.00223847
8.22131317
0.23303254
5.91556793
2.99263519
9.26472961
3.82511414
5.86181864
13.59208222
0.27608246
8.37999336
2.83875664
0.74031106
2.53991855
0.41727878
2.91377715
7.44352172
1.07381289
0.71061156
6.45792664
1.59659851
0.86873352
11.33438775
7.98486702
2.46679688
12.57572418
0.98262543
1.58752161
9.38664007
4.69966644
8.81595856
6.99218750
12.15865082
25.13883972
17.52114707
12.43721216
4.81734596
6.47098847
2.45552582
11.13895660
0.64131684
2.06164146
13.30826906
14.77254211
2.09851230
8.95514391
8.07299867
14.15860151
10.62700243
4.34061614
2.49035738
3.15234375
0.97734454
11.35488508
1.71842033
8.07699370
10.88326019
3.71923704
5.11474734
3.52646205
5.04157689
2.95072418
18.18391844
5.29768922
1.95654172
2.59895999
4.37935394
4.80468750
2.76757812
2.04492188
1.73881012
1.55004509
6.90539893
12.51155142
2.30139627
7.66540558
0.87015777
8.34029144
6.67879211
5.39542664
0.56156402
0.12019867
8.73786791
9.54152486
7.14497894
0.30594879
6.95591492
1.59266683
8.31913674
2.44030419
5.17820149
6.17622894
8.82812500
0.71992949
1.63602754
29.08519947
0.80595440
4.90869141
4.25044769
0.30834961
10.46004211
4.20747894
5.74263519
6.82454344
1.47762024
0.86922304
0.17382750
1.06962129
2.83150238
3.66796875
1.75000000
12.98347961
6.27140071
7.43884308
8.28230275
6.87073470
16.56457115
6.62235815
14.37231383
13.95247562
6.75089539
5.47342864
1.86543855
6.33593750
2.80033560
5.07056848
6.76171875
23.48457669
7.87524601
4.83691406
6.81847740
4.11511635
9.16409686
4.38623670
3.93330840
2.97534242
13.61608887
15.84838867
12.50781250
1.25146484
3.93359375
4.91841644
0.21073332
2.69322017
8.55267065
7.70422208
9.22236592
6.06470412
4.32556183
15.13313719
0.63635347
30.06034021
0.59249183
5.93515015
4.39784113
6.71057845
3.30538120
4.39811281
10.31725732
3.96879432
11.62064606
0.03044647
2.06140137
9.23347961
2.27089997
0.56056183
1.34867215
10.60079011
2.22534242
1.74662262
3.50240082
30.62744016
4.71586214
7.50000000
3.54341395
11.40918218
0.57166280
7.01457225
1.23242188
2.89871787
9.05440713
1.96972656
2.95507812
3.29687500
0.30493164
4.77941490
11.17326241
5.90710107
4.24280742
3.19531250
3.01171875
4.79274713
1.98654975
2.54687500
5.68945312
7.15580231
9.64062500
3.84029144
7.51082336
0.03187073
3.74564606
11.56160461
3.55826408
1.26594907
3.24398326
5.33536680
14.52100996
8.95056183
6.22835328
14.00833888
2.92850676
3.42163397
2.41841644
13.44262633
2.86543855
3.55273438
9.16702904
7.21521276
8.68750000
4.64510195
0.82275391
15.47265625
4.01908356
5.93359375
4.92578125
1.28999598
5.88529698
13.03169769
9.32031250
5.79630430
6.06307070
5.55371094
2.10452405
5.59908923
5.26171875
6.37410461
6.18208832
3.68855774
26.89831450
1.01696808
6.63248781
0.90181488
1.12259918
12.15802084
5.22914560
3.16259766
21.06029588
7.39661236
7.20349215
31.34570312
11.77754544
3.97892398
19.05993683
2.85668883
5.82645722
0.70357269
10.73002106
2.98958094
9.58797429
7.75345856
10.01281583
7.64068271
3.62349457
9.16361481
1.90873199
2.34362700
7.01619570
4.25390625
4.67578125
4.82031250
7.96484375
3.35843529
1.81193428
3.04211270
4.30436281
5.40157136
0.98779297
1.15917969
3.68554189
4.77885416
11.01997894
1.25248199
5.84322113
18.12109375
8.56250000
3.24804688
0.04067993
0.18909836
0.85107422
3.69051086
2.98917664
5.60652150
10.51021830
6.44079123
1.62756815
8.46881871
7.51209773
0.41947418
0.96582031
6.86328125
5.62043814
9.54309549
2.63077571
5.40649601
3.97839262
3.19877106
5.11649447
7.20357269
6.00826019
7.44486481
1.82759613
3.32498615
0.78927166
6.84151153
9.63281250
1.97538176
3.19828402
4.60591644
6.90478391
1.72579011
13.43314606
13.25256317
25.76379488
2.67382812
7.78861481
6.88281250
14.39294216
3.18127659
16.46972656
5.25390625
4.81205231
0.55216492
0.11069732
0.01616425
2.98343902
5.10168052
11.96712655
2.10306793
6.48258422
3.34403535
4.43367243
3.89445257
1.15429688
1.71373546
1.70362200
8.23449800
13.64908688
14.70760195
4.89721742
7.43750000
6.60624114
16.94946351
6.44185394
2.04971105
2.75985926
2.64428275
3.99402260
7.21964539
2.27062833
3.66101230
4.53600732
4.55135444
14.51729278
3.73075410
2.04101562
7.72753906
4.18359375
10.14609772
4.06676903
7.75740913
6.43123227
7.35001773
12.24129211
1.82564301
6.12544769
7.28515625
9.28222656
6.21582031
2.36328125
0.50537109
5.16406250
4.66796875
8.45043883
2.46056475
9.22909131
0.54207461
4.28169769
3.89119072
5.11857491
2.27610872
1.95781859
12.07417692
7.75883089
2.09570312
3.18990082
1.55664062
5.23693817
0.05295838
3.40310617
2.81413840
6.38081007
8.26567431
2.70128990
0.71960854
33.49436171
5.31813829
1.39746094
0.89966298
18.61623107
23.06685394
6.12455231
25.35769726
8.39966755
4.50134308
8.77254211
0.02601136
21.25821587
12.31120124
15.01623504
9.41495789
3.36856619
3.58903202
10.59834995
6.77010195
23.30265071
14.47054078
4.91386081
16.80957031
4.57421875
6.92598294
1.66955286
3.88688608
13.15001663
4.05221298
11.70747894
8.02779144
1.04146332
8.99792138
8.45227393
18.53356716
6.55794437
5.65848847
12.32287567
14.67879211
6.26837988
2.81979609
4.19562224
1.47385194
5.70947266
3.83007812
10.61181516
6.74987700
13.36922429
8.25345856
6.76953125
3.45507812
1.21040863
11.54064163
6.18278701
1.73750886
12.64924923
6.54801640
14.48543274
9.17667664
7.28125000
1.88041168
1.00195312
1.41060394
9.84964248
4.57174423
21.91304411
1.34529726
10.19917443
7.49239417
2.70206726
4.30564393
9.48541231
1.59212904
3.69169160
6.30000886
2.26456726
6.21276264
3.20866467
4.51997894
16.01708112
5.45903368
3.13521332
15.24039672
0.12593629
4.83373338
11.87337842
3.67936281
5.90234375
9.34687390
5.88269946
20.17692047
2.72985871
10.93164062
9.11629211
4.89102962
7.11397495
14.61632294
3.24007203
1.07324219
10.73620014
0.48796154
8.59641479
12.73765626
4.72942597
0.19372559
13.64665890
2.28181322
7.80029920
15.19185394
7.88492797
17.83022033
10.27958222
22.27058899
3.28851318
3.94437279
11.37638741
14.53859267
4.90038564
3.81848736
0.52494293
21.30781918
32.70568817
20.96016511
7.08646637
1.93900668
19.71773285
28.27705342
11.35832225
4.55456450
4.71586214
6.46202461
4.27625664
2.87890625
8.68480386
8.87334219
16.78474291
6.13553303
8.29847406
16.33683289
5.31640625
11.37357574
8.11047208
17.18365520
7.43693927
7.62357823
9.10937500
12.56790670
1.59855662
12.02778646
1.47026041
12.55664062
14.18225067
3.16691101
3.36433899
9.82556183
3.06791168
4.01145934
9.41203887
3.92659796
21.51607083
2.70292331
14.50361841
2.18636358
9.20596077
5.05127327
3.46679688
3.17866911
22.98695711
11.38228114
9.01509862
9.48144282
0.92383062
11.13065271
3.69401374
9.89383755
10.00883089
16.38732381
14.70797096
4.90970856
1.92045323
10.19006317
5.47871233
2.20622451
17.33694593
6.63872118
10.44966644
12.26371122
2.30509585
0.18371582
3.03425837
35.77681737
15.02708777
1.53390680
1.46101867
10.13346375
1.84570312
0.18725586
5.41141069
1.30208998
4.15158600
2.30167664
1.24902344
5.43884059
11.92175511
2.35892731
7.72248892
8.61344858
3.01411957
30.97802734
9.00345856
12.23002106
5.80558289
2.79447418
17.65659908
1.42587987
11.88753203
1.43220883
7.64106771
14.59273161
4.85043107
5.91015625
0.37300629
8.99994571
7.25005429
5.85937500
3.73503195
7.00400487
3.44344304
22.17716336
8.68160128
0.18546539
11.54334606
6.44263630
0.60253906
6.23297762
2.15764738
14.60746122
6.52730441
16.77494293
0.32564301
9.19352172
2.74788453
9.62890625
2.93705231
5.57076019
12.14050200
2.35380097
0.09468629
23.20772521
3.08125388
19.72282358
5.23392731
3.18660461
1.25817902
6.31070922
0.19124390
4.12043939
3.77213874
11.65189606
4.45986481
8.87171874
2.86958832
2.46991677
11.28381317
4.64513631
5.55151928
4.27075133
12.12196464
13.91137633
5.60787455
19.58557098
9.11914062
0.85388215
5.43961547
0.38191773
11.53291778
10.07645722
0.05440277
2.03551903
28.66471686
3.31969748
21.22615913
13.37947695
2.41259641
11.18941378
28.65543578
7.77156306
7.00561835
12.39062500
2.94966644
1.39506012
1.12186614
3.90328035
6.50736481
1.37980164
9.94877106
8.89754211
2.99894226
15.05061392
0.53870096
8.75410794
10.04374363
5.40580231
1.45845551
22.41177970
8.78901043
10.21553745
2.39664672
25.49487367
4.78470856
1.64408356
13.49483246
7.18692930
17.08504211
25.96069149
3.84349901
3.03561391
2.32812500
11.28210107
4.70198360
1.55306405
14.87365847
11.68727431
5.95190492
3.90279144
14.19768218
0.23856660
7.29760306
4.37427194
1.58398438
15.61328125
3.67248504
6.98872894
17.44448790
22.19213431
5.20553080
3.93599457
3.46679688
6.08210993
10.30078125
5.84969304
3.06339539
14.10847961
13.12398161
4.00236148
16.21927638
1.62597656
6.34712987
8.22310394
13.80423981
6.48002106
13.66393950
2.02791445
9.75222851
18.96467642
3.76401152
7.78198055
31.47688719
2.48384862
14.57031250
4.94278868
3.68025820
9.00948028
4.20389739
5.97847628
0.41800934
15.98197418
3.32800200
11.51014172
11.43213015
7.60738253
4.38582336
4.18448914
3.38911957
0.55859375
0.72513824
0.82564301
5.44058954
3.11409796
23.60379101
11.13644337
5.19095856
6.59195922
10.64286347
8.21875000
3.89648438
2.04687500
6.82417443
3.70707557
3.71634918
15.72131317
23.46597518
10.54085328
0.92562638
2.00195312
0.58768645
0.04793367
5.08862242
4.04911347
5.60546875
5.10480940
5.06617021
3.69051086
3.60380097
5.08593750
0.91951352
1.28751773
1.70170074
7.52575466
13.58491911
17.78304078
3.69030917
7.78707003
6.27636719
10.97566711
1.93005402
13.98867465
1.71054410
40.37215149
9.52628601
2.22265625
4.64453125
7.66015625
1.40493753
8.99309286
7.65083832
6.29296875
7.35546875
15.86059508
13.83939606
5.39363586
21.02236481
4.71591644
4.53963320
11.35598516
1.21823359
2.24609375
8.49466949
7.25207115
3.29915780
6.32287567
2.37048371
11.06021720
2.05652260
16.22106716
13.18864140
11.13862257
15.53267177
12.46587211
1.01118988
3.51919659
1.77137134
2.34029144
10.38972961
2.10745623
2.16882978
12.24218750
6.75606106
4.66528258
2.70862034
2.60201019
5.86673981
1.02388519
7.61450133
26.09514537
11.64835882
5.17187500
2.76367188
5.48783356
1.36905945
6.88146942
7.47355164
14.04067598
17.95695257
10.33830895
0.00917053
1.34663910
14.63883422
7.97399933
43.80110594
2.90441988
7.79508422
3.58044465
3.81054688
8.62320922
2.14632203
8.39831450
0.38610933
7.29687500
5.55769836
10.92329926
7.99750555
2.64674035
2.62377992
21.34593102
2.50590370
1.33105469
13.29962127
3.03980996
6.10321586
12.94985816
1.91016622
17.22041341
2.28211103
4.55904144
1.38326019
6.37890625
16.94970703
9.34941070
1.31704940
6.76449357
2.56339539
22.80296004
6.04728834
16.35571476
3.47464508
1.75683594
21.34798094
9.64497894
0.96948304
2.64497894
11.51127106
14.74450466
26.74499667
10.04882812
5.87064606
3.84147218
3.77929688
13.69877106
12.26704926
16.36006621
8.69755097
2.82963043
4.26810450
12.83451573
3.24698914
6.90836547
1.75223847
0.51761871
0.02910370
6.22641457
12.47694148
8.36674977
8.32593085
0.64013672
19.85502106
12.46662955
10.40507424
8.95926972
4.57216890
6.67428080
14.90100067
5.45844419
4.82543883
22.27531039
4.17565575
6.55008755
5.12842420
3.09179688
33.81595856
8.91406250
2.02722168
18.12141844
9.00000000
2.24381593
4.37922596
12.97864361
2.88342254
12.84118683
2.57545792
3.22861923
0.03900634
0.92695950
5.26826685
6.44622454
7.20357269
4.64391623
7.53967752
0.81900564
7.12260416
45.11425283
10.51884440
4.36766955
3.60420504
9.06441378
6.86657746
7.28035461
3.00284851
14.61795989
13.97336437
11.29494680
2.42036957
4.99129211
16.21573914
11.72452571
3.91955784
10.71529144
5.50451131
6.31144725
0.60103363
1.05957031
9.51146277
17.27057403
15.90456781
2.06013104
1.51160571
23.96093750
1.76997894
0.27998809
2.29492188
9.13895722
2.10652150
4.54582225
16.12256274
11.29415447
22.20312500
5.53710688
4.13228612
5.61832703
6.84720856
11.31250000
5.58593750
0.10555023
4.72656250
8.89843750
10.49629544
0.39298648
2.34899933
11.28381317
0.07220490
15.86852062
9.22811724
4.92085661
3.87919160
3.46647218
1.82735261
1.20719360
2.98095765
30.83398438
3.98242188
1.50512695
3.17545344
4.35481937
7.59106383
0.86234652
46.80904144
10.15136719
7.92533356
3.57218196
8.87357823
2.14257812
3.08007812
12.11629211
4.88511470
6.50656803
5.18705231
4.11824604
9.90763741
4.90189606
1.31925476
7.62500000
2.48933899
0.35636414
15.13000333
18.88952792
3.58984375
16.86913564
1.65385416
10.06327239
4.78047761
0.86714691
2.02595883
0.01127106
6.40926086
19.86226286
1.62398410
1.65962738
7.76012966
11.84143284
7.69095856
16.83031915
5.34590979
0.08154297
5.07226562
17.35624114
11.99051972
3.02831782
1.92765569
14.43570922
7.54463653
4.14074800
7.35009641
0.56787234
16.31270169
19.34130984
9.77958222
0.25252258
10.43404144
4.94876856
4.55806737
7.45658356
2.22826962
6.28971188
12.22304965
9.66611424
2.27494293
8.60156250
6.18794769
0.21868772
2.14554964
6.16451019
18.28682403
17.09376951
3.79292941
10.48295074
1.28047512
6.13809619
10.27877548
1.94958527
2.28120910
7.95092213
3.16178967
4.06205231
4.58569149
4.70483585
6.02510528
0.59594789
0.16638184
0.75651000
6.20332326
5.50452127
0.68135652
5.47355164
10.69241966
17.73363697
1.11886524
13.11743102
0.48368379
10.63089872
4.19889406
3.84252992
8.44441711
1.88810242
3.52705840
4.91361481
2.67606660
12.55248837
0.50167027
15.06451198
6.79231937
4.34208222
9.76383422
5.96350067
6.24841091
7.67570257
2.24654144
5.06640625
5.77254211
4.24039174
1.83427471
17.28905571
3.88281250
13.21875000
0.81794915
0.08903327
3.40332031
1.39506012
4.46138519
10.10066711
2.22505707
13.82979278
0.68823304
16.35807126
11.83658688
4.58854499
2.71289062
13.95430325
3.94108156
7.40637300
1.61621094
1.96801384
7.41020057
6.35591644
9.72969387
11.73103945
7.76005097
3.18448914
1.88183594
6.66584331
8.90792774
3.76517731
2.90474457
8.12154144
12.16406250
7.20413343
1.31495013
12.15767177
15.96720523
6.08260195
4.11917997
9.71964539
11.84476839
0.17785645
1.18949247
2.69091921
13.27343750
1.94380707
11.22196255
10.23454129
12.78943151
8.61808289
9.52958222
18.18750000
9.87666778
4.40458222
1.03808594
12.93476951
3.76444924
4.38883422
4.15804078
0.90429688
5.72432403
5.50044769
9.19274933
3.65392786
5.60571476
5.92594110
11.33732491
0.59423828
1.92480469
8.64297651
3.19251329
4.77779144
0.99902344
0.76660156
2.52806059
0.90504487
12.12845856
3.79492188
0.94112090
3.25419160
11.56680962
4.39457557
13.73604278
18.66304411
14.47579011
2.62707613
6.84765625
6.68359375
2.55619293
15.29829677
10.73392731
5.63440159
7.75826019
2.89196808
2.91992188
12.60969720
8.52034796
5.21272828
27.30423981
15.18314606
0.11042754
6.86897828
6.04162567
10.84554078
1.57486501
3.77616799
1.16044160
1.00736481
5.13281250
12.21557181
9.35819924
13.85685060
14.79086325
7.96158688
14.45345218
3.00931793
1.97680477
3.21626988
4.40689440
2.80013685
1.15873199
10.85280697
4.76092198
5.11351978
8.71948803
15.89062251
4.99902593
11.42097961
6.79553192
13.16963653
5.65625000
5.55525820
0.57230621
4.93013519
10.23261858
1.81576185
0.73677582
4.65795712
5.23763187
14.89831450
15.53116883
14.82262966
7.76253546
6.11450133
6.09688386
9.94327571
2.48010472
9.38716644
8.18725399
1.52758976
3.48242188
15.67915863
1.54545074
2.18013519
15.36539672
0.97009308
7.85489805
7.06307070
8.03560394
8.76383422
11.15999390
16.53893950
4.80481050
19.09207724
2.90552194
13.16393950
2.42004488
14.87402344
9.49556488
3.22265625
8.38281250
3.42923981
1.81490082
8.90075466
8.35705784
1.95800781
12.42879211
13.73091395
5.85494237
6.21484375
0.74902344
9.85823360
7.99051972
2.01272593
6.15561059
10.48783356
9.36283356
11.61604610
3.59619016
10.99076573
13.79036126
9.41365913
12.00238587
2.05437776
3.20117188
3.46222629
8.10417996
2.49609375
3.71048482
5.19336436
13.86515071
19.06274601
1.99637910
9.65702239
3.30586824
19.79561060
18.50549534
11.93672761
8.37117243
2.90031194
6.96459774
7.39522495
5.73554079
4.06869902
10.44412428
8.20846298
10.00000000
8.13972961
4.97355164
3.92456117
14.41752106
13.61388631
7.78758644
1.93837100
7.38191711
4.48681516
9.22570645
3.51448858
7.98111813
6.88305851
2.66857879
26.64196808
2.80318207
8.39575133
12.00691711
1.25313386
23.59273285
6.09765625
3.84134918
3.14693207
3.61523438
0.03753143
17.52643839
10.13181705
6.90332779
5.54008089
12.84541778
1.24922761
12.93932514
4.69348736
2.18359375
8.65200909
4.97209552
7.87935394
16.20609154
8.83207557
1.57751496
10.78189938
12.87512300
2.33321199
8.27689606
7.15407902
16.24203014
2.40128601
6.97765958
4.56486148
3.31567321
1.88822418
20.62374234
5.32100620
10.71260528
0.39697328
1.96777344
12.29304743
10.03637633
3.86499335
3.64347351
7.43135528
14.96532580
10.75431959
0.23079469
16.00500333
20.78755209
1.98238752
15.15100067
2.37874390
14.14334553
15.03177638
3.20288896
5.57902039
2.66512024
0.06681336
1.72851562
12.78381317
6.41559730
8.39799977
1.57462461
7.23730718
3.55647828
3.04642731
2.59224457
9.47665405
8.48502438
5.42859042
0.87500000
16.62991966
7.70768063
2.10815990
4.85929320
6.59040947
6.47493905
12.83581450
3.24320589
0.92484527
9.76960993
2.67419714
1.84570312
13.14050200
0.79313234
19.98996491
13.77254211
15.10066711
1.71858765
4.86283356
3.40132536
15.21674757
5.56942708
13.30814606
15.21529144
6.05379211
1.80603058
11.32966977
8.67254877
3.47825021
11.62923094
4.74217255
22.97405363
13.66499972
10.42411098
3.53283909
4.53063996
4.42578125
14.61816406
7.13627106
9.94762966
9.55867243
4.49023936
10.76818817
0.09861268
6.51851036
3.32861702
11.85345459
0.27086999
9.02087433
8.65995456
8.94160794
9.04187167
3.07368241
5.42676529
13.68058289
6.68404144
3.89453125
9.71906472
4.91350177
9.13216312
19.01012966
11.64522495
0.87141969
9.05818041
6.50387189
15.70989227
10.07979278
7.91796875
5.78332115
4.12170877
16.73595413
0.52283494
7.46174923
0.13525266
6.15336214
5.59838867
15.26009125
2.86478668
16.27331450
8.02791445
20.29382293
15.23917664
24.02148438
9.67968750
10.29308179
13.97980940
12.69394628
11.40515043
11.01078402
6.76660156
0.97477172
9.79943817
3.99568540
2.27697972
5.03392620
6.36406360
1.35884613
7.88907525
6.01432624
13.07902039
4.78893950
2.23059175
7.58740234
2.02689606
4.53816711
0.12365754
9.22911943
4.40230939
12.58658688
1.33423038
3.26367188
3.99324524
0.19230164
17.21931073
1.69279864
1.53808594
9.88667443
6.95498449
2.39662233
4.15836547
1.74869470
13.15299811
8.61795989
3.20617769
3.43013519
5.09330231
5.07958984
11.52144379
8.02689606
9.63825355
10.75224844
1.61982935
15.29398964
1.71858765
11.88195147
21.90674451
9.22122576
13.65711103
20.03722740
2.61743102
7.01188608
7.38281250
5.61417664
9.82714844
1.73588043
3.33052582
10.81416778
1.17509004
2.52103668
10.49564606
0.25065094
5.00870789
6.97220856
6.38761414
3.82031250
10.69173094
7.05952848
2.43969913
5.71626552
3.22318761
9.02779144
1.09480774
1.87101258
7.67643063
2.04577792
7.44400876
1.79764988
7.55155364
1.54663148
9.63281250
4.21952239
10.17431516
3.99678745
10.34452239
4.31954011
9.49759420
5.41691600
5.85937500
4.12756317
7.75852873
8.34733156
14.00166778
10.10514406
4.80904144
15.61091977
8.78751773
6.89843750
9.83593750
17.42459553
6.94425975
6.02909021
0.88428108
2.16210938
10.08044216
10.77714206
2.10310727
10.37870456
11.49206450
5.75402925
5.81506317
9.71093750
0.13582398
0.27685547
3.55033356
17.15551197
1.22676917
0.70459234
3.67097961
1.73099076
5.96916334
8.06083222
0.06504334
0.97143555
2.05468750
8.39318817
9.23872894
12.02779144
1.07076019
11.26849365
6.16361481
13.77852387
13.11043274
6.72550476
9.85517883
2.63867188
10.54162567
12.90926086
5.76082336
2.25899324
4.30078125
0.34619141
0.30224609
6.94047027
3.83645630
2.71919769
6.94999114
4.40547761
1.40091949
3.17232269
7.24865692
2.28973420
7.54768174
5.91325576
11.51908356
3.16166168
0.11697525
11.67968750
13.18723541
11.33048150
7.08944038
7.10709656
5.45780364
10.02612367
2.23632812
8.07287567
12.56750333
7.97517509
4.60050975
8.79520722
16.04093445
17.59708555
18.02791445
0.97705078
8.99564606
12.44531250
0.56314938
2.19120456
8.04252106
7.84452239
4.11206117
3.41992188
6.32120789
0.04169708
5.00345856
19.73258422
7.42008422
0.42195742
4.91942736
7.22473736
8.80561725
1.23381178
6.56986481
6.90279144
0.04067474
4.55423981
12.28409851
0.38505035
6.50467864
0.10087160
4.48828125
3.03515625
7.74218750
2.77734375
1.28385251
0.06075199
1.81791168
9.13154810
2.00952460
0.70507812
13.60582904
15.21700479
2.55074191
6.58247894
8.83939606
6.45178192
0.70003297
13.63215938
10.39522495
0.57775661
0.79988835
3.26367188
12.75504516
14.55603058
3.24625610
9.20926972
0.67578125
12.04854278
5.90067597
22.46915680
11.61681849
15.11629429
3.38122652
0.23881012
9.47220856
2.33264129
6.93045989
0.79691683
7.00390625
2.12740082
9.54252106
0.07472748
1.43457031
12.73660351
8.64185505
3.47115082
2.81160461
4.06730164
5.27510528
3.79280640
9.67622894
7.85156250
0.67919922
6.40234375
11.27298981
5.32466644
9.90970856
9.82599956
0.19841450
11.06294769
1.97949219
6.81250000
6.43660461
4.94620789
7.76562500
2.47762024
1.79243988
12.32198028
1.26049867
1.70658356
5.39497894
0.16467254
0.08288605
10.16227172
9.05118462
3.15373116
20.51472961
12.82275266
4.76199538
5.69743794
2.32181793
1.76847351
5.49519836
0.08894867
3.93013519
7.64274047
11.36808289
2.97505707
5.53169769
15.27343750
2.37304688
1.59037262
5.01171875
0.92724609
16.88191711
4.77376219
12.85258089
13.14408356
6.81986481
0.24788266
0.48262481
0.97033909
0.02755737
12.39806849
5.17615026
10.35489805
6.54309175
1.91353363
6.12963431
1.92114694
12.11714318
1.51575050
19.28625395
10.44559287
4.01636303
5.21439606
2.28295587
11.47436835
3.62845357
15.04838541
15.15087766
8.46720523
0.35091125
3.91691101
3.40201408
9.51009530
4.93794769
9.58850067
11.02485927
6.33842198
2.29431183
11.35937500
3.60624114
0.36910066
1.34863281
5.74910461
2.10673606
4.37427194
13.47610484
9.03170766
27.72408051
3.28906250
7.66881982
24.02567597
6.61519503
3.40470523
8.89843750
10.16393950
16.54109431
1.09424202
10.03906250
0.83402496
2.65865082
4.71350067
7.20210661
0.29752750
6.67399047
6.76459664
7.21151817
6.05301972
0.27856445
11.87141844
0.03776125
6.63736813
12.13627106
1.55501468
1.04829926
7.60742188
1.82482879
3.34269226
11.24995666
0.44571836
14.04008089
4.92443817
1.54724152
2.48632812
8.75000000
1.40677513
1.58321324
4.25850620
14.05761719
2.47851562
6.23982602
4.38908023
0.01185608
0.17486448
8.15380984
16.71634918
15.83247894
0.14685059
5.02644836
20.11372894
12.28560394
16.49564606
0.93973723
2.38264268
1.45349900
1.25435394
7.03449690
6.26628435
0.77490234
11.66730940
1.08342302
0.48665344
10.96183289
0.27445465
0.05684418
15.81494016
9.12898742
5.45414339
8.41792443
1.41837960
9.00781250
11.32031250
5.54252106
1.42036957
9.66662567
10.90493130
5.67423648
0.35967530
4.22611481
1.97637721
6.05672429
9.62756317
8.84362700
0.64168398
14.56379876
11.04557624
2.53800476
7.06250000
9.93660461
22.84464539
1.04785156
9.24564606
4.03567266
4.10930629
5.33548981
3.07918274
11.13806183
2.46093750
18.24002771
7.00846437
7.10750554
2.01562500
18.32232935
1.54457280
12.08337433
3.73331726
6.05904144
12.30326324
9.97920746
6.06205231
2.70117188
4.35668883
0.04457674
13.24121094
13.86629211
4.26997894
15.44726562
12.97566711
13.33353170
6.76156139
1.06888824
16.87398161
14.63293550
1.41052277
8.58414672
18.95499446
3.83976507
11.67431516
21.22609560
18.46748560
0.78048011
6.62117243
0.29976659
14.70933844
6.06800531
2.11523438
9.95678524
3.73026706
12.19242340
4.32076019
1.15909851
6.77464761
1.25481161
8.39587433
1.23677582
1.62581173
13.13126773
2.72684785
6.21492243
1.48181433
9.82124723
7.80525820
22.98384613
1.75248199
3.66255707
9.66650266
1.19970828
3.44877106
8.42789672
6.37254987
16.68163907
8.36251883
1.02050781
4.47265625
0.02528900
11.96093750
4.43314606
0.06038422
3.13988946
2.25472296
3.72806793
9.12064606
7.73181183
16.57165496
2.93688996
16.58735927
7.83995679
7.03362145
0.66503906
11.13312722
3.73662344
3.91300476
11.92533356
4.69665558
6.31795102
0.74113101
14.63037109
5.31250000
4.54597961
5.16105164
0.37577301
0.64253754
4.81213223
2.54382480
10.27600067
0.33239777
2.84765625
12.35323028
2.61315825
0.52392703
19.56314938
6.18941378
9.44966644
2.17757203
6.68334774
2.91626163
13.20222961
5.04252106
6.16495789
6.06250000
10.98233821
8.96732823
16.43151264
4.59192486
3.68942571
5.15143519
11.22656250
4.73783356
6.41707336
0.02150514
2.15039062
7.35249723
8.89856050
9.04341644
1.50972504
1.55131012
16.15189606
2.76652039
0.49804688
9.12629876
7.03776374
11.70312500
4.45703125
4.63627106
4.21830231
3.17818207
3.58443207
8.53673538
1.28614029
14.15584165
4.41386081
5.41870117
16.49609375
12.86950466
9.33618351
0.24890168
7.54687500
7.54988586
9.60656583
3.53104831
19.04252106
0.16377777
6.38346188
1.89974124
0.88037109
4.72957336
13.92996787
5.22884530
4.64196808
6.04162567
3.84346465
15.16027925
7.96907376
13.20141788
8.63793883
2.80932679
0.03836060
4.84972740
11.41544991
8.68477387
1.72123199
23.23872894
13.17700133
7.60982269
10.92061060
1.23690132
11.23783356
6.55904144
1.69938110
5.72444703
7.89619903
1.47196504
7.55545989
1.96460023
5.72505707
4.33158356
5.20312500
11.10005707
5.14798981
5.30769836
19.83670989
3.24861757
8.66947418
3.97896332
4.41752106
2.94440465
4.78944148
14.64473294
0.32597019
14.53002494
3.02661569
9.12500000
3.58894836
16.02042664
9.12500000
17.14546691
0.44246399
0.09505250
5.87577301
2.66646332
18.01533965
28.73966118
13.59123116
4.99218750
0.81636566
5.49609375
0.54101562
2.41467254
13.18895612
6.29004405
3.63029366
14.23213715
9.06416778
28.91434785
6.87500000
2.81445312
7.38281250
11.55379211
18.52896720
4.87773049
10.64192376
10.52213874
8.00939941
4.39062500
4.72265625
11.96093750
0.66491606
7.25826019
1.44694093
7.35253408
6.92159463
5.12333222
21.39754211
6.12739584
17.53096963
4.13985261
4.41682735
8.36958832
7.73726286
5.10282690
9.52254211
1.25382508
4.55859375
7.83203125
1.02876801
0.12101227
6.95934841
4.75895390
11.98091644
0.84761566
11.02693041
8.70531915
4.65837544
2.13085938
12.89076658
15.54288259
8.49292553
12.29296875
13.49295989
1.86348543
10.62064606
5.77956229
2.08026041
10.59977172
6.96663453
2.26171875
2.97025543
8.75000000
0.59716797
4.47310394
9.65653862
6.55908577
4.79341644
11.66662567
3.10864196
0.88781832
13.52388021
14.07658023
5.56164893
20.11673981
11.10288451
5.41951352
5.97546542
14.31774933
7.66941876
7.82722961
5.71573914
1.10892731
9.03125000
16.42622894
5.13671875
9.22566711
6.90876884
1.46623116
5.10021942
0.56038453
9.65946255
7.84834995
0.87007660
7.34043884
6.42473847
23.48318928
