0.38321587
4.63664007
7.26562500
15.97117952
0.90332031
7.19563719
3.82389406
4.85546875
15.01562500
1.35253906
11.07371676
4.46925199
7.74218750
5.73046875
3.42578125
2.88899657
3.26334718
10.90625000
3.62304688
14.00781250
5.82226064
2.98633311
8.61490470
7.58861011
2.97460938
1.45800781
12.20214096
2.51856216
4.92578125
1.81445312
6.02408688
0.18904789
3.71289062
2.13085938
0.60449219
6.91048094
1.30631593
5.34504876
4.62191046
1.21468140
4.34537096
3.66211436
0.11385257
12.78906250
1.40429688
1.51464844
3.84700189
3.48600343
2.68066655
7.16406250
2.44335938
10.83202128
3.07032247
9.40819814
1.94922373
4.00390625
3.56021720
0.38321587
9.23039007
1.64347414
3.25976562
8.84375000
15.94954344
5.56608156
9.84635251
3.18880374
10.39843750
1.62890625
16.73437500
12.74479001
9.71516844
10.19824468
2.94726562
2.13182597
3.22266622
0.64160156
3.31835938
6.04296875
1.50488281
4.23649047
0.02559449
9.23242188
10.98925532
0.24658452
11.65625000
1.50423094
5.35514406
6.54329344
5.19889406
5.60546875
0.92626953
15.15011759
3.00912123
14.73828125
8.32031250
5.49251219
3.81217531
1.16308594
20.66959220
15.34081782
7.62728280
4.70067487
7.16195700
1.01562500
10.07389406
1.13964844
11.99218750
1.33593750
0.27026367
7.99641844
5.60905031
2.61132812
2.12141844
7.75911126
0.48665780
13.55696282
0.58609486
12.00244016
2.36654310
16.23046875
15.95995346
4.56948084
2.11314383
6.01367188
1.28271484
1.82910156
4.89843750
3.05664062
3.22851562
11.05468750
3.70019282
0.22094976
7.55304411
3.60320589
9.53125000
0.50439453
8.01529034
0.70150653
6.88281250
5.47656250
3.65315423
1.63249030
5.31152344
6.69921875
0.54150391
2.23632812
1.34602782
2.48209718
4.01790282
6.69498781
8.32812500
1.77050781
11.10412567
1.00329621
5.49609375
5.65144836
0.13151062
5.87987035
2.78419215
7.45914049
6.59505873
5.30273438
1.79589844
0.17614746
3.88867188
6.73469969
1.66276125
3.40852782
5.12467531
0.71432495
5.06640625
7.42187500
3.74837157
7.47167720
14.93521720
6.04525155
5.83984375
3.16406250
6.39062500
12.22460938
8.25423094
1.70312500
2.24186281
13.41406250
5.61718750
12.89062500
13.36629149
4.26920656
2.54101562
5.77734375
1.08984375
5.36718750
3.82031250
11.60156250
6.29296875
12.68164062
5.57031250
2.62890625
15.38557610
10.13574468
3.19905640
0.87923219
7.31347656
4.66796875
21.62597656
13.58300532
12.05338376
3.15072030
6.44140625
4.56640625
8.19954344
1.73698000
3.58398438
4.19921875
5.46516844
6.38639406
10.63346188
0.92041140
0.36531617
5.10156250
4.17183099
2.77604499
1.59082031
11.26887190
3.83269060
1.60937500
7.50097656
4.32812500
7.39843750
19.44726064
4.78320811
13.56184564
2.46093750
13.28026596
15.64062500
3.48535904
6.84798094
1.79069093
2.45507812
5.46516595
4.70963874
0.43530273
17.10937500
11.87109126
3.39355718
3.66015625
7.15429688
1.58886719
4.07031250
8.10579344
1.25846437
17.80902100
0.04806519
7.25911126
5.63541999
1.28320312
15.54307982
3.76171875
1.49772218
5.37792969
6.01171875
1.67382812
11.69726064
2.07617686
0.30053711
1.64973875
1.70377687
5.76594969
10.55826906
1.83030731
5.96876495
3.78938719
8.67187500
4.02701906
0.05587769
4.28971188
10.35091312
5.35156250
6.60969969
6.88639406
4.84765625
0.81591797
2.06445312
1.12207031
10.61718750
5.19563719
15.87886473
0.90853031
2.40917470
0.15779477
14.14754211
11.30826906
11.22363032
7.85628546
4.54148272
7.12437056
0.34838867
6.20180132
3.33530806
15.72427970
11.93587655
2.07226562
11.16406250
7.19531250
2.27539062
20.30813540
6.30761968
9.89843750
5.43359375
3.20312500
0.46459961
8.03612783
3.55273936
6.00032469
1.14518312
3.83007812
3.41796875
2.55664062
12.41861813
2.11849124
7.86751219
0.75992922
4.32263184
2.63281250
11.01562500
17.70312500
8.43391844
2.42936281
11.90396720
7.74447030
9.08593750
14.71093750
2.22070312
2.49804688
16.49315160
10.18295434
8.42545656
5.05078125
15.68033688
2.47591312
9.69661126
6.88151374
5.30337877
6.39583998
2.25781250
8.39843252
13.01432126
11.53268726
10.23013908
2.51465093
5.21419437
4.33560783
4.30794437
13.68675468
2.01938386
6.25032469
9.58951906
19.98828125
6.50781250
8.96093750
2.28710938
10.24836907
11.90495124
1.25878906
10.94661126
0.81120124
1.15136719
12.27766844
11.50911126
6.17806405
9.95019282
9.67217519
1.60254654
4.80078125
4.18750000
8.64069558
3.47234153
6.07226562
4.00000000
10.48079344
5.30521301
1.98242188
2.90234375
19.53092033
5.86556405
4.36328125
2.03059564
1.58756843
6.04687500
5.47851562
4.31640625
7.23469969
4.16048094
3.03841312
2.81054688
1.18212143
4.78809341
3.82844969
2.40787843
14.01493161
8.48925532
5.64713874
23.47167720
0.11271055
10.85424867
2.43798704
5.40201906
7.49967531
6.23828125
2.60937500
2.73828125
6.78125000
0.10424805
7.22460938
7.87890625
2.16601562
3.66796875
7.60969969
0.45914797
8.18750000
0.04199219
5.15234375
4.03092282
8.25781250
12.33170656
7.97233156
1.29296875
1.99511719
8.71093750
1.48242188
0.00849915
3.83268063
9.14907367
4.96093750
0.96777344
10.14550532
3.46582280
7.69921875
5.68000222
10.97624778
5.42878342
1.82380853
5.40885749
2.74804688
4.04361813
5.15169437
6.23651403
2.17286402
7.05468750
10.76562500
5.64062500
4.54329344
4.30729250
7.85221188
3.38639406
5.03125000
4.21516844
2.95865968
1.95670656
7.20645494
0.45084220
4.81868905
2.71679688
17.70761959
13.90560062
2.77734375
3.72884032
12.07031250
5.17545656
6.50390625
20.56323242
12.70312500
11.03515625
6.45312500
2.37695312
0.12308715
1.02034547
14.39160156
2.02343750
6.23437500
18.69954344
10.60937500
0.90885500
9.58593750
6.45181627
8.47819592
16.57454344
4.54231937
0.91162109
0.77783203
1.68391595
8.70963874
5.13281250
5.22655253
5.01563497
5.56250000
9.25781250
11.34048316
7.87565935
2.82291999
23.60286375
6.28873781
10.66829344
7.62500000
0.25333742
11.38964844
1.11035156
11.84375000
1.55859375
2.02896969
2.61067874
2.89062500
10.65625000
7.11651818
7.14055691
0.72134752
18.12793467
13.39257314
3.00326185
5.71875000
5.27099609
5.46549313
3.05208499
7.47688719
3.94498781
3.57510729
5.77116467
5.52701906
3.22070312
7.16406250
0.59277344
6.86002438
3.08756593
5.89420656
14.74218750
4.90234375
12.80078125
12.22688719
2.66438719
3.93685062
1.94563719
2.54264406
1.04329344
1.37076906
6.31250000
1.38769531
4.07031250
0.39469235
0.09065921
1.13769531
11.72265625
3.77343750
4.26562500
0.81494141
4.64843750
12.52343750
9.61002438
3.98372562
6.37532469
1.17089844
3.26530031
9.80468750
7.03906250
3.96939938
2.44075687
2.34765625
7.83203125
0.71386719
10.06617737
5.24962133
0.49592642
6.27962655
18.35758422
1.42463663
7.32178856
2.72460938
13.37890625
4.05273438
37.22721188
1.76204593
1.83593750
15.83235594
3.87500000
8.33170656
0.18750000
17.25162594
3.77311281
3.84147218
1.96777344
6.73437500
11.03906250
1.56640625
4.91048094
16.59375000
6.61718750
6.43977283
1.94857435
5.08984375
5.43716534
3.64486591
1.39257812
10.65234375
5.57909658
2.37891123
7.71581782
2.05761968
1.35384032
2.62467531
4.78906250
6.60579344
2.84928468
6.73437500
11.78125000
3.81054189
3.91634530
2.92740968
17.64843750
12.93750000
1.66536375
3.83561281
10.10156250
1.58398438
11.45532227
11.36291005
0.24796321
11.94441711
2.08935796
10.73860594
15.69009752
8.88379654
6.16015625
8.40429189
0.52832530
14.00000000
2.14648438
8.10253657
4.45605718
0.96875000
2.11766083
3.79884308
1.83203125
13.75064938
2.02864749
12.53775626
2.00423592
9.33593750
1.30273438
3.62304688
9.37988032
6.85449468
1.06705563
0.98014406
4.76171875
3.10514406
8.09375000
3.59570312
6.73046875
6.01073471
6.60254654
4.21875000
7.69140625
5.10156250
6.12500000
12.69980284
3.13834718
7.62109375
10.58593750
0.63476562
3.67773438
1.78515625
4.42578125
0.47021484
2.38768285
2.90528590
5.66796875
10.97459442
7.89714372
0.94676862
15.74366107
3.97265625
12.09375000
18.53125000
0.92415282
19.50488032
8.24543440
4.96420434
8.35579344
9.40201906
9.94563719
5.65331782
17.69108156
10.14380919
0.69384766
2.12695312
4.78287345
4.99609624
2.70550449
1.03613281
7.26953125
0.81298828
0.01654053
4.25000000
1.90039062
7.10221188
5.44596188
15.95182624
0.94238281
2.66992188
0.00899506
2.75195312
1.38671875
0.00154781
6.74316406
0.98144531
1.63479905
9.58797429
12.90430186
3.11328125
5.11914062
7.89453125
6.44628657
20.27246343
3.69140625
19.60128784
4.16796875
2.42447751
9.88011844
1.21875000
14.32454344
18.32844969
0.15779477
14.04597961
8.67122562
10.61328125
12.14843750
3.89453125
13.82584220
4.58040780
8.43750000
3.01562500
5.00324690
1.96745622
4.24218750
15.35937500
13.53906250
11.67089844
6.74609375
3.57031250
6.08203125
4.17187500
0.27929688
9.25781250
0.17016602
5.37500000
2.77050532
1.49609624
4.71093750
9.66436725
5.55470744
8.85563234
3.68750000
17.25031721
9.32353533
11.92187500
1.78613281
7.73046875
7.70312500
0.01103210
0.29467773
3.43554688
9.35847961
3.70597351
3.68871793
0.11670199
7.37109375
9.48437500
6.09211658
3.59147717
2.07031250
11.06673094
4.08170656
2.17187500
21.73045878
0.96931073
14.97046708
14.47233156
2.14648438
6.01204344
8.15266844
6.43685062
1.48730469
4.63720703
12.55468750
5.35546875
4.72358227
3.16340814
7.54557624
12.24820922
4.59163453
1.51887689
6.32291999
4.15103253
6.20345966
4.44173094
2.88248781
2.05533688
3.03450687
6.92187500
5.84375000
2.25195312
9.56738032
12.02636968
9.66795878
4.30079122
9.32031250
1.00878906
11.54360068
13.67026152
3.22852061
3.54101562
9.38281250
5.58560284
2.14681903
3.44140625
7.56146240
4.17610096
5.79460217
13.96516844
10.72233156
0.83886719
3.78515127
2.76172373
1.73828125
13.10937500
2.56250000
2.26710453
0.87914229
18.87410959
4.26041999
8.93814938
5.63997562
2.78320312
11.30468750
0.17431641
8.78125000
8.85579344
4.74967531
1.82031250
10.26074219
2.40429688
5.63281250
11.90266844
0.83707765
11.64485594
7.72134752
2.14356216
13.53548094
8.83170656
0.33618164
5.88281250
5.71223377
3.08561779
8.14843750
2.84960938
10.42968750
0.05151367
12.48860594
6.83561281
2.12695312
10.06835938
10.71059080
4.87923094
1.86458499
7.28157469
7.06608156
8.26562500
6.26171875
2.77343750
8.29329344
4.48649047
4.32959109
2.20703125
8.74348626
4.89713874
8.81250000
4.55468750
5.59635001
19.22491911
5.45086214
7.05078125
8.72427970
1.33040780
9.62531472
3.85515403
8.17187500
10.63183594
4.45735594
1.50651125
6.51562500
10.77766844
3.39811281
4.78515625
9.71613254
22.26954122
9.64713874
3.77539062
15.86718750
5.48469969
11.22233156
6.85937500
0.80517578
0.00822449
15.62109375
31.14062500
8.90852034
14.37575941
4.60872562
1.32812500
6.89062500
11.99957275
6.95344969
8.89843750
3.57584718
1.91015625
4.36328125
0.57080078
1.15429688
6.91470191
0.39877465
6.05566406
9.89843750
1.69921875
9.03125000
3.10156250
6.90266844
0.31803468
0.10070801
4.78319066
0.22542110
5.46598515
2.20312500
6.89062500
15.12011719
8.73437500
3.51367188
12.02766844
1.19889406
4.03515625
0.89948361
4.93294437
8.50781250
0.54500242
4.18717531
0.29418945
10.75423094
3.70865968
11.75423094
6.55436281
2.08007812
9.98079344
7.56217531
0.36108398
3.48242188
2.26953125
3.95344969
3.50553468
5.66699219
6.83984375
3.47021484
3.33040282
4.55436281
5.27555297
0.51790406
2.82421875
3.43977782
0.30045656
9.87923094
1.06380125
1.29655031
7.98062736
3.20117686
12.12923094
4.98014406
10.11360594
0.60970094
0.24861695
12.70523050
0.69906637
5.87238753
3.19531250
2.83398438
13.30891844
12.01464844
18.28483156
2.00195312
8.45312500
0.07110596
7.33911133
3.95117188
0.09168478
9.07457689
8.58593750
5.64843750
1.59765625
20.81250000
5.60611813
12.40201906
6.70311503
6.91179465
4.86718750
16.76204344
16.31250000
7.46818117
2.29882812
3.48242188
0.80810547
2.43750000
13.16113032
0.78027593
8.02668440
13.21354997
9.42968750
7.35546875
2.07617188
8.35156250
3.04882812
1.48372313
3.25358156
4.94140625
10.73437500
1.17968750
7.04003657
5.46777593
12.94921875
7.41455078
0.46313477
9.69151337
4.03712433
7.98437500
1.41308095
13.41209442
10.18588652
1.40787843
6.93750000
5.97070312
2.22656250
2.24804688
15.73437500
10.64192376
9.16177970
3.26660904
2.39257812
13.87890625
7.43359375
6.88281250
0.17272949
6.52115470
4.61165780
0.93847656
2.41796875
15.24582335
8.28776125
14.15625000
4.07812500
18.33398438
12.06578915
6.74544437
2.62694814
9.74805186
7.39453125
10.86718750
7.40982907
5.87825687
5.08984375
3.60351562
4.23729721
8.67285904
6.16145501
2.93815436
12.32031250
7.51953125
10.45312500
16.85579344
1.78092531
10.60351562
1.84277344
10.08593750
0.82910156
6.24707031
0.13525266
10.76123171
16.15625000
2.20703125
9.39843750
0.01327515
5.40234375
0.46512567
1.60433233
17.53514628
3.52344747
8.91829344
21.51659907
7.90495124
3.31054688
10.02766844
1.76237062
1.09863281
6.87109375
6.33984375
3.30859375
8.07812500
2.43554688
4.16015625
3.50758865
0.09519455
5.84830563
8.81608156
5.61686281
0.79541016
14.39062500
3.66048094
0.79248047
2.28287843
8.57031250
2.24804688
1.02246094
10.32812500
11.85937500
9.28906250
2.17773438
13.56802970
3.93978280
7.00390625
14.08690160
3.32716090
10.99218750
7.43944814
4.38517585
0.42830009
7.77482491
18.61555408
11.29069592
1.82616938
0.80078374
8.76594969
4.74788453
9.40804078
6.97656250
15.50976562
7.98828125
7.94531250
10.63704344
17.35221188
4.67090093
2.93359375
9.67610594
7.94465315
4.83269060
1.65983156
19.12921848
1.42644558
0.78076172
3.78710938
16.32031250
18.17317376
3.35612311
14.09016844
9.95019282
14.54276862
2.63867188
4.17610594
13.47233156
1.84375000
23.87239251
3.40299811
4.96907469
5.38020501
5.74804189
3.50424091
8.80891844
2.19108156
10.41113032
0.97829427
0.32346603
15.48567376
7.67838625
0.11271055
5.05916445
15.75781250
5.54296875
9.33593750
2.08593750
0.70068359
11.46134025
11.47591312
8.70605718
9.01204344
7.58462877
9.59538342
5.62825687
9.03971188
2.59261234
2.14648438
12.52343750
5.73437500
14.48502438
6.76106937
6.93782469
0.43864015
6.44140625
6.28906250
2.74251219
18.97134752
20.76302748
3.74772218
2.77734375
15.78125000
10.62695312
5.49218750
1.21484375
6.82031250
5.12206782
8.37304189
3.24317154
8.10156250
7.17968750
3.09765625
0.79541016
12.38346188
12.37435062
12.53125000
10.09276596
0.18799576
3.41893784
13.24348626
11.48795656
4.16308843
4.27343750
14.80533688
4.73763187
4.97656250
15.25781250
2.97460938
16.33495346
1.56934341
7.34765625
7.58984375
1.00781250
7.72817598
2.17807402
2.83007812
3.57031250
6.96484375
3.26855220
2.67090093
6.79687500
3.02539062
4.98095205
4.99479499
2.94466312
9.47656250
3.21842033
2.94173592
8.73437500
6.01953125
9.89843750
2.55078125
0.72851562
13.85156250
10.72298094
16.03125000
0.55826906
0.06781769
0.10315367
3.94531250
17.37500000
7.73868850
7.54687500
5.34375000
4.59765625
1.84130859
2.16834774
0.11271055
15.70564882
10.04329344
1.65983156
8.67968750
19.30765526
13.44466312
3.40071033
4.70866467
2.87890625
7.20312500
1.50488281
17.65625000
0.06262207
8.35644282
5.69139628
3.75326684
2.83756593
10.02343750
7.03906250
7.65331782
2.68261968
6.05859375
6.16015625
10.62295885
14.05663564
18.03842309
1.00976562
1.10058594
16.95703125
2.79882812
11.36360594
13.53483156
5.03906250
11.01704832
3.87076906
2.27180907
4.59342531
7.03807846
1.87793716
8.42578125
1.49218750
9.17968750
6.21484375
7.52156555
12.53440825
2.39226839
8.29353010
0.58609486
10.44938608
12.05110594
6.54231937
1.24121094
0.88476562
6.03515625
1.04492188
2.73046875
17.57812500
14.12500000
7.37109375
4.00781250
7.43782469
8.00358156
10.79882314
5.02539561
1.22167969
8.42935284
8.05502216
0.63476562
8.72070312
3.70898438
15.67968750
4.15625000
16.89843750
3.58626219
5.32649158
7.77686170
0.24861695
10.92968750
1.35253906
8.65625000
0.32373047
3.51367188
5.46450909
4.69597185
1.28710938
4.55826906
0.54541016
7.42578125
23.92786014
6.56705563
13.93685062
23.78125000
3.17832603
0.29304743
14.93742132
2.22070312
7.78125000
1.57552000
9.22037843
1.09179688
1.17382812
9.70312500
5.77734375
17.03125000
7.52408688
5.84310062
5.38281250
22.99446033
3.14225842
7.99251219
7.29655031
2.11328125
6.47802734
9.71093750
3.91406250
9.26204344
9.23014406
2.88346188
4.83138187
2.99218750
7.46581782
9.12435062
1.93717531
8.42968750
2.33984375
2.76822751
8.19466312
6.67219969
5.63704344
0.40006593
10.50358156
11.55468750
4.68391844
1.46028064
5.16927748
4.46581284
32.39258560
5.85937500
1.19294915
0.72134752
12.05632092
4.94108156
7.03157469
4.30045656
4.02571532
4.46842531
7.63736813
12.24153812
5.32551751
5.24088874
13.10937500
0.90966797
8.08593750
4.63671875
5.81640625
1.07226562
11.44172596
9.73893811
5.91796875
8.68017578
3.26953125
0.51953125
6.37801086
0.91202820
16.55891844
7.54655031
1.94238281
7.32063719
3.66373781
1.42089844
5.71875000
5.61718750
1.23144531
9.89485594
7.66406250
1.29655031
4.98468474
2.11101839
6.46484375
7.57031250
2.41601562
3.47102782
1.26546265
0.76839234
5.03254876
0.11271055
11.27791445
14.87923094
6.77311281
12.98209220
4.26693124
8.90625000
15.53906250
8.47298094
8.54687500
1.44596437
10.69173094
0.85807375
4.35156250
3.08593750
0.01672363
10.72656250
5.04687500
2.71826172
8.71875000
0.68310547
10.69571774
6.64843750
0.77132328
5.94140625
6.92124004
1.77016621
3.36572266
1.85839844
5.50390625
9.71875000
5.78938719
5.92155031
1.96516844
3.37272218
7.41796875
8.70865470
1.95345467
12.30598626
11.83788564
0.68718279
19.40428192
4.26759308
9.18814938
2.58789062
15.53498892
7.19287234
5.95215093
4.01920656
5.73437500
9.22298094
5.74186281
3.82031250
7.34375000
9.45312500
2.28613281
5.57031250
11.19531250
3.69628906
8.66406250
2.91015625
11.05110594
0.45727539
3.45817596
2.93523714
2.97884032
3.60156250
9.25000000
8.39420656
6.95800532
1.85644780
0.60400391
1.15746323
2.67741467
5.54622562
11.21785461
0.04642762
3.66015625
11.19596188
4.30403812
10.63081100
0.02799992
5.16796875
6.20961880
8.89975620
1.47265625
5.76138409
0.11459247
2.02020969
0.11271055
14.44018617
2.49983765
10.92610594
1.89811281
10.06250000
7.41015625
5.52180408
2.14128186
7.08203125
15.22363032
2.76660405
14.07812500
3.28548094
3.92936281
15.75423094
12.47607048
1.25244265
3.95394171
0.68489625
6.66796875
3.80761719
4.83984375
8.12500000
4.43750000
2.73437500
7.79296875
4.22265625
16.63492797
0.19331910
7.73925034
7.35254654
2.62564938
15.27278812
6.04687500
12.22265625
6.08593750
7.58984375
0.43920898
3.39843750
2.08789062
7.70409907
3.40168440
14.36784186
0.36067376
8.98307624
19.19954344
12.80631593
12.00552970
5.23698249
5.76530031
5.98046875
2.32812500
4.71093750
4.40656971
1.42936779
0.73535156
3.86846881
8.69110150
6.92578125
2.98893063
13.68391844
1.14258062
1.84227871
1.82553745
19.08104721
5.52832779
13.69449792
4.35124030
1.91503906
10.03548094
18.71289062
8.54687500
13.86490470
2.01172373
4.02734375
4.64062500
7.45735594
2.31412843
2.32421875
0.45336914
0.00406647
2.92773438
3.11914062
4.32519282
3.26074468
17.46874502
0.11271055
14.69588320
4.61718750
20.61132812
9.79687500
7.08235594
1.41764406
0.14331055
7.14062500
6.29687500
11.06738032
2.36621343
4.15103004
1.00554465
9.76139406
4.62500000
12.06640625
9.55403314
7.48925532
10.65430186
7.02701906
4.57031250
1.72934386
11.82389406
2.01757812
6.44173094
2.47102034
5.53939716
2.05468750
4.03125000
1.72753906
4.50195312
1.88769531
4.28125000
8.62141844
0.95377687
7.99218750
11.21533203
9.26007080
0.34118652
3.25195312
9.63671875
5.07226064
0.60863697
18.90698803
10.64843750
5.30696033
4.18132092
5.45768063
10.87173316
2.31902371
10.18391844
7.80564163
1.60418993
2.20117188
8.29687500
1.48339844
3.14754211
0.05961121
10.07844969
9.84733156
8.51204344
4.51269282
0.18522468
8.92382812
7.75846188
4.87107880
2.13217807
10.72721188
16.13338382
1.84863281
7.20312500
0.41796875
3.88148882
9.25327681
17.40428192
8.61801418
0.95817265
2.75390625
9.80533688
6.10481937
7.12141844
11.08593750
4.04979472
0.11271055
17.25870789
7.12467531
2.42968750
14.19954344
10.35514406
0.79378172
0.83170656
5.60156250
1.95019531
26.43391844
15.93668703
14.69531250
0.98339844
7.73828125
5.77766844
1.61783937
0.02476501
11.81250000
8.52114473
1.38901152
5.43359375
9.25846188
11.07389406
14.81639877
4.41927748
1.74935062
3.17773438
6.53125000
9.03906250
13.53906250
0.75244141
1.66503906
8.57258533
3.46257092
11.00846188
6.43880374
14.91406250
10.31802970
7.87759752
15.49381593
0.76643174
15.07796764
6.86263187
6.29296875
6.90234375
0.03079224
18.69140625
8.82031250
14.89029034
6.72510638
0.69368531
9.70507812
4.53906250
10.76562500
7.57242797
0.92513062
12.75195312
6.58300532
1.91308843
4.10937500
11.21288564
0.35645030
8.90689938
24.71092753
12.79232934
2.87500000
6.37890625
4.10937500
9.46516844
5.42186005
5.00978058
12.42187500
3.69108156
6.67187500
4.46093750
3.33007812
1.92415032
8.26432624
1.46907469
4.60057597
0.63117908
17.10351064
9.70769060
14.21028812
3.47233156
15.46060284
5.00424091
11.24934564
2.44596686
3.05696532
13.14760865
1.76631870
3.02929688
10.69433345
8.30403812
2.75358156
10.25781250
0.04110718
11.48274158
1.90007092
3.39453125
12.12401596
1.68067154
4.61328125
12.19531250
3.00000000
1.01464844
6.31086658
2.75944592
14.89843750
11.56250000
0.55175781
3.99980650
3.42158022
7.79296875
4.17578125
0.02215576
0.58056641
7.26269033
0.42830009
6.65079898
5.63965093
11.28125000
3.59602782
1.71158937
5.14094969
2.94238032
5.86588874
14.44791002
18.90365248
8.24218750
3.65070535
19.79656028
5.28515625
6.27343750
0.59960938
5.40787594
4.91536126
2.49609873
7.13281250
4.33593750
7.20312500
0.03253174
7.34195922
0.16646363
10.88281250
7.10546875
2.19726562
1.64354970
3.26562998
6.49039672
0.02962281
7.35969969
4.92545656
2.34179688
13.97656250
5.29296875
1.18652344
10.08853502
4.75390625
5.06282469
6.22623781
13.97656250
4.91015625
6.34375000
3.16992188
9.41048094
1.23079344
5.66341312
2.06445312
2.39843750
1.86132812
8.14672852
1.46061032
7.97591312
11.42968750
2.91666501
12.56185062
3.09960938
6.12500000
3.39062500
4.60546875
10.68164062
13.29687500
5.36751219
15.78092531
8.82031250
1.68066406
11.10937500
7.28125000
6.90234375
1.91918447
4.71289561
3.21875000
4.50781250
7.42382812
10.32096188
3.79670866
4.29296875
6.09244626
0.45084220
5.64290780
9.89973626
4.48698249
8.45133422
0.02657105
2.16015625
14.73071289
0.11354490
8.07389406
0.12115479
7.88281250
8.00097407
8.54980718
0.00322723
7.08984375
7.82031250
1.52734375
1.66992188
5.44531250
0.26953125
3.02929688
11.45377438
4.01058109
5.42187500
1.39420407
4.89883049
2.90234375
4.33203125
8.01204344
3.41861315
3.35254654
6.19921875
4.61328125
7.05337379
21.23080341
5.66308843
6.46484375
6.13281250
8.38335800
3.34765625
3.85156250
4.28515625
14.80761719
2.35351562
5.61163786
0.51846853
12.95809397
0.91943359
5.50781250
10.12500000
13.63704344
10.33235594
14.58170656
6.98795656
3.01562500
10.85854832
22.16195700
6.31152593
1.66796875
3.38085938
14.04064604
5.09733156
2.14453125
4.27797818
6.62631870
4.81640625
2.06737284
5.50000997
8.22656250
5.82031250
20.61831768
2.56674091
7.70442376
1.98893561
8.29687500
6.23828125
5.01464844
1.70718861
0.52718639
10.70312500
10.43750000
4.91015625
13.87500000
11.02180408
1.74968029
5.47656250
3.10546875
9.10937500
3.64257812
16.04768548
8.48223186
0.38321587
10.54647163
5.03727172
0.20491578
0.47998047
6.25000000
18.63704344
3.95117188
14.91113032
1.28483405
2.22265625
4.52734375
15.80956782
2.39241453
20.10091312
18.44466312
6.21093750
4.43359375
9.43750000
11.54003906
1.95507812
4.10937500
0.09344482
18.06250000
17.29246676
7.58300906
1.38575465
12.17187500
14.09224570
7.01987588
4.97557846
17.64783024
5.00748781
0.06414795
8.78906250
11.55500222
3.50359153
2.83007812
4.74023438
14.60937500
8.52896720
4.87337655
9.79687500
3.74804688
10.76255421
5.21094747
13.87336658
10.85107048
12.70133422
7.09993905
6.08203125
4.72656250
17.92610594
5.20312500
4.25194814
13.42350842
3.86523438
8.07031250
4.84407469
5.17155031
6.98046875
2.77929688
8.32031250
5.29687500
8.53125000
14.18750000
7.14453125
4.39843750
6.87141844
0.49821047
5.39843750
4.83333001
14.19010251
6.65680430
15.73502438
9.49935062
3.35937500
4.46158688
2.32161624
3.46093750
0.99902344
1.64713376
3.99544437
3.21484375
11.60742188
3.66796875
3.68359375
5.83984375
8.35937500
0.55908203
9.27343750
5.68554688
3.89453125
4.96875000
2.94335439
0.11271055
7.56307070
5.43391844
3.26530031
8.28125000
1.72688719
2.86490968
10.05110594
1.93522218
7.48828125
0.12176514
7.47265625
3.84895501
0.50504890
0.45971680
10.49218750
7.24609375
6.88769282
2.67090093
10.17187500
11.47656250
0.05242920
2.25000000
9.59977172
3.23421265
10.00000000
0.06097412
1.67187500
10.67740470
3.61556405
3.59179688
3.40429688
5.27050532
0.04760991
1.41406250
6.48046875
4.21191406
4.50390625
4.68359375
4.96907469
3.99967531
9.10156250
7.34276596
2.08887466
9.67024158
0.85612561
7.82551751
0.40575798
10.19401374
11.46304300
13.10906028
4.49218750
10.54752438
0.16316898
4.85546875
3.10156250
0.18847656
6.62801086
0.07432068
2.48437500
4.77766844
0.03763918
6.59765625
2.22329441
1.04184230
5.78937722
1.06023215
2.59928219
3.35091312
10.48079344
3.23828125
3.04069093
10.03035461
0.24332703
30.48095703
5.63476313
3.31738530
8.40625000
6.62141844
9.72579011
0.10909027
3.65820312
13.87141844
3.08756593
7.70507314
6.34180186
12.21695922
0.12886598
4.38801751
13.92838874
3.04687500
5.99430297
1.55257203
0.74619335
0.32957080
5.30826408
0.22542110
14.65998892
7.82955683
7.66439716
0.00350380
2.33789062
13.80895042
8.21350067
0.03186066
10.47676849
1.86343487
2.65463153
0.55615234
0.48693848
12.97656250
7.36718750
9.39485594
7.30826906
9.68945312
17.04678737
0.79610814
6.01953125
4.05859375
2.21712157
3.60220690
3.10449966
11.56250000
2.98469969
0.95898438
9.10548166
8.12005615
5.45800781
3.45703125
8.17187500
3.90303802
1.65429688
10.82252165
0.79117922
8.35937500
8.39288786
0.07293245
4.09765625
4.45312500
0.02592468
10.68750000
0.10766602
1.80582641
4.18374862
2.75781250
6.91015625
6.58235594
8.42968750
12.61002438
3.63997562
5.51139406
6.34326172
6.52734375
2.26367188
8.83593750
0.67529297
1.05566406
1.06347656
6.27343750
3.38752923
3.91666999
4.96907469
1.89225343
5.82031250
0.88427734
10.30374410
11.27539561
5.94140625
0.79205322
11.11555408
4.10319592
0.00491714
7.19140625
4.92512190
4.52019060
1.20507812
7.48923538
3.46030806
4.08170656
11.16210938
2.29687500
1.33821532
5.00358156
5.06542470
13.16634530
5.43847407
9.62370124
7.69173094
8.33081117
0.09116639
0.42366516
0.06357850
12.12736306
0.22542110
5.88818484
2.21451906
5.44921875
0.30584717
16.12141844
11.31608156
5.00781250
11.34375000
7.94531250
0.73681641
0.75781250
1.01269531
8.32031250
14.86425532
3.24316655
10.50602172
-0.01340697
8.62141844
0.87223390
3.95897939
18.86523936
7.19531250
0.10040283
7.34407469
1.71289062
7.77311281
11.19531250
7.20703125
6.56640625
5.44531250
0.42895508
0.01716614
0.70556641
0.14683958
1.68815187
2.16406250
4.68781472
1.00900321
0.28804535
2.11328125
0.00081587
2.47460938
0.16456998
0.17338168
1.62360449
6.19255762
2.33398438
2.17187500
2.07891949
0.22542110
14.15299687
11.92610594
5.08170656
6.26171875
1.75390625
1.63183594
9.10937500
0.17053223
0.86035156
3.29328846
7.65788342
2.16992188
8.14062500
0.00842285
15.23828125
17.05175532
1.40429937
10.35937500
6.75000000
1.19726562
1.81282469
1.49088625
6.56640625
5.06738032
2.11442265
0.15669801
2.59082031
1.61035156
16.32454344
7.49576906
7.03125000
4.46093750
8.18456782
5.11230718
8.00423094
10.81608156
10.38281250
8.00781250
7.71093750
2.10156250
7.50000000
5.14094969
3.41569093
9.90625000
3.51171875
5.85156250
3.41601562
8.82031250
2.53320312
4.82844720
0.11271055
3.57088320
7.90234375
7.96484375
4.07031250
8.10156250
6.35545878
5.32032247
1.41992188
6.62141844
2.88053468
8.66601562
5.90689938
2.54622562
7.67382812
10.84406472
9.17285904
2.10221686
7.65917221
0.45606216
2.70410156
5.44921875
7.39876219
0.51627687
3.54492188
4.82031250
1.28613281
7.92218972
1.88445090
6.12530475
1.58563275
7.92968750
1.70768063
5.72265625
3.35091312
9.78971188
2.38020999
3.39709473
6.66796875
4.58203125
4.16015625
4.80859375
1.88183594
6.09375000
12.47656250
5.98664783
0.72917248
3.92578125
9.63346188
2.55208499
1.23632812
6.55501219
3.99641844
0.31558954
12.50308954
7.58757092
3.30859375
5.30110594
5.09733156
0.66943359
17.32812500
5.41406250
3.65429688
2.12109375
9.91406250
1.21484375
4.41438719
4.90592531
6.63281250
5.67968750
4.79687500
14.71093750
8.80468750
11.14822388
1.83593750
0.02151489
9.38540254
5.38119902
6.99883866
2.28631759
2.98665282
12.13639406
1.23632812
0.03102112
8.46093750
1.34375000
7.60611813
0.73177249
3.39843750
8.10156250
5.04719969
0.11906008
0.55126953
6.25390625
5.98437500
0.01997375
12.12500000
11.01562500
3.77277317
2.78842309
3.81185062
14.81347656
2.04296875
10.12988032
4.29801640
-0.01436828
12.85122784
12.98274158
3.95085217
2.67578125
10.38052970
2.63932624
0.32364992
7.45703125
3.10758422
0.04335572
4.82617188
8.56250000
3.24698229
6.00195811
4.10934694
3.73046875
7.28157469
1.51334718
2.90820312
6.55468750
5.75488032
0.34570562
2.95897441
1.41797872
1.94997525
2.20053745
4.95312500
6.45800781
0.37939453
3.09992908
3.44694592
6.01953125
1.19954344
15.11783688
0.84570562
3.62695312
21.04687500
4.22330563
9.15560062
5.70703125
0.53613281
0.04125977
4.02376219
4.13639406
1.39648438
1.26302000
1.78971437
4.12890625
9.77343750
1.80078125
0.17614746
0.00480270
2.26708361
1.16553357
1.95694322
0.11271055
5.77823914
0.94205812
0.13452148
10.10156250
1.87695312
12.00000000
5.53515625
7.07421875
3.59667969
13.27408688
6.03060062
2.18977532
1.10644780
11.18326906
8.57454344
0.34000734
2.59570312
8.03906250
0.34065672
1.15201906
10.61522939
4.63086436
6.35546875
4.83984375
0.50862547
4.00569703
0.40462281
5.74902344
1.87076408
11.20540780
3.15820312
0.93977782
2.60872064
2.93652593
2.58624973
5.78907745
3.77453613
4.94531250
1.28206048
4.14713874
8.49218750
1.10074828
0.80354859
1.03320312
3.91634032
0.14249758
4.84002686
4.86718750
1.12532469
5.93912843
8.07812500
3.19335938
9.20800532
1.44726812
1.13573720
0.33813165
3.33374335
3.52408190
4.29818373
10.34016844
12.71093750
11.24576906
10.51985594
0.51139406
2.22851562
8.62694814
3.28320811
6.41796875
8.75000000
4.99283688
3.41145999
12.59667969
5.67187500
3.59765625
0.05300903
7.22656250
2.92773438
1.26757812
6.33593750
7.64062500
2.96093750
32.56638631
12.20379432
5.81250000
2.10481937
10.19173094
5.78873781
0.20678711
4.32421875
0.34968992
8.34537843
1.49641844
1.62174562
5.57812500
6.08593750
13.00258034
0.29429466
14.40266844
10.15233877
2.27116467
3.79524657
7.33593750
4.59342531
7.82031250
4.78906250
4.49218750
6.13671875
1.13085938
3.26562500
6.23437500
5.95507314
17.22980940
7.90430186
10.42480718
9.03382758
11.22756648
6.37320922
2.26936890
0.72151610
18.39420656
5.50000000
6.61718750
7.95117188
5.21093750
2.48828125
6.12109375
5.69921875
8.99218750
6.38020501
3.43815436
3.87109375
5.85937500
0.01811218
17.27539062
8.04003408
10.63574468
13.40107155
2.08301030
4.28125000
6.99251219
3.15006593
1.60864258
7.46516844
1.57841035
0.26550324
7.33593750
1.97656250
15.95482402
5.59766622
2.59570312
9.54230940
2.26042497
8.06640625
4.85937500
0.03644287
5.96964539
0.79589844
9.88281250
0.06945801
2.43945312
0.39086914
15.09375000
0.92138672
8.60937500
10.34633299
1.39030031
6.97298094
10.94889406
15.24218750
4.05078125
10.81948090
12.81445312
11.58593252
