0.32686060
1.43689245
7.06685394
19.75720121
3.13248781
15.38692044
6.22680851
10.21350067
13.53792110
1.57963292
15.82262966
7.50122008
16.01404089
8.93497119
3.40141400
7.22330563
2.43249667
12.22041778
4.19755097
12.96093750
11.95747396
3.81010416
13.22196255
6.43563786
3.49023438
2.77779144
13.14525931
5.17851174
8.85786957
4.25000000
5.86559841
2.43017454
4.40706671
4.06823637
2.24605441
10.72823028
1.79618379
11.17715869
6.02942486
4.47701019
8.26745014
5.87728280
1.84004793
14.66418550
0.93900543
1.11169465
14.79564495
10.96439606
4.23605274
11.45343972
0.83171653
13.95075355
3.28708000
14.01179743
3.33976507
4.36372894
15.23689384
0.15779477
5.27535128
2.36665863
3.12695312
10.06327239
13.53458555
6.98417331
14.04731273
4.90101063
15.39741911
1.96871066
12.96350067
21.73649047
6.20987478
10.95732158
5.92968750
13.88748117
6.80738364
3.44637024
6.12589539
6.68750000
3.52420989
7.61250886
2.38867188
12.29272274
16.36620346
2.08761524
16.94006317
8.05143063
3.04907413
8.15876884
16.07336768
7.13895722
1.53613281
26.49464395
5.05502216
17.04834109
6.44185394
9.87833555
3.86971132
4.89017731
18.17036459
12.97790558
6.70780364
9.31867908
6.90247672
2.21378601
13.14497894
4.03515625
10.47131317
6.74751552
2.70304632
9.66767842
5.38131205
4.20792664
5.02343750
16.27412124
1.79513353
19.17923482
0.43957115
9.98860594
2.13928690
14.94576019
18.33210993
6.84829566
3.77662566
11.89693207
17.84362700
12.78140736
6.40186170
2.30619293
4.23917664
11.28470856
8.06049757
3.16606493
11.72317266
4.65963984
9.79764739
0.96256593
12.39618906
1.36703512
6.42622894
10.98002106
8.68741135
5.82206892
5.47338929
9.63102172
2.38460328
8.01740581
7.14095966
2.28304078
8.76204344
5.56327239
7.40124667
2.59570312
13.06213099
2.09277593
4.49308289
13.01562500
0.51611328
8.66934619
4.16703900
11.46170490
8.14917553
6.03560394
8.40872452
1.74467697
12.79252106
9.44071255
3.01721409
11.21764296
12.22677415
3.71378601
14.48258422
11.38460328
8.65165005
17.69799119
13.72517509
3.05998116
5.88928192
3.48571808
9.71785461
13.01216644
7.90144836
9.18314606
2.67622894
15.84977172
3.54219636
14.67789672
20.02334885
4.93893173
1.86275238
12.66992188
2.89017731
8.93404144
3.62890625
9.71337766
3.80586824
11.11897828
6.94140625
3.03951019
18.74299424
11.77942486
7.15157136
6.56026153
11.34147218
9.96875000
24.62801086
14.91959220
21.46394836
7.15674202
8.50000000
4.07824800
5.79988586
4.13236481
4.63415558
5.56250000
3.61328125
4.80814606
12.37747452
9.56002548
7.21484375
6.22265625
21.97415670
2.06535350
3.59330231
16.46699358
5.79517287
3.47460938
8.49218750
4.37455231
5.91796875
15.88374225
3.97217420
18.28738974
0.66263824
17.77573472
14.99151373
3.04569924
10.07722961
2.01411957
2.00826019
14.55093861
4.86999667
2.67387245
18.59810394
13.30736869
5.53520057
7.46061281
11.60546875
3.13431793
3.55904144
12.05163232
5.66231604
14.19154877
1.00097656
16.06562888
5.73039007
3.67077792
15.65535461
11.19954344
1.79203402
9.81791168
6.43013519
5.53861481
19.10175422
3.37134973
1.23250305
3.84993407
5.49666445
6.10156250
6.23392731
5.96947806
10.64380319
3.36914062
6.64998227
5.28137300
1.32661957
9.15010528
10.43762300
10.46875000
6.34720856
7.28682403
6.04219636
1.48905364
3.47729554
1.66060394
13.22298094
5.55952350
19.12988780
1.00512882
9.85965537
0.05635528
14.14562833
10.48897495
11.53946587
9.76086768
5.65676641
8.06243129
1.54439301
7.51663343
4.56149157
18.02973959
16.34481272
5.23982602
15.34130984
5.54777039
2.60005707
22.00450466
6.31185062
10.78023161
9.97143617
5.99487367
1.86088043
11.29084830
5.33341866
6.71830231
1.16442902
4.94698028
4.31461547
3.09415835
16.82193502
5.28711436
10.73246122
0.82283632
12.21484375
5.16271942
6.17801972
15.98872894
9.30981383
3.40112367
7.82380541
6.40096631
9.45926972
11.57633422
9.00870789
1.78381317
13.24002771
17.90682070
6.19478612
8.13883422
15.68904477
3.85571476
6.04548759
5.64636635
8.88711215
5.24089871
3.00976562
8.99279256
11.94445396
11.03017842
8.31213099
7.03304078
7.26900487
5.11535240
6.75186946
19.35709220
6.36898825
6.71651153
13.07377106
21.14676972
5.20043883
11.29866578
3.34509308
13.59891567
12.76241245
2.33833832
14.07865138
1.21334081
1.19433594
10.32198028
10.71260528
4.80525820
13.93114362
15.23087710
1.80237533
5.64107269
5.56595856
17.22338431
1.79810006
12.95552582
5.33548981
6.64998227
6.18249933
5.43481383
2.79008089
26.56586991
8.55477615
5.61328125
6.40881317
3.91931183
6.59375000
12.50390625
6.59285461
8.42085661
10.14062500
4.10770722
7.16809175
3.23115249
5.25322251
10.40881317
4.14933289
19.73595911
8.40330785
3.69862366
27.02794881
0.02254211
11.29073028
3.19201629
6.11372894
9.15319482
7.81132424
3.79536957
4.12801086
11.72029477
0.78405917
13.12890625
8.60156250
3.22115082
3.21875000
8.51293883
5.21663453
8.67097961
0.54207336
10.93058289
9.11624779
14.62089206
15.99845523
10.16418550
3.05635528
3.04565492
9.31762633
3.68627992
0.10107422
5.75418662
12.06189920
13.55805741
7.85165115
10.95775931
6.41333444
10.22656250
10.13389961
11.30795434
8.00465881
8.88834220
6.88599069
2.86328125
9.11014739
6.75313386
14.09517405
1.99504598
11.57812500
11.77677305
5.41585328
11.36169216
9.35193151
7.33064384
10.71084885
1.96347129
11.00259752
10.22057514
7.40618129
12.43570424
0.77770280
2.31364638
2.43404144
17.72477079
20.52925753
3.18119293
5.57673759
9.16609929
9.15380984
4.89286347
34.85203002
16.85758422
11.00704011
7.52343750
3.90474457
4.43135528
6.31864472
21.10624176
6.94295102
3.70158023
21.23412899
15.91239472
0.56730289
8.50691711
11.78787678
8.10718085
19.43648161
7.51701241
8.66406250
2.84814329
10.39847186
5.93555186
5.12837987
8.42345413
5.26404587
5.81986481
8.95568817
11.87617576
16.81909242
3.81433510
25.18570424
5.65910350
10.47798427
5.80635528
1.31714179
15.03125000
3.81205231
16.77254211
2.38175476
8.32953680
4.72726617
3.80301972
9.89318817
11.12104943
16.70226895
0.74388963
17.08325694
14.66128768
4.01038563
7.07421875
9.64062500
8.64819149
3.91821476
6.76953125
6.94140625
12.10821366
4.91331005
5.95023714
3.38732879
6.57255097
1.23970177
11.97851064
4.75200243
9.42622894
17.18725399
12.58716007
20.20914672
15.21126219
9.38204011
4.70267731
2.87036071
3.11670046
10.46337766
3.86340425
7.16105164
6.29951685
0.87475897
7.57897607
0.60856452
0.61763519
15.38732381
4.77795877
4.35290060
2.15715037
8.50000000
11.24039672
10.54792775
2.50269115
16.36493906
5.51742575
4.64876219
10.48103945
8.83504211
11.66165670
6.83097850
2.14876219
6.94409242
1.21618683
16.46830231
17.54588099
0.21415005
2.02173038
19.77587766
10.00731674
5.88961657
3.70312500
14.48828125
10.23978668
37.06387744
5.02987256
2.64843750
14.26729278
6.32449912
14.05273936
0.10565186
27.93009087
5.40368683
4.62325354
2.07466644
7.45979610
16.12959995
1.15376801
9.60066711
20.53491024
9.45426640
12.53665670
3.47852061
4.16015625
12.19457447
4.20821697
1.22611481
14.67232269
11.79764240
3.13985760
12.32877438
2.26497562
6.71744127
7.81681959
5.08593750
8.15030696
6.84623448
9.07466644
14.27689606
9.88312722
2.55046653
3.35546875
19.08593750
16.50435394
2.37255486
3.69490913
10.90421321
0.93945562
13.27652953
23.25618157
0.03381317
10.37410461
2.78206422
11.76639739
14.17951020
6.83880097
7.55859375
8.81213099
0.56278784
14.52945922
2.97204621
9.44518950
5.49231050
5.91841644
10.21511415
3.98019835
4.16015625
11.14485594
1.29948000
16.46947806
4.89624335
9.86385195
3.33097351
4.62845856
11.87923094
13.17801972
3.73021776
4.38635970
10.54508422
4.20536347
9.39383755
4.83663120
9.85937500
11.80675865
10.09753823
4.31205231
6.83203125
5.19185394
8.97566711
21.30338376
9.34094083
7.60807624
10.88716644
2.93631926
4.27266511
1.33496094
14.24336326
6.04569924
7.69831339
4.19621786
7.71427305
14.91934619
14.10306793
0.49592642
11.75212045
3.69726562
14.38972961
14.03035461
1.48469720
12.96427305
12.92403479
7.01798648
10.53983489
9.77868683
9.41931183
10.29508422
17.36860927
11.12426881
1.37552887
3.93762300
12.24730885
8.87296819
3.33870405
4.10156250
7.41646332
3.88342254
0.15104187
4.41406250
2.59029144
14.67508755
3.79048427
14.92069924
2.71350067
3.10725953
0.16760254
2.18375610
5.26741578
0.01524353
17.00390625
2.59330231
2.59890819
10.85254654
13.27457890
4.58158356
9.44469748
8.20719858
6.60343196
16.41459386
7.51171875
23.97379516
3.98181183
5.35253657
8.62054661
1.89587433
12.68225067
19.73738088
0.04508422
15.32800200
6.67378878
13.33158356
13.38972961
9.95056183
15.49385528
6.09944703
15.41752106
9.82031250
9.84887633
1.73112062
1.88041168
14.16406250
16.42879211
14.18741883
13.90625000
6.24263519
7.73783356
6.17488586
0.64880402
9.34887633
1.09427887
2.87182679
14.11221853
2.22957834
9.77600067
9.94742299
5.53935283
13.76647980
6.14798981
22.54473959
16.16050088
15.28551530
4.38379654
8.43225067
10.06774933
0.82026818
4.50093971
8.77689606
13.30981383
3.23946199
4.67524491
3.53133865
5.30769836
5.90714539
11.12991468
3.60836657
10.94095856
13.13448028
3.80484985
2.26273714
25.26053303
1.62303192
11.81987976
14.25000000
2.84810394
8.02990692
9.12642177
8.71476507
2.79296875
15.55664062
16.15881317
5.83369903
4.06958463
14.88667443
7.56824135
13.61848626
7.60807624
10.86258755
9.26241245
4.93822308
7.24341755
10.92610594
3.17846742
5.41707336
2.48767121
10.40100067
2.69022551
3.11039339
8.11649380
13.69339872
11.54471521
5.47306959
10.11283356
5.35201019
11.11482104
14.66544991
2.98144780
8.48347961
9.25089539
7.36134753
7.00193372
3.34419769
12.97049864
8.42842310
4.89982491
17.50077239
11.25268617
2.89888519
8.57494681
2.88253213
2.53515625
9.99475067
16.14208112
7.95984042
2.86284797
24.06850356
4.50228280
8.99784021
3.95182624
2.57812500
15.14741911
0.27714144
9.74564606
10.58149491
10.81861037
11.92252438
18.13094304
4.11629211
6.68448914
13.88525266
2.07523714
15.24039672
10.56766069
2.41760970
15.37080342
12.66992686
0.74723390
9.22220856
11.97265127
2.86568705
14.97733489
3.18627992
14.73002106
0.14105162
15.27115470
4.83956338
3.18387910
17.49218750
18.67463985
9.31990415
3.14368018
13.92956450
5.63549867
7.27087433
11.43045989
10.91239472
15.47607048
6.28881649
4.69348736
2.02539062
15.98453236
5.93298869
16.31225399
6.14778812
16.50015736
12.86530807
9.18848404
6.54341644
9.70519615
3.19910073
11.41490360
13.33420101
7.53080231
14.60176419
4.32734763
5.01860150
7.61462433
12.10502106
4.52388519
6.88268950
19.15480830
24.36183011
9.45284463
3.65714539
14.20703125
6.16406250
11.69966644
6.76127106
2.69140625
0.06323242
18.28169769
26.56143728
12.68053607
24.50428025
4.50472296
3.68750000
9.15189606
20.33793121
4.45747894
11.25500333
11.73425200
4.70605718
6.06294769
2.77539062
2.57421875
12.55305408
2.45626385
10.46679688
11.50435394
4.13191711
6.42968750
3.52237976
8.87320922
1.55505402
0.05459595
12.27746177
0.01127106
5.14107269
1.66699219
6.34375000
15.52494293
6.93359375
6.39094969
16.50589872
4.93563054
4.29687500
9.87003103
6.31132424
6.16540558
4.02359985
6.48070479
0.22136247
10.60335328
3.11718750
11.10758422
5.88460328
4.39017731
14.75373892
12.46578346
0.30147371
3.29732269
4.17097961
4.63960661
3.25740415
20.14490026
9.25602172
13.18884308
11.02628103
9.18339206
9.82157690
0.52246094
1.57226562
10.95479278
0.21879121
9.60925200
4.42834442
2.62271720
21.94828402
3.45390237
13.80635528
4.91630097
13.60502106
5.73482269
1.08540863
14.09007979
0.82255845
9.37271720
0.11191803
2.10351562
14.20300200
17.15832364
16.94389073
3.26639739
9.28483156
0.19966644
14.89302457
10.39408356
6.05427416
11.01141067
12.86271055
8.63126773
4.35502106
21.06685394
6.49238919
11.34912234
8.32449912
13.92773936
7.26517731
17.47517509
25.17627327
8.59073416
3.98678080
8.33939606
0.27754730
2.12259918
11.13321587
0.60852393
10.01712545
22.93241799
9.02612367
6.30647828
9.51383422
7.72009308
3.44966644
11.87478835
4.08179521
5.89497894
9.97131317
4.89542664
10.45853170
4.67472850
18.39798981
11.23531098
5.57377106
17.71792831
5.12777482
12.05904144
2.55014609
11.77826353
5.00241577
1.77071199
7.49942930
7.70068484
3.41601562
5.02709774
15.44991245
7.70210661
8.34350399
4.81376440
3.07767731
14.38326019
10.68750000
9.00345856
0.24597137
8.65868767
4.66727505
2.42590924
2.57902039
17.96252161
13.18742132
15.89408356
4.87980164
21.83959774
25.51073970
7.67761635
5.79646166
10.67708998
7.16752106
10.86271055
15.74873560
7.46757424
4.61328125
4.94921875
6.48249557
8.41594193
8.29544327
6.38424423
16.50512633
10.55647828
7.02823914
16.62910794
5.23417331
14.27539062
2.77494293
16.71723959
6.82963541
10.85290060
0.00000000
7.19925934
20.22387633
4.50659242
8.41406250
0.23144531
9.12064606
2.58796931
1.93847905
18.30150931
3.20630319
10.36975067
20.89326685
9.12715979
2.33231660
9.33158356
5.38236481
4.66495789
9.76127106
13.06640625
5.59375000
10.10668883
2.36055574
2.70703125
11.50256317
0.39664734
14.91393950
11.08853502
5.89596298
2.39888519
15.71927638
14.32275266
3.92973182
5.29988586
7.56429078
1.83007812
1.06835938
7.82665891
17.29789339
8.40351951
5.34648049
15.85542443
2.99613807
14.97643950
11.57587656
5.54924645
11.84338099
12.44429411
15.04553192
0.28177638
3.09908300
19.93830674
12.34294326
3.13964595
1.94193761
8.04263908
6.49397828
11.85986702
8.22131317
15.25976562
11.61702515
7.75345856
9.61629211
16.67752771
13.64022163
4.73828125
11.00244016
7.09472407
6.41276374
4.95837433
23.96365803
8.94861369
5.72867797
3.42696199
19.26953125
23.48209220
3.58866799
15.67521055
13.02689606
19.35774600
4.60892731
5.90144836
11.52164672
3.05240968
18.61580009
6.31107823
9.11564273
6.03735040
8.84097518
2.85214317
13.56762633
3.33907136
12.87923094
2.04655031
0.93994141
13.38142509
15.41752106
0.02254211
5.05904144
15.62410461
8.37589539
8.81250000
3.18990082
5.67578125
19.77205009
10.54048427
5.78858045
16.20825133
13.50170213
13.09473404
5.78951019
7.83223294
9.11112644
4.08593750
16.34631317
4.93558622
13.51652039
9.87255984
2.53271111
3.11572639
10.28560394
12.97554411
5.51818817
19.22054078
22.04638298
4.93510416
7.29252106
13.50166778
13.65067597
13.82031250
1.28658051
6.94486481
9.97464872
15.78051197
4.20789228
10.08247894
5.76639739
6.56351839
1.00781250
14.37206782
11.05237034
11.53649933
12.94852505
1.93624058
11.90534963
3.85990138
8.10591644
5.26465093
3.55664062
15.82250665
6.38664007
7.78259308
16.02600067
4.20402039
13.24311725
2.56983045
9.54341644
9.71060284
10.82719525
10.40535461
2.28882147
6.78906250
4.61673981
5.96964539
2.06896942
6.06339539
8.90588099
2.20198858
8.66767842
5.81042885
4.66251773
10.69095856
4.52819482
4.53084663
9.39754211
6.52689606
7.70198360
2.63529698
1.25878906
8.59720856
14.68534021
18.65112367
3.51945257
7.82377106
10.12836991
10.40776041
16.94389073
8.09536173
6.22322695
10.71529144
7.62109375
13.41796875
7.37816822
0.02254211
13.68448914
8.31318374
4.90902482
9.23872894
22.06506192
13.18851839
9.09634752
2.61202681
7.71919769
12.26562500
5.03906250
20.31762633
5.91630097
12.17394615
9.49913897
2.86207114
2.67818207
14.94775266
9.71195589
10.32108489
2.34928468
7.19531250
7.14709442
16.14952959
15.20377438
18.68514849
9.77168108
8.03211103
22.62349457
3.84916168
13.64090537
11.55472186
2.92591422
19.04641734
7.25481161
2.05033356
3.65429688
10.44006317
2.34163453
4.37748199
3.96679688
9.10156250
8.01216644
9.48054992
14.72289229
2.45333665
12.21382037
0.41702904
7.01432624
12.29508422
8.65201906
1.39168274
7.74743683
5.07377106
3.29492188
3.22896332
17.40189606
16.36938165
6.05684729
4.60892731
11.48335661
10.66508089
13.44339872
6.52144503
1.34712738
11.84634752
8.86804853
1.84863281
13.12349457
4.39408356
10.60591644
3.24804688
21.58068817
11.81623892
10.03458555
8.93913342
0.43916840
13.34375000
2.70853668
7.87109375
1.08024047
4.97835328
11.81623892
4.07349069
6.67321808
6.57499114
3.08325133
7.27445589
29.26941406
14.49194149
6.85510472
27.75105275
6.66511774
0.11271055
11.32478945
2.14017731
7.91406250
4.73168883
13.07344636
8.12410461
3.60441101
11.30354610
6.02067265
18.38883422
7.95596853
6.06445811
5.82120789
24.12296321
3.53914616
9.13102172
6.61462433
1.96679688
16.35546875
15.20466977
4.33829898
9.80635528
10.46785461
11.86274491
4.66427415
2.20853668
11.12873892
12.14501330
3.62859153
9.85591644
4.10156250
6.86502771
5.11499335
11.25691711
9.91063830
6.57072584
12.39843750
12.07377106
9.66137633
6.81575189
5.01868018
4.34162955
34.03547346
14.23918661
9.11954773
0.74388963
11.87931959
5.22054078
7.85587212
4.22180518
10.65266844
4.81652925
9.62182181
12.22974069
2.22582447
6.91390514
13.39754211
1.37288453
7.85546875
17.46875000
11.17097961
4.14933289
14.79267842
12.03739971
6.60892731
15.31738281
6.29943817
3.34118683
9.25077239
1.86551972
14.82327904
10.23107381
10.03683399
8.89102837
5.75305518
3.19726562
8.39908688
9.14074800
1.03580812
10.51550200
10.55391511
1.71280945
8.44933179
3.78068927
15.21785461
10.21439606
2.03890015
5.39318817
12.04687500
1.95837433
11.35033245
0.02254211
12.72566711
9.16149933
8.22912567
12.27600067
4.26245179
10.22656250
12.52254211
10.90881317
14.69599624
6.68950243
12.06994349
0.14469671
3.05513519
11.29597961
0.28702820
13.46952239
9.42456117
4.23482269
18.41015625
2.97220856
24.77973959
9.22359596
0.91410433
8.70312500
10.16823915
5.20285460
14.00390625
6.01916224
3.31286901
9.57454344
9.42687833
6.54935948
1.74381344
9.57658023
13.51562500
10.22619349
2.95003546
11.78983489
15.73570812
3.37244680
17.05972518
6.90210771
14.27933622
7.19299036
15.43305741
3.66557291
6.63183843
4.82421875
7.39798981
12.39920989
6.14420656
6.12109375
12.27396388
13.26420323
14.44620789
5.50000000
14.24910461
10.62154144
7.26953125
6.60111481
12.18265404
9.10424867
11.27867687
4.31588984
4.36417166
6.03629765
10.67480718
11.33813165
19.29150266
2.53560893
0.99804688
10.98749890
3.78504321
11.66841644
12.26000665
0.92208167
4.42578125
16.07392842
4.27059397
13.57438638
0.52974457
13.74271388
13.91063830
15.42672096
-0.20100392
11.04267842
3.26937389
10.00479666
0.02254211
12.08247894
2.70747894
11.24039672
2.56042387
10.86820589
5.76607269
13.84159021
3.66764655
9.50345856
15.36360594
6.78376884
17.84782358
2.04610012
8.17301640
15.15702239
14.14541667
6.24304853
5.11723182
1.44274933
12.98079344
10.45475343
6.04252106
5.48828125
4.73828125
5.37455231
8.24820922
4.66239472
23.45604721
4.20846298
17.25272053
9.75855053
13.29931516
19.86474734
10.55891844
9.03092531
5.76908356
14.44762966
4.54520722
5.51151706
2.25435394
14.33303968
6.00582003
14.27352116
0.11271055
10.21797761
17.49308289
19.29162567
18.54410018
4.25411790
8.24218750
6.43660461
5.39587433
4.01277649
13.91613365
3.56478280
1.01411957
11.58087988
10.86353723
9.52433289
8.42585993
20.12166445
5.31140292
4.20201297
5.38241910
23.20189994
6.57214760
26.01211714
18.75350786
4.33337433
10.64741911
18.73425200
10.57161126
16.85965537
4.67534352
4.42968750
4.67968750
11.75256317
1.71423371
5.43359375
9.44877106
1.51199226
4.42815270
4.23046875
11.43741135
2.47425033
17.74454400
0.02254211
15.03462738
6.20312500
22.04162567
12.80033356
6.87353391
3.88863253
1.93200715
8.59029144
8.00195312
16.45723294
8.51151706
7.54405586
2.85348625
13.75935727
5.29622562
16.69083555
12.69510583
7.18334774
9.80172096
7.18127659
5.05859375
15.94086991
14.58618351
5.58667553
12.50333555
10.36669548
4.19592752
1.31490082
13.01517731
4.43359375
5.35839844
3.41271942
6.11507203
10.30431849
7.25773382
10.61372894
8.09588623
9.61576324
7.14843750
8.42533356
15.59464539
9.82950244
0.52973959
11.59871897
10.66752106
6.00292221
5.66203568
7.27929189
12.41503159
3.10841090
14.04508422
15.01239252
1.96628545
4.12858156
12.92879211
2.81250000
7.01127106
0.21960480
21.13000333
9.97758089
10.87963431
12.20772495
0.06799597
18.60937500
10.09887633
16.04510861
3.37945256
13.41996122
21.72172152
13.20788232
15.10461768
0.24381531
5.48862783
6.22869791
19.00902261
13.59603280
10.05159796
7.96834663
14.41637966
6.73596409
8.90189606
19.08760528
25.43423815
0.02254211
16.02677305
8.56351839
3.40625000
13.70312500
17.15189606
3.13219748
2.83504709
7.55187833
3.40710605
27.36616911
22.50927859
16.97566711
1.59615082
10.92533356
5.75488032
10.74385528
0.26827308
14.94787567
9.81957447
3.15938885
5.95011414
12.60888298
5.81436946
25.83292664
5.26542331
2.65133034
3.70597351
5.90535461
12.07006649
16.37089206
2.03800476
2.52974457
17.02847518
3.76795212
11.18676197
10.56128490
15.72310394
10.30818041
14.43929078
19.36616911
1.60048981
12.87928523
5.98462101
6.47701019
10.52152372
0.50244265
18.74068207
9.68391844
15.54487257
3.33492907
4.38159242
14.43900543
9.87064606
12.89318817
6.50870789
0.72985871
18.04919216
11.80904144
5.85616245
6.40279144
11.56111259
2.60880928
7.82193595
27.39307237
22.99222462
4.58919437
6.99654144
3.37890625
10.14741911
8.97814163
7.25981493
13.51383422
7.68672761
7.85156250
4.64843750
5.79553192
9.43382979
11.58525376
1.06136109
5.05919881
0.23669216
13.15538897
7.10600509
12.75960328
3.90201906
15.13865692
4.36179077
15.17724236
5.62927526
3.16178468
17.85103030
1.87028202
2.46708222
16.12755818
7.49203014
3.26953125
9.02689606
0.09871430
15.40640736
2.69861369
5.62890625
13.11787124
7.45577681
6.23661347
16.28995789
2.36311890
1.35839844
11.50056073
3.20602282
18.00386193
15.40840979
4.64196808
11.53314385
3.44297096
9.32466644
5.90669769
0.08400482
4.68167997
15.17284907
0.34940271
6.24890292
7.38952792
10.98681516
6.70068484
3.62349457
6.40824247
2.63224180
11.35180851
15.63389961
22.35470633
12.73974734
3.87918662
19.10038674
3.03125000
12.25089539
2.27929688
8.47639517
5.01179743
1.73792220
9.08158356
5.53605164
10.72823028
2.91870179
19.59223959
4.97371897
14.94877106
12.90445922
6.05301972
9.54101064
2.07422373
4.09207724
0.18477823
10.81070922
11.90458222
2.74173981
14.19006317
6.73962433
3.35937500
13.31054189
1.35111481
5.12967864
7.53092531
15.36629211
4.58292664
6.49609375
9.04687500
10.64318817
7.13382093
15.80144060
4.66284242
3.04341644
5.84285461
8.92277039
6.25020169
10.62524601
16.69877106
3.73640681
13.35974401
4.91015625
3.55228668
14.82979278
4.26786347
12.69185394
11.57377106
12.59887633
14.18627992
11.61193817
1.70198609
11.42354278
20.60335328
13.03291778
6.29068595
5.56913674
3.29866578
7.77689606
20.63716644
12.33483046
9.51710255
6.57076019
12.68944814
0.10143950
6.41809175
8.63435727
8.15470523
11.21862700
1.01037442
4.77636968
18.14920989
15.43981716
13.98462101
2.02400820
8.69787567
10.13476064
9.35832225
0.18892426
7.04943817
7.04809508
2.57031250
2.76770113
10.34094083
0.59362949
5.55468750
12.19905142
9.04704233
10.60912899
4.58650820
6.07682747
3.54956117
2.77779144
10.17252438
9.76578236
3.72966201
5.32767731
13.23091644
13.86380264
19.79443733
7.30379211
11.65763741
7.97310394
8.68821537
3.97945036
3.09627382
5.18103058
20.06095025
6.17838874
12.70507314
0.42830009
12.43453346
1.19531250
5.16015625
10.75948028
12.95837433
14.28986924
18.12219083
11.23727282
3.51171875
11.49629544
20.58788564
8.22831892
2.14754211
4.47790558
12.99995754
13.20222961
3.91430851
8.69595191
5.13998559
6.63281250
9.63813055
14.13163674
7.94117021
6.06986481
23.29825244
3.33936170
15.92382314
1.99715647
7.65279144
8.38793883
15.68570673
7.64842753
1.67734097
12.27766844
13.59297761
4.82511414
13.49910461
13.15563498
5.82694924
7.06864472
2.23872894
11.97887966
3.67692265
21.41067764
24.66164798
0.32686060
13.50126440
3.54252106
0.80367035
1.35021942
6.11372894
20.52563165
4.31473847
17.57738697
6.49675310
4.96529144
1.65384918
13.28792110
6.91198139
20.65800642
20.71630984
4.86673981
4.28995789
12.63191711
18.13761414
10.53458555
6.64856050
0.18249512
18.04073028
18.54638298
7.51635804
3.77694038
16.28023161
21.49580591
7.13554299
11.71032248
22.06859750
9.99051972
0.12536621
8.90189606
15.52811240
3.73499002
5.71484375
12.90429688
14.80200133
9.48184619
5.33679853
14.74373227
3.26257480
10.27835427
6.48836990
18.71272330
6.54862146
10.46195589
7.88395390
5.72656250
3.18945312
22.69009752
13.91915447
12.29524158
14.69617353
3.63716644
11.21235927
6.08105718
9.89130874
7.27967087
1.78214539
8.67097961
7.37097075
15.72322695
18.28816711
10.67097961
3.60335328
9.39257314
5.38131205
5.06640625
8.56558954
15.36816157
6.58242321
16.08597186
11.06502881
5.95792664
6.84801530
5.35510970
9.25256317
2.56819703
5.17138298
5.69926307
3.95552582
13.09720856
6.23783356
3.43009087
7.07080452
16.60477505
0.88643589
13.96093750
9.35892731
11.47310394
5.44095856
7.63085439
0.02254211
5.99173981
4.75557403
2.82975343
6.22611481
7.46337766
4.35213320
15.69185394
1.61710633
6.85278258
0.22391816
6.85201019
7.37872895
13.09705119
4.69955341
10.62064606
7.49654144
11.51806516
4.37691378
11.66381649
11.78023161
0.09330542
2.02494293
14.05289672
5.14241578
12.24873560
0.97489722
2.25000000
13.25117576
7.04871010
2.81880707
6.49654144
11.84273161
0.92431765
2.33203125
8.25691711
6.10050476
6.06205231
4.37186614
10.00345856
7.02701906
10.44531250
7.59028148
4.49956227
9.45865470
4.39681405
16.18839041
0.18033688
6.55652011
11.86722186
12.35588209
7.98046875
11.31392177
1.47188137
2.69368905
7.86328125
6.78925422
13.45985039
0.06191010
2.41646332
11.04703236
0.01990276
10.86975067
5.49344194
2.98641677
5.98762190
3.12610704
7.71223377
9.21513408
12.17097961
6.74654144
6.20357269
11.21529144
0.36918121
32.22798053
20.17187500
9.95654920
10.43404144
11.15433622
13.33170656
0.76196351
7.16796875
17.37324358
3.36849623
8.99848959
3.68945811
14.20222961
0.25895203
3.87808954
14.82068151
2.49458832
8.70377438
4.06140292
8.55265071
5.58406804
11.99734819
0.13525266
16.94188830
13.00452003
12.24011635
0.07232666
1.90234375
21.72163786
12.65433622
1.77592198
29.86136747
8.25552970
3.77417553
0.96244293
11.82076019
14.97643950
14.75089539
12.35082447
8.89059064
15.41752106
18.39912124
3.42509751
13.54675200
9.19799867
12.80623227
5.81530419
2.72986369
13.04252106
10.24731383
1.77115470
15.99188669
15.64091035
19.46093750
4.78816711
11.21093750
11.64294340
1.89705507
20.10538509
5.88920323
14.70658356
12.73274158
5.82149822
3.89933289
11.45222961
0.44156922
12.97220856
3.47432403
13.53958888
5.66878048
0.44848633
6.60892731
7.98046875
9.06416778
16.12027704
6.07519282
8.53967752
10.90380984
8.63627106
4.24129211
12.84118683
3.79178801
7.18717531
2.95117188
16.27075133
6.75377826
4.57507978
8.88537567
3.02974457
9.97220856
1.25284851
24.86218427
15.20467974
5.70812833
12.05989749
5.06225399
10.26932956
0.17537414
5.21964539
15.86685284
5.70781360
0.77490234
11.09891069
3.35376662
7.87845856
18.39152039
7.18900543
2.75390625
3.55904144
15.53620900
14.04224069
6.50923427
9.89278479
9.72912567
9.21439606
0.10249879
5.67203236
3.99593639
21.06253591
0.13525266
6.53348847
1.90157136
6.13671875
3.00952148
17.25667110
12.08337433
10.13562167
13.48872894
9.33593750
1.11470551
6.01399158
5.44259197
9.65881317
13.91035794
4.97155917
8.19364472
0.08980316
8.33235594
4.62052305
7.18208334
20.68010084
10.95747894
1.82120789
8.09768064
8.51148271
2.99585771
16.53100399
5.54406583
5.20662788
12.03637633
3.70267731
0.88065644
1.70011414
9.30585329
2.72360593
4.14196808
10.38296986
7.06669658
0.70170074
2.49849457
0.10717773
7.06807403
2.92068928
3.59717420
3.07014019
4.21696919
2.65234375
6.13671875
3.57323658
0.07889739
11.41524324
12.83658688
6.18807070
10.63960661
2.69120456
1.69726562
12.49898161
1.25199496
2.07181793
11.88235484
14.07910904
2.12252050
8.41841644
0.07867432
27.85408134
19.72851064
6.27979388
13.41227172
7.58036347
3.02343750
8.49385528
3.13895722
5.54341644
8.50756649
5.46073581
0.87300629
12.09134918
2.81054688
15.25833888
7.89791112
9.71875000
7.36372894
11.59106383
7.24051972
9.28816711
13.03995789
15.44006317
11.51696808
7.55859375
2.46875000
6.78906250
9.53893950
4.82389406
9.82466644
3.38326019
8.61193817
3.88220246
11.45222961
2.06054688
13.13984763
0.02254211
3.11027039
7.46785461
8.22350732
6.35506538
9.45222961
5.96268396
6.04829677
2.66764904
8.74719083
2.69466312
7.79545074
8.10998006
2.21814494
13.81250000
10.49905032
11.88953789
1.62606023
11.29601397
2.25672041
6.74023438
2.82963043
18.45568817
1.29280640
3.25826019
8.78816711
7.04988586
13.20596853
3.36764018
7.08405807
3.82263962
16.98213653
2.71199524
9.67240138
3.60026374
14.19262633
3.98270722
6.74023438
7.14497894
4.44307403
3.58772828
15.51997894
7.77689606
5.82076019
11.26908356
8.92150599
2.56482214
4.62500000
11.02254211
5.98571808
1.58398438
10.40779477
9.65811946
0.15779477
11.19546986
8.01392287
3.82963043
6.88736813
8.90214206
3.42728668
16.73002106
6.25435394
5.78307514
10.07975842
21.37320922
1.17216035
7.38671875
4.69185394
10.48002106
8.90872452
6.96973404
16.99308289
6.65970856
17.03755707
11.64229278
0.04642793
11.13988697
5.23466533
9.02318152
3.87916223
8.36193817
13.31429078
4.14843750
0.21911621
7.30334442
1.43688996
10.62821255
4.31274601
5.05904144
10.80635528
7.96459774
0.69096105
0.92187500
9.56855608
5.09326795
1.18440797
16.70389739
13.51358821
5.82702792
2.38712710
3.69771332
17.71305297
3.41735871
10.51627438
7.21374667
1.10982269
21.04792775
10.36543108
2.07748060
2.76562500
10.23644615
3.54769171
0.62695437
7.07979278
15.04431183
0.26460785
5.96724457
7.89094969
6.99645529
4.67541722
4.45369640
3.12215149
12.27319149
2.58589816
2.02266511
12.23002106
8.88435727
1.84611148
8.20380874
1.99691544
4.13727948
3.93783466
6.83113586
13.60245789
4.48783356
3.99592642
4.76489694
6.25524933
4.50035905
14.75670546
2.33969636
3.13566101
17.17777372
4.76664339
8.84464539
7.22912567
3.64347351
0.51167816
8.39302084
3.79447916
5.69921875
7.42861481
3.89035460
7.59855164
11.14229278
8.28995789
3.30212433
0.51167816
9.82201463
4.55208998
21.37393728
0.02254211
4.62141844
0.52498476
0.38944488
9.23872894
2.16992188
12.63537567
4.62243683
10.97887966
12.38981327
13.38793883
7.87186614
7.75890958
1.36959081
13.87231383
13.01985594
0.18925144
6.97656250
14.78816711
4.46052416
4.45744459
18.28702322
5.04659463
6.49051972
5.12064606
6.94461880
6.30773272
0.22722185
7.75569703
3.42008422
8.11897828
11.51127106
3.57242797
10.18713099
4.05416112
13.54511858
6.05717697
7.20747894
13.98783356
4.17000056
2.61124944
9.15189606
6.42622894
1.27148438
4.09932403
7.03706007
-0.29942944
10.60005707
7.71919769
1.98339844
7.80175781
6.70222961
4.25032469
11.30187833
5.81587987
6.89782248
0.13525266
1.67529421
3.56798538
4.37732712
10.77164672
11.62324358
13.74996564
11.93827239
1.32409824
5.18705231
10.59223959
5.39213541
9.27343750
11.46081450
6.14965260
4.48478834
20.32226562
8.73002106
4.76908356
0.11433961
6.70658356
7.52343750
4.75000000
8.59159021
14.36934729
3.99263519
38.33316268
17.92594858
5.97228724
2.94242963
11.21081450
4.67936281
1.09179688
7.03906250
12.85875998
18.52600565
2.70312500
3.55904144
11.21760860
11.78149601
13.66304411
0.37207156
13.00333555
19.00528369
3.21599013
10.89920989
7.98636747
5.85616245
9.60066711
5.92366578
5.56986481
8.16393950
2.47623781
4.29777039
9.89408356
8.88675311
12.62584608
8.79366245
11.23434064
10.34244572
12.17753323
6.39229278
2.80692597
2.27616301
19.48803773
4.67622894
7.97253325
14.98449800
5.46740692
5.76908356
7.67712433
6.68404144
10.46093750
8.08218861
5.67126994
5.99609375
7.66271942
0.12630250
19.93391844
13.88101674
13.86218417
23.86202183
2.59517675
3.74804688
5.81986481
8.73771055
8.31937777
14.24438165
7.19523382
0.47395875
9.11372894
1.91601562
21.83763963
5.52128767
2.63521332
13.32275266
4.40336214
14.06294769
11.12824690
6.64295212
4.01350953
3.77632536
10.10693484
0.20605469
7.55033356
3.33984375
15.27343750
3.66646332
11.06595856
12.50499865
7.31983045
7.82722961
10.95222961
17.93827239
4.22322695
21.30618795
18.37590037
18.27705342
