0.36067376
0.99577155
7.18359375
13.64655113
1.03027344
6.43994016
3.60693484
4.99218750
12.95312500
0.79296875
8.79050865
3.39308510
5.88476562
4.81673094
3.31998781
1.55403563
4.02311281
10.21093750
2.48632812
13.25781250
4.76724347
3.11361591
11.75129876
7.17475810
2.07617188
1.25097656
8.92609597
9.36329122
18.71061281
1.41406250
5.24283688
1.07519531
6.55403812
1.70637938
1.85416750
5.60546875
3.41210938
6.79719969
3.50553468
0.66308594
4.13671377
4.35416999
0.76937015
10.67187500
0.48925781
1.81152344
4.01269282
2.74414062
4.02636968
7.81250000
2.44726562
15.62954566
10.42937278
15.69954344
4.83919437
6.78125000
6.78613032
0.18033688
4.62825687
24.85156250
4.43359375
9.71093750
11.49641844
6.13248781
8.66690915
4.76106937
9.41406250
1.57910156
15.94531250
10.26887938
5.98079344
10.77278812
2.55078125
1.15966298
6.76969858
0.44807984
4.17968750
4.51953125
1.57128906
2.98046875
0.09018951
7.81229582
9.80289672
0.18481570
8.40625000
2.58430907
5.24186281
6.85969969
4.32975343
9.39664672
1.00276734
13.26822508
2.77051030
14.60839844
6.38671875
1.45149657
7.05000886
0.72896332
22.13735816
10.99251717
6.61165780
5.05745235
15.06722296
1.50781499
13.78125000
1.60351562
11.71875000
1.28141235
0.59456422
5.70735594
4.55826906
1.90917969
0.55566406
3.73111315
0.95931654
17.40771235
0.63117908
9.86409796
2.52620733
15.08203125
13.28336547
1.28954019
0.29061973
0.13464355
0.11862183
0.99316406
6.69531250
3.24023438
3.34765625
11.14843750
4.47265127
1.77148936
13.75324690
3.33301529
9.19018617
0.58976258
9.11978502
2.37826185
7.76953125
6.96484375
3.85839595
2.37044437
4.90104250
6.77945922
0.52571656
2.92773438
0.70800781
2.70703125
3.02799313
5.47591312
5.89453125
1.63671875
11.32812500
0.52880859
5.99609375
2.70507812
0.14331055
4.12303192
2.29884308
7.37059799
6.45410904
5.43164062
2.60953735
0.15633180
11.02766844
6.11295656
2.12304688
5.78580563
7.51106937
0.60266113
12.28906250
5.12109375
3.68750000
7.15266595
14.85823360
6.12614140
5.99039672
3.13265015
5.11328125
11.49804688
8.92968750
1.28125000
2.40429688
14.65625000
4.80859375
12.90625000
11.36370175
5.08138187
1.72460938
4.18945312
0.87158203
5.13313719
3.97233156
12.42968750
6.04296875
12.18750000
4.36328125
2.25390625
14.53323966
9.28353280
3.92879211
1.38175476
7.95410156
1.60644531
18.55859375
13.13346188
14.49250970
2.59766123
6.46516844
4.39420656
8.42968750
2.01375305
2.76652039
3.35546875
6.29296875
6.03125000
10.55533688
1.11263187
0.25317383
5.16796875
6.38279314
1.86458998
1.62597656
10.03937722
5.95281028
0.95800781
5.74121094
3.40657469
6.61686281
19.35839096
4.21582779
14.53889392
0.09393311
12.36620346
16.52897218
2.79818373
7.25781250
2.01171875
2.45507812
4.24250970
4.83073249
0.37402344
18.90625000
6.52524743
2.79557624
2.96679688
4.52050781
1.25911375
4.40592531
7.06250000
1.83984375
16.57897949
0.11016846
4.90347892
5.93587655
1.54589844
13.80933043
5.19563719
1.30208499
7.19238281
6.03125000
1.46777344
10.63411126
0.92252936
0.82210203
1.29166750
2.05273438
7.19531250
7.72656250
2.28644504
5.98894558
3.44335938
8.39908688
3.35677249
0.03201294
6.27896720
8.00423592
5.17187500
7.18424313
6.27669437
4.96875000
0.71826172
1.45800781
1.13867188
10.99218750
5.63736813
15.34015744
0.81706061
2.82226064
0.09016844
12.62744016
11.74332890
11.20084220
9.44759530
3.98712490
7.51092198
0.57714844
5.60952239
3.89047761
12.68212766
16.61474734
2.97070312
13.70312500
6.96484375
2.44140625
16.65744210
6.49902593
11.03906250
4.36718750
2.70703125
0.82617188
6.40754876
3.18034186
5.05078125
1.26139157
4.03060062
3.02929688
2.89648438
14.09073727
0.35726078
11.19954344
0.47135500
4.52197266
3.77376219
9.94889406
16.00846188
9.14420656
3.81803468
11.34569814
8.59961436
7.35937500
11.64062500
0.17492676
3.61523438
11.08690160
9.03809840
7.96484375
6.00781250
14.95735594
1.59635500
6.17643063
6.15950687
4.04101064
10.49805186
5.59375000
18.59472407
11.52262079
11.05987252
8.75325189
1.76497562
5.95247562
3.69498283
5.17610594
14.91363112
2.55747229
5.95735594
8.64062500
15.61686281
4.22265625
8.32031250
1.24804688
9.83268063
11.70247562
1.08593750
9.15331782
1.00293218
1.15429688
11.31314938
13.50488032
6.23275155
9.63346188
10.04943349
3.73568373
5.07421875
5.22656250
13.38540877
1.12972794
3.85253906
5.49218750
4.07031250
1.78538120
1.36914062
5.07031250
23.75747784
4.38314716
3.81835938
2.75488032
1.32129155
5.05078125
5.14257812
4.59375000
7.05728502
4.50521498
4.43750000
1.98046875
1.20686517
3.32731452
7.51204344
5.17936281
15.07094237
7.95002549
4.49886857
19.19075189
0.00000000
10.61360594
3.01171875
4.46484375
7.39811281
5.63671875
2.76757812
2.75000000
6.68359375
0.03643799
6.24609375
7.24609375
2.81445312
4.00781250
5.75000000
1.27734375
9.60668883
0.09301820
4.47298094
4.23697751
14.80045656
13.70670656
7.76139406
13.95312500
2.68945312
11.52766844
1.87076906
0.05795288
4.66227172
7.38507440
3.83219360
1.35432984
11.35221188
8.96028812
8.97656250
4.63475566
13.08204122
8.38311887
3.26073970
4.64746343
2.66210938
3.27376219
5.18326906
9.14628998
2.66309341
7.37500000
10.61539672
6.08805297
7.86718750
1.32731203
7.32128657
4.81933843
12.06250000
7.30891844
3.99609375
5.69889406
13.43293939
1.17218972
1.83366965
2.87890625
17.26480954
12.70638187
2.99218750
3.86555907
12.10514406
4.78080231
6.14888519
21.51202202
12.73437500
9.62109375
6.46875000
2.95117188
0.24792480
6.07063719
12.49015383
0.72119141
3.29687500
19.27213376
10.37141844
0.44189702
13.06070922
10.70295767
8.05697030
21.02050532
7.40495124
14.35066711
0.56632508
12.67089096
6.76188608
3.93050421
9.91567598
8.38901152
5.66796875
9.86718750
8.15852283
14.36035405
3.59049811
20.33756344
5.53873781
10.76806516
4.84733156
0.83252078
13.33593750
1.90755125
14.98795656
2.53125000
3.13932126
2.80403812
2.57226562
9.25000000
6.78692709
10.95265292
0.54101064
18.56726323
14.48388298
4.57764295
8.16369598
5.81579621
4.52734375
3.02343750
7.15234375
3.72265625
2.67156484
7.03711436
6.00781250
3.02929688
7.28125000
1.08789062
6.32812500
1.97949219
7.30078125
13.85156250
7.02343750
10.06054688
9.08040282
2.78287843
2.59407469
2.02506593
2.33789062
0.63769531
1.07796141
4.67936281
1.08691406
5.00390625
0.27465820
0.02168274
1.85449219
9.30078125
4.19596188
4.14778812
1.02246094
4.43750000
9.77343750
10.19775266
4.09130984
3.80940548
0.93668827
4.48437500
9.45312500
7.06250000
4.09016844
3.61881593
1.66210938
5.20703125
0.44873047
8.33900955
4.50914079
0.54101064
2.07768229
20.37967864
1.71217839
6.30518949
2.01757812
6.98437500
3.08496094
23.56591672
1.31884890
1.71582031
17.71875000
2.38085938
10.18750000
0.16882324
17.16178219
3.09163453
3.82177859
1.51074219
7.24039672
11.97835328
1.03515625
5.99609375
17.89290282
6.24576906
5.97102283
2.60905529
5.46875000
5.57226064
2.97070811
2.29101562
7.85546875
5.23160143
2.19466810
7.07340204
2.63167608
2.21126219
3.48209718
6.73828125
4.26171875
5.66406250
6.23828125
14.93391844
7.66959220
4.83789561
4.63671875
16.21875000
13.82031250
2.01953125
1.90722656
14.31250000
0.93554688
18.11328125
16.24576657
0.00000000
11.80110594
24.76139406
11.55891844
15.14615470
8.66211436
6.94140625
9.94546986
0.99984264
14.33593750
2.00976562
4.50846188
1.98177249
0.95507812
2.13987513
3.61427526
1.40722656
12.34413619
0.23643021
9.26578361
1.92806405
7.50781250
2.70703125
3.91015625
9.88411126
12.92666667
5.61923426
5.76953125
6.95019282
5.18620124
12.84863032
1.81347905
10.62500000
4.97882536
6.68914339
3.75390625
8.71093750
5.53515625
5.78125000
9.68912125
7.69205563
6.80794437
10.48437500
1.29687500
2.62890625
1.80859375
5.43180297
0.52038605
3.79308179
4.62533466
4.39485594
11.75454566
8.31494888
0.49592642
11.09196420
3.88476562
11.44531250
15.60156250
1.27636719
20.39680408
7.68163564
4.42937278
6.71126219
15.63281250
10.09944703
6.26806516
17.94108156
11.64438788
0.81445312
1.95019531
4.61848377
3.95345467
2.24971111
1.04785156
7.08984375
1.58203125
0.01445007
3.86328125
1.74707031
8.59863032
3.35384032
15.39518561
2.15820312
2.12695312
0.00654984
2.45117188
2.04296875
0.00516510
10.02343750
0.44238281
3.70682583
9.69453887
12.54199468
1.75976562
4.17089844
7.16406250
5.43098626
26.93620124
5.48828125
19.94891357
3.73632812
3.47135251
9.08638675
2.54882812
9.34798094
21.37467531
0.04508422
16.30354610
10.09668218
14.99414062
12.46516844
5.90592531
10.66471188
6.94466312
17.57454344
0.26383547
12.52050532
8.73372562
2.14615968
16.68750000
14.95312500
12.52148438
15.17968750
8.00000000
7.11751219
3.94108156
0.42895508
9.53125000
0.85807250
6.29475953
3.97102283
1.76725842
8.24641844
10.14354472
6.72266622
11.67594484
5.24218750
22.25047208
4.67750643
15.59798094
4.41373781
13.28906250
8.92968750
0.31925290
1.55794437
9.21875000
8.92226119
6.99180131
10.52593702
0.34613330
5.99609375
8.94531250
11.59569814
4.43945811
2.20703125
13.82812500
2.75195312
1.87207031
20.57291002
1.57794770
10.14470855
14.77343750
2.99023438
5.69140625
8.53548094
7.05436281
1.41699219
2.69628906
19.51025266
4.61718750
3.77536565
11.37629876
7.58463874
13.82584220
5.95540780
1.44416736
7.00618905
3.54019518
5.62956560
4.46939938
14.75423094
0.94140874
2.86751219
6.56038453
4.34944703
2.18750000
10.95735594
10.59733156
9.21060284
2.23666278
16.45133422
3.08186890
5.40998144
4.01384419
3.28222905
6.44563719
9.55826906
5.79718972
4.31609153
3.43164062
9.86425781
5.09960439
11.35742686
15.07812500
10.41227172
0.62727906
3.10285628
4.45378435
2.43750000
9.25781250
1.84179688
1.88948837
1.44269504
23.50017107
2.85352061
9.57275266
5.31396609
2.63085938
10.41406250
0.11968994
7.71093750
4.65657469
2.32194093
0.42749023
7.76660156
5.52343750
4.89843750
10.99283688
1.23372562
10.74218750
9.78872784
4.32845966
18.60579344
8.76741578
0.53841187
7.48828125
5.37727532
4.01465093
10.25358156
1.60091063
15.31608156
0.14807129
12.44173094
3.97851562
3.40397218
15.08984375
9.45010127
6.15787843
3.85091312
10.95735594
5.80045656
7.67968750
7.97298094
0.90397218
14.84081782
5.89127438
5.85384530
2.68750000
8.31900377
6.92708998
7.62923094
4.24218750
9.43684813
14.76235816
3.82748559
7.64843750
8.43635860
0.86930546
6.33739362
4.71729388
9.02766844
8.67057375
4.36360594
2.35905031
7.73046875
13.41406250
3.86914062
4.23046875
12.51593972
22.16179216
8.64778812
3.93326906
16.75781250
8.56250000
10.36718750
7.36718750
2.78320312
0.08599854
16.87500000
26.91048094
7.35340061
9.45651160
3.96061281
1.72265625
7.83235594
10.19816164
6.78906250
10.26204344
2.36881593
1.30859375
3.85156250
0.20922852
1.52148438
5.51618573
0.61467364
5.84570312
10.49218750
1.20214844
9.81250000
3.34179688
5.64843750
0.47583008
0.00638962
4.28270363
0.00000000
4.60156250
1.93261719
8.03906250
13.98632812
9.37500000
2.66601562
14.57031250
6.36393063
3.45442874
7.27766595
6.26253546
7.15022828
6.84798094
13.80826906
4.31282469
9.10514406
3.27929688
11.81070922
5.56429078
4.56640625
10.81250000
9.13844803
0.36741135
5.57421875
3.52539062
5.14094969
3.04850343
13.24609375
8.10937500
9.44140625
10.91406250
5.35937500
4.31768783
0.72137467
2.45507812
4.15657469
0.17643312
8.59195922
0.55973266
0.96516844
3.03303704
3.47461436
10.13704344
4.58561281
10.52343750
0.28508983
0.11078419
14.66104167
0.61857989
5.40949690
0.03143311
2.49023438
14.04687500
14.08528563
19.09733156
1.99218750
8.22656250
0.07537842
8.00862547
2.01920656
0.18060558
5.78912742
12.14843750
5.83984375
2.21679688
19.65234375
5.03645501
11.42838874
2.56444814
17.70703623
5.88313719
17.50358156
19.80468750
5.33721924
2.57617188
4.09887633
0.44360414
1.53320312
13.14973626
0.60954108
12.42349097
12.90207055
8.81250000
6.31250000
3.28548094
5.43326906
3.09960938
1.83203125
6.66796875
3.81835938
9.30468750
1.36816406
6.48534907
5.28841312
13.63053468
2.82617188
1.40625000
15.68757806
9.47436835
13.15714539
2.67297716
11.11277926
7.53207668
0.89615968
7.70312500
6.02539062
2.05468750
1.82421875
13.49218750
8.51041002
7.41796875
4.92708998
1.94531250
10.97460938
7.73046875
8.91406250
0.15063477
5.51073970
4.07715093
0.78417969
2.80273438
12.09781309
10.00065187
13.69531250
4.30859375
15.99316406
7.55671831
8.94108156
2.53645501
0.68229499
6.53157469
8.86718750
13.48828125
6.69531250
6.65983156
1.77848266
3.06168329
7.92057624
4.79459220
5.46712655
14.01204344
8.60156250
8.63639406
16.97004876
3.15332280
12.78678468
2.85188719
17.71516844
0.65641359
15.18391844
0.00000000
7.98632812
24.19009752
2.09701185
15.22363032
0.12719976
10.46158688
1.38250748
1.41697252
18.90884752
2.65137466
11.00781250
18.30729001
9.46451906
3.06022218
10.65625000
2.10156250
4.23046875
7.62890625
11.83544922
2.91406250
12.17610594
1.52408937
4.22265625
3.39843750
0.18566895
15.54329344
9.32991578
6.01741578
0.81933594
15.61360594
3.53108765
1.00179078
10.75000000
8.98079344
1.96451906
1.76269531
11.25000000
18.01562500
11.01383422
1.60628297
19.38346188
2.00911624
12.77766844
10.44497784
3.68360372
10.88256649
13.30981383
14.59960688
0.13525266
3.13037234
19.60660018
8.72152482
3.19563719
2.50553468
13.65885251
5.78938719
8.64176640
8.90022828
16.35546875
8.40039062
7.67968750
7.75602172
15.05777704
5.59635749
3.72265625
11.75423094
7.21256095
2.98437998
2.14062500
14.37042942
1.03386746
0.73046875
3.79882812
14.29687500
14.06445063
4.26465093
12.98144282
11.66406250
14.14062749
1.68782469
4.03743407
15.32747562
2.20703125
25.45084220
3.66634530
5.94954344
5.51301751
3.64973626
2.71582779
8.92968750
2.28515625
10.36360594
0.86588625
0.42504883
15.04817376
10.09147218
0.00000000
6.59765625
17.38883422
5.70491578
8.76472961
1.93155945
0.41064453
9.77258052
9.47949468
8.95312500
8.29943817
1.31318872
13.91894282
5.42741467
5.39159907
2.47070562
2.99251219
14.92366578
6.53336547
9.83593750
5.54264406
9.24039672
0.42366578
6.28906250
9.66048094
2.33365968
18.66650266
17.30737367
1.40307679
3.15657469
17.53483156
4.68750000
2.62695312
1.23242188
8.51562500
4.01204344
8.17333112
3.23259419
6.81250000
7.07812500
2.09720856
0.43916840
12.63704344
8.24218750
9.51920656
9.41425422
0.46660516
2.68464588
5.79215204
9.22835328
4.01465093
3.83593750
13.74690672
5.17936281
5.97265625
15.19173094
2.23795656
18.08072252
2.27865248
7.59765625
10.00781250
2.11523438
6.03400488
2.18669824
2.90234375
4.98828125
4.64062500
2.40087517
2.78955452
5.26171875
1.43066406
3.88817861
4.19401374
5.71028812
8.94531250
2.80240470
3.30306405
8.91406250
6.61718750
12.40625000
2.58203125
1.88118407
14.30045656
8.32519282
12.40700521
0.29807541
0.00029123
0.00154400
11.89843750
15.14843750
7.79778290
8.14062500
3.83007812
5.47656250
0.37243652
13.37336160
0.00000000
14.26953125
9.94954344
1.32194093
8.81250000
17.67631810
14.84310062
3.85188221
6.49772717
1.69677734
6.75000000
1.33886719
15.62320922
-0.00467895
9.69596188
5.37401596
4.51205341
3.18164062
8.87500000
7.50813719
5.10969969
3.08528812
6.57812500
1.89941406
7.85644033
13.76936392
18.59587544
1.16601562
0.45898438
15.54296875
3.29882812
9.91048094
15.12858156
4.24218750
12.98579832
5.24576906
2.90039062
4.50781250
6.83203125
1.12500000
4.24072266
2.75032469
10.65201906
10.35156250
5.58886719
21.53514628
3.87891622
4.29524158
0.45084220
8.77995124
12.85937500
6.61686281
1.62141844
9.33593750
7.17936281
2.38085938
3.87695312
18.67187500
15.84375000
8.00781250
4.02734375
10.65266844
8.16764406
14.57584220
7.52783577
1.44222047
5.99250222
7.64812278
0.80371094
10.48242188
4.14876219
11.04264406
3.45507812
18.99609375
8.90266844
5.23729721
16.14339982
0.49153687
14.06250000
2.18164062
7.89453125
1.56347656
4.10937500
7.18619127
4.07552748
1.47753906
3.68782469
1.97819093
7.51953125
25.74377251
5.67187500
11.35546875
26.34375000
2.43085048
0.00000000
12.79687500
1.65722656
8.16406250
1.80664062
9.63476562
1.51464844
0.85953735
7.37288453
4.24218750
16.76204344
6.38085938
6.25358156
5.78125000
22.21386470
3.42285405
6.22916002
4.73779920
1.94710328
4.28125000
8.91406250
5.46875000
8.53125000
11.41406250
4.90689938
4.61653812
3.18945312
5.78189938
8.94108156
1.93131593
7.96875000
4.74609375
3.42643063
7.41731937
9.00781250
4.69295102
7.88126773
13.62923094
8.11295656
9.07722961
1.97338556
4.81901374
4.09960439
30.13617442
6.05859375
1.58316891
0.54101064
10.18555186
3.00585938
14.59375000
5.33593750
8.69954344
2.38639406
4.89485594
15.34733156
12.00129876
14.06901374
12.62500000
0.84619141
6.16406250
6.98632812
9.00846188
5.23763187
14.38736813
11.53645999
6.69531250
11.68994141
3.46679688
2.02539062
5.40055297
1.16292359
17.13346188
7.08561281
2.51139406
9.87141844
7.19108156
2.45898438
6.61718750
5.80078125
0.95361328
8.65625000
7.08837766
1.49072390
4.62075411
5.09994902
10.53971188
6.63248781
2.52506593
4.17578125
13.58544548
1.87353889
4.53922111
0.00000000
14.12141844
10.64843750
8.45491578
16.59683954
3.10221686
10.57812500
15.30468750
6.01204344
10.46158688
0.40722905
14.91406250
0.41943359
4.25390625
2.28710938
0.00430679
11.53906250
6.78515625
2.38806152
11.47363281
1.15722656
6.36002438
8.71695922
1.20621952
5.93359375
3.43109431
9.35992131
9.16992188
2.41406250
5.39453125
8.84195922
3.37516235
6.72233156
1.40266844
1.72330812
9.34375000
9.34569814
2.18782967
13.14485594
10.71548316
3.97917996
21.68033688
6.50716312
9.85400266
3.47867797
13.45751330
3.64534796
5.76041999
4.27343750
6.23437500
9.91048094
7.38639406
5.10937500
6.92578125
5.44563719
1.88004640
5.47265625
14.15625000
5.28125000
7.26953125
2.26204344
10.86295656
0.26953125
23.85904034
3.30144060
2.35188719
3.21810062
11.60937500
7.57421875
7.05143063
1.88411624
0.62646484
0.60770255
5.39290780
8.92968750
15.20312500
0.08447266
4.39843750
9.91471188
2.45084718
8.88672409
0.01858521
7.85156250
6.62970302
10.88592198
0.88916016
4.77506095
0.15706796
2.47186735
0.00000000
13.67187500
2.94531250
10.21516844
1.93294188
6.20638187
7.52734375
4.43814440
1.87321545
7.16764406
13.10579344
5.39062500
14.94889406
3.61718750
3.17187500
12.17187500
12.79166002
1.06185311
3.53613530
0.92138672
6.74609375
2.99707031
4.85579344
7.44498781
3.54492188
3.35937500
3.98437500
5.80468750
15.30273438
0.17675781
5.37401845
11.95540780
9.27701906
16.23437500
7.64062500
10.85937500
7.85546875
7.17578125
0.22603270
3.48209718
1.42675781
6.69596188
2.92072612
10.99788951
0.04508422
11.58772828
18.62141844
14.91178468
18.01334220
4.08854499
8.08593750
6.32389406
1.63281250
2.58235594
4.16438719
0.76985843
0.96484375
2.91762911
14.80029920
6.69027482
3.59179189
15.59424202
0.70507937
17.10968972
2.79460715
17.91308345
6.22591312
24.26204344
15.97591312
3.04882812
10.17968750
16.17187500
9.53906250
13.18814938
2.45442874
4.77343750
3.23437500
5.49609375
2.34765625
2.08593750
0.59375000
0.09941527
3.64030031
3.09960938
5.39876219
2.54264406
19.91535877
0.00000000
15.71386719
4.72477172
20.31819703
6.74609375
10.14626053
0.26902268
0.19860840
7.22298094
5.55045656
11.15445922
1.01253297
7.33209996
11.08293661
11.17903812
4.70280031
10.60338255
9.96321532
7.15526596
9.84831560
6.88639406
4.56640625
1.22561308
8.83170656
2.85546875
9.83593750
2.70539285
3.25359153
1.50195312
6.72998047
0.77294922
4.90429688
1.98046875
4.00781250
7.25390625
1.05859375
6.18878158
12.27117935
5.85113525
0.21728516
3.57617188
8.80661011
4.73908924
0.22542110
11.15348515
11.45735594
4.65299313
3.70801030
3.98502438
11.64891955
2.44222794
10.18814938
16.44220302
4.19419104
1.68815187
7.15234375
1.20312500
2.52539062
0.02944946
8.13509032
10.76741578
6.41227172
0.98774864
0.17257120
2.12451172
7.05110594
3.50633769
2.95281028
12.92675532
12.55965335
1.88183594
8.44889406
0.34863281
3.37172693
7.60630041
12.42283910
7.84880762
2.63265015
5.31250000
3.33398438
4.60156250
5.45914672
12.08414672
5.48859597
0.00000000
16.73079344
6.84554078
2.54671265
14.59375000
9.82031250
0.33284422
0.90885500
7.47265625
3.56640625
22.29915282
17.64933351
11.96093750
0.58544922
9.74218750
6.31852172
1.52815797
0.04605103
10.62564938
8.07161847
1.27929465
4.36718750
9.75488032
6.74121343
17.70035018
3.78044326
1.70084718
4.51171875
5.80078125
10.28906250
15.14843750
0.43945312
1.94433594
6.19367908
3.68132092
10.50488032
4.06250249
15.86718750
11.32942376
5.23860594
16.99934813
1.39761082
19.98226950
7.25683843
6.31250000
5.41406250
0.02972412
16.90625000
8.42187500
12.29703236
7.51188608
0.50341797
9.79948000
9.41406250
10.84016844
5.06518617
1.31534851
12.51293945
3.73144282
0.94629155
3.65820312
10.19685727
0.17350406
7.62564938
23.14159907
14.38509530
2.37109375
7.73828125
4.44140625
11.87923094
2.41080065
9.29785904
12.30891844
4.17155031
8.71875000
4.40234375
4.18750000
6.90396720
10.81478280
0.98193359
6.70344221
0.13525266
12.02847518
10.86783688
14.61931294
2.15966921
13.19562722
6.64844747
17.25488032
2.97558843
2.63834718
13.26374479
1.20020459
2.83398438
13.70800532
7.89957890
2.89632203
9.85156250
0.03543091
8.65819814
2.47656748
2.86523438
12.89257314
2.13086436
6.94140625
10.89062500
1.33789062
0.83496094
6.57681627
1.34896498
15.99218750
9.97566711
0.42626891
5.37627384
4.19176085
6.80078125
2.50976562
0.01980591
0.73779297
5.29971915
0.31558954
6.92724734
7.63997562
11.08235594
4.89843750
2.13834718
9.05379211
1.24942930
4.05045656
15.04882314
18.27328014
11.99218750
4.84992410
18.21843528
4.50390625
7.11718750
0.48388672
5.30436032
4.43847407
3.54752936
7.55859375
5.24576906
2.17578125
0.00339317
9.50423094
12.08170656
14.28125000
7.63704344
3.11881593
2.45800532
2.14355718
8.36067376
0.13672124
6.64420656
2.85058594
2.61914062
12.47656250
5.00390625
1.31054688
6.18033439
0.41235352
5.19563719
5.81998781
14.22298094
5.73014406
6.72265625
2.99218750
7.93359375
1.52962157
4.99576906
1.28125000
1.20605469
2.88476562
11.57495117
1.67838376
6.90950687
11.82454344
3.97233156
13.85937500
2.67578125
6.92578125
7.11751219
4.70670656
5.83496094
12.28906250
4.66861813
11.00228031
10.97656250
0.89160156
11.94954344
3.87565187
5.11718750
2.25805166
4.63477061
4.44531250
4.41015625
12.05468750
3.23665282
4.14119049
3.59895999
15.67382314
0.09016844
8.92545656
8.41829344
2.81412843
9.22912567
0.03418000
1.27441406
13.75451660
0.11252257
7.05436281
0.03424072
6.70703125
7.60221188
10.10872562
0.00785065
7.60156250
7.97015888
1.86284893
1.83203125
4.11629211
0.17838562
4.87890625
10.59016844
3.05436281
2.83024047
2.90869016
5.64891342
1.74674562
4.74218750
9.25781250
1.69254267
4.30159796
6.07031250
4.68750000
4.87466534
18.67774185
4.29231937
7.39843750
6.92578125
6.24649596
4.29296875
3.38085938
4.45703125
14.93750000
3.74804688
4.74916834
0.18033688
14.81185062
1.02636719
5.60156250
9.13704344
14.46451906
10.63704344
12.63704344
3.94856937
3.02539062
8.50732048
20.48909796
5.04655031
1.74804688
3.45703125
13.87004089
2.30468750
1.34375000
3.01529533
9.56901374
5.58951906
2.94921377
4.67594858
8.63883422
4.82780031
18.87402095
4.61832890
15.44058954
3.12402593
6.73046875
11.17610594
8.83528812
1.68350510
0.70744459
9.82812500
7.93326906
4.71093750
12.81250000
8.20735594
1.38248781
5.82031250
1.49804688
5.73828125
1.51464844
16.14713376
2.47139579
0.36067376
14.51432624
3.05501219
0.05912355
0.13354492
5.15234375
18.18391844
4.96451906
12.21939938
0.65804203
3.90535461
2.51652039
20.40526596
8.90104499
17.84066046
17.79052859
6.37890625
3.06054688
12.85937500
14.75292969
6.50455563
7.61999667
0.44868988
17.07096188
17.03563830
4.92301142
6.24968528
20.01562500
21.64562241
8.21973404
9.44791002
19.43428545
6.08203125
0.10522461
8.86718750
11.89381087
3.77800310
4.03125000
5.59960938
15.74641844
3.46012079
2.24105108
8.62076906
4.41406250
5.19577320
5.09017841
10.48420393
4.47265127
12.15136968
6.43652593
6.04296875
3.83984375
22.49641844
6.91373781
11.46646720
15.70540780
3.85742188
9.96516844
5.17545656
2.81054688
7.17578125
2.83984375
8.94531250
2.99837157
18.59375000
19.89062500
7.37500000
10.22233156
16.35579344
2.49967531
3.13281250
8.25846188
14.27278314
8.04346202
13.39908688
9.35872562
5.03906250
8.17252438
4.56575687
3.13281250
2.18164062
2.01562500
3.97070312
3.16992188
10.66796875
4.55859375
2.57063719
5.71842531
13.16137633
0.07653871
10.51204344
7.02311281
5.25390625
5.37109375
2.26399407
0.00000000
4.97656250
5.03336547
3.29085328
8.37500000
1.05794188
2.98405031
10.48437500
2.04101562
6.73437500
0.20780395
6.97086547
3.47420102
2.58016179
8.64843750
11.91227172
7.64632203
10.46093750
3.64843750
8.76562500
6.82063719
0.35856203
1.31152344
10.66003110
3.09387515
8.20312500
0.09014893
1.70898438
13.72786126
3.23698249
2.77734375
6.36718750
3.97013243
0.07906191
1.13378906
5.98437500
4.79101562
4.68782469
3.01139406
5.85156250
3.19156860
9.73616578
8.30760971
1.91895279
9.36392066
0.38705590
5.86425532
0.00000000
8.55664062
0.52628415
13.19466312
5.30859375
8.98258422
0.16666625
5.48795656
0.04284668
0.15576172
15.04580231
0.09286956
2.43359375
1.41300227
0.17684148
6.28336547
1.86587503
1.48796653
5.44774269
1.99756981
3.44726313
4.21386968
12.36718750
6.20556516
2.83968140
11.89408356
0.25915621
28.16601562
6.27799313
5.78841312
11.31250000
10.13834220
12.17415780
2.39648438
3.52148438
18.02619238
1.67302637
12.08038786
6.72429964
8.37572806
0.53442819
4.44660628
13.65723404
2.01725343
7.86661680
2.32283632
1.13590453
0.22640015
3.92708001
0.04508422
16.81330674
10.43053825
6.29053856
0.00725937
3.49414062
11.55489969
6.59375000
0.02104187
5.87338257
2.73681018
1.79053357
0.22985840
0.77148438
12.78125000
10.27343750
7.59016844
8.29264406
11.33203125
13.01933340
0.67795600
4.67903812
3.99218750
2.61816157
2.73014157
3.14681405
8.51562500
1.27050781
0.74300047
8.87869970
7.91964722
4.70312500
4.05468750
4.83984375
4.36745501
1.60351562
8.95150383
1.34131233
4.24218750
2.81061309
2.84661347
5.67968750
8.43302305
0.38460390
5.67187500
0.04267364
0.68876067
1.27565179
0.05651855
6.75000000
5.46484375
11.30468750
12.81867908
3.80273936
4.85905031
7.24707031
9.43750000
3.02929688
8.25781250
4.28515625
8.21875000
1.24707031
14.90266844
3.30142814
4.06445811
8.20914672
5.96272828
9.71093750
1.61621094
17.30190894
12.63998559
6.39453125
0.85235596
3.44986813
5.17903812
0.00193214
5.52734375
9.22687722
6.93718528
1.93750000
11.58137190
3.87565935
6.15234375
16.06445312
3.26708984
3.74804688
4.41406250
19.62271720
18.63883422
7.93570922
7.02930186
9.46516844
8.85591644
0.20772371
3.55232602
2.58829898
24.65551509
0.04508422
7.07633422
1.95084718
6.39062500
0.36230469
15.29687500
10.37141844
8.63639406
14.26562500
8.74218750
1.81738281
1.96582031
0.06713867
7.99609375
10.91048094
3.92155031
5.57812500
0.01582336
8.85066711
1.47355164
2.59602532
18.35612311
10.99218750
1.47558594
9.27408688
9.10514406
6.97623781
14.67610594
4.41373781
5.14453125
7.62109375
0.69970703
0.00385857
1.17968750
0.73893063
1.42024906
2.17773438
3.06118379
2.90073027
0.12017822
1.23046875
0.00155640
1.89062500
0.28049220
0.21191655
1.89441421
6.12658189
2.80273438
1.58105469
1.83736699
0.00000000
13.84521484
10.87141844
2.06217531
15.71158688
2.88020999
2.24414062
12.29508422
0.57747437
1.29101562
5.22557846
9.37598404
3.39859985
9.09554078
0.00597000
21.86034907
19.14062500
0.60628421
11.98079344
7.22591312
5.06250000
7.23437500
2.72265625
8.61718750
5.37336658
1.88444592
0.13916016
1.94250488
1.79199219
16.56250000
6.98046875
8.26204344
8.92968750
10.00064938
4.55013187
8.03548094
11.03060062
10.48437500
10.17968750
6.69921875
2.72851562
7.84375000
6.00781250
6.32421875
9.39062500
1.61621094
5.82812500
3.21289062
10.14062500
3.45507812
9.38020501
0.00000000
3.62304688
8.63281250
9.03727172
3.40608765
5.88281250
4.75348793
4.29924645
0.82128906
5.79296875
3.18750000
9.64404297
5.87923094
2.22428468
5.30468750
9.83658688
7.15722407
0.74642342
7.46532580
0.79736951
3.21883055
3.60905031
7.90144836
0.23209656
3.17773438
5.08203125
1.92773438
5.27700909
2.52181903
5.21336271
1.16749667
7.11718750
2.39290282
6.13736813
2.95801030
9.58235594
7.49576906
10.75781250
6.51562500
3.77539062
5.73437500
6.10595703
3.71289062
5.72656250
12.25000000
5.93407580
0.93701795
5.69140625
10.44352172
3.71468140
1.70214844
5.63736813
5.57226562
0.04508422
11.18700798
7.97103280
3.14469360
10.80647828
4.94531250
0.35083008
16.57454344
4.90983156
5.20344969
2.89030031
9.43750000
0.97900391
5.03906250
5.59179688
8.27766844
4.91796875
5.70280031
13.67968750
9.46093750
16.03295898
3.50000000
0.00651550
10.00324690
6.69987810
8.89240581
12.16260638
13.83235594
7.37109375
14.24666445
0.33675109
11.24576906
1.69042969
11.82096188
4.78841312
3.80078125
8.76985594
6.41918883
0.26700992
1.22949219
5.51171875
7.57031250
0.10048338
9.51920656
9.13281250
5.17836880
3.72397495
4.35579344
13.73600343
2.16601562
9.19639961
0.91102227
0.00333595
10.51235816
10.13052970
2.45736092
2.50000000
7.34798094
0.40956159
0.11159810
6.85937500
3.99804688
0.05224609
4.97460938
9.23437500
3.14916494
5.65690436
3.68906219
3.53320312
6.23860594
1.41569093
2.85937500
6.51562500
3.70332669
0.29056980
2.46597518
1.53207169
2.18654627
0.34653479
5.70312500
12.63476562
1.26171875
2.79556627
2.94499279
4.81608156
6.46256095
12.51464096
1.65756371
5.30468750
21.93391844
4.08561281
8.34375000
3.92578125
0.70605469
0.01686096
3.01009032
5.90201906
1.70312500
1.18391844
3.27148438
8.35514406
12.88281250
3.85546875
2.36905696
0.06014226
3.31004987
0.69580950
3.91495602
0.00000000
4.02945922
0.35579469
0.07696533
9.46875000
1.99804688
10.91829344
6.29655031
7.04296875
2.25000000
14.17968750
6.85937500
10.87564938
3.75520999
13.91829344
10.59977172
0.40380984
2.90039062
12.26562500
0.57576414
1.54850343
9.28450189
5.27669437
7.35481937
6.91048094
0.69303468
12.26562500
2.58203125
5.65332031
2.45312500
9.61718750
5.61360594
1.47070312
2.50113392
2.17985483
3.01772552
3.60955479
1.77441406
5.90234375
1.58333001
4.53776374
8.58593750
0.74820922
1.38948609
0.49584961
2.68750000
0.05838013
4.81811523
5.83203125
0.53417969
5.22265625
9.00846188
4.99935062
2.99266955
1.84912732
1.12726139
0.00000000
1.57617188
3.60721022
7.46896165
9.59375000
12.01269282
13.54622562
9.98437500
0.95475343
2.98046875
10.41666002
15.82355940
12.17384308
11.44954344
4.43245360
3.87662843
14.55924562
5.96093750
6.87955563
-0.07413571
6.56640625
2.59033203
1.81445312
6.73046875
9.69531250
3.57812500
31.11603364
11.58676418
8.75000000
6.33951906
9.15625000
5.28304078
0.32088258
3.53906250
0.38020750
19.94303468
3.09179688
3.14453125
7.62500000
7.92187500
11.35055699
0.27541957
12.66048094
10.69433345
3.41276374
9.21516844
7.55143063
3.60481937
7.98795656
5.23437500
4.17187500
8.25423094
2.05826906
2.73828125
7.57844969
4.35025876
16.44090925
8.67106826
9.35872562
12.51224957
9.76900043
5.05769836
2.02823914
0.81282469
16.96207765
5.76953125
6.46484375
6.73437500
4.85937500
1.77929688
5.39843750
6.73437500
8.28125000
2.12695063
5.19043218
4.27343750
2.10546875
0.00156593
13.79687500
4.45540032
11.11653812
9.12456263
1.77572030
4.82812500
6.60546875
1.46093750
1.25433350
8.19173094
0.84456422
0.25276734
6.93782469
2.59537843
15.34075517
1.68685560
1.66796875
9.22363032
4.08919437
8.47037843
7.65234375
0.03387451
4.93782469
0.81022218
8.75000000
0.03393555
2.07031250
0.33959961
15.56250000
1.48535156
8.34375000
8.49111655
0.42790887
8.47656250
10.21875000
11.09375000
4.50390625
13.71411133
10.86132812
24.11067376
