0.36067376
0.99577155
7.18359375
13.64752865
1.02929688
6.39094969
3.94108156
4.67578125
11.99218750
1.24707031
10.35073582
4.34848293
6.44140625
6.41861813
3.49349124
9.89908688
2.51692874
10.78906250
3.56250000
13.31250000
10.10431738
2.65935449
13.05533688
8.56295974
4.28125000
1.52832031
10.58137190
8.83692154
21.53483156
3.22265625
4.27018063
3.32453846
3.43067154
2.26236813
1.98567874
7.28125000
2.55273438
8.58300532
4.23340093
1.21679688
4.53092033
4.65918218
1.15950687
13.52343750
0.80029297
2.05468750
8.52408688
1.63574219
4.13216312
9.37141844
1.95865968
14.57078458
10.34750886
15.41601064
3.78109264
5.15234375
10.79247673
0.18033688
4.62825687
24.85156250
4.43359375
9.69531250
11.52766844
6.13248781
8.49446532
4.46061281
9.13704344
1.52701906
16.32812500
15.66634032
6.68456782
8.52213874
6.99218750
7.23566379
8.96355496
5.37923094
4.98014406
5.60546875
2.79296875
7.69921875
0.07702637
8.51562500
12.69725205
0.24317764
12.82454344
4.84016844
5.63997562
6.31282469
12.02441406
8.50179078
1.22249390
20.70610648
6.12728280
15.49218750
5.67968750
2.36751219
5.74967531
1.46289062
21.12938830
13.38818484
7.20670656
7.13264517
14.92529920
1.23828374
11.37500000
1.23144531
11.18750000
1.66796875
0.43212891
6.51594969
5.56998781
3.23828125
5.55468750
12.20442376
0.79655280
19.49771720
0.63117908
9.86409796
2.52620733
14.98242188
13.22477172
1.28770913
0.81698692
0.11871338
0.74847412
6.37466534
6.11361591
2.56054688
5.28906250
11.21875000
4.59227893
3.99170545
13.21906472
3.91797872
9.46272828
0.61263062
7.99787456
1.65837544
7.80468750
5.96875000
6.79687002
4.92415780
6.57975343
6.92578125
0.69531250
1.39648438
1.13509032
2.64615968
8.01562500
6.37890625
6.59407469
1.32291750
14.91137633
1.50496399
5.24186281
6.97265625
0.29223633
5.94107159
2.45931903
9.54751940
7.39583998
6.04882812
3.22957336
0.35441101
11.12500000
7.89485594
2.01139406
7.00488032
7.31543218
1.66665649
13.97298094
6.73405031
7.46093750
16.52701408
14.85823360
6.12614140
5.94531250
3.18750000
5.16227172
11.45686890
8.36718750
4.31673094
2.69694093
15.72656250
4.63281250
14.28125000
11.10564687
3.95898936
1.97656250
7.70703125
2.70117188
8.03906250
4.61718750
9.05891844
4.90201906
11.28906250
6.32421875
3.60156250
19.53222407
10.36230718
2.56445312
4.71875000
8.29687500
11.25602172
18.26546265
14.72786126
16.43001219
3.73698249
7.17578125
4.66764406
8.01985594
1.69889406
6.07421875
3.71679688
5.17187500
7.75390625
13.71776596
4.49317154
1.35937500
6.13671875
18.47167221
2.50293716
1.71582031
11.61978502
5.09896498
2.49609375
8.10937500
3.34375000
6.86328125
18.01822252
3.72396498
15.37678455
0.09393311
12.36620346
16.53092531
2.79818373
7.28125000
1.98046875
2.55859375
5.08333001
4.70215093
0.68326906
18.40625000
9.05307609
5.86165780
5.77766844
12.31998781
2.90429688
3.97851562
7.53906250
2.49023438
16.10176086
0.11199951
12.88997064
6.44043218
2.09147218
14.22021484
9.91471188
1.60286624
8.82226562
6.22656250
2.08398438
13.12271720
1.19466561
1.14648438
1.70214844
4.25781250
7.78125000
9.10758422
1.16650017
8.15104499
3.22428468
6.42968750
5.41829344
0.88688234
7.07128657
11.00683843
4.91406250
5.75032469
7.53483156
6.51953125
2.09375000
3.60351562
2.24218750
9.21093750
4.70377438
17.52258052
1.22298592
6.11001940
0.09016844
12.62744016
11.74332890
11.20084220
9.44759530
3.98712490
7.51873448
0.57861328
6.75860927
3.10076573
12.70442376
20.25651374
6.30110594
12.57031250
6.36686281
2.07421875
14.61641120
7.03206671
10.13704344
5.14420656
2.59765625
1.27441406
6.06998283
2.84407967
5.94173094
1.74869875
3.78906250
3.49414062
2.53906250
15.26936766
0.43717531
14.05110594
0.50260500
9.79492188
7.45735594
8.18326906
16.15625000
9.06673094
3.87076906
10.84504876
8.48307624
6.72265625
11.25000000
1.90234375
2.79687500
15.20572252
15.21745124
6.57503546
6.71272828
14.22298094
2.51530031
7.52929189
4.47852061
7.71027815
12.27800310
3.17578125
8.39647939
11.52262079
11.05987252
8.59700189
1.79622562
5.42513187
3.98404533
5.66438719
15.05074450
2.84987034
5.53125000
10.19531250
18.98828125
3.26594969
10.82031250
2.29459718
11.74674313
11.65560062
1.64843750
13.53433954
1.23323858
1.11230469
12.17252438
7.84407469
7.22949468
13.42252438
12.76179431
5.74707779
6.28515625
3.22070312
14.38011948
2.51270279
5.05078125
4.06640625
7.84375000
5.69586611
3.43229001
3.05208499
25.56640127
4.44336436
5.71875000
4.82063719
1.65494875
5.71875000
6.54492188
7.55859375
8.99641844
5.18359375
2.66569093
3.23437500
3.92512190
3.51823747
12.00488032
3.85449468
16.72554317
6.61604610
3.65072030
21.28613032
0.00000000
10.61360594
3.10188719
4.37076906
7.48437500
5.51920656
2.78906250
2.74804688
6.01171875
0.05511475
7.50781250
7.26953125
3.26367188
3.53125000
8.82031250
1.19238281
9.25691711
0.15507019
9.89062500
7.72883533
16.63037234
13.69580452
8.75358156
11.44531250
2.99218750
9.64485594
2.92545656
0.04061890
4.49039672
8.81470396
4.73306627
4.04427748
10.45084220
3.34993905
8.70312500
3.67658301
13.02849512
12.26629448
4.96809314
6.07585217
3.34765625
8.81673094
6.03483156
8.71338170
1.83497340
7.97265625
11.68750000
6.85937500
11.89062500
3.83984375
11.40266844
9.89908688
11.03418218
18.08788564
9.13932624
9.68326906
13.57812251
1.17218972
1.83366965
2.87890625
17.26480954
12.70247562
2.99218750
4.39485594
10.76562500
8.47924867
6.31730164
25.52067801
12.58170656
10.37890625
6.88281250
1.52148438
0.04666138
1.32128906
16.87695312
6.03938719
3.48600343
18.23762938
12.14062500
1.62272218
9.66406250
9.35383533
9.03288342
22.41113032
6.18261968
13.07812500
0.56835938
11.78091534
7.26058732
4.01709109
2.46531458
6.98146276
5.44140625
9.21875000
8.61067376
15.16796875
4.56722296
20.58296629
3.01513796
10.47363032
4.96028812
0.73453859
10.99218750
1.59082031
14.36718750
2.32226562
5.58235594
2.64615968
3.30859375
9.96093750
7.53204677
17.10206449
0.54101064
18.56726323
14.48388298
4.57764295
8.15828430
5.73624695
6.48079344
3.02311281
7.52734375
2.85937500
2.96968857
6.20085217
4.33528812
2.94531250
8.06250000
0.72639891
5.63850953
1.41878297
8.97265625
16.04166002
8.54134779
18.04117797
9.22477172
2.81217531
3.82454344
2.23795656
3.32226562
3.75032469
3.16178468
8.28906250
6.18750000
2.49039672
1.62288453
0.00662613
1.93554688
10.36132314
6.06478280
4.46646720
2.79883311
7.88281250
11.35937500
10.73079344
3.85123781
11.49462766
1.08740359
3.24251219
10.68326906
8.43750000
7.50813719
7.51171875
1.66569093
8.40625000
1.78059813
13.76053957
5.00039652
0.54101064
2.07768229
20.37967864
1.71217839
6.31300199
2.06054688
9.87500000
10.07910156
32.62287955
3.66032358
2.71875000
15.26204344
8.86718750
10.58170656
0.13977051
19.15527095
4.03027593
5.39664672
1.50569703
5.05891844
14.53125000
1.64420656
8.17187500
14.57454344
6.72233156
7.92479721
2.89160904
6.64843750
4.26985096
3.18327404
1.33593750
11.23437500
5.96190908
3.15625498
10.70442376
2.19791999
5.98893063
2.56217531
5.13281250
6.40201906
5.44531250
6.47656250
14.87500000
10.86277926
4.37159574
3.53906250
18.09375000
13.53906250
1.73860594
1.83951906
11.37141844
1.00846437
12.58626219
19.59244626
0.00000000
11.80110594
24.76139406
11.55891844
15.14615470
8.69336436
6.94140625
6.66845080
0.75244764
14.33593750
1.71191406
5.84049313
1.67122562
1.54687500
2.00832486
4.66147495
2.52148438
12.75781250
0.14904785
12.02408439
6.01465093
10.50358156
2.62467531
4.17968750
10.95442376
11.76887190
4.92969747
8.01497562
6.22330563
4.74544437
11.66113032
2.05566655
8.11718750
5.01658910
9.87794215
4.21484375
7.74218750
5.32421875
8.61718750
12.61800810
10.49641844
7.53841312
10.50781250
2.24234985
3.38460328
1.54296875
8.13883422
0.76009156
2.01236065
3.60189716
5.96093750
12.53384752
10.93066655
0.49592642
11.09196420
3.89648438
11.42187500
15.65926086
1.26261414
19.86734486
7.57242797
4.29460217
6.50781250
14.33837766
8.64990359
10.84081782
20.53107270
19.30939057
0.94970703
3.19726562
6.02831284
7.49642342
2.81737008
2.11718750
6.69531250
2.68164062
0.03439331
4.40625000
2.25781250
15.47248892
2.77880486
12.87956560
2.46093750
2.28710938
0.21919676
3.16764406
2.15625000
0.00345802
16.60156250
2.33398438
1.93435648
10.20785294
11.47168218
2.94156860
5.96630735
7.24576906
5.91829344
26.59310062
7.22867797
22.29994752
2.29296875
2.55664062
11.23299071
2.73600343
10.51985594
22.89192376
0.04508422
16.30354610
10.09668218
14.97656250
12.48079344
5.89030031
10.60221188
6.31575687
18.27766844
1.22916750
13.15266844
9.25781250
1.89323000
16.92187500
15.09375000
11.88671875
15.53125000
7.19140625
5.08203125
3.19726562
0.17993164
8.81070922
0.26668336
4.14453125
8.15852283
2.65788342
7.32063719
7.19661126
6.40072030
13.56982422
6.04687500
21.96840537
6.28354775
15.25911126
2.86588874
8.76562500
5.48738586
0.15338072
0.86588625
6.19531250
12.25256317
7.27478058
10.77420989
0.32662019
6.33984375
8.42187500
11.44188830
4.68701795
7.54687500
12.50781250
2.95117188
1.60937500
25.43521720
1.57794770
10.14470855
14.84285461
2.97745789
5.65625000
8.53548094
7.05436281
1.33398438
5.12695312
19.48079344
5.02311281
4.83648014
8.17317376
8.04557624
13.96223626
5.13541999
1.24592517
7.74447030
4.63443346
7.07878435
8.13704344
12.01627438
3.81185062
2.53678468
7.21907469
2.58203125
3.00162843
9.80891844
9.55045656
9.53579566
3.23764184
15.98258422
4.46305297
9.08983627
12.95052748
3.17513187
8.59016844
8.95670656
6.02342753
5.13282247
3.14257812
8.94580078
8.71939938
14.54264406
13.26920656
12.24820922
5.44319703
9.25129876
2.09440436
2.72070312
11.75781250
4.75781250
2.97510969
1.44269504
23.50017107
2.85352061
9.57275266
5.34912234
2.60156250
10.40625000
0.18457031
9.45312500
11.16406250
4.17187500
5.25781250
12.16601562
3.83593750
6.04296875
13.15266844
0.80045656
13.24641844
11.80370346
4.16862810
20.16829344
13.88460328
0.56673219
8.42968750
7.14127189
4.12337655
15.47721188
2.12825687
14.51562500
0.05233765
12.57096188
4.46842531
3.44889406
17.19140625
10.22191282
8.58365719
3.60075077
7.52164672
7.50748781
9.59375000
6.39094969
2.38281250
15.02343750
6.83203125
4.80826906
1.72558594
9.65819814
7.81055186
8.55468750
6.40234375
12.53417470
14.76235816
3.82748559
7.70312500
8.42854610
0.85953984
6.38638409
5.01026263
8.44531250
11.20979859
4.51594969
2.28678468
7.82812500
9.15625000
4.24609375
4.41015625
10.14158910
19.64551529
9.96680186
4.55468750
18.24218750
9.05891844
11.78906250
7.35514406
1.87402344
0.01983643
20.46093750
28.53515625
7.86953776
19.31812333
4.19466312
3.21484375
9.25000000
12.21777344
5.04687500
10.29329344
4.01171875
3.07975343
3.58203125
0.07128906
0.98925781
8.74478502
1.53646498
7.11328125
10.57812500
4.21484375
7.69921875
2.89876219
7.41764406
0.49633789
0.00358200
16.66991689
0.00000000
4.60156250
1.93261719
8.04687500
14.00000000
9.46516844
2.59733156
14.59375000
6.36783688
3.55045656
3.66894282
6.32894171
6.57600953
3.29719969
14.42545656
2.95898438
9.35156250
3.18750000
12.17610594
6.57780031
3.21875000
9.40625000
8.50000000
0.32226562
5.67578125
2.18554688
4.47721188
2.15950687
9.18359375
10.64843750
12.99804688
10.16406250
5.32031250
8.41752106
0.57222504
1.79785156
3.25528868
0.25504533
12.01342694
4.67757203
2.25552970
20.23405031
3.29492686
14.42610594
4.73795656
9.67187500
0.47892211
0.10835816
15.64208112
0.50830950
4.92805657
0.03143311
2.49023438
14.04687500
14.08528563
19.01920656
1.99218750
8.28125000
0.15625000
7.97879630
7.85270390
3.05679799
10.79182844
11.87858156
5.51562500
2.59407469
21.39420656
4.80533688
12.44466312
3.54849347
16.94369403
4.65625000
16.74641844
21.83170656
6.94026610
2.45475343
6.01818817
0.45373566
1.44433594
12.16421986
1.06917858
8.58853502
18.19499279
8.14420656
5.75000000
6.01985594
5.62467531
2.92187500
1.63981078
6.45100953
7.10546875
10.05468750
1.25781250
8.78613032
5.29199468
19.98242188
2.91748047
4.50000000
19.92382314
8.45898936
18.49820922
1.55973017
11.11277926
7.53207668
0.89615968
7.82031250
5.99218750
2.06835938
2.29296875
14.02343750
8.73209220
5.16471188
5.16960217
1.64257812
10.37109375
8.60156250
7.17968750
0.09710693
5.60709220
4.52376219
2.45703623
3.05664062
16.50483029
8.25325687
13.67187500
5.33593750
15.37988281
10.42719871
7.82682624
6.10985705
3.24138076
7.12890625
9.16829344
19.06738032
7.45963874
6.19531250
2.20703125
6.40852283
8.40788342
6.02245346
6.96582779
16.02766844
9.82389406
8.62890625
17.35221188
2.66731937
19.69921875
3.81835938
19.35579344
1.53971437
18.15168939
0.00000000
7.98632812
24.19009752
2.09701185
15.23925532
0.12597905
10.54573360
1.23111813
1.46338264
16.37336658
2.45508311
11.49576906
18.35741689
8.54915780
3.00162843
9.75000000
2.76757812
6.40234375
7.37109375
11.15869141
3.02929688
8.32812500
2.51171875
3.81445312
3.67773438
0.13500977
14.09977172
9.85953236
5.47038342
1.07031250
14.26562500
5.82258533
5.59147717
5.66796875
8.17187500
2.33593750
0.92480469
10.44531250
13.80468750
10.76204344
1.87792969
15.06608156
2.12516235
13.17789672
11.33983378
3.20281028
11.17008422
11.12744016
14.50064938
0.13525266
3.13037234
19.60660018
8.72152482
3.19563719
2.54069093
13.63932126
6.83088985
10.13330452
10.15266844
16.92350343
7.40039062
7.86328125
7.62109375
15.04752438
4.27669437
4.20312500
11.98079344
6.07519282
4.66276374
2.51562500
22.12628879
7.04167996
3.32421875
6.50781250
18.15657469
13.02668939
3.70150155
13.59016844
11.87923094
14.32680423
2.95117188
3.34212157
13.44889406
2.53515625
17.14192376
6.49935062
7.88216312
6.26269282
8.26090204
1.20719858
8.91406250
2.24576906
9.76269282
1.00976812
0.98339844
15.12694814
13.00748781
0.00000000
6.59765625
17.38883422
5.70491578
8.76472961
1.93155945
0.41113281
9.90929927
8.98795656
8.63997562
7.49942930
4.26520668
10.89747340
5.98437500
6.85937500
5.13378906
4.20312500
16.96695922
5.15445922
12.90625000
6.42936281
9.32877438
0.88720828
6.48616578
10.64843750
3.13671875
17.99641844
20.07812500
2.07584718
2.98632812
15.19173094
16.29264406
9.51562500
1.83984375
9.03125000
10.13346188
11.36425532
4.08463874
7.67936281
5.92187500
3.45703125
0.89453125
13.04329344
7.44531250
9.62467531
9.30110594
0.21598390
5.30337877
5.79215204
9.22835328
4.10091312
3.73405031
13.74837157
5.21451906
5.83203125
14.81250000
2.59375000
14.28026596
2.01660904
7.97265625
8.51562500
1.74804688
5.19399879
2.29037621
3.00585938
4.16406250
4.15234375
1.65917720
4.58496343
5.83203125
1.69531250
8.97069814
5.58105718
5.10449468
11.39485594
4.87955563
4.36621343
9.74039672
7.50179078
11.05468750
3.18945312
1.46289062
13.95312500
12.36783688
14.13126773
0.60050476
0.36557961
0.81910339
5.63053967
17.92903812
7.70344567
6.68750000
7.56250000
4.46484375
0.79931641
14.51626940
0.00000000
14.26953125
9.94954344
1.28873781
8.85156250
18.22008837
14.05761968
6.57388409
4.24252216
3.75683594
8.32031250
4.52343750
17.54687500
0.02391052
7.33723626
7.25259752
4.20704122
2.52343750
10.58593750
7.66015625
11.43098626
3.76823249
5.52734375
2.62141844
9.13997064
13.07136525
21.07154255
7.46875000
4.00781250
18.22265625
2.43359375
9.31250000
12.20735594
4.19108156
15.42479472
4.10189716
3.00748781
3.62890625
6.84696255
2.46944370
2.73095703
2.90429688
8.90625000
9.64062500
8.11328125
21.71418440
2.67644060
9.45312002
0.45084220
8.77995124
12.85937500
6.61686281
1.62141844
9.33593750
7.17936281
2.39453125
2.98437500
17.98437500
15.14843750
7.90625000
4.28906250
11.00423094
7.82780031
14.30663564
6.48633311
1.29492188
6.31639628
7.70704122
0.93359375
10.86360594
5.94531250
11.64420656
3.39843750
16.06250000
13.21093750
5.53645501
17.70003546
0.67220094
11.32031250
1.28808594
7.14062500
0.56119750
5.74788453
10.09504876
4.33073249
1.76367188
5.33593750
1.07714844
6.15234375
22.20139885
15.47656250
6.96679688
24.46158688
3.08950909
0.00000000
12.79687500
1.65722656
8.16406250
1.80664062
9.68668578
1.65511109
1.48242188
8.25000000
5.87890625
16.70312500
8.86848626
5.87370124
5.92187500
21.99348626
3.43815436
6.61742354
5.80266068
1.82600953
9.08007812
12.42187500
7.51953125
11.08593750
11.17610594
5.72818595
3.98242686
3.19335938
8.91014628
11.85366800
1.60532634
10.67187500
3.69726562
7.08536680
5.48494570
11.04687500
4.78401485
8.74332890
14.07812500
12.35156250
5.98046875
3.39517814
4.58040780
4.38541002
30.36869885
4.90201906
2.16243157
0.54101064
10.18555186
3.00585938
14.59375000
5.33593750
8.60937500
2.47851562
4.87532469
14.40201906
11.74771720
13.37728280
12.80468750
0.58984375
6.47656250
8.56054688
12.38704344
4.68326906
15.62239251
11.36198249
6.96484375
10.29357910
5.83658688
2.86849124
6.69441711
0.81713805
15.82812500
7.78906250
4.11295656
8.94531250
4.21126219
3.03678468
4.59016844
5.61295656
0.89404297
9.33235594
6.52612367
1.03019226
4.48631816
4.20345966
10.46451906
9.17187500
2.78710938
5.15625000
10.05981383
1.39233461
4.85578846
0.00000000
14.12141844
10.64843750
8.45491578
16.56558954
3.07975593
10.54687500
15.36360594
6.85156250
11.12694814
0.05973889
15.86718750
0.70898438
3.76171875
2.79296875
0.02612305
10.05891844
9.44889406
3.60595703
12.86816406
1.69726562
9.54394033
9.16113032
1.44239029
8.03906250
4.23956506
9.08660682
16.32421875
3.79882812
4.42578125
9.43750000
6.08626219
5.76920656
1.81900377
5.43099623
10.22656250
11.59439938
2.42708499
10.55891844
14.98160018
4.20948138
21.26692376
7.06152593
12.87385860
5.77587766
13.45751330
3.64534796
5.76432624
4.26171875
6.17187500
9.98860594
7.38639406
5.05078125
6.84765625
11.12500000
2.64990234
4.89453125
14.74218750
10.73828125
8.15445922
6.50992797
10.10221188
9.29199468
18.35286126
4.86979499
3.63183345
7.64615470
12.97396498
8.35156250
8.87206782
2.39941655
0.56591797
1.47403057
5.25424091
9.89843750
14.49283688
-0.04274412
3.71451906
9.46158688
4.90983156
9.63007287
0.04049683
7.01204344
7.07811503
10.06999778
1.79492188
3.44319205
0.20426889
2.05020743
0.00000000
13.67187500
2.94531250
10.18391844
1.93587157
6.15950687
7.57031250
4.38931627
4.00912123
9.47656250
14.77766844
8.05924313
16.90136968
4.50032469
4.53092531
12.47656250
12.92447252
0.69271249
4.32715093
0.66601562
5.87890625
3.49707031
5.16406250
5.41406250
4.77734375
4.96093750
5.38281250
4.82421875
17.56897371
0.61803801
11.27798815
8.41146498
12.87500000
17.42187500
8.44531250
10.31640625
7.86751219
7.17545656
0.18745848
3.37662843
1.90234375
12.99527704
2.60790143
12.40528091
0.04508422
11.58772828
18.53125000
15.00195312
18.01334220
3.99837655
8.08593750
6.39453125
2.72265625
3.99023438
6.12564938
0.61067874
1.28808594
3.48924535
19.22067820
7.15335770
6.53580563
14.29443484
2.25765015
16.07257536
3.65008089
17.68196282
6.54948249
23.33278069
13.96891608
2.65429688
11.10156250
21.57421875
11.69173094
13.43586658
5.28678967
4.47623781
4.25390625
12.55956782
2.78613530
2.14062500
0.37231445
0.09694716
3.47233156
3.43164062
7.19465315
2.45378435
17.61132314
0.00000000
15.71386719
4.67968750
20.28125000
6.73437500
7.96394836
1.38875305
0.35286500
8.04687500
9.72265625
13.73860594
7.24186281
9.77977394
10.50212544
10.08951906
6.05436281
13.46069336
12.82551751
7.60920767
8.42953014
8.68261968
5.98046875
12.98274657
12.53483156
1.97265625
9.85937500
4.61033910
3.03028590
1.24707031
11.19726562
2.96484375
4.99414062
2.94531250
4.90234375
13.24641844
5.82780031
8.80468750
10.77600098
5.34216309
0.27124023
4.39062500
15.44563719
7.89127438
0.22542110
11.15348515
11.45735594
4.64908688
3.70605718
4.01236813
10.11278425
2.59164450
11.30110594
15.79723267
3.45634889
2.76757812
9.94954344
1.98600343
3.65657469
0.03910402
12.34407469
9.79866578
5.50992797
7.90697806
0.38175975
17.25830078
4.65299313
9.11391568
3.18068151
10.03971188
16.32568609
6.13769282
9.37011968
0.27124023
3.12217618
8.37257479
16.80744238
9.14824578
1.34313996
1.49218750
8.62500000
6.39453125
7.58593750
14.89062500
7.13443097
0.00000000
16.73079344
6.84554078
2.54671265
14.59375000
9.82031250
0.28690551
0.99300172
7.51594969
3.45670656
23.80891844
17.36637453
12.98437500
0.49096680
10.47656250
5.98079344
2.73795656
0.05511475
12.00423094
7.76626441
2.00098902
5.43359375
12.25552970
8.88509530
15.18196033
4.60840093
3.48307624
4.08984375
5.17968750
9.88704344
14.48616578
0.72542359
2.76171875
14.22134752
3.43099623
10.36132314
6.53320811
16.45312500
10.92447252
8.97721188
17.24089123
1.39761082
19.98226950
7.25683843
6.31250000
5.41406250
0.02972412
16.86718750
8.09375000
10.72248892
7.42724734
4.75260749
8.16422485
8.23616578
12.26025266
5.24992991
0.66657524
13.17610594
5.99430297
1.23584109
2.86328125
14.11441268
0.47640763
7.22427970
22.89941157
17.16569592
3.85937500
7.31022218
3.44335938
8.97298094
5.38703347
6.42904809
14.54329344
5.85514406
6.49609375
4.32812500
3.59765625
1.91373033
10.86458998
1.47753906
5.45018784
0.13525266
12.02847518
10.86783688
14.61931294
2.16748171
13.21906472
6.48015403
17.27961907
2.95573249
3.52180907
13.99467064
1.66911015
3.14453125
11.29231439
7.55729499
3.71109985
8.94710328
0.02606201
14.06509752
2.08333998
4.25390625
17.34097518
9.07015514
5.36621343
16.90266844
0.94124390
0.74788453
13.26822252
1.83138685
15.96093750
14.76562500
3.08789062
8.81800976
3.92840868
6.95280031
1.48925781
0.07843018
0.61262938
6.44238032
0.31558954
6.92724734
7.63997562
10.99218750
4.98079344
2.13053468
9.05033356
1.26363004
4.05045656
14.06460550
17.76531028
12.45312500
5.92186503
19.71127216
4.40592531
7.66406250
0.65820312
5.13997064
4.82974845
2.70020279
9.03125000
5.02343750
5.34765625
0.00372314
17.34195922
10.91585328
16.26562500
11.05891844
5.69889406
3.96255597
3.54330341
6.52083001
0.30485358
7.12500000
4.30566406
2.98437500
12.11718750
5.05110594
1.89225343
12.43944814
0.41235352
5.19563719
5.81998781
14.22298094
5.73014406
6.71875000
2.94531250
7.55859375
1.83593750
5.79296875
2.47460938
2.13085938
2.13476562
11.50195312
4.98567376
10.11588874
16.28125000
4.28580563
13.86653812
2.47070312
6.59375000
13.09798094
5.89420656
7.80224609
10.20312500
11.85286126
14.49674811
14.95312500
2.87109375
12.63704344
14.02115968
9.27408688
3.22167470
4.64193373
3.50000000
6.80078125
15.97656250
9.93814938
5.05117297
6.04264406
8.87988032
0.09016844
8.92545656
8.41829344
2.81412843
9.22912567
0.03418000
1.27636719
13.78356934
0.20986264
8.67122562
0.03631592
8.35937500
5.92447252
9.17708998
0.08123779
4.74218750
8.14062500
1.82910156
1.84570312
4.80891844
0.45280031
5.30468750
10.63167110
3.28418093
11.46581782
4.71028812
5.59780510
3.02148438
3.45703125
9.39062500
6.66372784
3.15267841
6.52734375
5.12109375
7.64745346
20.90983654
5.81998781
12.41764406
7.21484375
8.70383501
4.92219969
3.29069093
3.27929688
18.60742188
3.24837157
3.01366938
0.18033688
14.81185062
1.02636719
5.60156250
9.04687500
14.56250000
10.62141844
12.64485594
4.72200687
2.33984375
8.82161126
21.09797097
8.12338652
2.26171875
3.21289062
11.96157588
7.49121343
2.05078125
4.24656085
5.36476728
6.37500000
6.24770723
7.44369902
7.87890625
5.27343750
19.12271720
2.91439217
15.04459220
2.41243905
7.67968750
8.33235594
5.91931152
2.02114847
1.30616356
9.92968750
9.81250000
4.70312500
13.50000000
12.39615470
2.61198249
5.22623781
3.07617188
8.09798094
1.59342531
17.02261581
10.95595250
0.36067376
14.51432624
2.96484375
0.14929199
0.13354492
5.24251219
18.09375000
4.97233156
15.29524158
3.61100842
4.46126219
2.33756593
15.69905142
6.98258422
18.54557624
19.03060062
7.31640625
3.26953125
13.87500000
15.82031250
8.02456893
8.28312943
0.26041687
17.81250000
16.96288564
3.92931630
8.48470966
19.90983156
23.74937968
6.54688497
9.93163564
19.51051972
7.58984375
0.02719116
9.09375000
12.57120353
3.51595467
6.14453125
5.82031250
14.45312500
9.00976064
4.59180186
8.38883422
4.15804078
4.15908787
4.45671653
14.33918939
4.47265127
12.15136968
6.43652593
6.04296875
3.82617188
22.44954344
6.91373781
10.17740221
14.19271498
3.49414062
10.46093750
5.62500000
4.06673094
6.86295656
2.51953125
8.76985594
3.52539062
18.34375000
19.47233156
11.95556516
9.58951906
17.21337766
1.32259281
2.64062500
8.61425532
15.72525876
6.41060800
14.52603502
9.35677748
5.28125000
5.68424313
4.70247562
6.01171875
0.76367188
2.50389379
4.10092309
3.50748781
11.35384032
3.79264406
2.66308345
5.77246343
15.99462766
-0.00182981
13.48079344
8.64420656
9.47656250
5.72656250
4.09049064
0.00000000
4.97656250
5.03336547
3.32405640
8.37500000
1.05940672
2.96451906
10.48437500
1.74316406
5.81282469
0.11747316
6.67968750
4.37238254
4.95216090
6.32780031
11.19531250
7.80078125
12.76627438
2.38216312
9.41406250
6.95556516
0.35815554
1.61132812
10.61975067
3.49353058
9.71875000
0.06045532
1.82128906
11.25976064
5.57259530
2.61881593
6.82454344
3.67643063
-0.06725825
1.14160156
8.76204344
11.05240968
5.94140625
4.76953125
10.62500000
4.74218750
11.19954344
6.35789894
3.64177637
8.59488143
1.58089982
7.08756095
0.00000000
8.60172485
0.48119993
13.19466312
5.30859375
8.95133422
0.07698609
5.57031250
6.05859375
0.47371336
14.97125887
0.09286956
2.31835938
3.71109486
-0.08633900
5.87109375
1.68105809
0.92074855
5.07713598
2.38575465
3.53287096
8.83333998
11.23437500
5.91227172
5.22086547
10.53175920
0.29042588
31.61596680
6.27310783
9.90316046
8.66943484
9.50423094
15.57389406
2.55468750
7.01204344
17.51334220
2.86914561
9.22916002
5.95052748
10.18879876
0.04923835
3.96744127
12.05208998
2.92187500
8.49873560
1.92509253
4.45524047
0.23640992
4.09830065
0.04508422
16.81330674
10.38545403
6.36296653
0.00805664
3.52148438
13.92222595
6.94921875
0.05667114
11.14237976
1.78157220
2.10612311
0.43701172
2.73925781
14.92187500
9.51562500
7.20084220
9.07259530
15.62109375
9.36254197
0.71118849
5.41406250
7.25390625
7.28548094
3.12344962
3.27767342
10.29264406
1.47949219
0.71582031
8.82831299
10.73217773
5.91992188
3.47460938
7.89094969
1.03430322
1.27050781
13.61035032
0.56836062
5.69921875
9.15949690
4.02800310
2.97070312
7.29296875
0.03775024
12.73437500
0.78808594
2.05029172
4.67284533
0.05651855
6.75000000
5.46484375
11.30468750
12.82649158
3.75977061
4.87467531
8.47851562
9.44531250
2.37337157
5.77701906
2.98437500
9.29687500
1.53808594
12.69173094
3.50031971
3.52865248
5.96126219
3.84147218
10.61360594
0.74528078
14.42527288
13.01856715
6.53906250
0.95098877
6.00032469
7.91194703
-0.02234862
5.57812500
10.76593972
8.56820700
1.77132203
10.82355940
5.45378435
6.38671875
18.37695312
5.48242188
2.22265625
4.59765625
15.16926751
18.77945922
5.39241578
8.01432624
8.13704344
9.54866578
0.12410523
1.57177610
2.88248781
25.17545282
0.04508422
7.07633422
1.95084718
6.39062500
0.36132812
15.29687500
10.36718750
8.75000000
13.21875000
8.38281250
1.29394531
2.32226562
0.06530762
7.88313719
12.64843750
4.00748781
6.16406250
0.02125549
9.46093750
1.28523742
2.85041923
18.83822030
11.02164672
1.20393922
5.34472407
3.54427249
7.58951906
14.96939938
4.76627438
4.93620124
8.82812500
0.68554688
0.00689697
1.36425781
6.43130098
4.88510527
3.78710938
5.73957004
3.34636746
0.11859131
1.72167969
0.00144768
2.62695312
0.16415776
0.51130305
1.42300269
5.92123559
2.96093750
5.20703125
3.09890850
0.00000000
13.84521484
10.87141844
2.06217531
15.71158688
2.88020999
2.21679688
10.81941711
0.27164734
0.67578125
7.87662345
8.29134530
2.54296875
7.37109375
0.00283241
16.24462641
17.64062500
2.41699468
11.18750000
8.20914672
2.41390015
10.41829344
2.48014406
8.34375000
4.15478391
1.54541140
0.27099609
3.12060547
1.70214844
15.68750000
8.50781250
10.41406250
3.66796875
8.26204344
9.64729610
8.76253546
13.72656250
13.82031250
11.31445312
7.65234375
2.38476562
6.47656250
9.83235594
5.80436281
9.84375000
2.48046875
7.16406250
3.83984375
10.10156250
1.15136719
13.04036126
0.00000000
3.62304688
8.63281250
9.03727172
3.40608765
5.90234375
4.75153480
4.29143395
1.01269531
5.87109375
4.26171875
10.12255859
7.34407469
2.45280031
15.66015625
9.61415670
7.83929299
10.73795656
11.98095080
1.16651014
5.84277344
2.52929688
13.38883422
2.68733765
3.44140625
5.28906250
1.62402344
6.49250222
2.53874778
4.66876552
1.79803135
6.44531250
2.11523438
7.28189938
3.51692874
15.23860594
8.01139406
18.42187500
6.91406250
4.40266844
2.82389406
12.07259032
4.29264406
5.80078125
11.83593750
9.46288564
3.04297373
7.48437500
9.74039672
3.17561890
1.89257812
7.20377438
5.36328125
0.04508422
11.18700798
7.97103280
3.14469360
10.80647828
4.90429688
0.35009766
16.95312500
5.25390625
6.09016844
3.96061281
10.17008422
0.80110719
6.63281250
6.23046875
8.20312500
7.50487035
8.09278590
14.00781250
9.25423094
11.88444093
2.09570312
0.00477982
11.31542221
5.82162123
12.07779034
11.82422872
13.69596188
6.80859375
15.80403812
0.29077148
8.01383422
1.01839234
10.63769282
1.75097905
3.16406250
11.11718750
8.89741911
0.41019808
0.83593750
5.51562500
8.42187500
0.00310898
12.94173094
11.33593750
5.80240470
2.78320811
3.50781250
13.45019531
2.45703125
9.84399248
0.60913252
0.00208282
15.38508533
10.13052970
2.45736092
2.56282469
7.23437500
0.40712018
0.11147603
6.88281250
5.77734375
0.06945801
6.80468750
8.14062500
4.45978987
5.96452404
4.54236447
2.43945312
9.91829344
1.67057375
2.68164062
7.54687500
7.29182735
0.34342656
7.98110816
1.52865746
3.21515847
2.91765403
6.30078125
9.65039062
3.50781250
3.57779533
4.60775155
4.34765625
4.09732658
14.74413564
3.00651872
2.88834718
17.10579344
3.96842531
10.43750000
4.93750000
1.10351562
0.00190544
4.78254876
4.62760749
1.85449219
5.80955785
4.95997340
5.80859375
14.89062500
5.65625000
2.02539062
0.02726746
4.37075909
0.86654560
3.77424549
0.00000000
4.02945922
0.35579469
0.07696533
9.46875000
1.99316406
10.91829344
6.30045656
7.20703125
5.59716797
14.17968750
8.15625000
11.09439938
4.71842531
11.90983156
8.00992797
0.55599000
3.42382812
12.72656250
0.77018063
1.36360843
12.13443595
5.62402593
6.56575687
6.37890625
1.66992188
14.65625000
3.44140625
7.88476562
2.71875000
9.56250000
9.88281250
2.33626219
8.00064938
4.27278812
9.95066490
5.47479166
6.21093750
6.84765625
3.31835439
4.22461436
8.72656250
7.66015625
2.20703125
1.30273438
2.63665725
0.31134080
8.64843750
7.08984375
0.74755859
7.00000000
8.24218750
2.27734375
11.86759087
5.45662788
1.85367423
0.00000000
1.57617188
3.60721022
7.46896165
9.57812500
12.01269282
13.61653812
9.93750000
0.93229250
2.93945312
9.51627438
16.54589096
11.48894060
11.61718750
3.30468252
4.31803967
20.32324219
9.98437500
6.49609375
0.16918945
5.92968750
7.58007812
3.92773438
9.47298094
10.62858156
3.33593750
33.65623754
8.80014184
5.60774407
4.13118905
7.81673094
5.07389406
0.27954102
5.37500000
5.35188719
23.64030031
2.57226562
2.55078125
5.58235594
5.47623781
13.10567044
0.21635105
13.48079344
17.78450189
3.85775155
9.34798094
9.23437500
5.04264406
8.56250000
4.69531250
3.75000000
8.84798094
2.22623781
4.38281250
9.43750000
4.80207752
16.44090925
8.67106826
9.35872562
12.52006207
9.76900043
5.06941711
1.71573914
0.85384032
22.66178468
5.37109375
6.30468750
9.64941406
6.80891844
1.98600343
6.68359375
6.55501219
9.37076906
7.04410018
4.44418107
4.51562500
5.71875000
0.11871338
19.15625000
11.09569814
10.88037234
22.35400266
2.80273936
6.27734375
7.78906250
4.87109375
2.32080078
7.30501219
2.47921792
0.35004723
7.95703125
2.20312500
17.30938575
3.83920434
3.18359375
10.99185284
3.27767841
11.40039062
10.58658688
9.70158023
5.51261414
2.87337157
8.90201906
0.06262207
3.92578125
0.59863281
14.75000000
1.91894531
9.51562500
9.02448126
0.59293703
6.47395501
10.45182624
14.53906250
5.07031250
11.46533416
14.18929078
20.97004876
