0.11271055
17.30090425
17.72464872
25.25191378
11.02600067
2.45100953
6.83984375
0.94763184
3.61494903
1.19807984
0.50585938
12.01639739
2.06803468
9.09683954
7.52425421
0.17862945
0.63179535
0.03246551
16.84032059
2.32242797
7.94230164
13.40612700
0.60107546
17.92085661
16.91474997
10.61703014
0.47338867
1.26074219
4.15926086
15.06070922
3.03979554
7.89017731
6.84810394
5.09350399
0.95158023
0.88391082
0.86495027
7.36584442
9.18404144
4.21866883
6.27644836
5.66060394
13.35758422
1.26981660
11.71756926
3.84252992
2.69185394
0.77832031
2.01594969
1.66276125
3.60156250
5.06664728
3.49975897
14.68737700
10.88915590
24.58593750
1.52290863
0.90429688
2.59090149
0.08382172
3.25240082
16.33504211
7.70876774
8.20463541
4.41036790
1.91149933
8.00691711
4.20703125
1.50797485
2.38745179
4.52689606
2.89333556
3.57195589
16.00000000
4.09936337
0.12231632
25.25248199
6.28720746
0.03115192
10.15508789
13.60310727
13.59724156
13.43678191
8.76551819
0.66558838
7.89017731
5.14843750
1.88085938
7.33113586
1.54309113
1.63102172
6.50781250
5.36116578
9.24910461
3.42427582
6.97224291
1.91101728
6.38980517
6.25407934
2.33614417
1.89790863
8.59977172
0.16418426
0.26436433
1.27246094
11.92024719
5.80939759
1.38782452
3.23893811
10.22265625
6.05423981
8.20702377
8.67215537
13.01531028
4.46195589
0.13545684
11.45926972
5.85546875
5.47521942
9.19166877
8.06941711
4.72745789
2.03515625
7.95613586
7.53995789
13.11531555
0.55851258
0.14800901
3.48193484
2.81009918
8.70812833
2.30208499
6.76338653
10.88491800
0.39616965
12.31448997
2.94401374
9.90167299
5.47265625
0.73543274
0.02455658
6.09029144
6.50500333
0.78556460
0.62300629
8.76562500
2.26855469
7.86328125
3.76953125
3.37890625
16.28754959
9.40711103
10.17959885
4.43627743
9.41016622
2.55619293
0.45747894
9.49129211
0.32096375
3.23844360
1.27156555
2.51049867
1.88822418
1.15669769
1.00781250
6.55840909
11.61661929
8.40229943
4.81689827
1.54020141
13.15100067
6.08516511
11.12629876
9.53369016
4.17985483
15.53202239
1.95625886
19.75133312
6.74240040
12.84325549
22.54394282
0.52242907
26.63570160
2.44921875
12.17605165
4.50709441
0.43715538
6.30607491
3.03666168
11.08288232
20.02303413
0.23681641
5.13920074
7.28189938
2.42859042
2.22355164
5.55532318
0.02436829
1.42187500
8.44706145
9.26993836
4.98315492
10.93045989
8.42793855
4.17228699
7.08939606
11.23437500
17.15592976
3.01626993
6.08606050
10.15445922
1.30700715
1.15572113
6.53299646
6.16622229
5.96875000
19.26517731
0.82368988
1.84871399
4.44230164
0.92342102
0.35689301
0.41353363
16.74794919
6.02062833
3.12644170
3.81188996
1.86523438
4.21484375
0.23832184
0.81636566
0.20520020
5.14318817
0.20874055
0.27221680
7.40445673
6.39619903
4.04468085
2.10245789
6.75781250
3.79341644
0.51713043
11.45747894
6.81160461
0.55692286
4.67346409
3.35681183
4.18448914
2.00826019
0.84623199
14.26997894
1.44705896
5.48262854
0.59619141
10.97477172
1.24666196
10.20337101
8.77387523
12.02800310
1.10783023
8.13537567
3.21590149
5.25268617
1.06693512
1.88814301
1.22363281
0.03123474
4.88671875
3.32226562
4.36217919
2.51672706
3.18505859
0.51708860
4.59130984
0.36694336
2.19140625
4.23046875
2.03515625
9.17113697
7.85188719
0.26555006
1.23603997
9.38497229
1.23205535
5.32991578
5.56640625
1.83158356
1.43697113
4.61283356
5.14575133
7.79956117
23.04508422
0.18758180
2.46138519
1.67390930
15.20210661
6.09200168
6.93314606
7.74173981
0.11832703
2.47070312
7.21984708
0.55167789
1.51216644
11.29162567
10.64627771
4.29211768
5.51997894
3.35892731
0.40327973
1.94728970
12.50209108
2.53890015
14.69966644
2.58292664
1.31929161
4.84379432
11.97220856
1.29035565
1.37293384
10.77662140
4.93945312
11.12544769
3.44625664
3.52539062
3.58398438
5.86283356
-0.00447326
17.50028037
5.63093307
1.42347406
10.17305076
13.51688940
1.23193484
6.34619141
1.20125305
8.87975396
3.08789062
11.75345856
2.62935394
1.66796875
7.46785461
4.67097587
11.72965204
2.09684951
0.19455963
6.98046875
6.40881317
18.01306183
1.14400238
5.16361481
2.48872894
9.05725067
10.30366911
11.54533023
0.59183559
2.80928745
1.41406250
6.11914062
6.10156250
2.66361481
4.64204926
5.55468750
11.61185699
14.78006926
3.00846437
6.50390625
5.92101397
2.45398603
5.07421875
0.55765777
11.19877106
2.35502106
0.50524933
7.15189606
2.94966644
6.37801086
0.20597289
0.14050355
0.18680816
4.03072113
1.63867188
6.58984375
12.12996274
5.93505984
5.34122742
16.60502106
3.62935394
3.95825133
5.65112367
2.20267731
10.21439606
0.29874695
0.13478545
7.80647828
5.08638519
5.72656250
4.48046875
1.77139946
5.62581671
2.76981660
6.80220551
8.34375000
2.54492188
11.60668883
1.33850067
6.49848959
6.75512633
5.10543439
0.15730805
0.48954254
3.34322113
10.03645501
18.23181183
11.40482823
3.73448305
2.44325132
9.59989472
3.39497894
4.54723654
5.84257424
5.52913453
7.31551086
6.60591644
3.52689606
4.32120789
14.22416168
6.07140958
2.48718417
12.40702239
0.13350496
4.41255707
14.51908356
1.69380707
12.69877106
2.04642731
8.49475067
15.00142177
3.30208499
2.55615359
7.94095856
3.73677582
6.55362478
4.08219858
8.73692820
2.75615469
0.82568359
14.66369349
4.42773687
10.84064052
12.45367131
0.14943327
2.39750277
10.00000000
12.89211548
1.31792663
8.25471922
1.67952515
2.87768617
12.29508422
1.60042359
0.32080078
1.67761137
8.38293550
0.40506988
0.00513214
0.38012695
1.16227426
2.34705618
1.91495789
9.56685394
6.98828125
1.57226562
3.47176086
4.81730164
5.29642731
4.47591063
6.88114472
0.70300324
1.78072113
14.92085661
14.58606050
4.01261414
1.87695312
8.67521055
2.49320091
0.34237131
4.86269816
23.54424136
2.25480164
4.02311281
10.44815603
2.93315104
8.56761636
4.66631094
2.59330231
2.59419769
7.16451019
16.87441933
7.34196919
12.94376773
0.80375152
1.86861176
6.59375000
8.60156250
0.66459137
-0.00123077
1.04003906
4.27600098
14.56506317
4.32153258
1.93973847
11.18929078
0.02600098
1.04410766
15.43025758
1.89941406
26.82421875
16.70470413
7.25969193
21.28128436
8.05119459
4.53604790
7.44568151
6.28829011
3.16992188
2.44531250
16.04211268
12.48217836
14.49820922
16.44596188
2.45532413
10.96427305
6.10977837
0.60555491
0.87402344
25.42356460
14.33227352
1.62475897
1.66007508
11.82031250
0.13191742
2.86763519
5.69897274
0.12866398
1.37748199
15.37666778
11.13761165
8.01973294
13.87817819
20.51446366
11.88706338
4.47827460
0.29586574
7.86487034
2.77929688
10.57710661
11.68648161
3.55631593
7.79968417
1.29589844
8.01908356
0.49247223
1.47000007
1.09807457
1.48632812
2.28710938
1.28072113
10.26127106
10.67024158
1.48840924
0.23754883
5.50390625
3.90612201
0.27893658
0.03762817
7.98046875
0.11830565
0.98054868
2.68444980
13.39331117
2.77193207
10.33275931
11.21322030
0.51456726
9.51130541
3.29879377
1.47212738
9.15612700
4.17981050
1.77246094
7.40799895
8.47399933
7.60144074
6.76293883
0.80639711
3.54492188
10.53023161
4.31005984
3.41601562
5.87386047
3.14511422
6.10416999
3.85201019
6.25000000
5.38281250
0.36267285
1.79964483
3.55664062
3.13521332
8.07377106
0.13433744
2.49275820
0.85595703
1.42480469
0.01083374
9.85156250
0.48681641
0.40258789
1.24458727
4.78002992
8.81645287
2.98632812
7.69877106
12.38716644
0.29984527
0.09419769
4.55814606
0.41214996
2.97086547
2.10815492
1.42773438
9.76562500
4.14062500
5.89017731
1.71618185
2.13778147
13.61759087
4.27694038
0.04956055
3.17555589
3.39479720
13.47647385
0.18315353
11.13819366
3.81847615
5.24581338
4.98315492
6.04821808
2.55078125
8.99564606
8.05200133
0.42089906
1.05806488
7.28125000
0.15055297
7.22009308
11.06490082
8.76103844
1.75002991
7.81070922
3.21813996
7.45479278
3.45776429
0.43363434
0.03291840
3.68517786
3.05326075
3.23421764
6.44877106
7.27689606
2.19620789
3.66947418
0.05000824
0.42431641
8.06329677
0.67258366
0.95894379
8.17321185
18.77725199
4.85682180
3.44966644
12.66035794
3.07792331
10.02510528
6.70536347
5.58593750
12.66906583
3.70743960
0.11583403
6.04174867
5.25345856
2.31880707
6.48783356
0.05757660
10.34887633
16.78881649
2.42676030
16.83646388
1.77051030
2.81445312
1.46919769
12.87500000
11.78189938
14.26574800
1.59102449
19.76924590
4.91194703
2.97460938
14.62848020
5.28420657
1.89153534
12.29341644
17.64941406
4.88627106
0.89656306
2.28943151
1.36425781
1.52982574
1.49609375
14.70658356
4.62019836
0.33532746
6.59908051
4.97041279
1.73918162
8.65368683
11.90535461
6.26272718
7.50289782
2.71484375
2.18253601
3.56640625
3.66528258
9.88998158
0.78283723
7.44262633
16.07359376
1.62786347
4.57076019
5.46292496
8.41137633
3.45776429
2.85502106
4.58581450
14.45837433
8.21272828
1.29733162
6.50237145
1.25044769
4.19531250
9.24564606
8.72183954
1.05497534
5.71979278
5.01807887
1.69673925
7.74251219
16.24275820
13.10400391
1.92728668
12.24151637
4.65873448
6.34708555
14.41418550
0.37447051
0.18188539
12.39953582
7.68154699
7.48072473
3.39632203
3.21573914
3.68208832
4.90625000
0.16381836
2.27802001
4.58623780
6.74502106
2.62216644
1.54499931
9.22705452
3.56144226
11.25028037
2.30200631
0.03017182
18.09631563
9.09806959
12.87500000
13.94323637
1.71053164
2.52689606
5.17712433
5.43692930
19.08034365
18.42325743
16.65324507
1.43237865
2.32466644
8.99564606
0.08856201
6.70585213
0.52869930
10.03291778
1.14188691
3.25976562
4.65669769
9.40625000
15.36629211
0.19779480
13.66015625
1.25061004
14.95312500
14.93651596
4.43937943
20.15965426
14.90280515
0.43066406
21.04485542
13.37170433
1.42045074
5.11417664
6.50390625
7.21997008
2.54085328
5.91060394
4.57031250
7.57421875
0.03267426
6.03851619
2.94150487
13.86385008
12.21301114
1.67781804
2.87740082
9.46785461
3.24654144
10.26127106
3.25720246
3.06250000
12.04073028
0.31844117
1.26900238
15.38158993
19.51969360
3.45967808
9.55468750
3.94470246
1.17871094
6.51057735
18.56003990
6.38641400
2.22851562
7.31542969
5.46484375
10.57543883
10.84285461
2.25073304
13.59195922
1.74682679
1.57950743
0.11995547
0.73242188
3.88378906
3.43705231
3.80904144
15.15168440
7.96550310
0.15588379
10.58939606
1.49361176
17.48303192
10.87484554
6.78179631
3.39497894
11.58821407
34.03259308
8.12512300
9.41829344
12.16552859
1.80159547
15.09452239
5.82592088
-0.26712295
47.79117797
8.06685394
2.85441101
9.59615082
2.35546875
0.97775269
10.20914672
3.39587433
19.66165670
3.15279643
12.50435394
1.63679992
24.94611840
13.76123670
3.54008089
19.43750000
7.74218750
13.97656250
5.40669769
7.85624114
26.84134420
21.03914616
2.45422706
2.83369903
5.47823028
7.72713320
5.83203125
6.28169769
9.84720856
3.27734375
6.09720856
20.42839990
3.03670600
14.17085661
7.05390515
6.59465536
4.26997894
24.09801530
7.80823470
26.58455009
8.83386635
15.78906250
4.06250000
8.46093750
6.29105497
3.64013796
4.00781250
3.48742520
12.32501552
4.92465979
0.63492922
1.41796875
9.53291778
2.74344941
4.40234375
19.10587212
11.26472961
11.79474956
15.27637653
7.66271942
5.23661347
18.09631317
16.57556183
8.80753103
3.47176584
4.80105165
15.82136525
4.04119791
12.35208888
7.43697362
16.66393950
8.40022828
7.83426972
4.07857269
0.16857910
12.93916778
1.47578513
2.67639627
4.74218750
5.96919769
0.56298828
7.13732381
9.71769725
15.12886193
17.76684757
2.00415226
4.38627106
5.18660461
5.24584774
6.75549534
0.01617432
2.04367387
4.45553080
4.53946038
2.94136691
8.94877106
7.73872894
1.24707031
3.59570312
17.81941711
0.48966492
3.27591949
9.20747894
17.62500000
5.03470856
7.51908356
7.81176696
2.95100953
12.62687195
0.82857269
1.25976562
7.96788897
2.88607435
3.58203125
15.03470856
0.63911957
0.17923981
15.64814717
14.36161846
0.51285766
1.55550172
5.70357269
5.38627106
22.48693817
9.40881317
2.82149324
0.87894684
12.08810558
13.80412677
1.42414338
3.86372894
5.55277496
9.67980365
1.94002881
4.05500721
10.16109783
2.82076019
1.49926696
6.99824358
4.51021328
4.48213653
17.97054078
3.23437500
8.16068263
10.24511968
6.66678303
2.50553967
10.37334818
2.92765569
14.92666667
6.11782691
4.30706892
2.77343750
15.43212766
6.59464539
4.39856050
3.61576200
11.13769656
4.18839539
4.85324968
6.47682845
1.05928496
1.16300508
8.61621094
0.55126953
8.54549008
3.93683691
2.43616818
15.35502106
0.27510590
5.08158356
17.29252106
12.41060394
0.29199219
0.16870117
1.17251597
18.64543661
2.06103516
24.38370041
2.79501052
9.97733489
9.00704011
3.48876829
2.71195589
6.25532526
7.82352505
7.59834995
0.83325133
0.66088929
3.52148438
5.59720856
1.15877009
0.08801550
14.19179965
15.26024269
2.97284352
9.49308289
2.77884918
0.74690548
1.32483128
13.02807181
9.94067819
9.10668883
1.74316406
1.24344941
5.46529144
1.64550781
11.80956782
0.32275640
2.13476562
6.14579067
9.23462101
10.91523826
21.01885278
3.66796875
0.93847656
3.90625000
2.34427887
4.24312348
3.16752106
4.63716644
14.17805408
24.09839428
7.50715689
8.06026651
3.49950798
5.87292885
0.05068970
0.52693664
4.30611176
2.01021332
0.11844879
1.19921875
6.01953125
13.44877106
0.50004059
6.26354887
3.05908328
14.97611481
11.72310394
1.95312500
1.09375000
3.97399435
1.56079039
3.16150432
2.02103668
0.07083099
1.59162955
1.36995733
15.44250333
16.15792027
9.03213890
0.78943401
4.69531250
14.52826353
10.75431368
6.19323762
10.07433179
3.79676196
5.21138519
9.11328125
9.07373047
15.08939606
0.81522551
12.40983156
0.72208430
15.40625000
7.79109929
10.26012966
3.35075077
9.58418108
4.64171709
2.80339871
1.56835938
8.09381871
1.63123836
2.28299957
1.57759613
3.32963043
8.05456450
5.74666445
1.79882812
4.31250000
0.67618774
30.22073914
13.03035461
1.80183899
10.91841644
4.95703125
8.81774933
0.60599762
13.94006317
11.00040337
4.17687334
5.38851950
9.10937500
1.27441406
9.52420989
13.57836104
3.45647052
0.31079102
6.00817155
0.36878158
2.13085938
7.22806668
4.93505984
3.19291168
8.19608489
9.30021055
1.58467808
6.22220856
10.17374228
4.19352670
10.06941711
2.21964539
0.84326172
7.45983046
5.84485704
2.72220856
6.81986481
0.84907926
13.07478696
27.02410494
8.44197695
4.29988586
3.85709718
3.57421875
11.33593750
0.25663238
10.65103502
0.56043135
8.05122894
0.39798981
4.53214539
3.37500000
0.01808792
6.57857269
0.28129059
9.75984680
5.19665558
0.39843750
9.24674313
5.95548648
7.42578125
12.36470026
4.08247894
2.80859375
5.58072252
8.15100067
13.65108931
0.30187926
1.90210023
2.68515611
9.09678525
3.98524600
15.06021720
18.17513436
10.61614715
8.40279144
10.63435478
2.41883331
8.98283023
1.01171875
9.32128906
9.34285461
6.07511414
4.70703125
0.82329668
0.25973127
6.06339539
2.75976562
5.13671875
3.05500970
3.34831061
12.84696255
7.77831782
9.11283356
1.70524545
6.06986481
4.74820922
10.04520722
17.80741114
5.18652593
4.18404144
1.09480774
16.52433289
2.62695312
10.28311946
12.00524933
7.04366245
0.53906250
4.71484375
0.13092010
0.04089387
0.12109375
3.71857769
3.93917774
4.34720856
4.86710633
5.79341208
5.95194924
2.42264801
8.69075126
7.59167885
12.04296875
5.62007536
2.46430990
4.48825665
3.78951019
17.36193817
3.36657746
14.48860594
8.00222851
4.38025930
5.85412567
2.12178247
13.68184729
0.56778805
4.53060062
5.56282469
3.94108156
5.46036680
2.99568789
1.41459137
11.49475067
2.08622285
0.19958496
5.46036680
1.44393007
5.06225399
14.10347628
6.96663453
13.55122894
6.40209774
2.16040226
5.94587323
4.77457890
0.17464857
6.12198914
5.73828125
9.59977172
3.11267121
0.23921723
3.46736633
13.11197937
24.89237457
5.76704926
14.68660461
8.06542969
9.91495789
1.83398438
8.22296100
17.02117464
18.99733323
14.39434899
13.21272828
7.51652039
2.34330231
9.53682403
3.77745861
4.67411347
3.88041168
8.92622894
7.95031583
13.32019199
12.28977447
0.96870941
4.20524047
1.38167359
1.31152344
6.14070617
10.54687500
6.84269226
0.98632812
3.89909566
4.42869901
11.05468750
2.58740234
5.11395264
11.24552305
1.53820894
0.71911341
5.45003546
6.31152344
5.48437500
5.82031250
15.45600289
26.14120567
8.65311614
6.69063386
8.17968750
2.53213791
2.08452072
6.57108489
4.28829011
15.07323325
4.87890625
9.21875000
4.60188719
0.92057375
1.22851562
5.73783356
2.22896332
14.81314938
17.73937334
2.73263353
2.64453125
11.12666778
6.94721632
5.19564716
1.77929688
2.63085938
0.79931641
4.64408356
2.96333832
0.30497223
13.41060394
6.73604278
3.64259940
6.02256205
1.44816101
5.87923094
0.09403566
18.62577239
1.11034782
7.33687721
3.76568666
13.03906250
4.94921875
6.20084625
6.28437390
0.51099567
2.83007812
16.28816711
9.76652039
0.00439835
11.05468750
0.18557739
9.04687500
3.86690215
1.99442597
4.58178524
2.99048038
1.45019531
16.54125665
0.80346991
1.15917969
7.54748006
10.92411347
18.71717378
5.13554299
2.62304688
4.99531140
7.08720814
11.12500000
10.25939163
16.02527634
4.95902496
3.03853363
5.47656250
10.54060727
4.48283023
2.32421875
5.73456672
5.50647938
0.69401249
2.04476929
10.45775931
2.06024019
4.80631843
5.03515625
2.49023438
6.31595856
2.04585785
6.35066711
5.87980164
1.13574219
6.83804799
0.24796321
3.24031804
6.03470856
7.39843750
20.80927749
7.06617021
1.59525543
13.72896332
3.73002106
2.67309508
7.71362367
7.00435394
12.11629211
0.44132508
6.60546875
7.06074607
2.72961768
1.53446504
4.01696808
14.11962766
16.04984652
5.50826019
0.04507446
4.97220856
13.36681849
22.21891235
0.82397772
4.24654144
7.05468750
3.97505707
16.93867576
3.65898049
6.09765625
16.23783356
14.97359223
0.62748199
8.13085439
0.76217143
0.97363281
10.80006772
17.94409242
3.30737367
3.03812684
5.96875000
18.74820922
0.44661500
3.89310699
3.71724457
2.87031533
10.73859152
9.07120789
5.85502106
0.27925629
23.40628436
0.40621564
0.92089844
9.89248449
2.04892176
5.70253436
3.15684064
8.54687500
8.21606383
7.82800200
1.80163730
2.89888146
3.44686225
6.96484375
0.24358944
6.83093417
1.79378297
4.66965818
5.56250000
3.27644836
3.75284851
0.20141602
2.63856816
2.01757812
3.91015625
8.61230469
9.49218750
5.23347961
8.51525848
9.75889131
10.63281250
3.55273438
2.74609375
4.42578125
3.81359863
1.58105469
1.65527344
8.99218750
7.55273438
6.57287567
5.11417664
4.17354278
9.09069544
12.53930976
4.04252106
14.64924424
12.27788009
9.02856383
2.70430574
6.53080231
11.96760860
26.20346357
8.03612143
19.28371455
8.13225177
4.10144946
1.01802582
18.53372950
8.18607823
5.97957336
5.39152039
3.51066101
2.88236481
2.99865692
3.04195191
2.62304688
0.24747711
3.82466644
10.27677305
2.01786347
1.46476258
1.20987976
19.48246122
1.68355441
2.20747894
4.50390625
0.02237182
8.11526375
13.43205895
0.90035914
0.21009017
11.65635307
7.16362477
2.20691821
11.79252106
2.67232269
2.49023438
8.53038897
3.54818373
6.03470856
0.11476592
0.38964906
6.83984375
2.97851562
3.32572418
3.03441324
4.10080008
3.00687279
5.61422096
12.98379433
4.01620567
11.93314606
3.44380707
4.31250000
2.66210938
4.20312500
2.03320312
2.35021443
10.32259530
1.71362367
19.65165005
1.84582115
4.27295545
4.15714539
13.12154144
3.25781250
10.34375000
0.07641602
6.40580231
3.85786957
2.80665970
0.30729395
8.94469748
2.32475509
6.57857269
0.06192992
4.23225953
1.35351562
5.90351951
0.97689217
12.65717975
0.88452709
0.08776918
6.82063719
1.56509191
1.71611812
16.96748560
1.26538397
1.81445312
9.43750000
18.67048510
7.59371564
9.91406250
4.21138519
6.26517731
6.85201019
10.15535461
12.52688111
0.05163574
1.28417969
3.42142731
0.17451996
2.60351562
11.38268950
1.68864015
10.73872894
0.14817229
1.44799867
7.28125000
11.92443817
0.28377320
3.99218750
2.94156860
5.72444703
12.19482048
4.91629848
13.69259197
0.77294922
6.65625000
2.88057403
0.06809541
3.93945312
0.00268936
2.46976715
13.67968750
8.98604278
1.73954316
1.69771332
13.61193817
2.10563110
1.95776429
5.10982269
5.52888852
15.77880984
12.74425865
7.49491799
14.02343750
5.95076352
6.28316378
11.49938498
11.90649601
4.30928745
1.77559480
6.51562500
14.18281887
19.11067874
5.02241911
2.57462710
4.37418329
0.81535101
16.13781583
3.78690769
12.81701131
3.90129100
4.05078125
6.59333666
6.85242353
20.30719637
13.38892287
3.01166944
3.27463319
1.27441406
7.06862479
4.45827127
8.12267288
5.47229596
9.44030917
16.76460661
6.32702792
1.53613281
0.03222381
0.01572693
0.04844147
7.30379211
9.84118683
9.12064606
3.31619958
9.23299257
7.33797429
12.25345856
14.39595551
5.98437500
7.94051086
3.00870789
13.53320312
10.35156250
0.40161071
4.28694703
5.53426086
4.74087877
9.06950576
0.95263672
9.46967975
2.06502881
16.30700466
10.53523991
7.67142731
0.12996430
0.69013216
14.36678413
1.41345495
9.54943817
1.88350122
2.77375471
3.83875664
1.81490082
0.18249481
7.72220856
1.99308289
7.98002106
1.25915558
1.02006012
1.87935394
0.69189453
1.20170074
0.84899809
2.64074800
7.42578125
3.07181793
5.84855164
0.04000854
7.77689606
1.39941157
4.49556737
12.68978882
1.01830743
4.55204565
1.81001801
9.98411041
4.40050865
6.10775155
5.49670379
5.10758422
3.10034242
3.56986481
12.19242340
0.06921418
6.23994903
0.80802430
4.86027039
6.36328125
4.73872894
5.37455231
11.58760528
3.98681703
1.94388824
6.40625000
0.21850586
4.54296875
3.97806793
0.11161316
15.50691711
5.58683289
7.42700133
3.04565492
6.21785461
4.33247894
9.75683594
3.85306793
12.26017273
10.09285461
5.82857269
2.98482269
1.95800781
0.61307707
6.37377992
5.58593750
7.40625000
1.90625000
17.54687500
0.03465790
4.01562500
2.69726562
2.85880430
1.16906832
11.07466644
3.17789672
8.03304078
4.63671875
2.98754821
11.50614472
5.09419769
5.91796875
0.00419235
8.51175934
16.80033356
0.14082855
3.08638519
1.04056668
4.77791445
0.94034851
9.28971188
1.09159519
0.97412109
8.71439606
4.66752106
0.08170594
3.25195312
6.15482574
7.10066711
7.41817044
1.61450382
4.23693817
2.60876496
5.11808289
2.04793274
3.09179688
4.85892731
1.90474457
3.01216644
2.61177582
3.50188637
4.76683066
2.62349457
0.35066524
0.69832585
1.01342773
5.00736481
12.59285461
6.33587715
0.42293523
1.96378601
3.59179688
12.89062500
0.04234833
0.12953643
12.15368683
0.25313324
2.77193207
2.51713043
0.05849213
2.22851562
0.45922727
8.71541445
4.43404144
0.39058441
3.04056793
2.30033356
3.98527039
3.45117188
4.50747909
3.30355607
6.92142731
6.47240027
12.08574578
11.23783356
1.22843445
8.44417110
6.61698581
17.37679078
4.63236481
14.69685727
6.85827792
11.57377106
0.07214355
2.16060394
8.97655253
11.51083333
16.24731383
0.36466554
1.95951324
15.47003568
0.20312625
6.18615692
1.03820022
1.76734208
11.27343750
7.36238337
25.72786126
3.41614361
8.46862700
1.44881289
3.86914062
15.34960938
6.78470856
3.60591644
1.49857574
5.51562500
14.86372894
4.67675781
1.83256012
4.85066711
2.31144226
0.69144684
2.31205231
0.02978547
15.11226286
17.18314606
13.50858675
11.10925200
1.84855164
1.88602754
1.71573914
16.45637938
3.55240968
3.05423981
1.61763519
7.94441711
3.41495789
8.71439606
6.65602838
8.03102393
4.04040558
5.95735594
12.54317044
10.74768284
3.83414672
2.71647218
8.79088836
6.23482269
7.88268950
0.04931734
6.12410461
6.17232269
3.91710273
8.53016289
6.95312500
10.90266844
0.25524996
8.89754211
15.48252038
8.32503546
0.84167512
3.50048704
6.84785794
8.68550753
6.37813386
3.15922152
19.39396055
11.05647828
8.66931183
3.19816101
1.51314301
10.95775931
5.19067819
1.78906250
15.54166002
16.76624002
6.47457003
10.31429078
0.48140473
6.77901153
4.27453458
4.00549534
1.06640625
13.63777524
5.21586214
12.59118683
1.12434564
7.83463874
8.64062500
3.90997314
7.33113586
5.32145203
19.06623892
3.95194924
13.60636414
11.76472961
1.06188996
13.13598602
9.76358821
6.47660558
12.21769226
2.97851562
14.28816711
8.70402039
2.32376981
15.60892731
1.23921847
27.12532469
9.71451906
3.89888519
4.81595856
7.62544769
1.68127410
6.28515625
7.81807403
6.71350067
0.47338805
1.04862644
1.91499723
2.50297152
1.45703125
36.38818235
17.42682403
14.54733890
9.03971188
7.52449524
7.50838320
0.50321504
2.23966368
6.49275820
13.09737090
13.27746675
5.46875000
1.82421875
19.27337371
4.38936060
9.73128546
2.23527039
1.14009613
9.30725067
3.51306183
2.66210938
11.23246122
4.48815825
6.65393284
3.16800809
6.54834109
1.65812195
15.67805408
5.81714428
9.06941711
1.11755402
4.09810394
2.82421875
1.57812500
13.40344083
8.87756317
4.78104831
13.09364141
6.66417109
23.32628990
4.26541833
4.05202552
20.62682514
13.80977947
4.88761414
7.20389739
0.85567293
15.21516844
2.40176557
2.54769669
14.09804416
11.36283356
20.71476258
11.78125000
0.03598022
3.80468750
2.79862457
5.22310394
1.27315215
1.57938691
15.67262268
2.42919922
10.50781250
2.95312500
20.93725399
9.22501773
2.63069703
14.06941711
10.09387051
18.62479831
1.33292415
6.37870456
1.72611481
1.80639711
6.98392731
1.36421598
0.65429812
2.41796875
3.02420490
1.46122783
9.28995789
0.34497070
5.24039672
9.05452515
7.57421875
9.02600067
2.28755707
8.46890736
9.40263408
1.26765961
1.29296875
9.79687500
3.63236481
16.05366911
14.22068630
0.51210272
4.59118683
1.15482574
10.95222961
7.31313941
7.11353723
11.22656250
9.92940090
4.79577792
4.19576019
13.36539672
4.86328125
10.30301972
0.42773219
0.36194066
12.06941711
7.71618683
10.81160461
1.41451019
1.84134918
5.98046875
7.55904144
14.26818817
10.42545407
11.15169437
7.58581450
1.22961519
2.77600067
4.36942597
7.87410461
7.98482269
4.95210661
3.43204898
13.79508422
2.26501496
2.45204795
5.65089760
8.40804078
3.19185394
2.01953125
9.51037567
2.24190215
1.35327211
7.80033356
0.21732605
9.19779200
2.42480718
8.05635528
8.86641511
2.83007812
3.97363032
2.42090093
3.20083722
2.52527759
2.42382812
10.49027372
6.05660128
2.95943207
20.73868711
10.69880541
20.76587101
5.43974346
8.27176723
6.76631870
1.95507812
7.83203125
1.35884613
15.11022907
18.44950908
1.25195312
0.70507812
1.85501358
5.77051529
4.06807403
6.27176972
0.05270386
8.99218750
13.41202571
1.81905308
8.80533688
2.10937500
13.73836460
0.73531098
0.86230469
8.36629211
4.79553192
6.31819703
5.25390625
3.01411957
13.52420989
3.97144200
9.04777039
0.02510590
11.22683197
29.52583832
11.56250000
14.94339872
10.84566378
12.90273715
3.54648160
2.66048094
1.90743074
-0.00338989
13.27665160
9.10373567
11.73905519
3.66015625
8.09452239
6.42500886
2.34330231
0.45869903
4.08036347
4.43794769
14.16406250
5.53125000
4.05200133
3.55257203
1.47859680
11.19185394
2.69576019
8.56490082
2.96980774
1.77282746
8.58068817
2.96423371
14.49475067
2.23962433
1.06835938
10.74295989
2.25118074
15.26418330
0.77292608
16.34375000
2.09244532
4.04980718
9.34798094
1.94315021
14.09806959
5.03426086
5.83292664
6.73482269
8.57031250
7.56894948
0.19667552
9.92968750
16.24246787
6.89636635
0.35990449
12.88321587
5.69254765
7.03707003
4.71500111
2.72542858
1.82332336
8.95747894
0.23887146
2.36869293
15.61962766
6.90816378
3.59765625
9.79764739
12.79890681
18.11885528
19.77720579
5.49477060
3.62980164
0.47180176
1.32181793
9.60607381
2.40955119
13.51472961
4.04040434
6.73501955
3.73588043
4.44185394
5.85066711
9.34106383
2.23600343
9.51908356
3.24023438
22.18961547
5.95299701
17.38224928
8.09898895
17.74251219
9.84733156
3.01129405
4.51806267
6.45822475
1.83479859
0.40356196
5.47233156
0.59944828
3.47914611
4.72550227
4.06608156
6.09505374
6.51562500
1.38659668
2.88732879
7.46618683
2.17773438
0.00781250
1.12096950
4.96374667
7.19799867
12.87173316
5.93250664
6.01997894
3.53822461
2.64455119
4.37337655
2.01562500
0.05639648
1.21244293
1.37830109
9.43554688
2.74397330
9.30094858
6.96093750
4.16361481
0.31811523
0.81831879
0.37377930
1.49857574
4.02168606
3.72290226
22.49413564
7.77059397
0.17069519
3.74827793
1.87672207
0.45023590
6.87365692
5.22399933
13.60066711
0.73876953
0.57706726
10.01216644
5.12836991
1.73881759
0.50398742
2.48159395
8.28309507
5.58683289
10.22875914
6.88594636
0.78275543
4.59497008
3.25720246
1.40136719
2.16267098
0.40323914
2.00390625
0.58837891
0.35278320
4.10581783
1.76197971
2.61824524
1.79626496
5.47310394
5.24820922
4.68147828
3.03991357
5.20272163
4.56160461
11.63361924
15.66715204
7.91452016
0.66943359
5.36718750
5.09622452
0.17668412
1.68997950
5.76517606
3.14787178
3.25390625
7.65970856
0.92578125
20.29381982
3.43274268
7.52734375
1.36058760
10.17900376
8.10796631
6.67142731
13.56098959
0.20801280
17.12580674
15.41838209
3.86401429
4.10892731
5.62544769
2.98978668
0.59517426
9.65863587
13.44683288
4.37455231
10.06762633
10.86193817
5.32824800
15.48335661
12.46903037
3.13009197
9.64754211
3.44966644
8.57584220
2.76562313
12.93799202
14.33797429
4.16841644
10.18713099
1.01404089
9.57978302
19.11376330
4.01168439
5.93269836
5.51562500
5.33393507
5.46774157
0.92142731
8.84362700
1.13720454
5.00696143
0.78609223
2.16828846
5.19560283
8.92712433
8.85948804
3.27332446
2.25390625
2.06445312
1.68652344
4.15189606
0.44181149
1.16048343
11.49039672
9.91585328
2.35819426
1.62325105
11.19599624
5.75342420
0.16333195
8.84690825
0.71319093
10.26473168
2.19206061
3.11328125
6.42968750
0.79593902
7.19006317
10.99963099
3.44657690
2.15429688
15.63281250
3.03951019
8.37935394
0.57617188
0.02845764
2.08593750
6.21011082
0.61561336
2.89257807
7.60479498
1.72469055
2.13956726
11.18314606
2.63326019
1.20271665
2.34611148
11.60156250
2.70312500
1.05427603
4.27360483
1.17578125
12.12845856
2.20747894
3.14213043
5.07200466
5.06516178
1.08203125
0.89379883
12.59232574
17.62866024
7.46899601
9.92968750
3.02982512
13.85079011
15.24226867
3.39978058
5.20255523
0.22118480
12.54597961
8.48628878
0.06628418
3.19726562
7.66255209
3.19682291
2.55769836
6.83683289
0.43005215
2.36023105
17.24462766
9.10038176
8.27368351
3.60396332
2.88671875
1.57519531
2.27298981
8.49730386
6.38595633
2.35937500
0.27939663
0.03169956
17.95536285
2.84806087
3.85692899
0.38984957
7.42301640
6.51953125
7.00390625
0.02302551
9.69877106
1.07661957
15.57429743
2.21281194
0.36181641
3.01713043
0.52396637
8.34464539
4.27050532
8.87011968
7.14030119
1.60709718
1.06933594
19.74641844
12.97000817
7.16980385
7.71838570
3.23371033
9.29494680
2.55484985
1.96752992
2.80318207
7.73046875
1.94238281
6.38671875
0.00254631
0.00695801
0.04155456
12.60937500
1.22745789
6.25390625
7.69685727
5.58439273
1.23437500
3.71170989
4.45625886
7.44486481
2.08365719
0.94368656
6.75044769
0.84521484
8.54410018
9.39250443
14.47041778
4.00704011
1.15625000
11.11104278
12.29597961
0.59932527
1.05078125
0.20373535
11.57633422
5.92272856
6.30692597
4.90022828
6.69576019
14.85778840
5.26391290
0.59595038
0.88330078
11.20742465
4.05449578
3.12479831
12.12410461
2.45552582
1.72064209
16.57463467
22.03498447
9.19531250
0.87300629
2.03515625
15.98477837
1.77139822
8.47331560
3.12695312
8.38952637
9.53641754
5.49564606
10.21427305
5.74755984
4.82376109
7.16452016
9.10047913
17.68728835
4.90890306
14.76626940
3.63021498
16.64005430
19.92801972
0.07487031
0.81640625
10.58158356
3.18990082
7.57812500
1.58675815
10.40015957
15.12589539
1.74303857
7.90584663
2.41841644
1.76943762
3.86833887
8.16495789
19.54162567
7.61144615
4.22538674
14.55183899
20.86709885
11.34518173
6.38720080
2.19873670
1.90917969
4.15144836
3.34826504
0.74388963
15.13355053
7.16117464
1.33646637
14.71004211
1.83833832
3.97009308
14.95890071
13.11820589
14.00101839
9.84285461
10.09353835
10.54362810
4.16015625
16.45747894
2.60949177
4.08142619
7.25345856
11.42968750
3.38130707
2.38643340
7.06819703
11.53906250
0.86714691
2.11132812
13.48002106
0.24825043
1.19238281
12.75756649
0.57743503
7.21512674
0.59542151
6.81211334
2.76639739
14.37333222
4.48181183
0.40478516
7.61234154
5.46187721
9.40254544
0.92468417
0.31998719
1.53406864
15.65279144
1.96289062
7.68269836
0.17728699
11.62528037
0.31270792
2.35466996
2.66305407
10.99092310
12.37601839
5.67993351
8.25256317
0.27758727
1.16565035
0.85652649
13.62935394
3.03951019
7.49450466
7.28194370
6.17232269
4.10201019
1.13724762
8.35156250
1.59765313
3.14819647
10.39408356
4.87744016
14.07914339
9.08683289
13.84375000
14.26222281
4.17249002
12.93570922
8.82909907
11.02034796
3.68359375
0.04446411
18.07767731
9.87064606
2.31534851
1.10058594
9.61718750
5.05936614
2.05196199
0.18194518
1.17118379
1.47359223
15.13972961
16.84480275
0.79244487
2.39392121
7.69116024
6.42557956
0.91353363
6.14453125
4.21728391
0.06018191
6.40234375
7.24039672
11.83251330
3.19271498
5.81506317
3.64586810
7.82263807
5.50781250
17.65189606
8.11283356
4.46248227
4.79622562
10.90189606
2.23242188
1.27290863
7.53470856
0.84126676
2.47412234
7.93367243
3.79545323
8.68839539
13.56673094
3.54113863
4.30725067
1.82165558
8.67451435
2.84554576
3.09532913
1.44613419
1.17480469
13.27689606
3.70164894
0.31690575
2.39302582
6.52603627
6.46814494
1.80904144
0.65775543
2.35005707
11.39754211
16.69441711
12.38972961
0.91552298
13.87471963
1.77620484
9.47220856
12.75602172
2.12332973
0.86177831
7.74975399
7.60254093
9.98368316
6.43750000
5.86795989
15.15714539
6.20581117
3.24414062
4.00312888
5.55216866
5.67667664
14.80110594
2.48840425
0.06927490
0.40747070
0.01826477
3.39062500
6.30033356
4.99100427
17.00528992
7.15316046
10.14249695
6.94486481
3.66015625
1.38228363
6.36392066
4.63607934
3.37650543
1.38679992
6.34464539
0.50630707
0.96838348
0.47839387
0.21643066
2.26680200
11.09069482
2.72262189
2.93945312
9.78279477
9.42033023
10.19034353
12.45374002
2.05753601
0.84867340
29.59029144
1.78613281
13.91946920
2.61959330
10.66752106
0.46699856
3.85917331
8.03035461
12.28279477
10.65560062
0.16162109
0.02736420
2.18855774
1.91202820
5.63146942
1.49633571
4.20516179
14.54479389
4.26469525
0.61844817
3.00313386
4.35489805
19.43237367
6.88582336
7.40112367
6.47945036
0.82629488
1.66113281
11.70747894
6.92622894
1.52050781
12.89819336
6.26420074
6.84887633
8.19698028
14.26171875
8.81954011
0.48811890
6.23433192
6.72236592
0.78349595
11.49506539
2.81865469
19.50516069
7.37183178
5.83785128
5.55033356
3.83276429
1.27929688
6.16406250
0.46061094
2.35905031
10.26179743
9.56722296
2.28906250
6.34676086
2.14978058
4.36429466
49.25875221
7.71048981
2.81294769
5.63928192
15.47419539
6.56098959
8.76021830
6.43672761
3.35005707
11.74129211
2.23002106
4.62451047
18.14481162
2.62862983
19.72790060
13.30830342
7.71513658
3.77950354
6.89664672
11.79890525
2.91903147
4.39453125
3.08353668
3.85127715
2.39632203
1.74601258
12.58878103
12.48071476
6.30489355
7.72701019
7.48380430
7.98925532
11.49267952
5.28906250
12.45644010
15.63570036
2.61291722
6.26025266
18.62447238
4.63281250
7.89607602
13.48412967
3.61763519
16.68536621
8.76183926
4.62691378
6.54707669
0.95231327
1.29785156
10.84195922
22.59944703
8.93314606
4.21138519
16.05591972
-0.34685905
10.68558622
7.44287234
0.26826996
16.67085661
4.95654359
3.74698914
11.76997894
1.49796570
0.97900391
3.79669770
1.93482878
7.33302577
4.39009862
1.99466949
12.45670531
3.28959168
3.78454621
8.88793883
3.64872285
12.60298676
5.44531250
7.46048981
36.32198028
3.15396637
6.58728058
9.91137633
5.38627106
17.43476951
2.48718667
14.58133755
11.01787479
2.22021609
6.66105164
2.72416168
3.99218750
10.93139462
6.21976839
0.48112062
5.34375000
14.81086658
6.07494681
1.50045766
0.62349457
12.76953125
20.82653248
12.62394725
2.34554078
11.28588431
3.46863198
5.06957447
5.79504986
0.36767578
23.07482879
9.27420989
4.06307070
8.76537899
11.79187167
2.88024933
6.03035461
20.31250000
4.71964539
10.93904477
3.22436586
7.54475953
1.51839234
9.43175865
19.07759862
3.67382812
14.03226839
2.53845246
14.17415282
13.63204011
2.78365082
16.36428968
8.69731493
6.42578125
18.54694246
4.86512632
1.22310394
9.67527926
9.84282025
11.24048537
4.38972961
17.21407136
4.14798981
2.82556183
16.07649657
8.37040005
1.92810339
0.94970703
4.75736481
5.99084192
7.16048094
7.14697639
13.18314606
3.83007812
10.02441406
7.20287619
4.16768838
3.28295712
8.94645390
14.11458634
1.02909519
5.74955231
5.09330231
0.71862824
7.96699981
0.75252133
8.44698277
5.38281250
2.87927028
8.19978945
5.07006649
8.54431183
8.48449800
3.73319675
8.26908356
2.77193207
8.01973294
2.10866821
3.60890292
8.88895722
9.32377106
5.80513519
10.54559066
3.15753434
7.50331635
22.64843750
7.71875000
2.48437500
4.40775543
5.64843750
16.98872894
1.17106078
14.93147828
16.69291168
3.45267731
8.19185394
17.89831450
1.63361799
3.46607380
14.90356383
9.20581117
2.52298981
8.69100340
10.30916445
13.52388519
9.67533356
0.64888519
5.88390958
14.87556073
6.48271719
0.35180664
14.84285461
10.47255763
4.02398381
1.90865082
12.48437500
11.46962063
9.94478363
2.51456726
9.75947996
5.40547761
0.62398285
7.03983489
3.17639129
1.20467226
3.15295379
18.31628769
12.12464966
16.20686828
0.22819031
0.60351562
17.45658356
2.18990082
3.99609375
8.17849181
2.63791444
8.90283079
2.59326296
12.19380209
6.22679605
4.05460633
3.33593750
8.00646942
8.12636156
1.52954787
5.96138519
4.96048981
12.41249779
-1.14247826
7.38281250
10.87064606
7.81258148
2.63521332
12.44136193
2.40258976
0.31355960
7.73303192
6.89754211
12.73616578
18.73412899
2.97184452
4.07812500
11.53816711
13.31327239
5.51220703
4.98449800
3.56250000
8.34720856
9.08760528
4.84989472
5.33877011
1.90784906
1.69877106
7.23412899
3.08467808
2.23193359
11.11795989
3.31323304
16.65746011
2.68417193
2.58752659
12.91560727
3.62736148
5.05078125
10.49475067
13.39978058
9.80379211
0.59806336
24.97492908
8.02992133
4.66914006
13.46529144
0.44877106
5.55021055
12.24454898
26.01045435
12.17052340
7.58528812
0.46781402
4.35656583
9.65816378
19.26639739
13.09362700
10.40689938
2.36483100
9.01953125
4.13671875
1.64746094
15.12605805
2.06835938
1.83984375
11.52014160
0.82128906
4.34330231
10.47408051
1.90234375
2.51713043
6.44576019
3.41707336
2.71769226
3.06835938
9.12722851
21.14502857
4.89632203
0.65039062
3.42064994
12.54614694
12.23828125
6.65580231
13.26562500
15.04992676
10.00000000
0.60595703
1.22070312
14.53291778
5.80834774
0.63818609
11.24564606
14.78381317
12.86818596
5.13315713
3.51021332
12.89485594
13.00602172
0.58252078
5.68724901
11.19361037
9.74641844
4.39978058
11.94266816
2.11673981
9.43660461
7.50691711
0.04893037
11.02148438
4.98079344
11.33593750
12.46708222
0.26896180
21.62405032
18.13982324
9.55804744
6.32891732
0.66113281
6.68969415
6.44874425
0.27649767
14.47452571
5.37226951
2.36670545
2.63806183
5.58402372
3.18941378
3.22977505
11.79952183
8.76818817
17.83149491
15.04696365
19.86657746
4.17700133
3.46362367
15.20825133
0.15747133
8.70552582
2.03824828
6.27868683
17.02689606
8.11193817
0.71171113
15.80741052
7.40014960
6.88191711
2.67813775
4.91455452
3.81009918
8.81595856
5.98571808
8.38034058
2.26928462
2.58602116
3.31835938
13.55948914
4.03771942
13.98189052
4.64791112
20.73437500
18.76249114
3.48750886
3.16060394
5.43366246
2.43743129
0.55517578
11.80224609
13.90625000
0.41064453
13.47729492
8.49536133
10.86718750
3.91752106
4.84810394
0.69079060
6.49113475
7.06717864
15.69396942
13.93656527
18.72989805
9.75793550
13.13012633
7.61206117
6.27779144
7.01627438
16.44287234
21.11101890
9.70630319
0.95019531
16.01985594
9.41483489
1.16829593
3.69201629
11.36423538
1.81589981
18.00219727
5.63716644
14.00003436
12.63082502
8.55122894
4.65625000
14.73990470
1.90072030
1.48783356
13.58161791
0.38074385
6.97611481
2.88431793
4.81294769
16.58954709
14.28060062
2.88326019
29.43460218
6.01974290
6.94233973
9.46549313
3.52315713
12.83760528
3.06233765
1.25329621
6.68391844
7.10049978
2.84599346
1.13521332
9.21093750
8.73258422
9.33044465
2.84525543
13.65881317
4.73482269
3.36702515
4.77831284
17.13997687
12.46732823
7.12959995
3.61779754
5.25134308
4.10078513
1.97042276
6.64453125
8.82806396
0.99637848
2.54735783
12.43583222
6.66015625
2.40666582
3.21767286
1.67960633
10.80957031
5.40401153
1.72302277
6.72355164
0.08988434
16.33833832
2.87500000
10.04317044
6.05179964
4.20074401
10.31697695
4.19966644
14.59002750
16.86097769
5.34961436
1.91654449
0.02870697
15.38638383
12.07377106
0.61763519
14.57722961
23.53159908
2.04892674
4.64453125
17.83841202
4.84367630
3.85697418
8.09375000
0.94380707
12.12426197
2.47489971
5.64505763
10.19523382
2.90730774
9.87744016
2.58243960
11.01367188
13.89754211
17.80558289
16.61132812
12.52254211
4.34810394
6.00345856
3.20597351
11.22350732
7.25085605
12.62089206
0.70996094
5.69703403
12.32713402
6.42488586
2.55928745
2.75480164
5.25825023
2.85112477
14.08939606
7.32031250
1.01367188
15.70840869
11.36882092
25.09659851
22.35892731
11.52306849
2.20980108
10.18750000
1.04048676
16.54073028
0.60151880
3.66756538
21.01672363
9.73860594
0.93054230
15.31498199
6.35034242
2.41556793
8.01973294
4.83813663
10.41227172
9.24820922
9.16650266
5.02803745
18.55725067
0.22054078
18.58581450
4.91486426
3.20785793
12.67671598
10.10208888
0.41256081
16.23978170
8.14379322
8.92160087
5.70312500
6.26594969
3.29069093
10.47643950
0.46691988
0.35058594
23.29899047
0.28377320
2.02929688
2.08642578
4.90189606
1.64790863
18.11201186
12.74052720
7.44531250
0.62475524
18.32417816
7.06819703
9.24564606
9.42622894
2.79214706
1.19462876
5.25000000
5.33984375
1.63582336
0.02864594
3.13521332
2.73270660
13.28906250
0.37129730
11.92341977
4.34207724
2.69739361
1.07031250
6.38431295
5.96244791
8.86718750
11.13588471
14.39664672
14.19364472
4.97029477
5.68160128
14.15136719
10.50691711
12.27868683
5.25948028
0.88326019
3.05257203
8.16035794
0.75956394
5.41982824
0.37509363
2.32617188
5.47676419
6.41540558
11.32759738
6.86328125
11.08984375
13.22041778
7.25109708
7.31364140
22.65744444
0.21415005
3.70487644
17.73697252
0.40507674
1.26704926
17.75683594
3.47806793
8.52779144
15.06160461
3.11221853
3.73787539
7.67582557
6.53560394
3.56046570
6.98828125
20.79906915
15.30363163
2.97908632
12.60571258
4.90970856
3.57360871
14.08056516
8.70149158
7.10466201
8.19095856
2.79972351
5.84398079
0.04714966
0.94482422
7.98079344
4.06457364
18.97530308
12.15100067
21.05704561
1.26509613
9.95690077
18.55020503
9.63917440
17.10469636
18.10127715
9.92036459
10.21178722
0.54886871
3.30902151
10.69956338
12.21797761
0.71728516
7.98577683
8.19857934
18.90984153
9.89306516
4.82523714
1.04296875
4.33592753
0.92819204
11.84631317
5.27868683
9.22041778
4.61551972
1.09472656
4.68607325
4.17435948
3.36958832
8.01973294
7.23974734
7.22908134
5.85982269
7.08565713
10.65689938
1.35384281
9.73620014
1.74622174
10.67540974
2.59705119
3.97806793
5.72408051
7.07198028
2.09554078
7.51212212
2.66215370
1.30423981
14.81494016
10.08556849
0.47982186
9.59195922
9.72391069
14.81969748
11.29435616
13.06197362
17.62500000
13.62394725
0.64542664
25.51924590
6.87401596
13.59127548
2.48767121
3.07466644
8.60937500
1.55122894
17.01749446
11.17993351
1.38655640
14.97733489
0.14217195
1.23099762
13.50319241
52.68949496
4.17065492
11.35854832
7.54424312
2.58744293
15.20250998
7.32332834
1.25195312
10.08158356
1.43164062
7.09362700
2.15486757
14.24450466
6.89913120
0.77547180
17.47444703
6.24246787
16.00997229
5.09431883
2.79472019
10.93493683
1.13537567
9.73184619
7.05660128
7.42773936
2.36328125
11.56070922
12.54687500
11.62845856
15.32239474
6.79625998
2.22852061
11.15424757
18.09476839
12.66671431
2.25240082
16.51033134
4.14554964
2.51884253
15.05143063
3.65454288
25.74446407
7.08874667
5.09285461
3.80391511
0.96488434
3.02615304
3.66720633
16.34444121
10.20121122
2.13110538
8.53727172
6.68879876
2.26221077
1.94966644
11.50133312
1.64079731
8.92854610
4.74848959
18.03044326
13.31314938
1.98718417
7.79854278
0.31640687
6.49609375
16.21711658
5.13835217
12.76127106
2.32226562
8.00874225
2.23193982
0.15625000
21.49405883
6.79255915
3.66968085
8.15010528
10.73872894
9.88448028
3.33606050
17.62114197
5.10212323
4.93636857
31.71842531
9.80598626
1.69340370
9.65189606
0.24434418
1.07307081
0.70467974
13.01716977
0.63318027
2.94636774
7.58451573
20.34908051
0.23478211
5.34765625
0.23144531
3.49381469
6.66353394
3.36958334
2.57874002
3.76484265
4.87053302
5.67757203
4.73872894
0.27079254
0.74019379
1.63041168
11.70388742
2.38986258
20.94576019
0.84183746
16.06550588
0.41256205
6.62154144
4.98067044
1.15844913
4.40234375
9.77079067
6.32446476
7.39453125
7.59029144
0.15299469
7.96138519
3.50195312
2.62125610
0.02498414
4.57767731
15.21235927
15.99503103
6.57627993
2.58742353
12.80468750
7.42772939
7.19771830
2.42705582
3.12479831
4.81673094
1.79362062
7.93094194
0.60181349
14.38470635
0.69101783
4.88370789
1.80078125
12.04291960
2.30110594
6.71106050
2.29565492
0.84521484
7.65030696
11.99243351
3.38069703
3.76757812
2.11975067
5.65413453
0.07263184
8.77607685
4.31624889
14.53230805
1.34375000
4.09142786
1.07654089
4.26171875
5.99039672
13.36604610
2.03959386
4.85546875
0.70161957
4.49552305
13.04264406
8.96516844
3.91072695
7.61671483
1.19616855
15.48120224
2.42862976
6.02269106
2.29391843
7.34464539
0.24686676
0.90816254
3.47656250
8.49475067
6.31752771
15.91819037
5.54296875
17.22956339
10.01424881
1.84607214
3.00044769
1.51956249
18.59435963
5.97265625
9.09106383
0.92553773
18.28346978
2.50022162
3.28080231
4.62154144
2.45556267
2.37699745
6.07470080
3.24801252
12.45133422
3.29207336
1.53393617
17.92354278
8.67171483
2.08420101
8.49129211
6.10982269
11.52260841
3.99703346
1.77539062
0.73042816
3.96215384
1.98905862
7.69921875
1.11958832
2.19919687
2.35786957
0.31762695
5.89408356
0.01355499
0.33642578
5.50976562
9.71439606
1.64115387
5.78214539
4.06949579
0.25862921
14.43570922
9.87821255
7.23110816
5.19715757
0.58207184
6.80078125
7.06179633
11.94552817
7.50525432
10.03930851
3.58484042
7.36962891
1.56791168
3.82572418
3.49031430
6.00280917
3.91100233
22.02476543
5.18786901
2.71724457
8.23872894
14.91601562
4.89062500
4.30656639
6.76993017
8.99576906
9.04003906
13.21036680
6.27356050
10.10465204
2.42663730
2.09415835
6.17578125
2.29296875
7.25390625
1.16992188
0.03155518
6.80899961
3.93416445
13.19518950
15.31929411
1.42887577
6.40085772
3.89601728
3.94140625
11.35502106
12.86802860
2.85605067
4.40592531
7.43493683
2.02974457
3.75878906
1.59594664
4.90067597
2.93990082
9.18827239
0.40747133
14.48067044
2.30298038
5.47796631
2.83158356
5.53876220
3.92327238
3.55403812
5.37003103
5.80920877
5.74654144
17.74037678
3.62290447
4.06205231
5.10546875
13.02208943
6.22550975
16.34452239
6.40637300
1.27832031
1.92480469
10.92443817
0.42834504
4.92578125
13.19531250
4.71875000
1.32767731
4.96529144
10.64822585
13.21025376
3.59615082
8.42247881
8.11653812
6.42293772
0.20284027
2.49564606
11.87104943
6.55819038
8.14110207
2.21135582
9.60591644
0.36425781
21.03788176
2.07975094
3.34818761
0.65527344
11.02665005
6.85846964
1.21253656
2.53125000
4.56518368
6.67248379
3.17773438
3.46399268
3.30529256
4.41691600
0.78674285
11.77868683
0.31685394
2.77952419
12.39824828
5.70324925
13.41495789
18.26976729
0.96745622
5.03906250
9.95999779
5.67627327
9.71988487
9.37845793
5.60123781
0.41385895
2.69185394
1.55228668
4.87845856
5.26216644
3.11010306
1.14689522
7.97387633
14.86429964
2.63793821
7.35831228
2.25472296
9.27816046
3.97648133
0.68798828
1.98006164
8.32120789
8.90189606
14.38460541
9.44991059
13.24571477
6.76991023
10.64847186
3.99645778
10.09725786
0.11773682
12.94685727
3.03765453
14.16205131
5.93526215
15.57608821
1.01570866
11.07961390
3.40369680
0.84619141
6.70855608
7.89398298
8.07377106
7.84932403
4.25109708
2.47033909
6.35156250
7.81054688
7.54409021
4.65122229
2.94681793
17.69238032
5.76509862
1.25484098
4.63338320
5.20747894
7.67285156
4.38903591
5.73401288
4.37109375
0.82344512
1.69816101
5.64017731
5.00935727
27.67065617
1.76074219
1.89220413
6.33045212
3.00345856
0.02132172
0.29443359
1.41989136
4.68310547
7.49609375
6.19441711
6.35734070
14.54296875
6.56640625
6.12109375
1.93164062
11.64628020
14.96969041
3.05965149
7.90279144
7.45426204
5.15047429
8.95584553
1.30782635
4.99263519
3.97806793
12.46527151
7.09287455
13.15535461
5.13850953
7.89815215
8.16239472
12.77384087
5.67928413
13.68554688
8.92354278
2.63895722
4.99609375
1.91206754
6.30268895
2.04492188
0.62406402
3.08451075
2.84127050
10.87935394
4.92968750
4.61283356
20.35221188
10.90214206
12.17097961
0.02281708
2.11914062
10.36795989
4.79459718
5.32031250
4.03906250
3.70764129
0.08111603
11.17264739
10.58907136
7.43750000
7.18359375
5.24218750
7.39895391
5.91745234
1.79447418
5.79628323
4.23417331
2.28755707
1.29793274
1.69620789
4.51464844
2.24519836
13.12154144
4.81205231
0.82755555
0.13258850
3.68644226
3.49438477
5.28470856
5.02779144
1.68066406
1.21742975
4.39038896
3.87530697
3.75541168
18.54028258
6.14375886
14.07678192
5.79386414
9.14664672
0.59012910
0.39261871
9.48656915
0.62671210
3.33638519
6.06986481
5.04162567
4.27644836
2.32841035
9.43750000
3.19771332
6.68750000
3.96744127
7.66988253
2.46322030
6.89754211
10.76647607
2.60852393
13.98693817
3.41984070
2.73482269
9.99910461
8.55981383
17.26908356
10.31339539
13.89505513
8.65788342
1.02929688
5.97025045
10.30351174
19.59805962
23.41040226
18.75805851
15.89037899
3.79980718
7.21830231
10.21695922
11.07645722
10.24129211
9.15319482
5.46834663
12.40600399
5.08760777
2.79252106
2.50044769
8.12487700
10.21797761
1.56925476
12.38744681
0.56860788
5.40625000
5.39590869
21.61190381
2.32572418
1.73677582
7.07966977
3.41291985
2.81523049
9.73484346
6.63764850
2.15877881
8.00792554
2.44369403
1.72753906
14.72912567
2.56054688
5.13326019
2.04777039
2.87588044
8.52174979
8.18610316
9.43677194
4.45951573
13.15437057
17.71484873
3.26554632
11.36100094
6.83964206
8.94657348
0.29109742
1.40966672
11.60860261
3.75419160
3.51562500
15.68660461
11.28995789
20.19001946
7.37793218
10.19662538
8.19787567
2.68387910
10.30033356
0.00824494
11.97952904
9.49703346
3.71634918
12.87935394
8.85579344
7.27657136
3.25435394
15.71736508
17.27307254
0.67179383
10.36718750
2.54882812
19.31064850
14.39847684
6.68550753
7.43826989
2.59831061
20.08740172
4.15893617
5.61283356
10.80814606
22.19139628
9.94577016
2.65987090
11.86718750
12.85428926
7.69140625
5.10066711
0.75427277
0.96821739
17.08032413
23.13651706
7.82934508
9.96952239
3.98242188
1.64404421
23.63659575
6.71016511
5.66886414
1.19380707
7.00329123
13.39892952
5.35542443
1.22282358
8.62500000
5.02102173
4.42774933
10.54518729
11.21083443
3.07059785
10.19518950
13.15201906
0.43400024
2.37723847
1.99609375
8.40820312
2.48297139
1.07859263
3.15669769
9.80033356
11.79150266
2.99755984
8.53906250
4.68013519
18.90275157
3.82381093
11.85502106
2.66841644
11.24218750
0.61576013
19.86258256
13.70398603
7.82772163
13.92861481
17.32085383
13.52266511
3.25520999
7.99206450
7.16418550
5.74475067
7.59554078
1.43936323
3.92644060
5.09029144
2.18794769
6.72176086
11.33458445
4.40849844
2.60306793
6.34375000
0.49214691
8.11492920
4.41406250
5.65087891
9.62890625
4.88179411
11.31262300
5.60245789
0.28906250
5.50699579
0.17122624
9.91577211
11.59720856
3.02600067
3.05472684
6.07613253
0.94584137
4.84554078
14.23872894
1.75520750
6.05826906
15.13744681
4.06958444
1.13671875
8.76562500
2.14648438
2.00487035
12.56132798
16.56360237
2.61206117
6.09155211
15.33461549
14.05411680
2.40165005
1.75065436
2.80814606
3.82437611
9.80363475
10.32120789
1.92285156
5.23091644
0.49511719
4.63655142
13.70630319
2.22460938
13.68558622
2.38232546
2.57751496
5.99173981
2.31640625
3.21923454
2.93799202
11.01757812
6.19742797
3.49702848
14.27278812
12.01334220
1.22396249
8.23693817
8.91091867
0.32382286
9.26562500
23.50292536
5.33471742
5.69966644
13.91060394
12.28291778
5.07902039
0.20837433
3.77937556
0.49943304
5.07348072
4.31490580
9.54866578
22.75976562
5.14208984
22.34178192
5.82529144
16.56046321
4.60840093
1.70605469
11.82531583
2.04434868
1.84269725
15.93750000
2.04028320
14.87923094
5.34733156
7.30814606
6.91035794
2.69075687
5.19230164
3.82588653
10.27433289
10.80338126
8.73409463
15.12890625
17.52510528
0.77347809
6.46317597
1.20454926
9.39423583
3.91149933
3.88326019
0.41528400
1.97855995
2.63281250
9.52408688
4.30794437
10.80138631
13.25090037
11.82529243
2.64981299
4.26485261
5.89888519
9.10681183
4.53548094
3.64526429
13.39754211
3.19404934
3.19344304
10.36629211
28.00826019
10.35746122
0.91349429
12.58658688
4.67077792
6.51659907
0.79109929
7.79386414
13.95454926
10.35339967
3.21001523
7.34855164
9.43058289
15.38666890
1.91732489
10.85616245
10.85502106
1.72436337
14.77701906
3.87980164
12.66560727
0.71289312
3.85156250
2.83247894
0.78564329
7.11083112
3.39063497
2.31070174
0.49007951
1.62597656
6.91943359
3.95117188
7.88236481
3.45161957
10.99129211
11.04341644
3.02681488
15.42968750
14.25573730
9.78493463
3.85479498
10.48246122
7.97937167
18.28541846
11.50469359
3.91088929
7.59106383
1.52697723
24.33878103
5.58097850
12.91947418
8.16841644
0.80891969
1.92187500
5.87154144
2.17386497
0.13183968
4.07031250
3.59614584
3.13822916
11.82153258
13.01964429
15.19955341
18.46516844
7.29073214
10.85672319
11.17708998
3.26546265
14.83235594
6.52408688
13.79891179
0.03953064
7.88236481
13.33247894
1.56748772
1.76570617
7.74865692
4.39676972
7.38281250
26.92814689
6.10201019
0.95951324
6.95869903
1.75028535
8.96093750
7.34765625
16.12882414
20.01900301
7.88281250
25.29015210
11.52035326
2.95670656
8.14769947
2.77267010
1.16601562
7.19006317
11.71646720
1.22530557
1.52982574
13.96773161
5.30505153
2.75651374
7.78169769
10.75345856
7.69339872
6.52579898
2.81445312
2.02148438
2.03316129
10.29353945
24.20793724
7.01490564
0.34578804
6.52478058
1.65234375
20.92630763
9.20905807
10.70447805
14.83593750
5.22599180
1.55350863
3.65429688
8.26244681
8.73421515
5.68070589
18.64107269
1.37296570
0.03840142
4.89453125
0.23494477
6.52734375
1.71280447
7.73499002
8.17622894
9.67264739
4.83731494
1.54154761
8.85091312
8.55582890
16.94923815
3.06052747
11.62845856
1.61470551
2.78125000
12.68212766
0.62646609
15.03369016
10.12308871
3.60892731
18.93135528
1.99922761
18.14188442
1.64522495
12.97789935
15.87317486
15.74540005
0.91475620
15.87784353
1.06604471
17.41987257
6.01416888
7.59863281
15.74658079
4.71048981
11.68762300
10.63460328
4.64453125
12.22464872
10.92549092
6.54863142
10.64062500
2.91451019
4.94486481
0.00730896
18.93513852
2.69226230
4.68705231
24.66695036
6.12255984
20.37043440
10.21896165
4.18697113
11.15189606
3.21289062
15.26184653
3.84001108
18.94086991
12.59038009
11.38000333
3.61023105
24.91170102
2.30285489
3.16923315
23.23778923
13.97233156
4.51477331
1.21972656
7.11193817
6.78605164
5.15970856
5.84509308
0.55273438
4.54483323
12.79171431
14.88537567
9.32578791
1.41127326
12.81302513
11.04301307
2.39497894
14.91316711
10.40970856
1.97054078
8.70410156
2.16752106
15.69302970
6.29525155
4.29797208
18.40112367
9.45324800
4.38883422
0.05318238
5.87935394
8.56941711
5.18404144
-0.00293213
14.43481383
16.18302305
3.39493960
3.14257812
15.89464429
4.60580341
8.12935394
13.17443817
8.19775266
15.12345523
0.29296875
17.36271055
10.38195147
4.38815048
12.49218750
2.17854828
5.39798981
5.83247894
0.48917321
0.35860511
15.53470856
5.88618988
3.46048981
3.03951019
17.02689606
6.81327239
1.41804992
7.53918550
14.08939606
26.12755764
3.36898380
2.49849457
12.38386525
14.46155252
5.00829455
1.59550642
3.88822418
10.60937500
0.02689606
1.19698028
6.02453333
3.34831061
8.12064606
4.85681183
1.31542969
4.40580231
5.78792110
9.76330784
20.18419881
4.08142619
7.31489584
6.35653147
24.61353546
1.78934536
12.09143284
1.52050781
11.53461991
3.71403701
6.33984375
0.22477234
8.66406250
2.63476562
1.89107269
7.65266844
0.17496828
12.77118906
3.16240469
1.10306045
4.78268173
4.15124418
3.15352449
3.43794769
3.60656583
9.57735261
4.74426363
3.31400543
14.34720856
1.94673676
16.08984375
1.94868988
13.51419825
11.93249667
2.78963320
11.92728668
5.92232269
0.46759033
8.17187500
1.43652344
12.30688290
5.25024601
1.48632812
10.48950133
1.35135583
0.54732643
0.01280975
0.03158569
6.02443358
11.71362367
6.61372894
14.90767426
1.54296875
8.54597961
3.60050476
3.58826447
3.70312500
2.41015625
3.29101562
7.23046875
0.00367355
0.38187652
5.23482269
4.42773438
17.45197296
3.32181793
7.15279144
1.57226562
0.81738281
6.87064606
12.50846188
0.18461277
0.42972809
4.92040891
7.07279449
0.43957115
4.31237679
5.36763519
6.19441711
1.44087738
15.35624114
4.65368683
1.81872341
12.35489805
1.98291389
3.72195258
9.58664117
1.15039062
8.28470856
0.70817016
6.54866578
1.23091644
2.47611481
2.34451989
8.37101507
2.68066157
0.82060034
2.64107269
0.04697662
2.12650543
2.35636414
5.41796875
5.35811060
15.60020945
0.13941738
3.54841479
4.59391733
3.63786015
14.69291168
7.17406915
19.71890362
4.44577016
7.13505097
4.64823581
2.88627106
11.17879211
0.78991730
0.13810149
0.12630281
2.37064606
2.04687500
1.52681488
8.23429134
12.57096188
0.10929757
3.21716091
0.71232242
10.48616578
3.38476562
8.92703569
11.91146498
6.94995179
9.12845856
5.16841644
4.02734375
4.31205231
7.63671875
8.82621122
2.43879876
17.58504709
0.70853668
5.64107269
13.97708888
9.31852172
4.97001440
2.29238892
6.58715758
7.49096742
0.20792633
1.90470025
5.73978917
5.08426972
4.53393617
7.85445036
0.32129031
4.36328125
3.89453125
10.02945922
2.22640015
6.13816263
15.06954011
0.39351410
10.38519837
0.68946808
0.61076168
1.77685671
0.36971070
2.86059508
7.61853058
0.98518922
1.17195617
6.34029144
1.76554383
0.63240539
5.21654837
8.28442819
2.18013519
13.15306610
0.80114746
0.92126371
8.18326906
3.17085785
8.71439606
6.57767731
11.19620789
23.45572906
12.72184491
12.60391900
5.58956338
4.40848847
0.18566895
0.70770264
0.13958740
0.36197875
12.98502438
10.52856383
2.46317597
8.40539191
4.65918218
10.99188720
9.06280030
4.25602172
1.95341035
2.86718750
1.37744163
11.09437157
2.69559287
7.83639385
10.15429688
4.55667997
5.19332003
3.25724366
5.21743682
2.26021332
17.80891844
2.50956269
2.47334497
2.99585272
3.75240082
3.78951019
1.63964844
1.97558594
0.87695312
1.30106867
6.98641179
7.91682735
1.81575687
9.33081117
1.00150543
8.59810394
8.44441711
4.35245789
1.01778106
0.25427277
10.91372784
12.34144817
8.25435394
0.60498047
3.54651504
0.99836845
7.45438940
1.78796293
5.14981642
7.35502106
10.19185394
1.35750305
1.69327820
27.31290337
0.46932319
5.99023438
2.01953125
0.31278473
8.95747894
3.48197418
4.55859375
7.02209442
1.68501801
2.06384308
0.09920195
1.15563996
2.34370941
4.05513519
0.92826324
15.21439606
7.29963985
5.46752992
8.11612478
6.55465314
17.56664229
6.02315713
12.83976507
14.30481050
5.72701019
5.32979278
2.08036347
5.61718750
2.95556814
5.11878656
7.61328125
20.49800255
7.65674202
5.02734375
7.49893728
3.27209940
7.83841202
3.70410904
4.37263852
2.51062167
14.06225586
15.13087982
12.28470856
1.93019623
1.89506012
4.00826019
0.76277649
3.23020529
3.23516732
7.49393396
9.63806183
5.30460882
5.38069703
18.58581450
1.85115664
25.41560727
0.55656070
7.02363586
1.95923399
4.93448914
3.17627327
3.50175144
9.93753436
2.68205396
9.76908356
0.01984162
2.16015625
8.40189606
1.71491184
0.41322140
1.65490567
10.09041445
2.89872285
1.88476562
2.29642731
8.71161292
5.07255097
6.78426086
2.18664395
13.48807956
0.53724722
7.11735483
1.20898438
3.88036736
10.11767952
1.57812500
2.17187500
4.27298981
0.26879883
4.87898493
5.10103612
5.27274380
3.83102921
3.55619293
3.46289062
4.71938443
1.93536014
2.14648438
5.29492188
7.54597961
8.79252106
3.94425476
4.48437500
0.08760590
3.50512633
12.58772828
3.07710661
1.51839172
2.43265902
2.44954344
14.65085398
9.62756317
4.07600953
15.86120512
2.09602782
6.99800753
2.16345246
14.31506317
3.06404664
3.72851562
8.78344415
7.49365359
5.42122562
4.56685394
1.61275238
12.46875000
4.85546875
4.35546875
3.60351562
1.05720852
5.48807956
10.36718750
9.04687500
5.43904477
5.62345523
7.70996094
2.16409686
4.16158674
5.76171875
6.62019836
9.66886414
6.04508422
29.87231383
0.85371980
6.80212433
0.77490234
1.46830231
11.59829566
6.18730828
2.91141754
22.00457660
7.54594525
7.17696137
28.96484375
12.28881649
7.26017398
21.56429078
0.60327086
5.08862367
0.84179688
9.91088431
3.34814827
8.60770722
8.15189606
10.87528037
8.46273603
1.96244293
7.60005707
2.03666168
2.85770224
8.20719858
3.84960938
2.28861481
4.89453125
7.48482269
3.45454677
1.26225011
3.18522094
4.34863032
6.54769171
1.17631012
1.14213043
4.18676197
6.21122783
10.45837433
1.45568817
3.71915711
15.58638519
7.69921875
2.39062500
0.01222992
0.25345612
0.53910309
3.07963043
1.48091644
3.97004876
8.90149268
7.99791889
2.06999279
7.80968086
2.73764184
0.55033356
0.93558746
6.26261414
0.47792385
9.34916355
2.90555630
4.72937167
3.06250000
2.69250333
4.67773190
6.54687500
7.04252106
6.73046875
0.43404144
1.86282608
0.60104111
2.68766235
3.67923981
2.08687223
3.46960605
3.84029144
7.82665891
0.93221132
14.87756317
13.23079344
24.38472628
2.33984375
8.26908356
7.70312500
12.26639739
3.95280031
17.42529297
5.91707336
4.19576019
0.12288422
0.01051331
0.01458740
1.83703613
1.67016352
8.49511968
2.52734375
6.83504211
2.52628601
7.39908688
3.94856937
0.95898438
2.28249197
1.32187721
7.26920656
14.56469415
14.36320257
3.86116578
8.00000000
7.16393950
14.65637300
4.43013519
3.15843169
2.52027925
2.17158840
3.98795656
8.91764406
1.95820950
3.43579288
3.47187888
5.00810159
14.18713099
3.78943151
1.49316406
6.73242188
4.24218750
11.14449035
6.33345302
7.47168218
4.43399712
6.71098182
1.30716949
1.64986176
5.48783356
6.17578125
6.53023285
6.83593750
2.33593750
0.41064453
5.42533356
4.89107269
7.97566711
2.03649310
9.23344525
0.10164367
2.69185394
5.21097186
3.21135084
2.15810388
1.64340979
11.29402524
6.42033023
2.81205231
3.41451019
1.87402344
1.43802887
0.01424164
2.17181759
3.57989139
9.13516401
4.80428911
1.95084469
0.77278812
30.99164119
4.31695256
0.77978516
0.48650780
16.37369750
21.82991578
7.02298981
30.78054633
9.65605828
4.02868683
9.51037567
0.02537049
19.00142177
11.25639073
12.47521942
6.89107269
2.02994252
4.82625554
9.04801640
6.41162234
21.35900599
14.38037234
5.02234042
17.90572113
4.33939606
7.55745235
2.80725067
3.88574468
10.42793108
4.69662123
11.90970856
7.91796875
1.15421570
9.38167110
8.65889683
19.62988032
6.16463320
5.95158023
9.12064606
16.05122894
4.57974347
2.65703235
3.63015570
1.77609430
6.91166168
3.66015625
11.10579344
7.34183622
13.23551640
7.73046875
7.56372008
3.66329011
1.30415863
13.41002328
6.08729055
1.51200410
12.80578458
4.96419437
12.94441711
7.77628601
7.34765625
1.72709137
0.91845703
0.58247894
9.73676647
5.09453235
21.15498560
2.01644171
10.83186392
4.85083444
2.82918274
4.01640679
5.45449459
1.74267703
3.87711547
6.65547761
2.88521332
6.47460439
2.83940104
4.84765625
13.53949773
5.82716090
5.98437500
13.66227172
0.16231324
2.25691213
9.35642829
3.95292331
6.66060394
9.50645945
3.39108266
19.78983551
1.80017121
12.76171875
10.84631317
5.61531555
7.17309508
16.06501344
3.40759308
1.18261719
7.09508312
0.77662067
5.42020048
8.59259863
5.35462765
0.58101410
14.19113064
2.84720731
7.89510195
16.24308289
6.85099180
17.35634338
10.54353945
22.27893035
4.18015564
3.80179466
9.33040780
12.17291751
5.49128214
3.72124445
1.24466949
16.54569426
36.75557403
11.38537567
5.82767855
1.76936890
22.74947113
24.90807514
11.68477947
1.56445063
7.07023382
6.18403148
4.99130208
3.28560394
5.71653591
8.42319370
18.32815936
6.76793219
8.18560615
12.50435394
5.03906250
5.13236481
9.03625333
14.83459192
8.62805518
6.00268617
6.65368683
16.52538564
1.82377604
7.66902275
1.59753823
13.97896332
12.86360594
5.74186281
3.31717864
9.14331117
2.55423981
5.93029649
8.80284024
3.17094027
25.97900266
2.38037234
12.24625298
2.18168495
8.72271368
3.86479166
3.26953125
2.37337157
20.96143255
14.47855497
7.90035128
5.04809508
1.39233461
11.03885085
2.64519060
8.34273161
10.43123227
11.84273161
16.73897495
2.02925255
1.60140514
10.28470856
4.50234653
2.55083554
13.84450743
5.44337433
9.29085328
8.51204344
2.40140902
0.11456299
2.50130001
40.47770390
14.29079899
0.95875332
1.22619598
7.17230256
2.17036957
0.38183594
5.04902483
1.20593916
2.91439788
2.06473847
0.42753082
4.68871883
13.30147495
1.62011719
7.49612811
8.42086408
1.43652344
7.42372513
8.69877106
11.52343750
5.14107269
4.45658356
18.92617465
1.47075742
12.02953551
1.77359985
8.55504904
13.45797096
4.03841312
4.08504211
0.24283875
7.77443596
6.61964760
5.73872894
1.00301512
6.30725067
3.91597628
21.21337766
7.60302859
0.20520020
12.67165691
5.55290669
0.50097656
4.82420878
1.46290059
16.89139739
4.42110261
18.07683288
0.74552430
9.77164672
2.78499390
9.17142731
2.37740082
7.25390625
11.03804411
1.66426668
0.12715699
22.99248473
2.62800961
17.21366550
3.07181793
3.36673981
1.02530945
7.51025266
0.46683871
4.73323360
3.49963597
11.41406250
3.53302583
9.81524046
4.02087433
4.14279175
9.63627106
4.63211381
6.21013076
5.51517731
10.71606383
11.69775266
5.89913120
18.92248504
8.48746703
0.65108308
6.37276153
0.41410371
11.77075133
5.99442597
0.00813812
1.85188594
27.88936558
3.71614251
20.73726286
13.50574135
2.41092864
11.89359652
37.29597961
6.44193512
7.22009308
11.50000000
2.99849457
0.83109527
1.01806267
8.52905647
3.11584442
0.73327668
10.03906250
9.70222961
3.11612976
18.11299092
0.16138256
6.23693817
7.04040558
4.79252106
1.16255707
18.89078236
6.25798905
9.84733156
2.89155973
29.00626773
4.11380763
1.32759862
11.22744751
5.76037567
17.33813165
22.29960051
1.84695756
2.52446586
1.43164062
10.90417387
5.80618795
1.07682873
13.65550751
10.56398669
5.51530031
4.12890625
13.08504149
0.60957918
4.28242576
2.63403756
0.81445312
11.99609375
3.72281860
7.09073914
16.65767120
14.45466977
4.05928745
4.95747894
1.62011719
7.32116357
7.92236328
5.73563940
2.96378601
13.22220856
12.61181516
4.85437167
13.54959553
3.07153756
6.29488253
4.24564606
13.21875000
6.07678192
15.58939606
2.77762910
9.66116468
19.94673427
3.87212211
8.45316434
32.61344360
4.80057956
12.84810394
5.01131040
3.85152316
8.59631317
4.24462766
5.73763187
0.42309570
13.77661071
7.04931516
12.53950776
10.57690492
7.24621675
4.71260528
5.41630097
3.36372894
0.64648438
0.96875000
1.36966949
4.49885860
3.36682347
26.29014961
8.27235039
4.95780364
3.35620179
11.93794769
6.63281250
3.99023438
2.53710938
6.71703790
2.41382147
3.72220856
15.52856383
23.73823693
10.81204234
1.82004210
2.08007812
0.46398895
0.04199250
3.77425047
3.50899324
7.68705231
5.38919327
1.67782302
4.59073914
7.17321808
6.41796875
1.75439329
0.90576296
2.32812500
4.90771360
12.06619958
15.68607823
3.60871565
5.48963430
7.67427582
8.71248227
3.05660128
12.27996566
2.34503434
35.53710938
8.85742188
3.10742188
4.89453125
6.00826019
0.60172235
8.70740026
9.15580231
5.84029144
8.42968750
15.69929743
12.26676640
6.34118683
14.66812611
2.33879100
3.42997285
7.76447363
1.56605219
2.82031250
5.06738281
6.62353391
2.62255984
4.69832336
2.44185394
11.51192044
0.88501163
19.37145280
10.02698470
10.42638631
12.17777122
11.84318927
1.35636414
2.95885140
3.03484153
3.75000000
10.57031250
1.99331893
1.45394669
9.87154144
6.24719207
4.52754544
2.46163120
2.26997894
9.00256317
1.19079621
8.28035461
20.67424140
11.68379793
4.51216644
2.69140625
7.63627106
2.35201019
5.38671875
9.99564606
14.50470302
16.03068927
11.29273271
0.01210022
1.71504730
16.03816711
8.01216644
11.03356902
1.99007203
6.02030364
2.11206117
3.77388519
7.63749114
2.38940492
9.26244681
1.04659463
8.57812500
4.15144836
10.49910461
8.85342199
1.42587488
2.68343140
23.53643508
2.09697251
1.49609375
12.47933929
2.61419480
7.71734817
13.37849291
1.58219858
18.51376477
3.08472739
4.10681183
1.27388519
6.59240692
21.21911652
6.73148590
1.82225098
4.76926085
2.21529144
17.15127636
6.18168993
14.30525820
4.60903931
2.00000000
19.17354278
8.16316711
0.95288148
3.85786957
15.38431793
13.84223959
28.00317819
9.81461547
6.26696808
2.83711824
1.55371094
10.17187500
8.25915527
12.31355774
9.11808289
2.84765625
4.38724513
10.35705784
3.51306183
6.24955231
0.72013367
0.25683594
0.01010132
5.47995679
10.83148049
7.58463874
5.82613253
0.53714996
18.41060394
14.06857746
9.99369791
8.39420656
4.69484966
7.47038342
13.49129211
3.16485915
7.86940604
20.48815761
7.25512384
6.59317930
6.15552194
2.80566406
36.27494293
8.50435394
1.63956695
6.52709774
10.40214206
1.32120789
4.27802749
13.55400376
2.60998504
14.15368683
2.66434400
3.27004321
0.01815796
1.00573512
6.42899380
7.07874206
8.80301972
6.81989916
7.42965314
1.61123948
6.61035904
45.64363586
9.47135437
3.10310229
2.12145376
7.10034242
7.99202515
3.48933899
2.71964539
8.04764739
14.10113919
10.06215092
3.46093750
7.33158356
17.61372894
12.47477172
4.92757203
12.09375000
3.92610594
5.55782136
0.46944184
1.29935699
9.18382979
17.32159132
20.31489139
1.51931960
2.61784685
25.55033356
3.58886719
2.06026153
3.11853058
8.45402039
1.33373463
3.76681072
17.37847283
11.89970190
17.09118683
3.24063775
5.05908577
3.64034027
5.42968750
12.99564606
5.10156250
0.21346039
5.51562500
9.67968750
10.18648161
0.62361757
2.41406250
9.78125000
0.09448242
12.90623505
6.15361812
5.31307070
2.44311337
3.22709386
1.51314301
1.39058068
3.17273354
31.86914062
2.98046875
1.15336090
3.69066947
4.00049202
6.62109375
1.21407136
45.07421875
11.67968750
7.95658356
3.59533411
7.72347296
2.24369293
2.78125000
11.14497894
7.05065825
6.73616578
5.64152039
4.25968669
9.60424867
6.09720856
1.65714539
6.30468750
2.04642731
0.59273285
14.45914672
17.99007203
3.57226562
15.04971853
0.44637522
8.90100067
4.61071808
0.39160156
1.86210113
0.02254211
5.99173981
19.70389739
1.34822695
1.69335938
7.80098294
9.74935062
7.89062500
16.64505763
5.79289007
0.05569458
4.86376953
17.49987700
12.29520722
4.09138354
2.41236037
14.20043883
6.69051086
3.92545656
6.29540891
0.66015750
15.91743739
19.84399601
9.76306183
0.29394531
11.08247894
7.07242299
4.76546764
6.97220856
1.50394559
5.86335993
12.86342864
9.38734873
1.77539062
8.24218750
6.26171875
0.24750576
2.02803745
5.89017731
18.04455535
17.36877410
4.30000886
10.20451599
1.44095606
7.35293994
9.06360704
4.33337433
1.74607330
8.49856889
3.43233931
4.98091644
4.76871454
4.49886358
5.04764739
0.65649476
0.13061523
1.27888852
6.59741273
5.38614805
1.30440464
6.23437500
12.56705563
15.43892177
1.08777260
14.93570922
0.43074586
10.14115138
5.41349180
0.76326850
12.27689606
3.16544617
2.09480774
2.80273438
1.93058289
11.63252715
0.33646699
16.86877254
8.19197695
3.47623781
8.98002106
5.04553192
6.02937556
7.78251440
1.73046875
5.10982269
4.48738586
4.63858821
1.04101812
15.70639038
4.22656250
11.28906250
0.88647087
0.09379432
2.96236176
1.66947418
3.74458832
9.40881317
1.91149933
13.53906250
1.01855469
15.23636747
11.40100067
2.93685062
3.14408356
12.96777281
4.04162567
8.98103945
0.39306641
0.98514739
8.72143617
4.20747894
7.32828735
12.15881317
6.62833555
3.22261691
1.78792359
3.85199275
10.76226506
3.10021942
2.82120789
7.96439606
8.19966644
10.32701796
1.07382036
12.84924036
13.42033023
4.22847628
5.42789672
8.91829344
11.65380984
0.25830078
0.59248684
1.82792331
14.35156250
2.08203125
10.02844083
6.91775757
10.22847628
9.70043883
10.40637300
16.20312500
5.81461547
4.60335328
0.94535309
5.75935727
4.08439273
5.40881317
3.28890015
1.00097656
6.23213653
4.92142731
9.80301972
3.35408134
4.94132757
3.79899047
11.94706394
0.48461914
2.36572266
8.89261622
2.46688054
4.61462433
1.84570312
0.68847656
3.08738365
2.43605385
12.15189606
4.85111481
1.86254821
1.34493074
5.56351590
3.19181460
10.13012633
15.31974180
13.89856050
1.92500886
5.62890625
6.92533356
1.50781250
14.25898826
9.73201850
5.89286347
8.42187500
2.72985871
2.08593750
11.10933317
9.19006317
4.35783023
23.14603668
17.04882812
0.05323384
7.25960328
5.78446255
9.25114140
1.20491266
4.59277593
1.29386414
1.10795074
4.50781250
17.42471853
7.78520057
10.65243321
12.20011663
8.90640736
13.27132701
7.57377106
1.04150266
4.26959353
4.20125056
2.59607214
1.05957031
10.90993463
4.29319037
2.50231653
8.83630651
16.54748255
4.03552526
11.66752106
6.45178192
13.78426086
5.02042664
5.03259308
0.28564453
4.37154144
11.75630209
0.47221354
0.63085938
3.90152953
5.58337433
14.08760528
6.47896332
15.11323693
8.87638741
6.93135528
6.35034242
13.00321255
2.77803745
6.75826019
6.37955563
1.66243656
2.15429688
19.48242188
1.78035461
2.19380707
18.40702239
0.75313386
6.28735040
7.28731604
6.96439606
7.48937833
10.11067874
17.64371454
4.17269171
17.84146969
3.70788730
12.21862700
1.90832613
15.81490082
9.79199219
2.33068817
8.76652039
3.50797485
1.87235566
2.90417387
6.34191988
2.08353668
12.53381317
1.86987242
3.45520113
6.19531250
0.48433441
11.75040337
7.41764406
2.40957558
5.43604886
8.42097961
9.23002106
10.95596853
3.71060783
7.98937833
12.80355607
8.92301640
12.04410018
2.20362200
2.57767731
4.63617244
8.55958776
1.00781250
3.57303552
5.19702460
13.64615470
18.05172096
2.53845246
9.48591977
4.17423648
17.66369349
16.37011968
11.15022828
7.26846853
1.31702127
7.94539118
4.75427526
3.72593003
2.13397384
8.48599596
8.20565381
10.88716644
7.66963653
5.61161347
3.97489472
14.09720856
12.62234819
8.79552195
2.76136967
8.73437500
6.21532580
9.75618780
3.71700354
7.76960993
5.52026679
0.98986785
29.03552277
3.28906250
6.61539672
8.76883755
0.22025792
20.35107422
3.92187500
5.91662567
2.54386414
5.18750000
0.01947540
16.98546211
6.77546147
7.09411901
5.94543550
11.26729278
1.50854554
12.02143507
4.21729388
1.45214844
5.00239085
4.42400044
7.40368683
17.81534353
6.52450022
1.62695312
7.78637633
11.37500000
0.93387910
6.12500000
6.33519473
15.40979720
1.01200410
4.98514739
4.74967531
4.43949247
1.24865692
16.10355790
4.86820589
9.52779144
0.09749359
1.67382812
9.23477837
7.88871122
4.51624002
3.01456726
6.77856383
15.72570147
8.96794326
0.20654297
13.22823028
15.60615498
1.85995068
11.47566711
1.73669465
15.43123227
12.50080674
2.25501329
6.75044769
3.61283356
0.00642914
3.81835938
15.01293883
3.11929300
7.28528922
1.39514004
7.94722628
2.52868683
1.94148742
1.82413758
11.56884766
9.96032248
2.42399545
1.50736481
14.71870692
8.52575466
1.36487284
6.86043274
6.28954954
7.53617464
13.60489805
2.51017398
0.97131317
10.22045213
2.64522994
1.72159851
13.82083888
1.00488530
16.97749848
14.99910461
17.30098294
2.79170933
5.18705231
3.73408965
17.63630541
6.35075576
12.98693817
14.34810394
8.69787567
1.73563691
13.17521055
8.86436836
3.06544215
12.16048094
4.13332891
22.92770500
13.94205937
9.32519282
3.32865636
5.85201019
3.97851562
15.31978363
6.69486481
20.74540005
13.25682846
5.50212544
9.99295989
0.12312898
6.36116329
3.51286015
11.15161377
0.16240186
9.22745789
8.27010195
8.78893950
8.76139406
2.11038343
3.88180407
15.50000000
7.94576019
3.01411957
9.55435284
5.01949689
9.22949468
16.40913786
12.22758089
0.95939148
8.03710439
7.17428080
16.61189239
12.63358489
7.67118130
8.14998227
6.11300088
15.12234819
0.76489943
6.55305907
0.11271055
6.36385195
5.54443359
15.86010742
2.87304688
16.61962766
7.63037234
19.62837707
13.59810394
23.19140625
10.44441711
6.09288897
14.29243241
12.99297484
10.96765106
13.40474457
10.30171723
1.31709746
9.81160461
3.81884641
1.31852421
8.14387190
4.98112810
1.34232574
7.26090079
6.11422096
11.13806183
5.57750998
1.41272440
7.60738129
2.33939606
4.41573028
0.07841035
8.32754932
6.28333111
11.95902372
1.14298648
2.17036957
3.49475067
0.15429719
16.47996676
3.32081449
1.09960938
9.83800865
8.00819593
5.03660792
4.80769836
1.15639854
13.26416389
9.46004211
4.15254793
3.04296875
4.80859375
5.01200348
9.86000061
8.40625000
6.44591756
8.73551640
2.70177693
10.17795122
1.11657746
13.18846410
15.48294244
8.85391900
14.21667885
14.60460398
3.01734208
6.50805851
3.22399933
4.01472961
9.06974305
2.16210938
4.02298981
7.93660461
0.90612824
2.04687500
8.90881317
0.43037871
4.38248781
5.68225067
2.95251496
4.33158356
14.10196587
6.25626773
2.22424534
4.51045435
2.02230108
7.79243988
1.21004211
1.44034851
7.65933954
2.53011358
8.42325743
1.52303164
7.46895169
1.08626468
9.22310394
3.08504211
5.52550865
3.66935616
10.86372894
3.88911957
2.91544493
5.50883089
4.02298981
3.56791168
6.10238341
9.27176972
12.87141844
10.67635195
2.51953125
10.16959220
8.21322030
8.10156250
9.53906250
19.32014019
8.73983599
6.48681516
1.10022191
2.04732269
10.46260528
8.42789672
1.94335813
10.11307956
14.49295989
6.70715425
10.06595856
10.19095856
0.67708375
0.39379883
4.25736481
13.82649158
1.44584137
1.41659131
4.44787567
1.25850184
5.95170323
8.03995789
0.12483734
2.01330566
2.10742188
9.25948028
10.92533356
7.59163453
0.67041016
11.76892609
3.42382812
8.85253906
12.84261047
4.31433137
10.72253418
3.10156250
10.27420989
9.30505402
3.37561004
1.95776429
4.39453125
0.68062348
0.37768555
5.48734527
5.43728638
5.11328125
8.43481383
4.37377992
1.45117188
2.69966644
8.10847961
1.24869812
11.28400488
5.85662012
5.27441406
1.79463653
0.33833100
7.38281250
12.15196747
6.21463708
5.21264960
6.74800629
3.70853668
7.94140625
3.27193207
7.23738586
8.86104278
4.47688221
3.79159131
7.83337433
16.28190125
16.99206450
16.64420656
1.44087738
9.43750000
14.28381317
1.67328929
1.64543661
9.13281250
8.00344859
6.35067708
3.43253601
4.71830231
0.05879730
3.93119293
21.07377106
6.40881317
0.24389711
4.27489861
6.85807624
5.96614251
0.43262093
7.48392731
7.47701019
0.04517089
5.60546875
7.09464539
0.77494293
7.64709442
0.17281129
4.91015625
4.21093750
7.56250000
2.60306793
1.86417415
0.09920476
1.55806488
5.18656029
1.78564827
1.02388519
6.09284963
16.51656471
2.95654421
6.97701019
8.39754211
5.44352172
0.87915101
13.29456532
8.18632424
1.82580037
1.31380873
2.96679688
7.65250610
13.73030640
2.56477782
8.03047761
0.95019531
12.82889739
5.06998781
21.52103668
10.47004876
14.38767248
4.78922609
0.51757812
10.25948028
1.74959165
8.26545767
1.41642896
9.05981383
2.48555574
8.32722961
0.06117768
1.17720551
12.84740027
9.28887078
4.34029144
2.40791778
4.12333222
3.75032469
2.77071199
10.85156250
6.63671875
0.98335785
4.51171875
11.19531250
5.73046875
9.17533356
13.88325023
0.30034352
9.15083832
1.45560699
5.99218750
5.89453125
5.24218750
10.52779144
2.67203735
1.78694703
10.51908356
2.06685394
2.94531250
6.17187500
0.11342346
0.04545105
13.70568817
7.46943498
3.26481826
17.80423981
6.34631317
8.66482429
6.67815270
1.79191101
1.70650238
2.11930297
0.11421754
2.91992188
4.01293883
11.84554078
2.50089539
5.13281250
14.45312500
0.48685699
1.81933594
4.35591644
0.35428863
12.32031250
4.40144836
12.54040558
7.05737305
1.58593750
0.10713684
0.16644194
0.62894808
0.02764893
14.16874114
4.45625886
10.10847961
7.77734375
2.35831726
4.96651153
0.12198945
10.95519615
6.20406471
15.89960173
8.72094415
4.71578346
6.58939606
1.41788727
8.02433289
2.08638021
14.75496897
13.85107048
5.92281471
0.37434875
3.59855164
3.89155973
6.57133089
4.88627106
7.32242797
11.89525931
4.25452127
1.66007508
11.74218750
2.39770446
0.22070375
0.99169922
5.47265625
1.19982879
4.63370789
5.71414506
7.98702681
21.96386719
4.02734375
6.09512744
20.54199780
0.86340176
2.17452183
8.83593750
6.29874446
10.99479001
2.18738198
8.41752106
0.41796875
1.78267426
2.05960965
7.37276153
0.20780613
3.75541168
4.47223294
5.95175753
4.82299867
0.24914551
9.69441711
0.02237976
6.77949856
11.70056183
2.24515902
0.45080598
5.61132812
2.07963043
3.52193207
8.06234741
0.32022915
14.36743351
3.34179688
1.44087738
2.24369293
9.78906250
1.10672817
3.14282289
4.18550753
9.83398438
3.34419769
4.55187833
2.76648105
0.02738953
0.20273709
8.50191378
13.97265625
14.76562500
0.04456573
4.79732269
17.96439606
10.74348969
12.98783356
0.76375305
1.47065382
1.47600177
1.92773438
4.19342809
6.29680629
0.62650543
9.87564938
0.35490085
0.32938629
10.79341644
0.14331055
0.07476807
11.80444149
7.14917054
5.80961214
4.82758866
0.98100509
8.62154144
13.04980469
5.33593750
1.88476562
10.73002106
10.65146278
4.46982269
0.21119348
1.67097961
1.62019649
5.49031804
9.54252106
10.25858489
0.51192293
16.08751663
9.72498337
1.69771332
8.43750000
8.47643950
18.61731050
1.05131012
7.80318207
4.30800062
1.94838762
4.50736481
2.40865082
8.99654144
1.49316406
16.81917110
3.01367188
6.61743351
2.59269226
4.16707336
0.06235717
8.02176972
1.45405973
0.76855593
13.88134766
8.30859375
6.00000000
3.57812500
3.81176696
0.03338685
6.05151367
16.53816711
3.03800476
10.17968750
11.45568817
13.16128768
6.95724290
1.23986785
14.91063830
11.47652814
0.81974305
7.91707336
14.69376524
2.81005984
11.07364805
17.21834414
10.18713099
5.34411901
5.85420435
0.84208472
15.21474513
6.03525487
1.77832031
8.04451352
3.05420046
12.55961090
4.56294769
1.95695008
8.61672984
1.02210438
8.13024933
3.03515625
3.00349790
13.95658356
2.03645999
6.39448693
0.99516151
10.20873837
8.37780917
21.37048371
1.29642731
3.11372894
11.32803635
3.73792220
3.15279144
7.21394836
6.79507425
19.90829426
9.57675753
0.91699219
5.08984375
0.02247620
12.23482269
2.42923981
0.02300019
2.32730954
2.61564273
4.58203125
9.23693817
8.95491578
15.06018035
2.81579621
17.24898161
4.49807625
4.29546320
0.45849609
11.84722297
2.07074578
3.98677582
12.98783356
5.12935394
5.01366689
1.44531748
12.35396332
6.17187500
4.56896942
3.70251496
0.33687285
0.84257051
4.59338223
3.27730441
10.97566711
0.44807984
3.15535461
12.09720856
1.59252743
0.82206394
19.42443817
7.12723847
11.40535461
3.16931183
9.01806516
4.05615359
10.24129211
7.76562500
6.83728058
4.81941711
9.21927638
10.79093694
14.20445812
1.29794270
3.38783149
4.54600640
8.71695922
3.46618683
4.96350067
0.01906373
2.51562500
4.74088376
8.67033023
5.45792664
1.43087769
1.90527344
18.36629211
2.41495789
0.77636719
7.37642177
7.84232823
10.00345856
4.43359375
2.11165282
3.31880707
3.10709718
3.43164062
14.52924757
0.59628130
17.23974485
5.66853945
5.72607453
15.25195312
15.86132314
9.88342752
0.19934113
8.20312500
9.84606716
3.40311614
2.00862921
11.19095856
0.16316742
7.51057735
2.35270390
0.56445312
4.89754211
15.51826685
4.65181737
4.45926972
3.60908965
3.65917221
16.06617021
6.46636426
11.99109042
9.95735594
3.49381593
0.05657959
5.16654200
12.81197362
8.73734527
0.80961090
24.86417664
11.62064606
8.06250000
9.30651264
1.44348736
9.45267731
8.85591644
1.46777344
2.29296875
8.36283356
0.99405945
4.50903258
1.54325410
3.83150238
4.54687500
5.50736481
10.11958832
5.67968750
4.64318817
19.51037567
3.26245179
8.47656250
3.68359375
3.62455231
3.44326076
4.14898381
13.52408688
0.54036624
16.44807735
3.46944370
8.10591644
4.79508422
10.91194703
10.09720856
13.88353317
1.18253601
0.02170838
5.45043945
1.23339844
17.54056793
28.60330896
19.03385749
4.40234375
0.85257965
4.25044769
0.54105621
2.14619903
9.68391844
5.46883117
3.53841312
10.94628906
12.90881317
20.73083527
3.70507812
4.00781250
7.89408356
11.89843750
14.73237257
7.06059618
10.66483489
10.37422761
7.61950684
4.00781250
4.39184508
11.75268617
0.33231473
5.65323914
1.44970828
5.51610674
7.16838209
5.19140625
13.42533356
4.98762190
15.68465647
5.23877327
4.76582669
6.22993988
5.41682735
5.08508643
10.96875000
1.09366883
4.35982269
7.22611481
0.29097504
0.11324035
5.50244016
4.65816378
12.08247894
0.89892578
12.69445147
7.35619681
3.97669547
2.20853668
12.15496689
12.60359431
9.25818151
10.11958832
14.73168883
1.28588929
11.14408356
7.36692155
1.68821364
11.92264739
4.97143617
1.12544769
1.46240234
7.81640625
0.17028809
4.54252106
10.72373132
5.61934729
5.78169769
13.48783356
3.07377106
0.54829926
18.31827571
14.45837433
5.19209995
18.62890625
8.25390594
5.03067930
6.18025820
13.90022828
3.16094208
6.60502106
5.54341644
0.61576324
9.38972961
16.24743683
4.46093750
6.95613586
5.75276485
0.84240941
2.89815215
0.26786347
7.84870900
7.69861369
0.77539062
8.62173316
5.43295434
22.24706782
