0.11271055
17.30090425
17.72464872
25.25191378
11.02600067
2.45100953
6.83984375
0.94763184
3.61494903
1.19807984
0.50585938
12.01639739
2.06803468
9.09683954
7.52425421
0.17862945
0.63179535
0.03246551
16.84032059
2.32242797
7.94230164
13.40612700
0.60107546
17.92085661
16.91474997
10.61703014
0.47338867
1.26074219
4.15926086
15.06070922
3.03979554
7.89017731
6.84810394
5.09350399
0.95158023
0.88391082
0.86495027
7.36584442
9.18404144
4.21866883
6.27644836
5.66060394
13.35758422
1.26981660
11.71756926
3.84252992
2.69185394
0.77832031
2.01594969
1.66276125
3.60156250
5.06664728
3.49975897
14.68737700
10.88915590
24.58593750
1.52290863
0.90429688
2.59090149
0.08382172
3.25240082
16.33504211
7.70876774
8.20463541
4.41036790
1.91149933
8.00691711
4.20703125
1.50797485
2.38745179
4.52689606
2.89333556
3.57195589
16.00000000
4.09936337
0.12231632
25.97656250
5.23756761
0.27805739
9.31446838
13.75935727
13.44475010
13.14080230
8.64615345
0.60416412
7.96439606
5.32466644
1.70365387
7.54642731
2.07515473
1.79109680
6.29642731
4.79866578
9.99385528
4.17712433
6.55818041
1.60287123
6.05944482
5.00501185
1.02706089
2.91105164
15.58881539
2.54973348
0.24133394
1.29882812
13.24906402
6.22538376
1.65790095
4.27617298
9.51997894
7.30423981
8.39936974
9.68290005
14.08964206
4.70406471
0.16308500
10.12512300
7.18359375
4.80078125
7.86958737
5.44877106
4.93750000
2.09224457
8.77689606
7.69140625
14.74328582
0.52181031
0.16859036
3.28316378
2.71289062
7.62072474
1.21175421
8.36539672
12.13031805
0.30897273
10.91581145
1.66646332
9.77188173
5.66796875
0.92573942
0.03263461
5.86718750
7.14115138
0.74849706
0.98193359
7.99218750
1.92324829
9.56160461
4.39152039
3.82421875
13.85320204
8.79183732
8.87271720
3.53816960
9.34578679
2.73091644
0.54248047
8.01428192
0.43668641
3.10758422
1.04484070
1.87243683
3.05379211
1.20161957
1.03267426
1.89564146
13.98885195
7.55638963
5.49093306
1.77359985
10.99462766
5.85091312
11.84199358
10.26920656
3.94348736
16.20389739
1.40893617
18.89269615
6.10685616
13.13875056
22.10851397
0.52804493
27.92602539
2.57812500
11.64390626
4.84002105
0.52704916
6.35608377
3.60396332
10.97427970
19.28503823
0.23347992
5.60937500
7.57564052
2.07385472
2.22159851
6.31748443
0.02666229
1.50443512
7.61893645
9.60522523
4.95792664
10.67700133
8.68627992
4.03411865
6.56941711
10.78906250
16.70424646
1.89418217
5.97277925
9.56160461
0.99796570
1.31542969
6.15966423
6.84033577
6.93359375
19.64363586
0.86515320
1.33317016
5.38850953
1.01285766
0.43737824
0.39986176
17.16266481
5.27025931
2.87221076
3.77042664
1.71582031
3.73632812
0.21854645
0.75728363
0.23331695
4.84285461
0.24621613
0.29593902
6.91202758
6.74092310
3.89278479
1.99849457
6.16015625
3.73136414
0.59863281
11.64062500
6.86283356
0.59736747
5.83988807
3.71289062
4.21964539
2.49894226
1.11718750
12.74564606
1.27652455
5.69169658
1.20605469
10.50512633
1.37414395
10.34489140
8.62177749
9.68657025
1.50317570
7.36494903
2.95267731
4.81518617
0.95605469
1.91308594
1.09517426
0.03366089
4.64843750
3.57572418
4.03238642
1.12386358
3.99751801
0.64591368
5.18807070
0.48876953
2.24804688
4.30078125
2.41361481
7.21239362
7.71374667
0.39950271
0.98632781
9.55122894
1.60644531
5.25390625
4.52433289
2.28470856
1.67329926
5.56250000
4.51293883
7.34208222
21.81506317
0.19991090
2.39648438
1.59187805
15.72452571
5.20605718
7.14453125
9.11014739
0.27026429
2.49263519
8.02888852
0.50675601
0.68457031
10.65010528
11.18103058
4.37589539
5.55033356
3.45658356
0.48624695
1.90131414
10.57614250
2.89331117
14.07902039
3.11568207
2.28759641
4.27925753
11.26908356
0.96931447
1.52087932
10.02612305
4.99316406
6.08605957
1.70478439
3.37890625
2.83984375
6.48046875
0.02110291
18.40856716
3.99202017
1.14531111
8.24279754
13.93481383
1.31555269
6.86865234
1.83548981
9.51766777
1.83443207
11.58414672
2.40999390
2.90234375
7.64318817
5.21337891
10.28372452
3.00863419
0.24932861
6.74564606
6.42834442
15.69274933
1.42089844
5.07857269
3.29687500
9.30289672
12.29381982
10.59859596
0.80867181
2.28190436
1.14453125
5.93554688
5.38236481
3.06791168
4.94771332
5.34419769
12.95914672
8.20544465
3.07759613
6.69877106
4.61750721
1.33561779
5.33247894
0.58496094
11.93314606
2.79553192
0.65413453
8.80468750
2.51713043
7.58068817
0.31022094
0.21256593
0.13688141
5.45430512
2.54003906
5.61718750
5.72281860
5.41105164
6.76334656
17.64062500
4.20312500
4.60143950
5.33170656
2.38716644
7.95613586
0.21500672
0.14697172
6.68326906
4.48872894
4.56205231
3.88476562
1.48994903
3.83487976
1.50427277
1.86914062
5.98872894
2.48046875
10.31070922
0.55590758
7.07071587
3.99617243
4.62419326
0.29508484
0.53967285
3.79882812
6.91153868
4.04044493
9.05660128
3.41767343
0.79139212
10.41764406
3.32466644
2.59407469
5.10681183
5.40804078
3.27779144
5.28861481
2.19832336
4.27823914
4.75104279
0.17107511
3.21871066
12.41214872
0.29272586
5.65279144
13.78470856
1.39453125
8.25781250
3.29056793
7.36027039
15.35152067
2.85518340
2.73523105
8.08158356
4.17277039
6.78991357
2.87040503
6.93216202
2.81962876
0.97509766
15.11335993
5.21867132
10.88946366
12.60272384
0.14977140
3.16072695
12.46085633
12.57615692
0.50062499
8.01411957
1.88537567
2.93929078
9.76127106
1.53462738
0.74751801
1.29524657
8.42110261
0.36425781
0.01131195
0.49389648
0.77535050
1.95683455
2.07316101
9.22656250
7.08203125
1.52193207
3.12410461
5.42277039
5.58593750
5.43558746
7.10233489
0.98164949
1.70454926
14.73246122
12.41162234
4.30468750
5.82857269
9.04406583
3.18412013
0.30359292
4.46758307
24.73423093
2.07950743
4.07869570
9.84736592
3.23120678
10.58816601
4.12968860
2.44396942
2.58231660
7.11283356
15.51887190
6.85181474
12.67346223
0.88541625
2.30017121
6.51997894
9.25345856
0.38671875
0.00931305
1.66210938
4.22294098
14.81160461
4.00773133
2.13313719
11.00358156
0.03329468
1.35502106
16.38907898
2.09720856
27.38521332
16.90603835
6.89038896
21.12914229
8.42208665
4.41927063
6.24475067
6.66630097
2.66361481
2.04341644
16.64726714
12.48075410
6.82031250
0.05613158
2.00524933
9.89769947
3.68521720
0.42143727
1.43359375
27.55544307
12.16276249
1.55102477
1.78784242
12.44185394
0.08868408
3.10742188
5.83626219
0.22375582
1.46093750
12.31941711
9.41992188
9.32726397
13.84896498
19.92095967
4.58644447
3.77819980
0.17557126
8.33439273
3.93900543
6.23392731
0.41324828
1.41821227
7.03271609
0.76074219
9.78125000
0.53426086
1.12043409
0.72653064
1.44238281
2.05078125
1.47363281
9.68314606
9.69583888
0.73527288
0.17016602
3.49609375
4.29967919
0.24768409
0.02047729
10.05468750
0.16649991
0.63122652
2.29626496
12.75089539
3.21830231
11.00296654
9.44234596
0.39204926
8.07527150
2.78019725
1.46634918
8.55456450
4.11385195
1.64941406
8.50736481
8.30814606
5.36885590
6.00166778
1.21415254
3.46919769
10.80533688
4.97937167
3.58638519
6.19392883
3.48826959
6.83097850
3.54687500
6.22265625
5.74564606
0.63700581
1.47835826
1.01118988
3.24955231
6.55033356
0.07947753
2.39721742
0.58837891
1.17871094
0.00965881
9.73437500
0.47753906
0.43139648
1.00118643
3.68900543
8.08336586
3.93990082
9.27343750
0.19632965
0.28446441
0.03983582
4.14754211
0.77160613
3.57828735
2.32238863
3.29492188
11.07031250
4.00390625
5.56205231
1.50394310
2.62248116
13.35631982
3.41711768
0.03662109
3.29359570
3.67417774
11.66860816
0.38217309
12.45552307
3.90974914
4.93705231
5.77042664
7.23136414
3.11914062
10.05468750
6.41137633
0.57059785
1.72212738
7.60892731
0.14080779
6.98181183
10.28515625
9.69807632
1.19940602
7.71997008
3.54130097
7.27119903
3.30737367
0.40901672
0.04880799
3.27201075
2.03034963
2.92766068
5.08785004
6.75301086
3.13956726
4.29252106
0.07033295
0.41284180
8.52570036
0.56865968
1.20935090
6.49885985
18.77725199
4.85682180
3.44966644
12.66035794
3.07792331
10.02510528
6.70536347
5.58593750
12.66906583
3.70743960
0.11583403
6.04174867
5.25345856
2.31880707
6.48783356
0.05757660
10.34887633
16.78881649
2.42676030
16.83646388
1.77051030
2.81445312
1.46919769
12.87500000
11.78189938
14.26574800
1.59102449
19.76924590
4.91194703
2.97460938
14.62848020
5.28420657
1.89153534
12.29341644
17.64941406
4.88627106
0.89656306
2.28943151
1.36425781
1.52982574
1.49609375
14.70658356
4.62019836
0.33532746
6.59908051
4.97041279
1.73918162
8.65368683
11.90535461
6.26272718
7.50289782
2.71484375
2.18253601
3.56640625
3.66528258
9.88998158
0.78283723
7.44262633
16.07359376
1.62786347
4.57076019
5.46292496
8.41137633
3.45776429
2.85502106
4.58581450
14.45837433
8.21272828
1.29733162
6.50237145
1.25044769
4.19531250
9.24564606
8.72183954
1.05497534
5.71979278
5.01807887
1.69673925
7.74251219
16.24275820
13.10400391
1.92728668
12.23866786
4.40918218
7.09407469
14.41764406
0.38740996
0.19230195
11.18359375
6.84048316
7.31308067
3.07796265
3.03214539
3.70161957
4.41796875
0.06878662
2.28965759
4.90130097
6.28074801
2.85987699
1.57812251
9.21386968
3.40083832
11.47749225
4.44739361
0.05251068
16.82458552
7.38623670
12.18404144
14.01505430
1.74666445
2.56791168
5.11853058
4.58190825
19.06189058
18.12036071
16.35214210
1.68225565
2.13671875
8.37064606
0.06416840
7.02287743
0.56776180
9.65117370
0.95446808
3.15625000
5.03906250
9.69531250
15.11629211
0.13590516
12.56685394
1.44982879
14.04341644
14.36055076
4.39815713
20.68784908
14.14125249
0.11749268
21.48915254
13.94071807
1.08308899
5.20792664
6.85937500
6.75032469
2.62137910
5.87109375
4.69966644
7.21919769
0.03627533
4.92315881
3.21461768
14.46942045
11.72745789
1.15743074
2.91451019
10.13102172
3.86612976
8.14843750
3.12829621
3.37064606
8.06160461
0.32995637
1.33203125
15.30179715
18.54467836
4.22098847
9.26818817
2.26786347
0.80668121
7.03702571
18.92478724
5.95660349
2.96484375
7.97220856
5.26216644
11.00256317
10.06506317
3.10847961
13.07120789
1.29565492
1.87141844
0.09965090
0.83105469
4.01367188
3.66361481
3.73091644
13.48819260
7.90198470
0.12939453
11.10502106
1.37980164
15.20267731
10.85850306
6.05222295
3.22656250
6.16589262
35.10925200
8.36385195
8.48771055
13.25793550
1.96496675
15.96260528
6.22301530
0.08537552
47.46004211
6.18269836
2.41691101
8.54777039
2.43164062
0.89163208
9.87410461
4.06160461
18.32815936
2.23808455
11.21093750
2.12410461
22.17436433
13.45833998
3.63802249
19.63627106
7.26562500
13.21875000
6.40474457
7.36539672
23.23042443
17.81648991
2.26497562
2.27901153
6.05802305
8.24845523
6.22745789
5.15429688
9.02689606
3.18359375
6.36673981
19.86630532
3.06840370
13.82185727
6.85122784
5.75224844
4.41495789
16.19469498
7.42888076
22.62751884
8.11076241
14.91353363
3.20703125
4.66752106
4.83190825
3.23254488
4.41451019
2.78893950
10.04515293
4.94146054
0.59993531
1.56152344
9.32287567
4.81970246
3.21289062
18.82519282
9.03210605
11.79474956
15.27637653
7.66271942
5.23661347
18.09631317
16.57556183
8.80753103
3.47176584
4.80105165
15.82136525
4.04119791
12.35208888
7.43697362
16.66393950
8.40022828
7.83426972
4.07857269
0.16857910
12.93916778
1.47578513
2.67639627
4.74218750
5.96919769
0.56298828
7.13732381
9.71769725
15.12886193
17.76684757
2.00415226
4.38627106
5.18660461
5.24584774
6.75549534
0.01617432
2.04367387
4.45553080
4.53946038
2.94136691
8.94877106
7.73872894
1.24707031
3.59570312
17.81941711
0.48966492
3.27591949
9.20747894
17.62500000
5.03470856
7.51908356
7.81176696
2.95100953
12.62687195
0.82857269
1.25976562
7.96788897
2.88607435
3.58203125
15.03470856
0.63911957
0.17923981
15.64814717
14.36161846
0.51285766
1.53694703
5.42622894
5.73783356
22.46695922
8.91752106
2.69604554
0.89306641
12.50207809
13.86202681
1.57046541
3.48632812
6.26171875
10.11315201
1.85901595
4.66539811
10.44153549
3.02689606
1.70328735
7.20059619
4.64360510
3.97041778
17.72489472
2.96679688
8.85298427
10.24332890
6.30590260
2.96452404
9.98295300
3.73026706
14.47276929
6.11550976
3.82533576
2.70161957
5.31896942
0.73388672
4.26261414
2.50077239
11.01440492
4.40323914
4.02248782
7.76222074
0.69689910
1.49328644
8.98091644
1.03027344
8.71427305
3.63011761
2.20795038
15.85591644
0.09368896
4.19095856
16.20312500
12.08247894
0.16918945
0.08929443
0.99110059
19.01762743
2.01245117
20.81510126
1.69612921
3.43721465
7.64286347
2.76721160
2.09269226
6.46582603
7.94986813
6.81229831
0.71687805
0.69230164
3.48588043
5.93404144
0.94478114
0.16703527
2.16109098
3.04369576
1.17409906
9.99218750
2.79101562
0.52864500
2.02551363
9.27844083
11.95202792
9.35323028
2.31986481
1.09643617
5.73828125
1.26464844
12.51973294
0.36649753
2.32031250
5.93497618
7.80285738
9.24604943
21.52576439
4.68359375
0.72753906
4.62988281
2.85449219
4.38285309
1.64693207
4.24519836
15.04499557
24.74016068
6.73128048
8.38155308
3.31904810
4.06120124
0.04714966
0.19498688
4.85546875
2.10396332
0.06058746
1.02388519
3.34472656
12.63191711
0.43058289
7.95991911
3.25785433
13.88671875
11.16406250
1.91210938
1.49511719
4.02119404
2.04341644
3.20687389
1.26713043
0.07990478
1.48307126
1.29809757
5.84887633
0.82405685
10.52308574
0.48254737
4.95312500
16.68374114
11.69709779
7.14746094
7.34711991
4.46147384
4.64062500
8.08833832
6.42435699
14.27779144
1.03206297
12.27266511
0.44510832
18.83670989
7.22546542
8.35489805
2.46346132
9.36221853
3.19522884
4.26437056
1.57519531
9.08971078
1.77011192
3.01123047
1.64746094
3.61718750
7.83325133
5.55346742
1.85253906
4.05859375
0.59606902
6.43390210
12.81160461
1.34871399
9.87154144
4.90669769
8.72745789
0.74462891
13.18570922
10.26602837
4.13720080
3.74264516
9.12154144
1.21484375
8.64664672
12.18350510
3.33781693
0.25756836
5.77802749
0.44072251
2.31835938
6.56990539
5.09464539
3.15535461
7.94128325
9.69864805
1.76090702
5.76953125
10.22228630
3.92476784
9.48783356
2.21724457
0.70849609
6.59353835
5.42208665
4.00736481
4.93359375
0.99409755
11.99031804
6.93893541
9.03829011
4.87154144
4.71317597
3.16503906
11.60156250
0.33040344
10.96878436
0.55119459
7.99865692
0.34684266
4.89693207
3.61177582
0.02256256
7.26607269
0.22595215
9.16524199
4.76395722
0.53125000
4.42093902
5.46484375
6.66015625
11.92686648
5.04687500
2.73828125
6.49901596
8.37666778
12.93681626
0.20426360
2.13399324
2.55462551
9.56317377
4.52666998
4.39965758
5.14740815
12.18120819
7.95613586
10.90039062
3.60003813
8.74410128
2.33548981
8.85644531
8.21785461
5.72009308
4.12109375
1.22626843
0.31043384
5.50435394
3.03560394
5.20312500
3.16068512
3.11914062
9.27241911
7.39884087
9.64408356
1.34676584
6.19966644
3.33911071
10.77221742
14.96962463
5.01216644
4.74955231
1.28959137
17.46618683
2.12695312
9.88537567
11.73425200
7.02880984
0.40848785
3.62154144
0.11401336
0.09899933
0.08148193
2.85798759
2.63961159
3.98197418
5.81241883
5.34496696
5.67627327
1.95658356
3.56746399
7.61901887
13.20463043
5.51070036
2.43708666
4.38403580
3.69140625
16.13627106
3.23437500
4.62406402
2.10008146
3.70114749
5.44877106
2.02294548
13.70451241
0.35799039
4.19242464
4.23148465
3.85498171
6.14216977
3.75964511
2.43705231
10.68570922
2.15653535
0.17089844
5.83491911
1.54691683
4.06013852
14.63220246
8.05135195
12.47656250
5.26863586
1.52185090
6.08816601
3.92500886
0.20219775
6.26216644
5.03515625
10.17521055
2.78182070
0.19580078
1.55887848
14.11250824
13.04480648
6.23685699
14.81445312
8.04056793
9.75284851
1.76562500
7.88336326
11.93267397
3.59154998
11.28231138
12.63281250
8.30558289
2.19140625
10.02254211
1.75473796
6.00569703
3.24023438
12.33939606
5.59614584
13.51685069
12.45056152
1.18164062
4.66662567
2.29626496
1.68066406
4.10111481
10.48783356
7.53169769
0.45332855
3.92774101
3.81407468
10.92968750
2.02221680
5.57342529
12.36271055
1.63000582
0.68180172
4.58280613
6.42773438
5.34720856
4.06294769
4.63475566
25.33204122
3.00801543
7.41149933
7.10201019
1.93176114
2.40755374
5.18135528
4.30692597
12.04733353
5.48872894
7.92968750
5.34663786
0.64115511
1.26269531
5.17488586
2.37198914
14.54215204
16.51150710
2.85649711
2.45507812
10.01383422
6.48538343
4.74687610
2.23437500
2.54748535
0.98925781
4.66796875
2.93945312
0.35156250
15.30859375
7.51037567
3.24204611
7.44789560
1.88183594
6.10355497
0.10494113
18.30379211
0.68798797
8.64754211
3.72937593
11.98437500
5.85937500
6.37723785
6.27778148
0.41114278
3.00150543
16.40625000
9.91060394
0.00339508
10.20312500
0.13909912
9.89843750
3.56522551
1.59102449
3.67988919
3.09159519
1.70898438
13.24259087
0.59334663
1.11523438
7.51436309
9.72736924
18.06664406
5.80863807
2.19966644
4.69546986
7.77620983
9.55468750
4.05261137
2.15197847
4.14115387
2.57906098
5.22611481
11.22208555
4.09476839
1.85697418
8.04739141
4.97055075
0.98738835
1.85912567
9.64180076
1.89375092
4.93888741
4.40970856
2.79927582
6.92675781
2.29935699
5.91796875
5.64107269
1.52148438
5.53938719
0.24796321
3.24031804
6.03470856
7.39843750
20.80927749
7.06617021
1.59525543
13.72896332
3.73002106
2.67309508
7.71362367
7.00435394
12.11629211
0.44132508
6.60546875
7.06074607
2.72961768
1.53446504
4.01696808
14.11962766
16.04984652
5.50826019
0.04507446
4.97220856
13.36681849
22.21891235
0.82397772
4.24654144
7.05468750
3.97505707
16.93867576
3.65898049
6.09765625
16.23783356
14.97359223
0.62748199
8.13085439
0.76217143
0.97363281
10.80006772
17.94409242
3.30737367
3.03812684
5.96875000
18.74820922
0.44661500
3.89310699
3.71724457
2.87031533
10.82017508
8.87243683
6.00736481
0.29878754
23.72057514
0.20422955
1.13671875
9.32038121
2.21282191
5.35593585
2.87257978
8.19095856
8.49039672
8.10579344
2.01167941
2.58271810
3.00932291
1.97656250
0.16077542
8.32133089
1.62296570
4.78517580
4.67187500
2.77254211
3.26066101
0.22448730
2.67201155
1.64986176
3.55664062
8.14892578
10.37500000
4.66316711
8.44531250
9.68491639
11.59765625
3.52148438
2.52539062
3.37304688
5.60302734
1.32226562
1.76953125
8.84285461
8.04386414
6.74475067
5.33292664
4.02404754
7.89928919
13.78345038
2.37845856
14.30265071
12.57670323
2.10160184
1.00333804
8.54687500
11.13244349
28.52183514
8.81463372
21.59575688
9.00656803
4.30962211
0.91166168
17.30851009
7.87703679
5.48738586
5.42187500
2.25915558
2.57812500
0.88330078
2.73218536
2.90820312
0.17179352
4.12935394
10.79239805
1.56075105
0.94136566
0.91015625
20.44429411
1.48921847
2.13281250
3.55228668
-0.00368744
9.52773715
13.67538785
0.87834535
0.26473584
9.30138631
4.80810173
1.76701739
12.91752106
3.27148438
2.63085938
9.15461658
3.39706006
3.74414062
0.07217864
0.46561738
7.25781250
3.13431793
2.89453125
2.82904976
3.70069481
2.90311614
5.44844636
10.93935949
5.93564051
9.57812500
3.92728668
5.28560394
2.66210938
4.02734375
1.93554688
1.77579400
9.81889073
1.56954011
19.73669216
2.04385916
4.38635970
3.87980164
12.73783356
3.01216644
9.87064606
0.05861420
5.27343750
3.76757812
2.91506481
0.28590769
7.93058289
1.12748448
4.16015625
0.04854034
2.10530640
2.89648438
4.40364251
1.09733405
12.16434287
0.41414741
0.10233644
5.65657469
1.64289066
1.85491300
11.44339872
1.20210910
1.81054688
4.49564606
16.38321587
6.60026374
7.55603058
5.17968750
6.45658356
6.17622894
8.42533356
12.23611450
0.02266449
1.06835938
2.83939606
0.15901703
2.65580231
11.56046321
1.88387273
11.24218750
0.17864897
1.52311281
7.07767731
11.32287567
0.26440492
4.24218750
4.08760528
4.33817597
13.15140404
3.94751039
13.18965979
0.67187500
6.57767731
3.09871399
0.07067902
3.31640625
0.00151634
1.55200195
14.15970856
10.08837766
1.38916140
1.75142426
10.73693817
2.44698028
2.31172761
6.17622894
6.23803524
14.71810062
10.14013298
7.32515846
11.91060394
7.08190825
6.93326906
13.86543108
11.96228557
4.62858156
1.57352754
7.11718750
15.29951934
19.86718750
3.99251219
2.67468417
6.47965204
0.80220800
15.55456450
4.01318484
13.94457447
3.62964428
4.11673981
7.18972851
7.58370899
20.10663454
14.24792885
3.73396166
3.38848514
1.45800781
6.86305963
4.42555518
9.37335661
6.47787995
9.03906250
16.75333555
7.43249667
1.19238281
0.03601562
0.05851258
0.04174805
7.59676086
10.59029144
7.38716644
2.75972130
9.19401374
6.57165558
12.03816711
16.21280945
5.91752106
8.10412567
3.37874390
11.25781250
12.50781250
0.38785703
4.62858156
7.00512633
4.43318041
8.23010970
1.30708832
9.87247119
2.50403424
15.85502106
11.01652039
6.55033356
0.25996918
0.85858764
13.14404920
1.21907718
9.08158356
1.35156001
2.35033245
3.78976617
1.66503906
0.17651336
5.11584442
1.67411347
8.03470856
0.85880555
0.66166168
1.82466644
0.44555664
1.02396637
1.17122313
3.49381593
8.33247894
3.66271942
3.79581726
0.04243988
4.09720856
1.71439356
5.57369237
12.34861755
0.85888423
5.11666112
1.73535156
8.88147980
4.79125665
6.15840979
6.16121399
5.33504211
3.07120789
3.64693207
12.72127258
0.06665070
5.50602172
1.00577820
5.10982269
5.92818207
4.45312500
5.54252106
10.72566711
3.20239289
2.21244293
5.80078125
0.18143707
4.24263519
4.28426086
0.13102234
16.41752106
6.38370789
6.69608489
2.64961824
4.78381317
3.36808289
7.49755859
2.45357269
10.63940430
10.06160461
5.20357269
3.11568207
3.14213043
1.68188414
1.87670961
3.94531250
6.96484375
2.04056793
17.64933289
0.07153320
3.75000000
2.03080231
3.58972075
1.04451601
9.02689606
2.70568817
7.84509308
3.60201019
2.60864196
8.41239472
6.26171875
5.19966644
0.00542450
5.30603027
14.27705840
1.78206422
3.64107269
0.51415891
6.37512300
1.05761719
9.87027704
1.38204261
0.96777344
8.51127106
4.85111481
0.11258973
2.77884918
4.96923828
6.70178192
6.97855497
2.10632480
4.38883422
2.20882203
4.91300476
2.36629211
2.52388519
5.69877106
1.86275238
3.31294769
1.82910156
3.07855151
5.81699689
1.77201324
0.22957243
0.58203250
0.97796631
4.23046875
13.02600067
6.75712461
0.40958804
1.88326019
2.34090149
11.38024933
0.03530884
0.14095000
12.80122894
0.74792512
3.08052582
2.75931793
0.12630219
2.53666168
0.58719754
7.83304964
3.93298371
0.39477539
2.83699524
1.38326019
4.51562500
3.80122894
5.64628020
3.25704011
7.28080231
4.88520335
11.50737477
10.60758422
0.93680879
6.30989251
5.98551640
15.43994265
4.60502106
10.04829677
6.90918218
12.59285461
0.09352631
2.54492188
3.54564495
8.63750110
19.80110594
0.55525820
2.22656250
12.66020535
0.39681156
2.42728668
0.66338613
1.70988475
12.15970856
6.69441711
24.85351064
2.99894725
9.13435727
1.78796542
3.94726562
14.85937500
5.30769836
3.87394226
1.79492188
4.14062500
13.85156250
4.80566406
1.98828125
3.50842254
2.17321808
0.98966368
2.25765015
0.05521699
13.13089996
11.77665005
13.64335331
7.71126219
1.81986481
2.11881593
1.84171570
14.55521637
3.09045379
3.02282746
1.75292969
8.61193817
3.29101562
9.48872894
7.77199580
3.87343084
4.38671875
5.36962766
8.31954011
11.67968750
4.08203125
2.94755097
9.47778076
5.42187500
8.36091977
0.16227359
6.06852172
6.87544769
5.38280253
9.29778036
6.82466644
12.13525266
0.23559695
9.14318817
15.99054713
8.66699468
0.96036805
3.27498227
6.61572141
9.33683538
7.36482602
3.58724124
17.48591977
9.84297761
6.93839539
3.51936890
2.11718750
10.93407580
4.83980939
2.43509918
15.57856273
15.80726063
6.42879211
10.49308289
0.64343293
7.44954344
3.33988309
3.75549534
0.87792969
13.59659727
3.32975343
12.17622894
1.30586450
7.18095190
9.38716644
3.98002106
7.14408356
5.31217469
19.96825798
4.88541999
13.20296265
11.27945922
1.28792359
12.65409332
9.27331450
5.55338625
11.41349305
3.39843750
14.26037567
8.70402039
2.70463043
14.22298094
1.15832613
24.17187500
8.82812500
3.65234375
3.01562500
7.60201019
2.70568817
7.41060394
7.94441711
7.76594969
0.83495845
0.56645057
1.13765348
1.97998171
2.56640625
33.29318995
18.55719637
13.19329440
10.27229610
10.33516636
7.11795989
0.80798371
2.50439329
7.79577792
12.49601258
12.36568207
4.46093750
1.98828125
18.56738219
5.68708666
6.58077681
2.82421875
1.77343750
9.42443817
4.05948914
2.99849457
11.47106716
2.68990082
6.71207890
3.42354278
6.73270722
1.96236176
15.04381982
6.93229499
10.08504211
1.19576019
4.77779144
2.40083832
2.04492188
12.74629544
8.71004211
4.42993351
13.57529589
7.22157911
2.22506343
4.26541833
4.05202552
20.62682514
13.80977947
4.88761414
7.20389739
0.85567293
15.21516844
2.40176557
2.54769669
14.09804416
11.36283356
20.71476258
11.78125000
0.03598022
3.80468750
2.79862457
5.22310394
1.27315215
1.57938691
15.67262268
2.42919922
10.50781250
2.95312500
20.93725399
9.22501773
2.63069703
14.06941711
10.09387051
18.62479831
1.33292415
6.37870456
1.72611481
1.80639711
6.98392731
1.36421598
0.65429812
2.41796875
3.02420490
1.46122783
9.28995789
0.34497070
5.24039672
9.05452515
7.57421875
9.02600067
2.28755707
8.46890736
9.40263408
1.26765961
1.29296875
9.79687500
3.63236481
16.05366911
14.22068630
0.51210272
4.26696808
1.10937500
11.13883422
7.51370125
7.19076684
11.05904144
9.97741481
4.98506870
4.14107269
14.24731383
5.21183289
10.15804078
0.39749934
0.32918523
14.01037567
4.74397828
12.61283356
1.25264496
1.66857879
5.84810394
7.38671875
14.62845856
10.22741606
11.67199800
7.01594969
1.23750886
2.76997894
3.92232269
7.85502106
7.68794769
4.20422208
3.66581394
12.52510528
4.25960328
2.82049362
6.03932845
8.12333222
3.43208832
2.06791168
8.83850067
2.64379821
1.52311281
7.13281250
0.44132508
7.60876247
2.46598515
8.36885528
8.01049867
2.57181793
2.78462489
1.60742437
2.47492160
2.18966976
2.52734375
10.16996122
6.36173648
2.47460938
18.81884641
9.68562057
20.85937500
6.83643450
7.34285336
6.68249667
2.46093750
7.42622894
1.42382812
15.31691062
17.41288674
1.11718750
0.94335938
1.65506428
6.11357158
4.14920989
5.92155031
0.06890869
8.64408356
13.79841977
1.91402316
9.30444149
2.22957336
12.98523167
1.22257508
0.96923828
8.38537567
4.42700133
5.85905031
5.82076019
3.46289062
13.10668883
3.33152696
10.10156250
0.09279389
5.65011597
13.25700283
11.46439606
9.05289672
10.75960328
7.71443041
3.05119459
4.88793883
3.11401429
0.00842804
13.17484496
8.95937866
11.49869812
4.35201019
7.72119016
5.56787234
2.54101562
0.56152219
4.89119570
2.48722351
14.22220856
6.25630707
2.46679688
2.34240692
0.95092742
11.15458222
2.01082336
8.72550476
2.33007812
1.44624848
8.36104278
3.27327515
15.72220856
1.74796570
1.09570312
12.06327239
3.12573304
15.27517399
0.88542996
15.45703125
0.87646453
5.09855164
8.97656250
1.21019760
5.02051529
3.88777649
6.40234375
5.40075715
8.40970856
7.74294992
0.22527122
11.15970856
15.46121787
7.07951241
0.45044008
12.00244016
4.21118226
7.34944703
5.38687611
3.13017315
2.35111481
7.32767731
0.48681672
3.26562500
13.66918883
7.25268617
3.82421875
11.51896055
9.95251496
16.64782248
21.75845191
5.82297428
3.39843750
1.02095551
1.15287262
12.17203236
2.92997783
12.04943817
4.12255859
4.46035035
3.55033356
4.04634613
5.65445922
3.11946532
1.99125277
3.22025543
3.11568207
20.20568817
5.67700133
17.73059175
8.00484986
0.33261088
9.31864472
3.11814171
4.92512564
7.13693589
1.63460328
0.29926326
4.70503878
0.47322695
3.20216857
5.68961298
3.76139406
6.57625554
7.06640625
1.91754150
3.11885528
7.95926972
2.19921875
0.02305847
1.00508450
5.19376773
6.38024933
9.80638963
1.64522994
3.35306793
2.94663689
3.67795101
3.61658244
2.47460938
0.08306885
1.10021942
1.90931214
10.25435394
2.95698693
9.89457557
5.87109375
3.92533356
0.66365539
0.90519226
0.36987305
1.61568207
3.29963985
3.29606327
20.14705009
6.98698249
0.35233613
3.10830480
1.98296320
0.35725891
5.01411957
3.65384918
9.52343750
0.23937926
0.33980379
10.99218750
4.59512744
2.12407025
0.30940734
1.98656167
2.90939383
4.74955231
9.56461547
6.67321808
0.81583680
5.39139739
3.35546875
1.06083222
2.01671844
0.56917359
2.51562500
0.87182617
0.28100586
4.66954788
1.47274490
2.93554688
1.27140320
5.55167664
4.62320922
4.49833222
4.63411126
4.73307624
4.72867797
9.04638298
16.52103170
8.69218860
0.73343902
5.83203125
5.68964983
0.26054549
2.14147607
4.82389655
3.33984375
4.60591644
8.98783356
0.59908051
19.35273826
3.53442819
4.87455231
0.63395016
10.18505984
8.26736756
6.28861481
12.84134420
0.35832225
20.91218307
15.86336990
4.22835328
3.61478668
7.51953125
3.73091644
0.80712891
9.29331783
14.32582280
4.57633422
9.45479278
9.81160461
2.16312777
14.85579344
14.14359154
3.01233377
9.34720856
3.48828125
7.48433068
2.28475288
6.09875333
13.52278812
1.19966644
11.36327128
0.85503102
2.17022705
1.62565597
2.60999999
9.39318817
5.13492797
5.34272164
6.22592309
1.49947113
6.86572141
1.12638118
4.10941932
0.65580231
1.45218902
6.21170989
7.97233156
9.53347851
2.49040669
1.99466949
1.34126801
2.17879211
3.38716644
1.54857090
1.41444148
11.38928192
8.30391511
1.38374723
1.51469027
11.86274491
4.08423537
0.05131074
6.79832115
1.19146553
10.37195068
2.24458832
4.86283356
6.14107269
0.75061004
7.27945922
9.92419216
3.78808843
1.87650543
12.01216644
1.71761109
7.63716644
0.51318359
0.01223755
2.72265625
5.53957891
0.96733820
3.03832457
7.18959108
1.67240387
1.69185394
11.66752106
1.93404144
1.31624141
1.84098515
11.57812500
2.04675200
0.72778383
4.59810394
0.71427430
12.77856383
1.49442597
3.03169769
3.78355719
3.86488031
1.68216949
1.67500824
7.63851028
0.35212350
6.31050753
12.00000000
3.03906250
12.59106383
7.17899629
0.92814148
7.13771439
0.16274538
10.18302305
8.15560062
0.07967133
2.88041168
8.03710439
3.43209330
2.58760528
7.13895722
0.43668360
2.27441655
17.35400266
8.64164339
8.29341644
4.07466644
3.21386719
1.35209137
2.26997894
7.75889961
6.15516289
1.85839844
0.39810876
0.06588050
7.13358551
2.04939758
4.87053330
0.43874589
6.92692265
5.30468750
7.10546875
0.02111816
10.95658356
1.62056488
15.34338099
2.84216589
0.32958984
2.77058899
0.56982422
7.47701019
3.28173704
9.36820589
7.71312895
1.44152925
0.99414062
14.75768950
5.86661805
7.05391511
7.87138367
3.20209705
6.57301861
2.72281860
1.89668855
2.61088043
7.15234375
2.14302582
6.32421875
0.00170994
0.01783752
0.05534851
10.71183289
1.62988281
6.14453125
6.43994016
5.77490359
1.42480469
3.63749114
3.12963929
6.22701019
1.35754239
0.84664035
6.22355164
0.89453125
9.31753768
9.25623337
14.10758422
3.06624390
1.77050781
10.83068817
12.57979278
1.27213625
1.06880707
0.33109527
11.84977172
6.39152039
6.94742797
4.96964539
5.64542664
14.87650543
5.28991357
0.70654671
1.31542969
9.47215426
4.17481715
3.83589816
12.35066711
2.60636414
1.66082764
12.96321624
22.42369569
10.35937500
0.77681488
2.13085938
15.95979610
1.69807486
8.61804853
2.60591644
9.17529297
9.44873047
5.68269836
10.37231383
5.65983156
4.46670823
5.54651595
9.09590668
19.46134087
4.05323615
7.82930325
3.63501163
13.70914672
18.72823028
0.21521090
1.13033051
7.81250000
3.36718750
7.91406250
1.48704809
9.47726617
13.16495789
1.78177638
6.91487921
1.66503906
1.30333413
3.84510305
4.48962433
19.10713653
5.33190825
3.99845523
13.05379211
19.70572252
10.92407912
5.98620014
2.04655529
1.82714844
4.20312500
2.97692840
0.74388963
15.13355053
7.16117464
1.33646637
14.71004211
1.83833832
3.97009308
14.95890071
13.11820589
14.00101839
9.84285461
10.09353835
10.54362810
4.16015625
16.45747894
2.60949177
4.08142619
7.25345856
11.42968750
3.38130707
2.38643340
7.06819703
11.53906250
0.86714691
2.11132812
13.48002106
0.24825043
1.19238281
12.75756649
0.57743503
7.21512674
0.59542151
6.81211334
2.76639739
14.37333222
4.48181183
0.40478516
7.61234154
5.46187721
9.40254544
0.92468417
0.31998719
1.53406864
15.65279144
1.96289062
7.68269836
0.17728699
11.62528037
0.31270792
2.35466996
2.66305407
10.99092310
12.37601839
5.67993351
8.25256317
0.27758727
1.16565035
0.85652649
13.62935394
3.03951019
7.49450466
7.28194370
6.17232269
4.10201019
1.13724762
8.35156250
1.59765313
3.14819647
10.39408356
4.87744016
14.07914339
9.08683289
13.84375000
14.26222281
4.17249002
12.93570922
8.82909907
11.02034796
3.68359375
0.04446411
18.07767731
9.87064606
2.31534851
1.10058594
9.61718750
5.05936614
2.05196199
0.18194518
1.17118379
1.47359223
15.13972961
16.84480275
0.63717143
2.28063996
7.69071255
6.32446476
1.06685394
5.89453125
3.87113309
0.05261355
7.13326019
6.22176086
13.40384420
2.71619182
6.23347961
4.30785697
8.17863413
5.95658356
16.64062500
8.11193817
5.87353391
5.22937167
10.33939606
2.85831726
1.03613281
8.08158356
0.94201504
2.76692874
7.77005763
4.05326573
8.15279144
13.06237700
2.99275820
4.86193817
1.75720246
9.25988302
2.87756815
3.15693374
1.33916001
1.19433594
13.73783356
3.66392953
0.28183067
2.12890625
6.77811115
6.56714428
1.93697113
0.64798981
2.54492188
11.51037567
15.93481383
10.22489472
0.72489099
13.19836768
1.87829621
10.33158356
12.96081450
3.07954677
1.04797706
7.39216977
7.25752902
8.61275238
5.52734375
6.16918883
14.76127106
5.80391511
3.24023438
3.43916279
4.24459330
5.62243683
14.44698028
2.18627992
0.07116699
0.46215820
0.04522705
2.94140625
7.71875000
5.58504024
18.72676232
8.04761303
10.17915863
8.28710938
4.94921875
1.35449219
6.99790892
4.02312776
2.12650543
1.45800781
6.30078125
0.75187195
0.94258574
0.50223847
0.15185547
1.52636470
11.67675532
2.30965647
2.94185394
10.83377771
10.46745124
6.33308400
13.73588541
1.71130402
0.75891082
28.55993683
2.07031250
14.60725704
3.01827183
8.93750000
0.82555934
3.90828679
8.22733489
12.86258755
10.79634862
0.23266602
0.02972412
1.65429688
1.46529144
5.91707336
1.43859676
4.60180851
15.12633312
4.24174977
0.64717559
2.97640015
4.70556516
20.25793550
8.91060394
5.32511414
5.73290891
0.89807222
1.43591340
11.63281250
7.34810394
1.32324219
12.24926758
4.78601074
7.44262633
9.10323028
12.89558899
11.92712433
0.56795351
7.31046383
4.74433733
1.36394060
9.91629101
4.19776263
17.36070812
5.74528950
6.19319703
5.04508422
4.11686281
1.34810394
8.31160461
0.71765043
2.98929964
9.35042110
9.05147495
3.63476562
7.80513519
2.66601562
5.63655142
51.91813608
7.90625000
3.56445312
6.86930297
14.36690162
6.62727283
7.53365580
5.81095523
4.34029144
12.59720856
1.38574219
3.90808012
18.14481162
2.62862983
19.72790060
13.30830342
7.71513658
3.77950354
6.89664672
11.79890525
2.91903147
4.39453125
3.08353668
3.85127715
2.39632203
1.74601258
12.58878103
12.48071476
6.30489355
7.72701019
7.48380430
7.98925532
11.49267952
5.28906250
12.45644010
15.63570036
2.61291722
6.26025266
18.62447238
4.63281250
7.89607602
13.48412967
3.61763519
16.68536621
8.76183926
4.62691378
6.54707669
0.95231327
1.29785156
10.84195922
22.59944703
8.93314606
4.21138519
16.05591972
-0.34685905
10.68558622
7.44287234
0.26826996
16.67085661
4.95654359
3.74698914
11.76997894
1.49796570
0.97900391
3.79669770
1.93482878
7.33302577
4.39009862
1.99466949
12.78149352
3.37239625
3.86853058
8.66918883
3.51440492
12.41796875
5.58984375
7.32767731
36.23063110
3.31225861
6.08247894
9.53637633
4.74698914
17.46557181
2.28316628
14.10221188
11.76808353
2.35229554
7.00524933
2.05468750
3.89453125
11.39697141
6.85335328
0.44352297
5.57421875
16.10530142
7.72134752
2.22803856
0.63916016
14.51562500
20.06003254
12.96334330
2.11356660
11.74950798
3.98006538
4.03282913
2.84546708
0.46801758
23.23787414
9.00797485
4.04565492
7.25935727
12.13037234
2.74112976
5.04117797
19.61808289
4.65669769
10.99808622
2.48840425
7.37198914
1.46521027
8.74848959
19.50382757
3.84358765
14.26062167
2.56144226
12.90445922
14.56188996
2.88281250
16.34276596
8.65723404
7.83850067
18.24437293
5.16610926
1.43652344
10.14069371
8.78837876
11.08130319
4.28816711
16.75765015
4.24129211
2.92517121
16.51639739
7.75634641
1.78389683
0.97851562
4.86718750
6.93904477
7.25398493
7.40027260
14.19087738
2.89603668
8.57421875
7.05130576
3.74882424
3.43395778
8.99076573
13.35712479
1.06815769
6.15535461
4.69531250
0.61950715
7.93155821
0.96337641
7.79940132
5.35892731
4.28010860
7.36474734
5.73791224
9.66239472
9.55045656
3.79598210
8.71439606
2.85005707
9.00308954
2.20197114
3.72051639
9.21708222
9.50781250
6.52433289
10.42852616
3.36053634
7.13208008
20.16060394
7.85546875
2.70072418
4.11283356
3.55362976
15.82421875
2.38146942
12.77779144
16.11714691
2.46830231
7.84464539
17.83349485
1.62950881
3.67131427
14.21606383
8.53198304
2.53169769
5.45358487
9.63985261
13.18404144
10.45312500
0.69189453
2.71443540
13.83202128
5.22502770
0.45483398
14.05334442
10.28583002
4.18816932
1.90039062
12.33398438
11.28756259
8.22884156
2.64257812
10.83451262
5.90112367
0.61910004
7.48559508
3.29581726
0.84944703
3.54589844
19.85111925
12.03690985
16.17830383
0.28483094
0.60355621
17.10469574
2.48046875
3.88281250
7.34431073
2.27047595
9.29935699
2.78951019
13.42650931
6.68354715
3.44913758
2.95898438
8.33158356
8.11358964
2.24333388
5.58548981
4.82031250
13.08783135
-0.87591728
7.33203125
11.60066711
5.87211121
2.80513519
13.00321255
2.05936614
0.41353612
7.77600067
5.80468750
11.08158356
17.13936060
2.66756538
4.08203125
13.04252106
13.22208555
4.64062500
4.77205507
3.02583832
8.72220856
9.51550200
4.79699800
3.28823087
3.00672539
1.44380707
7.53568263
2.66939550
2.23046875
10.03983489
2.46557679
16.63414562
1.81552083
3.00976562
15.84619016
3.55224734
5.39843750
10.94441711
13.34464539
9.02856383
1.38061586
21.26928026
8.25013742
4.92259861
11.87845856
0.87015777
4.81494016
12.93339206
20.65169063
10.12818784
8.49870124
0.24121094
3.17598294
11.08606050
18.38191711
11.30920504
11.27294548
2.05713264
8.63326019
3.79296875
1.72851562
15.06549072
1.91796875
2.01953125
6.25857353
0.66752106
4.82466644
10.96289062
1.18652344
2.58203125
6.67626953
3.93074524
2.23527039
3.02929688
8.82485816
21.58305930
4.51875886
0.72505707
3.67928039
12.13911957
11.01607269
5.93359375
13.70658356
15.53149414
10.39843750
0.62744141
1.10982269
13.58909057
5.96659021
0.61820839
12.92533356
13.08414672
12.08502217
4.04221630
2.16752106
14.86975067
13.85990138
0.78153784
3.45857727
11.84419769
10.38346188
4.24800753
13.10237672
1.08203125
10.33850067
7.12711547
0.07702699
11.32466644
4.96952239
11.67622894
11.86462433
0.25724305
21.94501220
20.84233820
7.47117022
5.61692707
0.62500000
6.48835993
3.52400719
0.33106715
8.36425781
5.62540337
1.30774268
2.73286957
4.53413786
3.18115359
6.87475399
13.06176945
10.04854278
16.09239695
13.63750110
14.84362949
4.84842864
3.05737367
15.16918883
0.16390047
10.71679688
2.33024047
5.97745789
18.47505707
8.47733489
1.07930574
18.50683594
8.65970856
8.26127106
2.69860373
6.04838541
2.64017731
8.90189606
7.98181183
7.58586884
1.86816406
2.21545379
3.80904144
13.81534851
4.46740692
10.79431183
4.48828125
20.49804688
18.25475981
3.03287843
3.58052582
4.39463432
1.99599068
0.51318359
10.23193359
14.16406250
0.40897613
14.93062348
6.63798004
10.06685394
3.63867188
3.47460938
0.84448533
6.52743240
8.69173094
15.19409242
13.21232117
18.33894836
8.72310394
13.08491911
7.02880984
7.31551086
6.49059841
11.00895390
12.91643805
5.92224401
1.15873199
15.56852172
6.52107602
1.26188359
5.60021942
9.91952794
2.48716976
18.14331055
5.50435394
12.36262190
13.43274767
9.13281250
5.47265625
14.27909021
2.71895667
1.97265625
13.34699690
0.38933122
7.07572418
3.06551086
6.04821808
15.42251400
7.20682956
4.66015625
29.83828901
6.09050310
7.96712157
10.61458001
3.31327737
12.46695922
2.67081726
1.31624390
6.63403258
5.57746565
2.59770556
1.72692902
9.11283356
8.98693817
9.78987672
3.19051086
13.16316711
4.47265625
2.76936890
5.29694371
14.59052293
11.51729776
7.39497894
4.08548981
4.96785461
3.60391900
2.08040780
7.00000000
8.20837402
1.32377106
3.39613762
10.10079011
6.77990692
3.01413336
2.87421320
1.73820008
7.52929688
4.61450133
2.03934785
6.05122894
0.06390381
18.12011719
3.04882812
9.29752438
5.44498781
3.57218476
10.59720856
3.75569703
13.34695033
16.29988056
5.44002881
1.53417969
0.04104614
11.79773289
10.25345856
0.91202820
11.57377106
24.61004877
2.42120123
3.17818207
18.16039229
3.36206865
4.21439606
8.28906250
1.29829926
9.01386858
3.23763685
7.97973072
8.32686932
3.34720856
10.52567348
2.46207890
9.58056641
12.43570922
17.15804078
19.12402344
9.21785461
3.89737976
5.18615692
3.17321808
7.98119681
8.30525820
12.45438940
1.04191101
5.83155365
10.46247284
6.21012079
2.82397772
3.15580231
5.01471964
3.04822805
13.27343750
6.68359375
1.28365082
16.62068041
6.74605939
26.35005707
5.96463988
9.69576019
2.98046875
8.49308289
1.34712738
15.23002106
0.41414118
3.74992132
19.79576630
9.64575133
0.76269531
15.52026429
6.12410461
1.97941101
8.24918329
4.33480108
11.30289672
9.33850067
9.85233489
5.05704898
17.89139739
0.32763734
18.21215758
5.05699469
3.05071254
12.19185394
10.74348626
0.37903175
15.57840537
8.58963210
7.51120234
5.80078125
5.38928192
4.61853058
10.95646055
0.61771761
0.43920898
20.29703735
0.22420289
1.28417969
2.03759766
5.89062500
1.70507812
16.32604389
13.87663342
7.37154144
0.62329039
6.94527828
2.27852449
8.89062500
9.16406250
2.74486370
1.06417774
5.60742188
5.62890625
2.24580840
0.03328492
3.01997894
2.74090576
14.08593750
0.37377930
11.40702239
3.56799036
3.11678413
0.81347656
3.90295379
5.27042664
9.55033356
9.46115631
4.75858489
10.86551972
3.33088985
5.70170323
13.65039062
11.59977172
10.61897828
5.05289672
1.10689301
3.19771332
6.66804743
0.86019171
3.54347768
0.63328013
1.60644531
5.77794881
4.98535655
12.18884308
7.18359375
8.39453125
15.04675200
5.55065825
7.14432956
18.20516968
0.21415005
3.70487644
17.73697252
0.40507674
1.26704926
17.75683594
3.47806793
8.52779144
15.06160461
3.11221853
3.73787539
7.67582557
6.53560394
3.56046570
6.98828125
20.79906915
15.30363163
2.97908632
12.60571258
4.90970856
3.57360871
14.08056516
8.70149158
7.10466201
8.19095856
2.79972351
5.84398079
0.04714966
0.94482422
7.98079344
4.06457364
18.97530308
12.15100067
21.05704561
1.26509613
9.95690077
18.55020503
9.63917440
17.10469636
18.10127715
9.92036459
10.21178722
0.54886871
3.30902151
10.69956338
12.21797761
0.71728516
7.98577683
8.19857934
18.90984153
9.89306516
4.82523714
1.04296875
4.33592753
0.92819204
11.84631317
5.27868683
9.22041778
4.61551972
1.15039062
4.57197778
4.31677526
3.25435394
7.52363919
6.57568484
7.33320701
6.08081117
7.10136331
11.00768887
1.34415835
9.64334553
1.66374279
10.48017842
2.71859264
3.95117188
5.23730469
7.21305297
1.90067597
7.42240138
2.70845800
1.42533356
14.52284635
9.69506649
0.41288550
9.39754211
10.11120014
14.68957115
11.74939245
14.26960993
17.70028147
14.76892619
0.60005707
23.74190215
6.07771166
14.28198803
2.57763796
2.59765625
8.55122894
1.25736481
15.69063137
13.26753878
1.25081422
12.78381317
0.10266144
1.07617188
4.79396877
52.14290531
4.48136414
11.51581672
7.01978723
2.21679688
15.05830342
8.66089428
1.33744293
10.67968750
1.41308594
8.53714872
1.71915835
14.63936060
6.89880651
0.74137328
16.74833222
6.09927970
15.90751440
4.49316406
2.96346132
11.69185394
1.17594360
8.71219194
6.07483377
7.42179632
2.26607269
12.40881317
11.80468750
11.08414672
15.76285370
5.53018728
1.70793162
8.54918219
18.66544991
12.29964982
2.20552582
13.65978724
4.29435367
3.12300753
14.09932403
3.58125886
21.64851618
8.41174534
4.69051086
3.80196199
1.20418274
3.46812999
2.95268727
15.79223321
9.01436558
2.16463320
8.95210661
7.30765404
2.71724955
2.10937500
9.70319371
1.51466090
8.66381649
4.67280475
16.17403978
12.74885860
2.16325077
7.74731383
0.26855531
6.55468750
16.36376330
4.97998670
13.46004211
2.76216644
7.69880541
1.70398603
0.20161926
21.07861328
6.91243407
3.50252382
7.67700133
4.69274933
8.54597961
2.07405640
17.20738983
5.60078015
5.15768173
28.75236148
9.80200133
2.37858156
9.66060394
0.28763824
1.44920816
0.64625083
13.36425532
0.55074316
2.95186309
8.48091644
19.09322113
0.28869660
6.05521637
0.23030609
4.73417145
7.27190155
3.90172873
1.95915170
2.35822612
5.50424091
6.89286347
4.67923981
0.52876801
0.78076172
2.33353668
9.67817958
2.45756261
21.64062500
1.45943207
16.58637772
0.61682845
6.32857269
4.72965204
1.15360815
4.80468750
9.23303192
4.60636414
6.89843750
7.66841644
0.19616699
8.29252106
3.52583832
4.45601286
0.04142367
4.68750000
14.83109154
15.42894947
6.46438609
2.81809396
11.60156250
7.20649491
7.00879654
3.08823120
3.22941101
5.04028258
2.19559785
7.24568041
0.72111646
12.31077793
0.83916500
5.39888519
2.29536957
11.84924498
2.39091035
5.85412567
2.17171265
1.06978363
6.99768035
13.09631317
2.69018617
3.69726562
2.27856383
5.51831117
0.10400391
7.73364196
2.67801972
13.31827927
1.00923676
3.03299646
1.27950354
4.89062500
6.60534575
12.09537843
1.72070312
5.24263519
1.35058594
4.86226286
12.02356050
9.15612700
4.28963320
7.57833672
1.06392426
14.72752509
3.24247285
6.69590883
2.31434507
7.76607269
0.27742492
0.71085633
4.29943817
8.87833555
7.83196699
15.67686391
5.17277039
17.12340094
12.07927637
1.68509918
3.51847351
0.96341388
14.97224987
5.30904144
8.13704344
0.92305574
17.02016568
2.88848514
2.42142731
4.23482269
1.47513824
2.15625000
6.02302416
3.00431959
11.09375000
3.66031860
1.24397828
18.97643950
8.37009559
2.36186945
7.67187500
6.84810394
11.52069512
4.21399268
1.90234375
0.72265625
3.46341949
1.87109375
7.52779144
1.72167969
2.19944340
2.42427582
0.37695312
5.60066711
0.02720154
0.36352539
5.87259918
9.72310394
1.96500610
5.52522828
3.78083666
0.27535627
14.21350067
10.75463431
6.16437722
6.53590425
1.38041168
6.73392731
5.53803414
10.55865043
6.89586935
9.67069924
3.86641511
6.04781098
0.64013672
1.96997008
1.08426972
3.11132812
2.12100136
19.58818626
3.86958832
2.94966644
8.05122894
14.67187500
5.29642731
3.74561864
8.79954675
8.44063386
10.67333984
13.67049133
5.22310394
10.00052638
2.59851230
2.05916445
6.28515625
3.00976562
6.76997894
1.33984375
0.04244995
6.12801086
3.39542664
13.85143950
15.68045989
1.37923343
5.99281694
3.91733931
2.77689606
10.30122894
11.23997341
3.89336796
5.15535461
7.55603058
1.76367188
3.44726562
1.76782164
4.76395722
2.96333832
9.45825133
0.34594789
13.04060727
2.07222628
6.07588715
3.19335938
5.78575134
3.85853390
3.45727726
6.06355275
5.41691600
6.76171875
15.86904699
3.95517176
4.25345856
4.74218750
12.51713043
6.79687500
14.17879211
4.96663453
1.51855469
1.27148438
11.55033356
0.36983246
0.76660156
14.00390625
3.63236481
0.81298828
4.11763519
11.93821809
13.28834441
2.31009918
7.78417969
5.98944953
7.03887078
0.34147094
2.67415282
5.07547319
7.83525376
7.36523438
1.64978058
10.38281250
1.09375000
19.51061918
2.12247618
2.14522495
1.75097656
11.75744349
8.95210661
0.44035225
1.50638824
4.93945312
5.47346174
3.22628213
3.73140846
2.75943595
4.58040780
0.53999785
10.96752992
0.22741699
1.89801793
10.23707301
6.32368988
13.51472961
18.18549757
1.42672595
4.85201019
11.00736481
1.73339844
7.08930344
9.51611266
5.65458222
0.45821137
2.41210938
1.59330231
4.80814606
5.40714539
3.19819537
1.45776928
6.68404144
13.20491578
2.91878234
7.60314163
1.73299756
9.61218417
3.84651734
0.24267578
2.27880859
7.37109375
8.31595856
14.12064881
9.77787262
11.96662456
6.31116688
9.79434619
3.62133478
9.29525653
0.06039429
11.72029477
2.25417478
13.86936056
6.03129059
15.15689938
0.98612644
11.12462950
3.34261857
0.52970398
7.76112811
7.45273908
7.19140625
7.57242797
4.31974180
2.80704898
6.14843750
6.72265625
6.74823361
4.89239139
2.90234375
17.94417110
6.37569370
1.27331450
4.29309175
6.01997894
9.18412262
4.38781583
5.80194057
4.90669769
0.79752563
1.82706726
5.60953735
5.12137910
27.80806488
0.32202148
1.53555713
6.44002881
2.19877106
0.01851410
0.41992188
1.24340820
4.31054688
7.21875000
5.76863586
6.37349457
13.38326019
5.13281250
6.75000000
2.00976562
11.95898438
14.54855728
1.40722656
10.72416168
7.58117520
4.53060062
8.72378768
1.39925919
5.14408356
3.47896332
12.54595967
5.96531138
10.84004544
4.71508976
9.89168274
6.54341644
12.60452904
4.46187721
11.69185394
8.42008422
2.67366578
5.31250000
1.46508727
6.56170388
1.96138519
0.58182770
2.80444149
2.80883976
10.16060394
4.73046875
3.53906250
19.39518063
9.77278812
12.05814606
0.01627106
2.17968750
10.48950133
5.16674867
5.26171875
3.78125000
3.78202239
0.07849183
11.00948028
9.33667054
7.29642731
6.46875000
3.62890625
9.16828347
5.52747672
1.93847656
9.64371734
4.18750000
2.10396332
1.26464844
1.71341949
4.82076019
2.24715149
12.87935394
4.55859375
0.81587738
0.24881988
4.46138519
3.87695312
5.23783356
5.16015625
1.60201019
0.26903163
4.81730164
4.44617706
3.66255707
16.76729278
5.56473847
12.93420379
5.82165558
9.55635528
0.51200410
0.36694336
8.27396388
0.77584081
2.32031250
5.21830231
3.97558594
4.57678192
2.93298371
10.63716644
2.43945312
7.32031250
3.41873615
6.42045323
1.57121038
5.17997285
10.76647607
2.60852393
13.98693817
3.41984070
2.73482269
9.99910461
8.55981383
17.26908356
10.31339539
13.89505513
8.65788342
1.02929688
5.97025045
10.30351174
19.59805962
23.41040226
18.75805851
15.89037899
3.79980718
7.21830231
10.21695922
11.07645722
10.24129211
9.15319482
5.46834663
12.40600399
5.08760777
2.79252106
2.50044769
8.12487700
10.21797761
1.56925476
12.38744681
0.56860788
5.40625000
5.39590869
21.61190381
2.32572418
1.73677582
7.07966977
3.41291985
2.81523049
9.73484346
6.63764850
2.15877881
8.00792554
2.44369403
1.72753906
14.72912567
2.56054688
5.13326019
2.04777039
2.87588044
8.52174979
8.18610316
9.43677194
4.45951573
13.15437057
17.71484873
3.26554632
11.36100094
6.83964206
8.94657348
0.29109742
1.40966672
11.60860261
3.75419160
3.51562500
15.68660461
11.28995789
20.16472314
7.77893284
9.78005037
8.15100067
2.71122285
10.55814606
0.00743622
11.72261193
9.90043495
3.71634918
12.87935394
8.78202239
7.54565492
3.35591644
15.60164243
17.09094363
0.67179383
10.49564606
2.59810394
19.76127106
14.39111204
6.77490359
8.23392357
2.67326241
19.80959014
3.98270722
4.48437500
10.62064606
23.51516734
8.56295766
2.30004821
12.40100067
11.72062258
8.32812500
5.39453125
0.25577820
0.56676935
16.80826906
22.69494847
8.08325133
10.80635528
4.88281250
2.23929964
22.29976286
6.82434175
5.58292664
1.14497894
7.65852283
13.44246897
5.60798759
1.24707530
8.09375000
5.18467587
4.40276706
9.41033800
9.98976728
3.09057679
10.63268950
13.28829011
0.52791320
2.33772828
1.92728668
7.65669769
2.27826166
0.98325354
2.99849457
7.10546875
4.00695645
2.21720523
8.02779144
4.73828125
20.43696810
3.38334440
12.45222961
2.48917664
11.88281250
0.68835169
18.91157802
13.20939273
8.12895057
14.23802527
17.13330950
10.45158023
3.12825687
7.19217864
6.99922761
6.11975067
7.80993683
1.35997881
3.95789228
6.05859375
1.88228363
6.27209442
13.39952461
3.98853723
3.70463043
7.79988586
0.57116730
8.06542969
3.66015625
5.63920074
8.62935394
6.16137633
14.11116578
5.36808289
0.27416992
4.37776485
0.17374820
9.50712129
12.44531250
1.97814910
3.21036680
6.06396609
1.56701629
4.44755097
13.73002106
1.73311309
5.70971742
13.50552970
2.93392342
0.68701172
9.03125000
2.44726562
2.32392094
9.98532344
17.55983428
2.37316988
6.81176696
14.38538636
13.84016844
2.77636470
1.70752327
2.95507812
4.08523881
5.60030806
9.80468750
1.86088043
4.98872894
0.70898438
4.57885306
12.75663674
2.91166168
13.96862700
2.23645113
2.40128601
5.19877106
2.27583832
2.90393035
2.88806183
8.57279449
6.46997008
2.52286680
13.86653812
11.19213431
1.42257120
7.29117797
6.91930187
0.47799673
9.16406250
22.78209549
5.62845856
5.27042664
14.05468750
10.72131317
4.49609375
0.09436066
2.72135251
0.47790683
4.04846160
4.17578125
9.30993683
22.15279144
4.26708984
17.52570036
5.42307069
15.41023493
3.93742132
1.81888824
11.43200466
2.15327848
1.48450050
13.78125000
2.08199066
13.38704344
6.13639406
6.73437500
4.65344083
2.84806460
3.71333832
4.73693817
9.56685394
11.09383117
8.00960328
9.87109375
16.93314606
0.89033965
6.86596742
1.35839844
7.04908096
3.81445312
5.13761414
0.32826148
1.52958472
2.36328125
9.45287899
4.86352726
12.34057181
13.24829538
13.49663058
2.34041997
4.02298981
6.03080231
9.26306183
4.32633422
4.88069703
8.98783356
2.94799805
2.71769226
9.42187500
26.16752106
11.05200133
1.11543855
11.69173094
5.52311281
7.13512966
0.94112339
8.03995789
15.21289062
10.67519201
3.01874445
6.73046875
8.94620789
9.98667222
0.62982158
10.27368351
11.62845856
2.26940825
13.27343750
3.96407136
8.13268950
0.70947390
4.03125000
2.75630707
0.63329891
7.06318374
2.96049977
1.83499155
0.62838735
1.28710938
2.84623199
3.80033356
6.07076019
3.06880707
10.35847961
11.02433289
2.72900391
14.82031250
14.02001953
10.45282470
3.86268616
9.23937833
8.26932956
18.92665988
10.97759086
4.28125000
8.62141844
1.23168883
23.75373892
4.78052194
12.15905917
7.94653258
0.80399629
1.58097351
6.28906250
2.38834220
0.25671792
3.62890625
4.28812279
3.77482491
7.73347961
12.41780142
14.42326241
17.75077239
8.55790347
11.12259420
12.00753213
3.75899324
15.41996122
3.95409907
12.80517952
0.03719086
8.05033356
12.34029144
1.65336037
1.89461242
7.90657469
4.02791445
7.81595856
26.78820992
5.78169769
1.02006012
6.72778258
1.69454011
9.25345856
6.94966644
17.03694578
20.00044832
7.44966644
22.25463493
11.80062140
3.35274324
7.89501330
3.00387189
1.20019531
7.68225067
12.52575466
1.21875249
0.95365387
13.84452239
5.11792054
3.31685394
7.79296875
10.00000000
6.58357602
6.55359042
2.78710938
2.51171875
1.91491606
11.12858156
20.12057304
7.07418937
0.44397191
6.03035461
1.71460023
20.16503657
9.95238697
10.62085771
15.12935394
4.85188719
2.15861086
4.45703125
8.66959220
9.04215702
5.20682956
18.96529144
1.02335633
0.03909260
4.27779144
0.30883789
7.30814606
1.20918045
8.04004654
8.07031250
8.29329344
4.85057846
1.54350572
9.16817044
7.50114140
13.39385788
2.63141067
10.60412567
2.73962433
3.14798981
14.21659021
0.94889655
14.85489805
9.96008394
3.69335938
17.17264739
2.37032136
17.63911708
1.59375249
12.11535613
15.94755066
11.40331782
2.25337987
13.20918108
1.33183455
17.68012523
6.26518727
5.94995117
15.35811309
5.31571255
9.64522495
11.12333222
4.77734375
9.22273493
10.62670213
4.94263630
10.65279144
3.31294769
3.80664062
0.01084900
18.87670712
2.71118351
4.73046875
21.51985594
5.07975343
13.17361149
7.76388851
3.69864898
11.47310394
2.50602172
15.69911339
2.48621010
19.65091202
12.25826767
11.22977505
3.55883976
22.94518950
1.90254793
3.20987976
23.65498560
9.34130984
4.73462101
1.22566711
6.33024047
6.05346742
4.36584442
4.30603058
0.57572418
4.66076131
13.36959330
13.49475067
6.57298870
0.77637716
11.28824828
10.65714539
2.45792664
14.44787567
8.05814606
2.04821808
9.95552582
2.26171875
16.61425532
5.54109929
3.78759641
15.82210328
10.72233156
3.67789672
0.05603090
6.62109375
9.07633422
5.41149933
-0.00434356
8.95479278
13.17171265
2.81009918
2.48632812
17.35020945
6.02869680
8.08683289
12.43225067
8.72708888
15.47257757
0.37125672
16.95287899
11.19892842
3.64807845
12.02779144
1.89790863
5.34720856
5.66841644
0.63176992
0.53418467
16.90189606
4.94921875
2.23002106
3.82466644
15.28381317
8.00992797
1.36975067
7.36385195
13.83760528
27.71470525
1.53753322
3.97265625
9.81163897
16.52507092
10.83878103
1.96753490
3.55859375
9.11718750
0.05132888
1.09069731
5.40637300
2.81730164
7.45613586
4.38024933
1.35298676
3.84134918
6.21671321
9.20170323
17.69905142
4.18766733
7.01558068
6.53910682
21.54011017
1.92736536
11.30159796
2.03666168
12.02715648
0.90118793
6.69877106
0.18558808
7.49564606
2.32812500
1.70161957
5.63403258
0.17472383
10.97533245
0.08326130
0.98896623
4.31861037
3.12845856
2.63671875
2.87109375
3.87971798
9.81941711
4.08353917
3.78230774
10.12410461
1.84313996
14.08496094
2.07271332
12.97957336
10.29508422
1.33960023
8.27103668
5.13716644
0.49694824
8.35937500
1.86425781
12.42577876
5.15482823
1.92329926
9.46785461
1.07156943
0.71545877
0.03007507
0.05606079
7.30283600
8.84810394
5.54850250
15.75240082
2.16166168
6.80078125
4.72265625
3.29074616
5.32767731
1.93750000
3.17578125
5.69576019
0.00648117
0.54056793
5.14843750
3.95259613
18.26853943
2.84525543
7.36372894
1.94824219
0.67480469
6.56941711
12.43379544
0.31612339
0.38769531
5.34317930
5.22375582
0.43957115
4.31237679
5.36763519
6.19441711
1.44087738
15.35624114
4.65368683
1.81872341
12.35489805
1.98291389
3.72195258
9.58664117
1.15039062
8.28470856
0.70817016
6.54866578
1.23091644
2.47611481
2.34451989
8.37101507
2.68066157
0.82060034
2.64107269
0.04697662
2.12650543
2.35636414
5.41796875
5.35811060
15.60020945
0.13941738
3.54841479
4.59391733
3.63786015
14.69291168
7.17406915
19.71890362
4.44577016
7.13505097
4.64823581
2.88627106
11.17879211
0.78991730
0.13810149
0.12630281
2.37064606
2.04687500
1.52681488
8.23429134
12.57096188
0.10929757
3.21716091
0.71232242
10.48616578
3.38476562
8.92703569
11.91146498
6.94995179
9.12845856
5.16841644
4.02734375
4.31205231
7.63671875
8.82621122
2.43879876
17.58504709
0.70853668
5.64107269
13.97708888
9.31852172
4.97001440
2.29238892
6.58715758
7.49096742
0.20792633
1.90470025
5.73978917
5.08426972
4.53393617
7.85445036
0.32129031
4.36328125
3.89453125
10.02945922
2.22347047
6.01611669
15.11641511
0.36100281
10.08563720
0.78785737
0.64566985
1.85652649
0.43147828
2.63448028
8.02087433
1.43245484
1.74182098
6.61462433
1.88220246
0.74869750
4.94408993
8.59834995
2.58683289
12.76455169
0.81620301
1.32299618
8.11653812
3.38419617
9.33158356
6.51517731
11.53409851
22.06202179
12.59467648
12.24507660
5.36173648
4.77087433
0.23461914
0.90655518
0.19776917
0.36303649
12.29317044
9.35437167
2.28145169
8.35232212
3.50801917
10.91750112
3.88417552
3.84541778
1.81864472
1.47558594
0.57354518
10.92024968
2.65787345
8.15939349
11.18750000
3.96834165
5.49454898
3.18309694
5.13227171
2.45703125
18.17264739
1.90262910
2.42227837
3.17537788
3.67472351
3.51127106
2.00630707
1.59472656
0.76562500
0.97309844
7.27600067
10.73233821
2.41264073
9.28739472
1.22123199
8.17622894
8.54597961
4.65714539
1.55928496
0.17964723
9.39041335
12.06365293
8.91841644
0.28861481
2.93765396
0.62252776
6.97041778
2.07287317
5.34026292
7.37109375
9.60591644
1.19982879
1.45153840
26.86580009
0.56051003
4.53491211
1.85835785
0.39847809
9.35591644
3.23978668
4.57812500
7.58504211
2.06205231
1.73323609
0.15213957
1.16674867
1.77294922
3.61328125
1.40429688
15.33927305
8.27152372
5.05737367
8.63418994
6.20500443
18.12299757
5.57943373
8.24589206
14.78649933
5.98091644
4.88838653
1.79325410
5.54296875
4.45842517
4.83599179
7.98046875
19.92923981
7.33247894
4.74165863
8.49958666
3.41056959
7.23045878
3.86194813
4.06253934
2.42273105
13.87275696
14.99678559
11.73437500
2.21386719
2.04296875
3.57226562
0.68660461
3.97967643
2.80202127
7.11791556
9.89253878
4.49556737
4.99833222
19.43391844
1.59342531
3.91986447
0.31807589
6.31109238
1.42396592
3.70292581
3.08597684
3.72741855
8.65559065
2.80384142
8.48437500
0.01251221
2.27124023
8.33158356
2.09690950
0.30539367
1.20654297
9.26472961
3.96138519
1.83443207
2.54882812
6.41244248
2.98661347
5.47566711
1.24849457
12.82466644
1.11337384
5.69564716
1.30664062
2.83288232
9.86243018
1.67773438
2.21679688
3.03727172
0.33919312
4.80912013
4.45259862
4.58491911
3.46114241
3.86328125
3.34134918
4.43288509
2.05193760
1.21386719
4.36523438
6.33504211
8.60847961
3.87679078
4.85937500
0.19982910
3.25077239
5.72534242
2.92594360
0.92122437
2.34090149
2.84875333
13.92662288
9.15970856
5.37198914
11.23730469
2.09920102
11.12947695
2.34749390
14.33939606
3.31542969
3.49068207
8.27050532
5.87243683
4.70471409
4.15189606
1.82617188
11.59810394
5.32377106
4.82031250
3.18599457
0.92875152
5.17232269
7.89062500
8.49564606
5.16829344
5.76574800
5.93945312
1.19371904
3.15027510
6.01127106
7.44486481
6.57466644
5.35502106
7.41827033
1.07360871
6.67321808
1.20072418
1.60493988
11.61018174
7.11638076
2.99975586
22.08684566
7.64612034
7.22408051
9.63126945
10.19327571
4.50850620
18.71618683
0.40616820
3.99788453
0.55521637
10.07979278
2.99743715
8.91316711
8.08939606
8.76077904
7.35058946
1.65820312
7.62792969
1.77982574
2.98490138
8.76164007
3.51953125
2.61283356
4.51216644
8.01562500
3.29439052
1.27885167
3.46244293
4.31750333
6.32702792
1.01464844
1.02734375
4.03409353
6.03577127
9.92277039
1.77209442
4.21716340
14.28515625
7.57031250
2.75781250
0.02400451
0.19084686
0.62650543
2.53336547
0.83964082
3.83296100
10.15532025
7.25438830
1.85498670
5.63658578
4.20716422
0.49369293
0.59277344
5.96529144
0.40262848
9.01216644
2.64745845
4.16955784
4.07214262
2.99177915
4.26587205
6.66060394
7.91316711
6.98917664
0.52734375
1.11274864
0.77445839
3.04658965
5.29520722
2.43395778
3.85616245
3.75675476
6.65946255
1.71028812
13.66841644
12.06148161
23.92671847
2.14062500
9.21875000
6.72220856
13.86437833
4.46028812
16.99902344
5.21004211
4.40669769
0.08345551
0.01261139
0.01663208
1.56060791
2.64701324
8.81685394
2.25000000
6.72131317
2.22399933
6.97676419
3.61503269
1.68066406
1.59341223
1.20248559
7.31473847
15.76012966
10.08528812
3.18627992
8.23002106
6.66560727
15.65523410
3.62980164
2.92662484
2.11146110
1.97611481
3.82633422
9.67366578
2.71447474
3.48519171
4.39281915
5.91040351
14.15600399
3.75610538
1.70605469
9.65087891
4.27343750
11.64148437
7.90767426
7.18013519
3.90322917
7.95614583
2.01517731
2.31294769
5.68705231
4.61718750
6.05806488
5.59179688
2.82226562
0.74951172
4.94531250
5.90580231
8.13281250
1.69287109
10.37154144
0.11696350
2.64497894
5.75434398
4.18360372
2.65745139
1.54420877
3.55566406
7.07812500
2.52840149
3.68644226
2.31445312
1.99226867
0.02024353
2.40493130
3.71225620
7.66551862
5.85108294
1.86791805
0.75171085
30.17503325
4.34449800
0.76074219
0.21006256
16.37369750
21.82991578
7.02298981
30.78054633
9.65605828
4.02868683
9.51037567
0.02537049
19.00142177
11.25639073
12.47521942
6.89107269
2.02994252
4.82625554
9.04801640
6.41162234
21.35900599
14.38037234
5.02234042
17.90572113
4.33939606
7.55745235
2.80725067
3.88574468
10.42793108
4.69662123
11.90970856
7.91796875
1.15421570
9.38167110
8.65889683
19.62988032
6.16463320
5.95158023
9.12064606
16.05122894
4.57974347
2.65703235
3.63015570
1.77609430
6.91166168
3.66015625
11.10579344
7.34183622
13.23551640
7.73046875
7.56372008
3.66329011
1.30415863
13.41002328
6.08729055
1.51200410
12.80578458
4.96419437
12.94441711
7.77628601
7.34765625
1.72709137
0.91845703
0.58247894
9.73676647
5.09453235
21.15498560
2.01644171
10.83186392
4.85083444
2.82918274
4.01640679
5.45449459
1.74267703
3.87711547
6.65547761
2.88521332
6.47460439
2.83940104
4.84765625
13.53949773
5.82716090
5.98437500
13.66227172
0.16231324
2.25691213
9.35642829
3.95292331
6.66060394
9.50645945
3.39108266
19.67519104
2.20251496
13.45312500
10.94877106
5.53771942
7.11572141
15.50456881
3.56819703
1.51171875
7.44318706
0.72539173
5.25360471
9.49225621
5.20631316
0.73140473
14.07807213
2.96915586
8.29866578
16.21362367
6.83146055
16.85776608
10.39266179
22.18607574
3.50202973
3.90262412
9.38688608
12.30356273
6.31908245
3.77625664
1.48046875
15.73506621
36.57966977
10.83996675
6.40905793
1.69161043
23.38183594
21.59997341
12.16084995
1.49369044
6.46716589
6.36705453
4.58607047
4.21484375
5.09234764
6.69236092
19.20206228
6.35207891
8.37900487
13.17622894
4.94140625
5.27929688
9.29317044
13.82642205
4.07959109
6.32454344
4.88728945
15.62259420
1.89693705
7.53547720
1.38590952
13.99068207
13.73079344
5.54610261
3.55110594
9.42545656
2.28125000
4.62257706
8.31277453
3.13114472
23.54361813
2.57942874
11.16348993
2.39534796
8.67263229
3.84033577
3.86523438
2.74792387
20.41713152
13.31506317
8.29866578
4.87186614
1.79024324
10.71853835
2.71114915
8.05847075
9.94429411
13.08235594
15.16264073
2.02351618
1.63249030
9.01472961
4.68920213
1.27067763
7.32505985
4.81723293
8.05033356
8.02587766
2.09354831
0.11877441
2.86303649
14.13439241
6.64049203
0.31015098
0.69014434
5.07235749
2.21378601
0.83691406
4.78702073
1.24333388
3.05637572
1.87377992
0.79300934
4.18078582
12.17000367
1.72167969
7.37010971
8.89897384
2.92773438
4.25979895
8.91316711
10.57031250
5.63370789
5.99218750
19.25820590
2.04843472
10.28619810
2.00708070
9.21797263
14.89164339
5.85416999
4.35278258
0.42871156
9.53359154
6.84877326
6.75044769
1.24868224
6.31660794
3.51721409
6.06298300
7.62467531
0.18457031
12.30434732
5.52153368
0.84375000
4.48640182
2.08586380
15.26025266
6.51709109
18.13077789
0.40401215
8.77164672
2.94124390
9.58984375
4.80033356
9.46875000
12.29764739
1.56811586
0.08656830
20.63711517
2.60660766
17.51237062
2.43359375
2.93029754
1.47257508
7.92521055
0.52152621
4.17777372
4.01363253
11.86718750
3.57603890
9.66720633
3.17277039
1.70953083
9.23783356
5.47114584
5.66992686
5.10156250
8.72379516
11.91715204
6.05338874
19.43225067
3.45865844
0.73946199
6.93570922
0.30159547
11.75858489
6.13594636
0.02192688
1.28186004
13.48948563
4.36592310
19.83524380
13.29659463
1.96297180
10.29459718
6.55331665
5.97949219
6.93794769
11.82377106
3.06880707
0.68359375
1.21593709
9.73450237
2.43119293
1.61177582
9.84720856
10.32377106
4.79732269
17.68318041
0.36076490
5.36673981
6.92622894
4.70703125
0.81734223
18.80012689
4.85635931
10.20312500
3.73649047
27.98360261
2.78291778
1.44266816
10.52475982
6.02298981
16.88679743
21.32841035
1.62104569
2.79208333
1.24902344
10.64115387
5.59557514
1.04647412
13.67975860
8.79199782
5.15201906
5.28515625
12.60626646
0.70182375
5.00841756
2.86267619
0.64404297
12.26713043
3.89754211
7.42622894
15.85223082
16.21760860
4.11320257
4.85982269
1.41894531
6.97679854
5.72010056
6.09330231
2.93884308
12.91316711
11.08609985
5.03047761
12.36425532
2.47395999
6.77311281
4.37500000
13.06595856
6.13793883
13.92968750
2.01049867
9.87413897
19.23490138
3.91484485
6.70027649
6.46469925
3.37524601
12.25000000
4.97167969
4.15669769
9.50512633
4.02754544
4.76029698
0.51367188
13.76969360
5.04573360
13.39873323
10.84505374
8.22656250
3.80635528
5.28739472
3.51997894
0.66308594
0.85791016
1.08691406
4.58556849
3.42029089
24.90119238
11.15935449
4.61059508
3.00915558
11.68493683
6.72265625
3.77884918
2.58443207
7.14590869
2.79159131
4.40234375
14.67521055
24.09313498
11.00145612
2.00363585
1.85990387
0.93123227
0.08386386
3.15429688
4.02254211
6.55423981
5.27200577
1.59595412
4.61641511
7.60636414
6.52779144
1.27481993
0.93514101
2.26171875
4.92533356
10.85863697
15.18197030
2.59960190
5.22990802
7.77583832
8.99719083
2.84069980
6.48744460
1.79335770
37.35937500
8.19576019
3.85697418
4.17578125
6.63716644
0.81318810
9.33162788
9.01171875
5.08203125
8.39408356
11.38504474
10.16980385
7.65950687
10.18750000
3.19291168
3.65759308
8.26895058
1.75644004
2.55468750
7.15189606
5.60835661
1.76513796
5.45043883
2.13159242
8.92484154
0.68799202
19.99747119
11.58411236
12.17487589
14.12935145
10.41399379
1.33247894
2.39158910
2.37794215
4.89062500
10.30379211
2.45836686
2.28569259
10.17533356
6.96285004
4.96907469
1.58178773
2.49698914
7.50646942
0.88903840
7.77555297
16.29581787
13.96785461
6.33292664
3.02298981
7.88281250
3.27929688
6.06250000
8.00781250
15.14520502
14.31731161
9.13904587
0.02058655
1.99751801
15.02254211
8.68493683
8.08284422
2.53243074
4.74218750
1.29805512
4.23002106
7.67700133
2.05932679
9.04792775
1.15369182
8.55033356
4.06551086
11.39017731
9.37238254
1.73308621
2.82360871
22.53300185
1.91923814
1.38716644
11.11369812
3.00908789
1.93882867
14.78921986
2.85994570
17.76962477
2.81934840
3.98616578
1.36478668
6.65144836
22.15026887
7.31483947
2.20453243
3.89975620
2.24458832
16.77258301
2.33638519
9.35982269
1.89011627
2.16646332
17.17655364
7.99161680
0.83378269
4.89062500
17.34960938
12.94302970
26.51355385
9.29268340
8.08247894
3.31864472
0.77543121
13.39497894
9.79028320
13.04056793
8.55904144
3.19335938
4.50935727
10.94978945
3.57600953
8.78381317
0.53308137
0.10636383
0.02245087
7.15541335
12.23431626
6.68782469
3.86295656
0.16430664
20.70312500
16.05472186
7.99125775
10.13024933
5.50316545
6.84164450
13.52164672
3.62658167
6.26833556
19.31055412
6.99478751
6.64310948
6.28930851
3.72753906
37.82226562
8.96875000
1.74035645
6.91393950
12.30045656
2.54536957
4.85269393
12.52425919
1.64558899
14.24654144
2.30623371
3.74053966
0.03091431
1.18403895
6.56701131
5.90835076
9.67199800
5.98363697
8.29325908
1.81847490
4.99394392
6.09262085
10.69958496
3.31607159
2.09591126
5.37723847
7.32450410
3.39558899
2.19620789
4.13057403
12.20377438
10.01330784
2.98437500
4.21439606
17.59765625
11.54943817
4.41194703
10.28125000
1.55261137
4.80391511
0.39937348
1.12447113
10.99234486
16.70220967
19.19427969
1.66946795
3.13261580
22.53470856
2.01118988
0.21634856
2.76892121
7.27522828
1.30394822
3.68970412
16.66373314
12.11320257
13.71451906
3.97355164
5.36328125
3.25636811
6.02298981
12.97656250
5.89062500
0.10164398
3.33593750
9.21093750
11.25768950
0.59440187
2.21138519
7.44832336
0.08170594
6.39229278
5.74645778
4.99800753
2.62088708
3.06103889
1.66780640
1.13403133
2.42562077
33.02148438
0.66259766
1.45560699
3.76989341
4.24825354
6.37935394
1.14571199
7.57822174
10.68652344
7.31941711
3.57580286
6.97782690
2.32812500
3.33398438
10.44877106
5.74580840
5.35245789
4.76607269
3.50100046
9.66149933
6.74564606
2.15079773
5.92923981
2.01953125
0.52046723
13.19608489
17.90157136
4.00345856
14.94238032
0.40621191
7.79899047
4.00134308
0.49019379
2.14066559
0.02254211
5.99173981
19.70389739
1.34822695
1.69335938
7.80098294
9.74935062
7.89062500
16.64505763
5.79289007
0.05569458
4.86376953
17.49987700
12.29520722
4.09138354
2.41236037
14.20043883
6.69051086
3.92545656
6.29540891
0.66015750
15.91743739
19.84399601
9.76306183
0.29394531
11.08247894
7.07242299
4.76546764
6.97220856
1.50394559
5.86335993
12.86342864
9.38734873
1.77539062
8.24218750
6.26171875
0.24750576
2.02803745
5.89017731
18.04455535
17.36877410
4.30000886
10.20451599
1.44095606
7.35293994
9.06360704
4.33337433
1.74607330
8.49856889
3.43233931
4.98091644
4.76871454
4.49886358
5.04764739
0.65649476
0.13061523
1.27888852
6.42374695
5.75467864
1.43038120
6.26216644
12.30187833
15.55073693
0.96672069
14.75557403
0.43217012
10.37450798
5.46830231
0.83687721
12.40881317
3.62731965
2.42683899
2.83744293
1.87243683
12.11165282
0.39615968
17.07114499
7.86596742
3.74816988
8.87410461
5.26037567
5.84427638
8.10193151
1.60778840
5.05904144
4.70178192
4.91548427
1.20845800
17.51588959
4.23437500
11.23437500
0.91296044
0.10046729
3.16166168
1.57128906
3.67427582
9.31852172
1.79821808
12.44185394
1.40429688
15.06717864
10.70210661
3.64282413
3.16992188
11.78360961
4.15657469
8.95849734
0.24198395
1.27233856
8.10681183
4.38326019
8.05423981
11.86014739
6.03503325
3.40380984
1.73714234
3.44484736
10.82903784
3.52254211
2.50870789
7.49084442
7.73917664
10.30333445
1.26893118
11.80936614
13.75948028
3.98238253
5.41483489
8.27856383
11.83349734
0.29805512
0.64062313
2.26977726
14.32377106
2.21875000
10.00935727
6.32227206
10.49910461
9.00858489
10.28572695
15.99218750
5.85412567
4.71228058
0.88570160
6.01818817
4.47355164
5.08760528
3.56127992
1.07812500
5.84887633
4.35156250
10.13114472
3.16898216
5.45996343
3.59521609
11.58097351
0.38256836
2.06542969
7.75113891
2.57661957
4.87634308
1.86132812
0.65673828
2.82981716
2.24440159
12.96439606
5.48437500
1.34098266
1.31970246
4.71919769
3.20161957
11.01204344
13.20849485
14.57645722
2.23523105
6.37500000
6.41796875
1.72167969
13.20890071
8.56994847
5.62455231
6.81896942
2.39872285
3.12695312
10.68713348
9.28971188
4.89913120
18.22806793
8.57690376
0.05098746
7.03995789
5.82340204
8.16968085
1.19689910
4.52343750
1.41149933
0.75740539
5.42578125
16.58226729
8.11458998
6.17364627
12.18001344
9.79471521
14.22628089
3.34134918
0.96398895
3.96774323
3.18684564
1.77649268
1.29296875
11.11244460
4.32070145
2.06913176
8.78829011
15.21646969
4.06575687
14.17968750
5.36193817
13.84073914
4.92744903
5.55737367
0.39375824
4.48046875
12.59085218
1.00973376
0.44067383
3.91654449
5.07812500
13.76383422
4.54353883
16.00451131
8.17082225
7.16349180
6.72758089
13.22017177
2.89701573
9.10937500
6.31693263
1.40910101
2.23783356
18.80318207
2.48002106
2.03951019
18.87833555
0.75114015
5.97908134
6.94714760
7.06640625
9.26973294
9.01347019
16.74360927
4.96386968
16.17346160
3.09118683
10.03971188
1.85286624
17.36523438
9.89941406
3.79793274
8.48091644
3.67639129
2.53890015
3.29630430
4.96248476
2.18164062
12.36104278
4.43326781
5.16809175
6.04642731
0.68697113
11.40832115
6.77970523
2.51398410
6.18719026
8.92187500
9.04162567
9.94624225
3.93448416
7.47721188
11.63530695
8.23527039
13.14415227
1.87912289
2.70507812
4.95953514
8.62835549
0.84326172
2.85807250
5.31384308
10.60221188
18.00793550
2.54655031
9.89806849
4.46476507
17.62963431
20.67415780
12.16495789
7.55101729
1.27560228
8.31310506
4.88220744
3.71530586
2.41360039
8.52518645
7.52868683
11.31160461
6.21708222
2.35038176
3.48360261
13.35847961
13.04962988
8.86554411
1.90949245
9.40445922
5.96992576
8.41093362
3.86267121
8.53857048
7.11076241
1.64701324
11.35166539
3.29101562
7.15791778
9.56595856
0.12870332
22.83642578
4.37544769
5.69307403
2.36551972
3.82377106
0.01796478
15.39655807
6.16253882
4.86206117
5.60982269
9.85668883
1.86242769
12.72944039
3.96196586
1.93750000
6.30731938
3.65618129
7.07946808
17.39680408
6.48556072
1.49165863
8.19637024
11.00166778
0.84541902
6.48783356
7.65652257
15.78121564
1.82251163
5.91605497
4.63863253
4.46850399
1.59871149
15.97048379
5.16406250
9.76127106
0.16577180
1.25878906
12.76680076
8.48246122
3.66345744
3.03409851
6.58414672
14.69420546
8.20166888
0.11161316
12.09525543
17.49397330
2.28141733
13.49129211
1.97648133
13.92765071
11.12759752
2.72209552
6.50390625
4.01562500
0.02892060
4.42187500
13.17956450
3.24766789
6.36333554
1.01106750
7.64062500
2.79581726
2.02689606
2.39737976
10.35083008
9.96455342
2.98031139
1.70373504
14.40543329
9.45198360
1.49007701
8.79357879
7.29882812
7.23693817
15.11348294
3.02938054
0.97277801
10.15091202
2.95109818
1.89054383
13.41292110
1.12365941
6.90087891
14.38191711
17.18469083
3.90950687
5.55814606
2.97611481
17.79975289
6.58395500
13.29162567
12.52087433
7.07108489
1.32389406
11.40958555
9.01019837
3.24427858
12.06314938
6.58140626
23.39426085
14.46561863
7.79597961
3.09029144
5.17277039
3.30859375
15.39257812
6.50301086
14.63948360
13.32124225
4.86829454
10.49552305
0.19930117
5.47920684
3.33622285
5.33261871
0.27970012
11.09989472
8.68685062
9.66202571
10.03674534
2.92389933
3.34465536
14.97566711
7.99833222
3.34375000
8.65477394
4.12610704
10.65918218
16.44966644
12.40100067
1.03251191
7.12470967
6.85185283
16.53724639
12.60054411
7.60253657
9.36604610
6.47518506
15.66987257
0.84628130
6.14746094
0.11271055
6.36385195
5.54443359
15.86010742
2.87304688
16.61962766
7.63037234
19.62837707
13.59810394
23.19140625
10.44441711
6.09288897
14.29243241
12.99297484
10.96765106
13.40474457
10.30171723
1.31709746
9.81160461
3.81884641
1.31852421
8.14387190
4.98112810
1.34232574
7.26090079
6.11422096
11.13806183
5.57750998
1.41272440
7.60738129
2.33939606
4.41573028
0.07841035
8.32754932
6.28333111
11.95902372
1.14298648
2.17036957
3.49475067
0.15429719
16.47996676
3.32081449
1.09960938
9.83800865
8.00819593
5.03660792
4.80769836
1.15639854
13.26416389
9.46004211
4.15254793
3.04296875
4.80859375
5.01200348
9.86000061
8.40625000
6.44591756
8.73551640
2.70177693
10.17795122
1.11657746
13.18846410
15.48294244
8.85391900
14.21667885
14.31379378
2.98991467
6.95471409
2.95206726
4.21439606
9.00382508
1.80912262
3.90820312
7.44051086
0.97985871
2.20267731
9.25691711
0.73168883
4.16809175
5.68961547
2.94124390
4.21093750
14.03165337
6.08109652
2.26570866
4.65844415
1.92358710
7.17525238
1.04012024
1.39640320
7.70186060
2.67313940
8.36136747
1.44873171
7.56449247
0.96728640
9.39497894
4.35847961
5.18867576
3.56567819
11.35937500
3.50480164
2.86633145
5.32312167
4.05078125
3.26082336
6.39241485
8.37333222
13.67085661
10.48628878
2.54492188
3.65197474
9.64880651
7.82812500
5.90625000
14.99183976
7.59359264
5.85900599
1.41431100
2.37890625
9.28893950
8.96695922
1.51240872
8.56197362
14.58325133
6.61731050
9.73002106
10.62410461
0.61942597
0.38403320
3.35546875
12.95084220
1.18806821
1.17944897
3.69698028
1.09057306
5.23519171
7.74442597
0.10795105
1.08005768
2.03951019
9.25166778
11.18314606
8.93493683
0.66593445
12.04225159
3.19531250
8.04394531
11.73677551
3.67419465
9.34269195
2.93599457
11.07454344
9.17366578
2.95914672
2.13248781
3.77103668
0.62788910
0.48217773
4.76713043
6.26693726
4.72701019
7.21862700
3.70821199
1.31339539
2.78320312
8.22566711
0.85555023
11.88210883
5.52458887
4.46439606
1.74092559
0.40629121
7.86328125
12.19696045
6.04418883
5.01395722
6.09586609
3.54943817
7.00390625
3.55798371
8.74910461
7.22086547
3.12268035
3.48286957
8.90368683
15.57015015
16.47106716
15.03674534
2.14062500
9.51562500
14.15881317
1.73424140
1.32252160
9.31250000
8.31781805
3.38441156
2.99894226
4.09497008
0.17871156
4.32377106
22.10066711
6.32242797
0.28043703
4.69982879
7.00602172
7.62426197
0.88863752
7.94095856
5.36673981
0.15026855
5.11808289
4.28763824
1.07812500
6.35278258
0.18225160
4.86763519
4.61718750
6.83593750
3.46590149
1.99519587
0.08634710
1.68546570
5.34134420
1.68164561
2.20357269
1.51000914
15.20003110
1.83378269
5.98482269
7.26953125
5.97298094
0.55481050
11.97057301
8.66430851
1.84240692
1.08386635
2.42968750
6.47513824
12.18599457
2.58565215
9.83772828
0.80082184
13.26806516
5.51017398
19.57950836
11.09838431
11.60324777
4.44597901
0.34985352
10.45043883
3.07555187
9.08068817
1.77027426
6.90356383
2.68387910
6.50736481
0.04976410
0.61226410
5.49994571
9.27259640
4.49698914
2.25528868
3.51619570
3.25215481
3.11653812
11.77779144
6.57767731
0.94527191
4.99218750
9.02539062
6.53906250
11.20568817
12.89915559
0.51775542
8.24849457
1.45214844
6.41406250
5.15970856
6.25044769
8.50585938
2.09541778
1.40022828
10.18660461
2.00915558
3.83744293
4.83984375
0.10839813
0.07088258
14.19787567
6.32906098
3.31730164
15.71484375
5.17789672
6.42081695
6.90234375
1.89782746
1.57804383
2.00296903
0.14795046
2.59330231
3.76668274
13.40368683
2.14864105
4.72265625
13.89408356
0.41870117
2.49609375
4.28951019
0.47611481
11.00345856
3.66662567
12.58817597
8.74121094
1.58060699
0.15452026
0.48640681
0.54122229
0.02467346
15.97867797
3.03108765
10.73950133
7.26562500
1.93823304
3.60864196
0.09228578
10.62251053
4.38937056
7.26023252
6.64269615
4.53499889
6.51908356
0.96358246
8.03906250
2.64578569
13.45923537
14.59492576
4.49581338
0.32564238
2.89676972
3.92777372
6.41988253
4.49218750
8.09977172
12.30919881
3.84794658
1.75968445
11.96875000
1.48469969
0.23282961
1.04199219
5.28381317
0.77453644
4.74173981
5.97423039
7.83241023
21.03072113
3.97851562
7.61266623
19.88045663
0.81135860
1.35396581
5.63627106
3.96951740
10.91740054
1.97192819
8.57812500
0.36210113
1.69478363
1.90885251
6.91284242
0.24593203
3.80619293
3.16115471
6.28012854
3.97713320
0.25878906
9.07287567
0.02929719
6.09960938
11.03010860
2.40861148
0.32373109
5.13281250
2.16902649
4.07120789
8.60902405
0.34614895
14.55314273
2.99458832
1.61568207
2.25240082
9.73783356
0.92081477
2.73417394
3.86673981
4.32613129
3.64062500
5.91035794
2.62284519
0.02992249
0.24580747
8.62691378
5.92818207
11.35156250
0.02291870
4.63627106
17.47566711
11.58947785
11.39843750
0.89965758
1.56818644
1.47038840
2.34765625
4.66913952
6.15267841
0.39864105
9.06070922
0.41286256
0.32991516
10.51216644
0.19384766
0.08557129
12.85900599
6.04671515
4.98303192
3.57261969
1.09624445
8.37154144
9.51367188
4.54687500
2.31400543
10.92968750
9.20249004
5.01535460
0.35637411
1.26900238
1.02995788
5.02042664
10.51908356
12.56904810
0.74646276
14.75581007
2.71383532
2.23046875
7.64888519
7.55757536
16.93416445
1.10982269
6.14257812
3.49309731
1.63190269
4.91316711
2.40474457
10.19185394
1.47070312
15.34106383
1.24540254
7.04597961
2.50134308
2.01757812
0.08871642
7.65938386
1.54044493
0.76619570
12.29248047
8.82177734
4.41406250
2.62500000
3.13688110
0.00908448
4.23443604
15.56595856
3.26802582
4.92431641
8.81160461
14.18281140
9.82784962
1.34924285
14.82161126
12.32682624
1.03161652
3.30334442
16.62394226
2.86763519
12.23246122
17.40484744
2.98131982
0.82186225
3.88309287
0.98507120
13.94346743
6.78309507
1.97851562
3.96927887
2.68750000
15.24955231
5.21875000
2.68058289
9.34048316
1.36671043
7.83337433
2.06685394
1.41194454
13.22924867
1.48771304
6.29048427
2.00248448
8.72265625
7.05078125
18.02246094
0.89750152
4.01171875
11.61120014
3.57239361
2.66451019
6.88537567
7.04967421
15.89668263
9.89592863
0.98681641
5.80859375
0.02415466
12.39453125
2.74218750
0.02139282
1.43290191
2.36523438
4.20178192
8.98783356
9.09554078
13.10641448
1.67561890
15.36104278
3.33673926
2.82716090
0.14807129
9.25998671
2.48911790
4.48136414
10.54597961
3.18688996
1.46731951
1.82223127
11.46728516
5.55468750
3.56160461
2.89888519
0.36791930
0.68135652
4.68314606
3.34419769
9.83760528
0.35331269
2.75061004
8.74308289
0.47517665
0.91723820
18.07645722
7.03906250
12.36629211
3.79581726
5.01460661
4.25883089
11.02075133
6.85725953
6.40368683
5.21394836
5.83748227
9.61023105
11.42789672
4.63895722
2.43646540
1.69048772
4.27555297
3.21032746
3.63972961
0.02346833
1.68509918
4.90828430
8.80468750
6.45402039
0.93733734
2.33984375
17.70133422
2.22835328
0.99808746
8.45902372
7.10738253
10.88281250
3.50435394
2.30696532
3.72220856
3.51379488
3.82617188
9.47175089
0.85494985
17.01859527
4.82857269
6.66731781
6.56009918
13.53742908
7.73600842
0.19466156
4.70703125
0.25970303
3.76997894
1.89058566
11.71093750
0.19323730
8.09696255
1.99332890
1.13378906
5.75858489
13.67879211
4.36027039
5.24788453
3.79809508
3.97924369
16.87830119
5.36481896
9.87805518
9.72041778
2.07841035
0.07214355
4.81762633
13.42020722
9.13671875
0.59480774
22.21183289
13.27343750
7.07812500
11.50272053
1.02018811
12.45463043
6.42968750
2.11372894
1.86771637
8.51908356
2.06534851
4.74552305
1.96838472
5.01607269
4.54687500
4.03080231
8.01021332
6.11328125
5.02254211
18.19307403
3.13594636
8.29056793
3.83247894
3.41210938
2.18981217
3.31214095
12.94698028
0.34305879
16.54650848
3.17036957
7.16886414
6.25724180
12.11580507
9.82812500
11.82244048
1.04341644
0.10196992
4.56445312
1.17089844
19.23693817
29.14778625
15.75467988
3.16210938
0.81644684
4.08984375
0.44580078
1.82267149
8.76500998
6.26497936
4.57165558
10.05171723
12.11629211
20.81827820
3.47070312
3.77929688
7.51171875
11.69095856
13.47891401
5.81059618
7.47867797
10.41149933
7.08363861
1.90482574
4.98412899
12.24243351
0.52746364
7.41003325
3.78340979
7.78706131
7.60331892
5.62723847
16.12064606
5.60655586
14.77979388
5.55204565
4.01285517
4.53064245
6.06514185
5.52681737
8.10156250
0.42415406
3.14257812
7.73828125
0.33028168
0.19057127
3.60941434
4.90739140
9.98437500
1.79243988
14.38117908
5.26167443
4.48169880
1.99902344
13.84210693
11.76668274
9.65804078
8.76802582
14.20389739
1.41036043
8.57377106
9.27231052
1.29018948
11.81583555
4.58304964
0.71630859
1.51586914
7.06551086
0.46525086
4.43314606
10.75766920
5.37655474
6.83593750
13.70222961
3.00000000
0.55114777
14.40205840
13.34850732
5.79781471
17.56640625
9.29642668
4.32885804
5.86584442
14.68929078
2.20820278
6.56640625
4.96093750
0.80521637
8.75345856
15.10245789
4.99218750
7.09452239
7.32987146
1.02392952
2.92533356
0.19913758
7.56375444
7.92106826
1.05468750
8.79873449
5.86097406
20.15490692
