0.11271055
18.62557070
18.13704344
22.00162843
9.96875000
2.66210938
7.12890625
1.81254059
3.35278258
1.42456117
0.69478363
10.38346188
3.13562167
8.52729943
8.84424202
0.22131348
3.30273438
0.02052307
19.88059097
2.58805297
8.21004211
11.02307098
0.70027773
19.14892454
16.45198235
9.55876108
0.20202637
1.14701324
2.84676086
13.90970856
3.05452515
7.95613586
4.78560394
5.38704344
0.76993836
1.56250000
0.37398347
6.13582336
10.42622894
2.85298676
6.27990692
5.98962433
14.85412567
2.61462433
13.43050047
3.94498781
2.42382812
0.68017578
5.10233489
2.38594636
2.67968750
4.47232658
3.34993905
16.05802305
10.47862337
24.45996094
2.25630707
0.87353516
6.34631317
0.08874543
3.38476562
18.88012633
8.95149158
9.01806516
5.13770279
1.97550476
7.28727172
5.28560394
5.72432403
2.08561281
3.78080231
2.41860816
7.23418328
12.69877106
4.26562002
0.32812998
23.63814301
6.67140737
0.30666056
9.08805466
11.73591977
13.32880007
12.72775819
9.40641403
0.64938980
8.80635528
5.56941711
1.11836824
6.63313719
0.66788820
2.23649047
6.41752106
4.78002992
8.93033688
2.55660128
8.03494460
2.06600786
7.03616966
6.17839175
1.39017980
2.78409851
12.28832447
4.41736369
0.22009308
0.86523438
12.59716797
6.89143372
1.44470696
3.37411209
8.57421875
7.27734375
8.09244501
9.74181849
13.80814606
7.79415447
0.09901885
13.97489472
6.50390625
4.81896942
9.49238403
7.01127106
5.12980164
2.20703125
9.29943817
8.39196808
16.33715758
0.22265687
0.28779597
4.01855718
1.94673676
6.87129544
1.33671238
9.73347961
14.04308179
0.18925892
12.99930754
2.23527039
10.01267030
5.33247894
1.10502106
0.03346771
4.99609375
4.84382868
0.89445257
0.80175781
11.41752106
2.30489105
8.29687500
4.13671875
2.90820312
12.46357810
8.45540780
9.67308511
3.38888104
9.21680186
2.95898438
0.29736328
8.83504211
0.15397156
4.39664672
1.52681488
1.77087433
2.37320922
0.75569703
1.02050781
2.80934257
9.67277413
8.31506317
5.79431183
0.97273742
14.43570922
5.53784242
11.55753103
10.66369349
3.38424423
16.19698028
2.00374390
18.34582115
6.74992257
12.44331505
20.92190936
0.62590536
26.52469879
2.36372894
11.41474624
3.49797318
0.74002521
6.86581006
4.89843750
13.04320479
19.99585771
0.27929688
7.86279297
3.89066434
2.10693484
1.92915863
4.21826278
0.00742615
1.09667969
8.31628325
10.65767426
4.40592531
10.21170989
7.06856355
3.37717682
5.51171875
11.44698028
18.03082669
4.23947694
6.54097628
10.19787567
1.45544465
1.19531250
6.73266290
6.94311835
7.58593750
16.31506317
1.59029144
1.86096160
2.10770722
0.92248255
0.49792761
1.00000000
16.96645723
7.17456117
3.25261746
3.83292664
2.39453125
5.73783356
0.52246094
1.35546875
0.52095551
4.22957336
0.14261902
0.45532227
10.12292387
5.84863032
3.13407690
2.36462433
6.66662567
2.63655640
1.14355469
10.16406250
4.29101064
6.47945036
3.20146221
3.16345246
7.41105164
2.41601562
1.53853363
13.94441711
1.68383228
5.19694592
1.24218750
12.74385528
1.68188414
10.19978945
8.06826574
7.57268395
0.96354250
8.27254211
3.25451629
5.99442597
0.92333984
1.96236176
1.26855469
0.06470733
4.18404144
2.54296875
7.64216977
5.94722628
4.22212738
0.59049438
5.93538453
0.92285156
2.28906250
3.97070312
1.98535156
8.44782137
6.62663342
0.32788896
0.96309200
8.53584995
1.32714844
6.08548981
5.37154144
3.78710938
1.05513519
6.03515625
6.08536680
6.49231050
17.82531583
0.31551273
2.79642731
1.25683594
15.39920989
3.17745027
1.08300781
8.35066711
0.27893098
2.84765625
11.23860594
0.73897371
0.97652191
10.83760528
11.71337766
3.96028812
5.63716644
3.72220856
0.35933441
1.02037795
11.65442486
1.79081394
14.34016844
2.96496675
1.06278161
4.65450354
11.72477172
1.13703846
1.07764295
11.31608063
5.64160156
7.51639801
2.16190094
5.38281250
2.22505707
6.32812500
0.03903198
19.06969748
8.07974845
1.70406970
12.39717310
12.82926640
1.16223238
7.54980469
1.25992797
8.45012261
3.60742188
12.28470856
3.28365082
2.99218750
9.13191711
5.88752923
11.14998227
1.93510416
0.16834015
6.84541778
7.70747894
18.35681183
0.92427582
5.18359375
2.65625000
8.96350067
10.86246454
12.22872229
1.05521138
4.40039561
1.61861176
3.92871094
6.46484375
2.03710938
5.08398438
6.00781250
16.43029754
13.31156402
2.77327515
5.47265625
5.52802749
2.11605607
7.25435394
0.65527344
11.82377106
2.18074524
0.47937043
7.79252106
3.53365082
5.92879211
0.26391602
0.05698670
0.15832520
4.26806641
1.64550781
6.44877106
9.74979582
5.72579011
6.75948090
18.14062500
4.16796875
7.29117797
5.84944703
2.84960938
6.89062500
0.30029297
0.17883238
6.68192597
6.21529144
4.96093750
5.25390625
2.28425837
4.57491245
2.30391511
4.97045898
8.11718750
2.54101562
9.23347961
1.12532469
8.91906583
4.40498560
4.71167553
0.36840820
0.49426270
3.53125000
8.75219415
18.26228945
10.79968417
2.65453042
1.72820090
10.27433289
3.14107269
5.54780475
4.94259197
5.61462433
5.33593750
5.76953125
3.88537567
3.74397828
12.83308899
7.11144615
2.68782967
10.64229278
0.14245668
5.31445312
13.44877106
1.03267426
12.61539672
2.58247894
9.96439606
16.55708334
3.02543495
2.87976230
8.92968750
3.68599457
7.05989251
6.07983710
8.28864916
3.02865248
1.11132812
16.58992243
6.90332280
12.27468197
14.95277592
0.24629606
2.54353945
11.11665863
14.27666446
0.66429409
7.94909575
1.78800476
2.93282136
11.27766844
1.88391207
0.36938477
2.72269559
10.58785128
0.44335938
0.00792694
1.27832031
1.48839480
4.00216976
1.91931183
9.59375000
7.03906250
1.39107269
4.06941711
5.33638519
5.25781250
6.62463348
6.76953125
0.88216187
1.91308594
14.04329344
17.42110261
2.87906860
2.31278535
7.60343196
2.49535323
0.83578512
5.01705980
24.56336882
2.91992188
4.35469636
8.82303303
2.06954510
8.73461104
4.15121232
2.40234375
2.76696808
6.76171875
18.54129101
6.40458970
13.42570132
0.87117492
1.88814301
7.32076019
7.57812500
0.25044738
0.01468934
1.34375000
3.89701324
16.04508422
5.73339844
1.93111176
11.79085328
0.02894592
1.29020141
15.05843140
1.39603668
27.81294769
17.34357270
3.55006316
23.27745679
7.00033466
2.87166133
6.04622562
6.72880097
2.13867188
2.23828125
18.86895934
12.62866273
4.89497894
0.07766661
4.26786347
10.39448693
5.96646720
0.55160294
0.87353516
32.09278807
12.40197474
1.78731604
2.02929688
10.64497894
0.13765473
2.15189606
4.43347075
0.35091250
1.67968750
13.45914672
13.41820978
9.00781250
12.68274268
20.29567931
6.20512993
5.31311502
0.26826778
10.32145390
3.28906250
8.04597961
11.63000333
2.10620179
6.16117464
1.34720856
9.23091644
0.37361633
0.95535600
0.47425033
1.71875000
2.39994293
0.98677582
9.76472961
10.69596188
1.47485538
0.21044922
7.32031250
4.51037068
0.47302776
0.05828857
6.46875000
0.45244956
0.83736363
2.43685062
13.61462433
2.42382812
9.98323360
12.16084995
0.99405945
6.24861259
2.64396553
1.50292969
10.26806516
3.62451296
1.80859375
8.23018340
8.16149933
7.18916840
6.57678192
0.84753449
3.13521332
12.02396388
3.21236425
2.73632812
5.65844664
3.16632420
7.04594525
3.81205231
6.48091644
7.63671875
1.34284193
1.77503656
3.13867188
3.09029144
7.89062500
0.12963774
3.82043550
0.80029297
0.59619141
0.00571823
9.44531250
0.41748047
0.85449219
0.93189155
3.85803192
7.45460435
2.04642731
8.84375000
1.83955840
0.84899933
0.09753449
3.44006317
0.81453430
2.89949524
2.18282136
2.28666168
9.16060394
4.29296875
5.82767731
2.07144642
3.28499889
11.57059287
4.51143838
0.32393402
2.32399962
3.48166444
9.32686060
0.09110815
12.85990387
5.12129544
5.62076906
5.66764406
4.66495789
2.29492188
9.29252106
5.88749114
0.88399324
1.45259613
9.44095856
0.17488586
7.51261414
10.83984375
16.05034905
2.61773934
11.11014739
2.90307679
8.54854278
3.49877992
0.74536071
0.05566469
4.59057181
2.05407497
2.31877271
5.36962891
6.86328125
2.67622894
5.28125000
0.07983398
0.46069336
9.44936614
0.42518616
0.78316254
3.57730549
18.26122175
5.36918993
3.21289062
12.01460661
3.19482546
10.35746122
7.17476535
5.46484375
12.89550532
3.35014073
0.20678649
5.95235261
5.29687500
2.35351562
5.12410461
0.09562195
9.94864805
15.08947474
1.80562721
16.17899380
2.07401706
2.79927582
1.54243988
12.51855469
11.61644947
14.20988475
1.82751496
19.66284117
4.69454011
1.51420074
14.44451070
6.29844416
1.96518838
12.41841644
16.75406860
4.71272828
0.91515646
1.61975565
1.38378906
1.27103668
1.41939301
13.84195922
7.71048981
0.36918183
7.01757812
5.41361044
1.78699135
8.97399933
11.87064606
5.92922984
8.54387411
2.36478668
2.72159851
4.58203125
5.01415891
10.53945772
0.76114930
7.81070922
17.00235151
0.78654864
4.67533356
4.80024475
7.94441711
2.51847351
2.95507812
6.02933622
15.11372894
7.50691711
1.47671425
3.89311945
1.40633117
3.94531250
10.14062500
7.25801419
1.17887577
8.09385307
4.30079745
1.94824468
7.75256317
16.39526429
14.99857574
2.30814606
12.62045739
4.35372229
7.52978391
14.67378878
0.49873809
0.23588105
9.51078277
4.35297430
7.44768395
3.01875886
2.38867188
2.98767121
5.56640625
0.08243805
2.92828763
2.86761081
7.18952682
2.55310837
1.59496759
8.91532690
3.25435394
11.16181406
3.70838430
0.02048768
18.30760647
6.32500110
10.72220856
11.31314938
1.98026706
2.73844360
5.19755097
5.48502438
20.79511692
15.51078153
20.09073234
1.87048869
1.90669769
8.04675200
0.13855074
9.62645695
1.07895168
8.52586821
1.38460328
2.92187500
4.37980164
10.42187500
14.15445922
0.10921265
12.36718750
1.85554992
14.83158356
16.36657248
2.79838541
19.61534243
13.35926695
0.30635590
19.35660131
14.54549311
2.06009918
5.27042664
4.84977172
4.64229278
2.86206117
5.37019836
5.33772828
6.69095856
0.04545105
4.47837767
3.87619569
14.36726493
15.08842198
1.54870761
2.90279144
9.26127106
3.96980774
7.71573914
3.17472351
3.13085938
10.84016844
0.27168855
1.57368988
15.71720274
19.65482574
5.15592531
8.53470856
4.13069703
1.28027344
6.26192044
14.45905807
4.65357380
0.78755707
10.50150543
6.92578125
10.43916778
13.11193817
2.39872285
11.26896055
2.46134585
1.35506040
0.17521304
0.30029297
3.40527344
4.72220856
3.74849457
17.05638963
7.17407912
0.27128082
10.76908356
1.66398133
19.94742797
10.75604299
6.36464427
4.51562500
14.78783993
33.56156029
7.61434397
9.59708555
13.51977726
1.98872894
15.15869016
7.38712212
0.09383616
36.88057403
6.11071808
3.15234375
9.21769226
1.89506012
1.05615234
10.76908356
3.52583832
18.79027261
2.04761801
11.49609375
1.95222961
23.02546252
14.68734264
2.10148382
18.18750000
7.29732269
14.86283356
6.47070312
9.43660461
23.14729610
18.24104610
1.98560006
2.92834442
6.18347075
7.74755984
6.33984375
4.48775238
8.66752106
2.96439606
5.10201019
23.36560372
2.49870124
14.65433622
8.02350621
5.40329343
4.32511414
15.98982228
5.77193705
27.12657913
7.46371232
18.94486481
5.99654144
7.49955231
5.96337766
3.55615359
3.83203125
4.08524380
13.68105497
5.05075686
0.92460300
0.97265625
10.57198028
2.82206269
5.52734375
19.26558068
15.76863586
10.52412124
14.35608689
8.45568817
4.38505097
21.15881317
13.10681183
8.88411126
2.45963874
4.74323028
14.88948360
4.66806737
12.63577904
9.95015846
17.63268950
9.03470856
8.11385195
4.16796875
0.15734863
14.54329344
2.03185506
2.46541943
5.07857269
6.01953125
0.85160309
6.46235677
9.71244791
15.68969415
15.79533023
2.28495456
3.89408356
7.10066711
4.34574247
6.58919437
0.07486969
2.21544787
4.25586436
2.43592240
3.11340425
9.63627106
7.01216644
1.43945312
2.86673981
16.90189606
0.42472351
3.07031250
9.76127106
17.11372894
4.36673981
8.00736481
7.14457059
2.82719027
14.31339539
0.85294617
0.97509766
8.05484486
2.83968639
3.53906250
14.10937500
0.60498047
0.29130035
14.49157248
13.97522440
0.99523895
2.15218140
6.10892731
6.73046875
24.50512633
6.79520722
3.37003601
1.39648438
13.45704203
10.77312278
2.55158354
3.20898438
6.48925781
11.05887225
1.83830396
3.97065631
12.44731244
2.89062500
1.39530364
6.53787678
5.37824247
4.33068817
17.70056183
3.17578125
9.14603170
10.65865580
6.51525599
3.63708776
10.64868527
3.28698886
15.82587656
8.28982492
2.54054853
2.30468750
7.07198028
1.53951019
4.71663453
2.27563414
12.49694855
4.61462433
5.57151264
6.65460216
1.14973875
1.50529054
7.31587738
0.76416016
7.31949828
3.66128394
2.04779844
14.09720856
2.53169769
7.21484375
19.93314606
11.48693817
1.77913453
1.67089844
1.31756446
16.48328789
2.38472504
23.96431239
1.93803136
2.97493407
7.16373781
1.92346160
2.47159851
5.62605095
7.85086880
7.74288120
0.75362090
0.44360414
3.61869293
5.30468750
1.34191490
0.13363046
15.93447917
14.98159520
2.87013962
9.35245789
2.68570922
0.69278868
1.42130679
12.54987589
9.65324911
10.08325133
1.67232269
0.83671113
5.79296875
1.45996094
10.53714872
0.73824191
2.53320312
5.03743407
8.14180574
10.64359154
17.62736779
5.89453125
0.51224762
4.43697113
3.89701324
4.58247894
2.24023438
4.40535461
15.50812722
21.60124778
5.39912871
6.84562195
3.09952571
6.27771276
0.04224640
0.45756012
4.41495789
2.99218750
0.06835938
2.14798981
5.05464691
13.40970856
0.59891754
7.53682403
2.63594636
16.48828125
12.06160461
1.49015320
1.10013824
2.75341423
2.25935727
3.35876994
3.86629211
0.22403836
1.95222961
1.99556613
17.65779477
16.98136414
10.67073329
0.61609292
5.78080231
13.84264296
13.32060564
7.13863129
9.90628436
4.71916334
5.40970856
12.62349457
9.83691406
14.51562500
0.78641692
11.67891511
1.17622645
13.45202792
7.32735261
10.17598294
2.14477726
9.44945479
7.47159353
3.50819148
2.28755707
7.07632425
1.36898825
3.22265625
1.85111481
2.80708832
9.28893950
4.96061281
4.60982269
5.12109375
0.84378996
13.01527223
13.36718750
1.13102172
12.06774933
4.44531250
8.98091644
0.72753906
11.51037567
10.07173427
4.33328070
5.68722960
10.66060394
1.36470551
9.40177305
15.00092975
3.50354720
0.19458008
3.90779477
0.06644839
1.47265625
7.67004363
5.58292664
4.11283356
8.00768950
8.63525266
1.51766179
6.97176086
10.54622157
3.21822362
9.65625000
1.14204926
0.67435699
6.83649823
4.23426196
3.62109375
5.80033356
0.95031458
14.59656042
26.51330379
7.75280917
5.18448914
4.40714539
6.99414062
12.10502106
0.34476715
10.90103502
0.82597517
6.97265625
0.38439910
4.93538453
3.68554688
0.01570129
5.47265625
0.53515625
8.20760070
6.57511414
0.84960938
9.36698332
5.27221742
6.12064606
10.76026429
2.96484375
2.53906250
5.12511304
9.24731383
11.94397938
0.21272766
1.93155945
4.79838943
9.34380874
3.56634751
16.71134087
20.21789893
12.79295593
8.38972961
11.87910794
3.93079936
8.81697695
1.94388824
9.93794769
8.10156250
7.42578125
4.52343750
0.52717735
0.19881538
4.96048981
2.81339539
4.73002106
3.86889462
2.89913120
12.79496122
7.03926419
10.37719415
1.25102338
6.49218750
6.83024047
10.04130097
16.89229028
4.63362921
4.61718750
1.10607879
16.51741578
1.63281250
12.69225732
12.04097628
6.73551640
0.40234375
2.54882812
0.14711455
0.07804414
0.08361816
2.86424784
3.20313497
5.97867797
5.97204621
5.42154626
6.32247229
2.71162934
8.86925865
7.40320229
13.76953125
7.17476286
1.94534686
6.17686946
3.71468140
18.71439606
4.12890625
14.08113586
7.91670435
6.32877936
5.96350067
1.92158716
14.63318151
1.37288453
5.95703125
7.89847684
4.31441378
5.48591977
3.71765292
1.83256012
14.07722961
1.96423371
0.20080566
6.02978391
2.04052859
4.54292443
13.66325077
7.57267398
13.73091644
5.91088431
2.22538674
5.88081007
6.19274933
0.12858904
6.39107269
5.73783356
10.26204344
2.60168550
0.29980469
2.57731078
13.24251344
27.44907623
5.56835938
15.24039672
7.85485871
10.48136414
2.08593750
8.10475511
16.93767730
21.52512468
15.54402525
12.65535461
8.20837433
2.41992188
10.13627106
6.75933809
5.52925753
3.79882812
9.43359375
4.88610373
14.45618143
14.40478516
0.96240234
3.26578735
1.67366578
1.10644531
6.71439606
8.35164367
6.61462433
0.66064453
5.33023953
3.91779697
10.67533356
3.44478363
5.05474854
13.58325133
2.29130097
0.72554286
5.47070562
6.81595856
4.78125000
4.68750000
13.74250222
21.87077903
6.49686614
6.79610261
7.48437500
1.65925837
2.02966589
5.02766844
2.66959718
13.62854671
4.79687500
7.28320312
4.28983489
0.64961824
1.70800781
4.82722961
2.53409851
16.94417110
17.25146111
2.17741467
3.44531250
12.79150266
7.29633866
6.20903368
1.47363281
2.74267578
0.97851562
5.94486481
2.77388519
0.35034180
12.24955231
5.70312500
3.15040722
5.53355274
1.36763519
8.43570922
0.08040406
20.96004211
0.37231383
8.41752106
3.49893282
14.89843750
4.55033356
4.80271393
8.78591867
0.69642204
2.72176086
15.60937500
9.96183289
0.00259972
11.41406250
0.17456055
9.91752106
3.34090149
1.17810090
4.55745235
2.97770390
2.27148438
12.87938830
1.37842420
0.78759766
5.63142758
10.38329455
17.08723242
5.73108377
2.28470856
6.29621565
5.93083513
9.16841644
9.93110927
14.24662511
5.12357574
3.55025238
4.94140625
10.96504544
4.31229831
1.12695312
7.98961437
3.91760970
1.62011968
2.65716034
8.13590204
1.84734069
5.64366980
7.42578125
2.08789062
7.14017731
2.64595551
6.48738586
5.17232269
1.17036957
6.76403092
0.16906583
3.07072085
6.22265625
7.36673981
21.42024158
6.01770611
1.49361176
13.77148438
3.07181793
3.12471465
8.57299867
6.88281250
13.94095856
0.30830902
5.73828125
6.56274103
2.72408300
1.55159547
4.16451019
15.50846188
14.38562167
5.61763519
0.04190063
4.71875000
12.03458555
21.75748407
0.97465370
4.45056183
5.44531250
3.93164062
16.72664118
3.47062444
5.66406250
16.92382812
16.04711914
0.50834137
8.89013298
0.80953346
0.88480621
9.02350580
22.15816378
7.60123781
2.73848543
6.24609375
20.44006317
0.37536652
4.21919769
10.00000000
2.70774062
12.08197251
10.65022828
6.55814606
0.27583832
23.98851729
0.63941240
1.08203125
16.03001995
2.70781360
5.68349015
3.13141067
9.73437500
6.90913786
6.74397828
2.51680574
2.04516228
2.89697639
2.50150543
0.30232602
8.12255984
1.50915558
5.71850967
4.54687500
3.46891235
3.26936890
0.19616699
3.43039662
2.04101562
4.47265625
8.45800781
10.58939606
4.31595856
9.55883727
12.68156008
9.81640625
3.03515625
2.71093750
3.06835938
4.34851074
1.30033356
2.66451019
7.39408356
9.05318207
7.22912567
6.38370789
4.26249114
8.70873961
12.45707308
4.17187500
10.55289672
12.76741578
4.74942930
1.82027316
8.13537567
11.58825466
29.98951147
10.23884306
18.78845192
11.21833221
4.05929742
1.35209137
19.35461270
8.00626773
6.65535461
5.82902039
3.44576019
3.27974457
4.02990692
3.83679230
2.94531250
0.30399566
4.00390625
10.75948028
2.78906250
1.50427277
1.04785156
16.85754239
1.23462101
2.14994293
5.48437500
0.02401733
7.58438276
13.34139849
0.68593113
0.24666507
10.12580674
3.63761414
2.59986037
11.33158356
3.41210938
2.79536957
9.24490803
4.29850842
3.60111481
0.32645504
1.01497562
6.89843750
1.63423676
3.93570922
3.66954289
4.84156582
2.72887966
5.20426640
12.80886415
6.24582335
11.51997894
3.75602172
6.00569703
2.33459442
4.03694703
2.84330231
2.70743462
9.75203679
2.75614472
15.49873560
2.17085536
4.49683178
4.80692597
13.33247894
3.13671875
9.14408356
0.10426850
7.59285461
7.74308289
2.49198055
0.30999857
7.17805408
2.12700243
6.73046875
0.35936182
4.60237921
1.42622894
5.99149380
2.87959995
13.66881982
0.75451878
0.15063601
9.20646055
1.17577315
1.49207446
9.75768950
1.82283632
1.78515625
9.23002106
14.40286888
7.53609596
9.62845856
4.27042664
6.67968750
6.10937500
9.64754211
10.89288086
0.02147431
1.41210938
6.98046875
0.11157227
2.52494293
12.44531250
1.35359711
9.35847961
0.35851864
0.77510777
8.49654144
11.10502106
0.25996918
3.89648438
4.90926086
4.35636414
11.61925865
4.68806821
11.92517619
0.83195008
6.43705231
2.94368407
0.16931246
3.04687500
0.01736313
1.91255707
12.48002106
9.70914672
0.91243531
1.04341644
15.95222961
3.42834442
2.39241578
5.17622894
5.94173094
15.16931183
12.16511525
6.27071697
15.31791168
4.82128657
5.53418218
12.52427860
9.89901817
4.56665226
2.14978058
7.09419769
12.35042110
18.44991245
2.67582059
2.18880374
5.06001552
0.90438054
16.30277372
3.37931460
11.23656915
3.43681128
3.82857269
6.83495346
8.06258865
21.29926087
12.43002216
2.56269670
3.89792109
1.33496094
5.99367798
4.87395722
8.65582669
7.37066101
8.44978945
17.24898161
7.10091312
0.99658203
0.03159820
0.07114685
0.06927490
8.38102172
11.09464539
7.80078125
4.07946310
8.05082557
6.38383089
11.35847961
17.82458527
3.90625000
7.89709442
2.95837433
15.04447418
13.08593750
0.57767668
4.81954011
5.05078125
4.97915504
7.58139184
1.03613281
8.65758312
2.39319813
14.46760860
10.13786015
5.48828125
0.36201996
0.60064083
13.77470190
1.19726812
8.49475067
0.87678704
3.66702405
3.97169215
1.82865387
0.09409576
3.87996399
2.23917664
8.46875000
1.28462738
0.77929688
1.35493988
0.70996094
5.16796875
0.62296446
6.01965425
9.71529144
2.02697723
5.38761414
0.02037567
9.58158356
1.03938283
4.30754100
10.82860046
3.48265792
4.86739915
3.15820312
11.60986328
5.13073139
4.51034131
4.75541168
5.32287567
2.71423371
3.65429688
13.24849426
0.05981476
7.42053192
0.97408051
3.84419769
5.18501801
4.14062500
5.06250000
9.21862700
3.53418062
1.07820617
9.00870789
0.17175262
3.51066101
5.46695922
0.35017945
14.48437500
5.05122894
7.17309508
3.25073304
6.87455231
4.99263519
10.35546875
3.45609527
12.74462891
11.59720856
5.44185394
2.53560394
4.98347961
3.69201629
1.44515015
5.48437500
9.67187500
1.74182098
18.15368683
0.12854004
4.85546875
2.86763519
1.93977782
0.72188386
9.66841644
4.68135528
7.48270722
5.32421875
2.53202239
8.17891511
6.78470856
4.87544769
0.00590515
4.89115387
16.27827848
1.63818484
3.06205231
0.65657407
5.46285128
1.29927582
11.34171321
1.16557042
1.28125000
8.37064606
3.49715149
0.12133820
3.87650543
6.14603668
6.00345856
7.50032469
2.04309175
4.23693817
3.04671265
3.89546723
1.38387024
2.33443207
5.94051086
2.08683289
2.57076019
2.12304688
3.52443346
5.57301861
1.83976258
0.36909817
0.73596409
1.03824859
3.28365082
11.86885528
5.22939992
0.34460605
2.53890015
2.68359375
12.91406250
0.04687500
0.14276061
9.88895722
0.14473480
3.31445312
3.09916168
0.03896088
1.54252106
0.62198665
8.00459995
4.52522828
0.88968902
4.69531250
3.64859985
4.43583222
2.84375000
5.48684952
3.43893173
7.11283356
7.20881206
12.25993794
11.10502106
0.89249695
8.17016290
3.93831671
18.49068207
3.29447418
14.21594083
6.64432956
10.94518950
0.09611086
2.02974457
8.69090426
10.34380429
20.13871122
0.58540988
2.27193207
18.59689269
0.21634980
6.21695922
1.23359327
1.92806903
12.97656250
6.88240415
24.32340204
3.83040780
9.68904477
1.61999667
3.45117188
14.04146332
6.76127106
3.58984375
1.61177582
6.13671875
13.68314606
6.73925781
2.27388519
4.77990692
1.40661652
0.94897399
3.35066711
0.08866457
15.28214414
12.85066711
12.40855013
11.98425200
1.51456726
2.03739472
1.84269226
17.65763243
3.58410738
2.48632812
1.35742188
8.35502106
2.98677582
8.97477172
8.84397607
8.06406471
3.98527039
5.69698028
12.17175200
10.59822695
3.33699524
3.06083222
10.32555145
5.75000000
7.96952239
0.43721590
5.24129211
5.47310394
4.42593363
7.81084219
6.12455231
10.84696255
0.01847538
9.66752106
18.26702569
7.76945257
0.55212433
4.95914672
5.70422208
9.69978945
6.42008422
3.31921542
17.79329344
11.96785461
7.02176972
3.35335328
1.09224457
10.94485484
3.86373891
1.64453125
15.82596521
16.89176640
6.17155031
12.23783356
0.43221070
7.74820922
3.79211270
3.93774601
0.69580078
15.02709899
4.05301972
6.99308289
2.73416833
7.94747229
9.39062500
3.27097564
7.69095856
5.27937836
19.82213764
4.16569592
12.85245789
11.65266844
0.65498933
14.71555572
8.23604278
4.73921785
11.22904449
3.25195312
16.23693817
8.52522828
2.93485442
14.05545989
0.93603640
22.85579344
9.32824800
3.46529144
1.99910461
7.47745789
2.78967254
6.87589539
7.72611481
9.49385528
0.49698727
0.24711339
1.77250028
3.06787234
1.62837738
32.65299313
15.83881539
15.17278285
10.19339872
8.57690492
7.23738586
0.52046723
3.29960051
7.72758089
11.32739196
12.36722933
5.34720856
1.64107269
21.92540466
9.82559619
4.22518506
2.74894226
1.92578125
8.10758422
3.50569703
2.24369293
12.09081782
5.55847075
6.24870124
4.15954123
6.28967752
1.69523133
15.90115803
8.77673869
11.02087433
1.41503906
4.10156250
4.15189606
2.62589539
12.94136193
8.48449800
5.17692265
15.87229389
6.51320478
19.87393977
5.83153923
5.48124550
12.17280475
13.92094525
4.45357269
5.83325133
0.82352754
16.17536791
3.26924590
3.35767287
14.43897522
14.12141844
22.47819093
9.21093750
0.03866577
3.90234375
4.08544922
4.69877106
1.69502715
1.52026429
18.06402588
2.41210938
10.41752106
2.60982269
20.63272385
8.45667220
3.25435394
12.12410461
10.52909270
18.16418550
1.96219692
6.89644503
1.94600371
1.67386996
7.10546875
1.03112575
1.28674534
2.45507812
2.99458334
1.54508920
8.93493683
0.60205078
6.06701629
9.08923371
7.29252106
8.25256317
1.51900238
9.01297319
11.03479720
0.91748047
1.96777344
9.49218750
3.44681793
14.41573028
17.20905817
0.31797096
5.88236481
1.16992188
11.53816711
8.40326353
6.80511081
9.67187500
6.70662290
3.97802859
4.24263519
15.27164672
5.96964539
9.70747894
0.62333098
0.19348238
14.80814606
6.23828125
14.82108489
1.88688234
1.97770141
5.69274933
7.30814606
14.98002106
10.70967559
11.33817597
6.50768950
1.09395418
2.69034851
4.31294769
8.71964539
7.03470856
4.24251219
4.73795656
14.49385528
2.20581117
1.94741270
6.63567597
7.39286347
3.50195312
1.83203125
10.77600067
1.39567016
1.51831117
7.86673981
1.17232269
6.13354305
2.99438663
8.44262633
8.05737367
2.89107269
2.16397884
2.31408909
1.82018202
1.42733599
2.51562500
9.31314938
6.30794437
3.49369293
23.81180630
10.93151264
19.43237367
8.57333084
8.06615899
6.47046210
1.99068207
7.14408356
1.20357269
15.47357593
17.77942486
1.82759613
1.32324219
4.09190991
4.77242907
3.18420379
6.45100953
0.08148193
9.51127106
13.64139739
1.44177277
9.54777039
1.27791196
13.18880374
1.10103363
1.20650238
7.64754211
6.04573360
5.27502659
5.96875000
3.12740082
13.56941711
5.24586588
9.45402039
0.08015961
10.22938019
31.00390625
10.14062500
16.28458555
11.55570589
13.32513853
4.13579897
2.77945922
2.55948914
0.01951111
15.70231078
9.22322832
10.47656312
3.97505707
10.49629544
6.62870456
2.58789062
0.89656430
4.61084109
5.46138519
15.11372894
5.15429688
4.02600067
3.85697418
1.04565367
10.94108156
2.01367188
9.73482269
3.03125000
1.42329926
6.13838653
3.77327515
15.15189606
1.98136414
1.17675781
9.38537567
2.52042664
15.08282802
0.72621342
15.51562500
2.30196012
4.76619570
9.31595856
1.00528618
12.95361702
5.76249114
7.05647828
5.15519226
8.64062500
5.46247230
0.09266289
11.82377106
14.69982381
7.37638741
0.65079898
13.22863365
4.20813331
7.33817597
6.20840869
4.80766400
2.35563110
8.58337433
0.48128266
3.61328125
11.99295989
7.41719636
3.33984375
13.07543883
12.58723875
15.78869349
19.17621150
5.33876661
3.61523438
1.18575043
0.85302734
9.44266069
2.58663619
13.97566711
4.65641235
6.76098695
3.74129211
6.44478363
5.39318817
4.94787567
1.47534242
4.22265625
3.80664062
18.15144836
4.43037622
16.12496253
8.14025879
19.68180297
10.99833222
3.58675062
4.51529657
7.18682326
3.59269226
0.49356743
4.45862034
1.59859347
3.78287719
5.17976618
2.75818151
8.16540558
8.87500000
1.81649780
3.20568817
7.95837433
3.15234375
0.00787354
0.96870692
4.12268284
6.70792664
14.33547984
5.37155141
5.55814606
2.99916335
3.33135748
3.94291666
2.76489196
0.19380769
0.50203430
1.52458710
10.69531250
2.68582724
8.91032358
6.87109375
4.26127106
0.68912719
0.90999390
1.35982269
1.53125000
3.96659021
3.00366522
19.31379876
5.90413453
0.40507300
3.38084442
2.28321808
0.32470703
6.16316711
4.24263519
12.19441711
0.35607879
0.57544008
10.33158356
6.36359597
1.60755485
0.87797027
3.61745790
8.65988585
4.68705231
10.95397856
8.17635195
0.79394531
5.06717864
3.24353058
0.69763215
3.04222160
2.13415558
1.54394531
1.13952637
0.45727539
3.72675422
1.72742852
1.85314910
2.68583222
6.31640625
4.25948028
4.58817597
4.54951685
5.37235815
4.28035461
10.98481273
14.75256317
9.20101950
0.83597809
3.88085938
4.12283522
0.56511247
2.66198637
5.61002687
3.91406250
3.87154144
8.84375000
0.74365234
21.58353170
3.48678080
5.23828125
1.27151686
9.77006759
9.00394777
6.82377106
12.68110927
0.41992437
16.79971853
19.00484596
4.19108156
3.50585938
6.24910461
3.45642121
1.04882812
9.08852505
11.71571475
2.26367188
10.05725067
9.59375000
4.91194703
14.19262633
11.65600399
1.85449468
9.99564606
3.38671875
8.93570922
3.00797422
15.55289672
14.14868351
2.62109375
9.69136193
1.18603889
7.19303894
20.19510085
4.01929521
7.23046875
6.65625000
5.81452682
6.09953568
1.08984375
8.42150599
2.07804134
4.82316600
0.60453277
1.72725247
5.60046542
8.08683289
8.95918108
2.89868849
1.96582031
1.30179840
2.17382812
4.37500000
0.61812161
0.88020999
10.97253325
10.23885195
2.85367797
1.25712129
10.95698693
7.15816378
0.17859105
6.15334221
1.00876717
12.01081661
1.80883976
3.44966644
5.13236481
1.20312500
5.88403258
10.35900599
3.23157081
1.73445617
13.68404144
2.89152039
7.31640625
2.11523438
0.01421356
2.30078125
5.84951574
0.90589594
2.55497523
5.31003545
0.74173981
2.29146332
13.74129211
2.71964539
1.07535205
2.49276318
11.19531250
4.76908356
0.97033349
4.27303413
0.94535309
13.36629211
3.24894226
2.31294769
7.42361149
2.14084164
1.15625000
1.32739258
13.24802643
19.31795102
7.00626773
11.22310394
3.04911223
13.30904144
9.23466035
5.59908051
7.16840225
0.23663618
12.37642177
7.85282690
0.15515168
3.68554688
8.45229832
6.07549312
1.83158356
6.23437500
0.51078153
2.06290835
19.21260528
10.52119903
8.91418550
3.58638519
2.27539062
1.74804688
2.03320312
8.73102948
6.41305407
2.71138519
0.27921383
-0.03543942
16.22656250
1.85497922
4.64561396
0.25983433
7.53930851
5.48828125
7.03906250
0.00658035
10.96875000
2.45117188
14.89037899
2.64673038
0.28910309
2.99609375
0.63138824
5.93794769
5.58198693
7.08252327
6.52034116
1.03804660
1.26615387
18.58760528
6.47696587
7.07996010
6.97883415
2.80867657
10.77740801
1.85396332
1.76643922
2.69140625
7.69140625
2.41992188
5.78906250
0.00572205
0.00241470
0.08326140
13.02176972
1.75382508
6.25390625
7.37609708
6.44767398
1.06099457
1.47102782
4.40592531
7.55033356
1.58963708
1.00553718
6.75000000
1.41699219
9.84854167
8.25993794
14.61718750
2.98136414
1.31400543
10.83504211
13.21350067
0.55118836
1.19905640
0.13598633
19.14575133
6.04357630
6.16052526
5.50435394
6.39152039
15.32462586
3.11168717
0.55184646
1.00976562
11.39776818
5.09283022
3.24572972
10.54597961
1.54972351
1.36700439
22.48972675
17.42028698
13.03906250
1.41308594
1.74849457
17.00658245
3.11002936
8.74817486
2.76997894
11.11544800
9.41019684
4.98828125
11.44698028
4.38549867
4.86184952
6.99361923
7.96818023
14.40779477
2.29861606
6.96471576
3.48645611
14.83068817
19.95389739
0.15539644
1.72993988
8.00345856
2.48046875
9.32812500
1.22078377
11.12814383
15.74218750
3.14542166
9.17773936
3.01997894
1.48334913
3.62956560
9.01652039
18.29988586
6.30745235
3.88875554
14.46004211
20.32738697
12.02507092
4.24019005
1.81103889
1.90625000
5.93615692
3.77128020
0.68753436
16.49459330
7.25927859
1.43172180
14.13191711
1.93741883
3.15083832
15.79048427
11.42635195
12.32808566
10.37666778
9.99543440
11.77633532
5.40970856
17.06685394
2.31685021
3.98441932
7.20747894
12.31941711
3.47355164
2.05680297
6.23917664
10.02779144
1.30957031
2.02193207
14.68314606
0.15071625
1.31835938
13.68558622
0.46626925
10.78278701
0.54517038
7.90820312
2.72688719
14.90112367
3.74503601
0.59375000
6.53535794
5.35526706
9.81225399
0.93685062
0.85734070
1.79608822
15.19095856
2.04341644
6.94999114
0.20577058
9.30484486
0.11947155
2.61034188
3.18869569
10.46838099
12.72745789
6.02291112
7.78336547
0.34330231
1.55135133
1.26127106
12.21529144
4.00826019
8.47863365
6.11466866
4.30513519
4.44486481
0.45601410
9.08158356
1.50370051
3.04545323
11.51037567
5.17956450
12.27791445
11.26997894
12.80468750
13.35825000
4.56938275
14.95914672
5.50321255
11.92826573
3.07226562
0.04392486
20.07812500
10.33939606
2.32120789
1.12597656
8.03816711
5.68225067
2.33817597
0.23868742
1.74682679
1.88964844
16.18314606
16.55021055
0.68664644
2.55798371
7.29239805
5.33215425
1.22115082
3.52539062
5.83821033
0.17106701
7.47220856
7.66617797
13.31241135
3.81437943
5.59676086
4.22484791
8.07251568
5.78080231
16.85937500
10.12756317
6.36751219
4.57177859
12.19877106
2.29732269
1.10449219
8.42187500
1.03759641
1.66357546
9.99015071
3.59249058
7.98962433
13.79508422
2.09749390
7.22521942
1.44034851
6.55732530
2.49138076
3.79625499
1.96591145
0.87992340
13.09720856
3.16519393
0.37085771
1.29101562
9.65843917
6.40601396
1.81933594
0.63134766
2.22851562
11.69787567
14.99194149
9.95862034
0.94673240
13.62984596
2.16780640
8.63627106
14.82198028
2.99767786
1.06946143
10.73079344
7.53808656
7.22867859
5.71875000
5.46215758
13.43558622
3.96553745
3.02539062
3.26134475
3.52442154
5.73571808
13.84273161
3.46390902
0.03482056
0.49707031
0.02696228
3.22265625
8.22041778
4.58792997
18.11984585
9.77213874
11.90368683
6.19144684
3.66841644
1.57474762
5.77114473
5.71908964
2.81205231
1.34623199
6.11417664
0.65474457
0.86987242
0.54028383
0.29321289
2.65470149
11.74617243
2.46049479
2.90429688
10.17073360
11.88741245
3.55016623
13.84827127
1.86515320
0.86580383
27.10245789
1.44726562
16.45462794
2.83496343
8.77689606
1.77913204
2.73641179
9.70222961
14.55228170
11.95963874
1.94600620
0.06787109
1.61140930
0.98234070
6.33056516
1.39440825
4.09098515
15.62926530
4.65633865
0.56030211
3.00854554
5.47029477
20.34041445
9.10591644
6.30558289
5.94038786
0.74869875
1.49353058
10.94531250
5.84029144
1.25781250
13.76562500
6.11966949
7.88448028
7.41182403
15.19323637
9.65816378
0.48657289
6.36966700
6.12104943
2.19287732
9.08226729
3.98413896
17.95470413
8.28406416
5.95760195
5.02376219
3.84822695
1.55513519
7.08548981
0.66202696
4.75447695
9.35094997
10.04455784
2.02103668
7.21919769
3.61177582
4.94400377
35.89343916
7.29687500
2.69531250
6.54207336
18.31212966
8.97570147
8.05107158
6.45202792
3.22310394
12.33850067
1.92179383
3.06681211
18.48888631
4.08569772
23.83719194
12.23067044
8.95081283
4.28808843
7.02209442
12.60574631
3.60254654
3.34810394
2.68164062
4.00061004
2.19771332
2.50284851
12.22724624
11.81510998
3.87491032
7.56205231
8.69173094
8.08691157
10.82861702
5.22220856
12.08580443
16.33866301
3.11458499
7.54150266
18.39550906
5.35156250
7.92309508
10.37480989
4.35156250
18.64720642
9.88899657
3.94108156
6.45108821
0.77832280
1.25390625
10.83414672
22.01306183
9.17187500
3.98872894
15.39638296
-0.42534933
10.28254876
7.97782690
0.54036500
16.02864500
5.32859346
3.32421875
11.37064606
1.86409547
0.89306641
5.01784354
1.48516732
7.06654233
4.22457003
1.85396332
12.28918426
2.92565430
3.52974457
8.67264739
3.78979554
12.81392426
5.55814606
8.10847961
39.60884613
2.31521606
6.35111481
10.43827239
5.65848847
16.62246870
2.25696642
14.21504544
13.50215305
2.29174867
7.29341644
2.01411957
4.15234375
10.11511137
7.00602172
0.64790988
5.03080231
15.95918108
7.64697141
2.64820146
0.53417969
12.62500000
20.45982796
9.42668661
2.65352449
11.81444814
2.60954233
5.12210218
3.78593860
0.86523438
25.09973113
9.07783965
4.14030031
8.07755430
11.96887300
2.42427582
5.56595856
20.89754211
4.86417664
10.28189938
4.02836214
7.54431183
1.47888215
9.32482381
19.14522495
2.83027981
12.62651041
2.28019226
19.03157469
12.20475343
2.97265625
13.43830674
8.68233931
8.10066711
17.56500887
3.57215757
0.82267273
10.67361149
9.09526041
11.36125443
4.31538786
17.17903812
4.67879211
2.92277039
18.60518340
7.98168883
1.63525515
0.66796875
4.78906250
5.69828153
7.18082392
8.23319924
14.46634918
4.12109375
7.46533203
7.49596701
4.07739694
2.92988919
9.25549534
14.74383367
0.94836519
6.64798981
5.48514739
0.81160586
7.98473903
1.66271443
7.81934341
4.80814606
3.76716977
7.40502992
6.08491911
9.45967310
10.22782690
4.40596714
8.29687500
3.38716644
9.69685727
2.47739861
3.47434396
8.69274933
12.80033356
5.47310394
9.54242244
4.03960881
6.52834076
20.21634918
7.75435394
3.52734375
7.07572418
4.50390625
17.70552582
1.71785461
13.65279144
16.31205231
3.04687500
7.39888519
17.34480649
1.92992354
3.71351063
14.05456450
7.89367769
2.89062500
8.85632273
12.61987367
10.27042664
8.03906250
0.67972809
4.84362700
13.34301197
6.49740248
0.48535156
12.18900543
10.85635417
3.22958333
2.44185394
10.66601562
11.22721885
6.24104859
2.99218750
9.01017118
5.32222628
0.60839844
7.89408356
3.67923981
0.83976258
5.15820312
21.02380099
13.37662206
18.01570617
0.40494812
0.58251953
19.05459595
2.15039062
4.48437500
7.31371011
2.06910239
9.40201781
2.75524933
13.25552970
8.28129464
3.72159851
3.42622894
8.24564606
8.26656326
1.93982712
6.14107269
2.13431793
9.16428857
-1.09881830
7.58683289
13.68225067
5.22147644
2.65625000
12.32287567
1.79056544
0.35286749
6.69486481
4.17488586
10.59183622
18.39371454
4.29163065
4.24218750
11.71004211
14.19954344
4.81685270
4.50354222
3.21875000
8.15189606
10.78010860
6.92212101
9.49533935
1.78321808
1.48925781
7.67406915
2.82833167
4.45365387
10.26037567
3.39587433
17.42120568
2.65211768
2.78019226
14.46248227
3.65665835
5.97310394
11.08850067
15.10681183
9.03470856
0.99361176
20.64428150
8.34229833
4.84459662
10.87500000
0.42972809
5.38659575
11.29097628
21.42907497
13.52994075
8.15853280
0.56396484
4.24649712
11.25997229
16.02254211
10.12304563
11.07698360
1.76265846
7.23579926
3.51367188
1.33593750
15.25292969
1.56791168
1.46236176
11.63928604
0.83105469
4.65625000
10.21093750
1.19726562
3.18164062
6.78808594
3.63236481
2.55078125
3.75240082
8.60013077
21.72982498
4.46183289
1.63033051
2.26273341
12.11816655
11.45747894
6.15234375
12.69095856
14.61293549
10.88448028
0.82222504
1.73474152
15.17673705
6.32808068
0.89441323
10.63627106
15.85847961
9.81040892
6.03468417
3.89693207
13.30981383
12.05867243
0.56852546
4.20397607
11.42643561
8.37666778
4.21394836
13.18672761
1.92773438
8.98693817
8.74629544
0.18591527
10.48046875
6.30757536
12.65804078
13.92020722
0.34806336
18.68834110
16.60682243
7.72467310
6.18060283
1.33300781
7.54093196
5.62971308
0.39563580
17.24181849
5.52075133
1.59493323
2.61808289
5.10733821
4.83016179
4.37332724
10.68038370
9.19352172
15.50068374
13.92721298
22.55391511
6.05244903
3.43973847
14.54329344
0.22546480
8.43554688
1.86832641
6.85982269
15.66646332
6.65445922
1.47338929
12.08129571
7.23173315
6.79553192
2.01635306
6.37952127
2.50150543
8.01562500
7.06730164
9.22232056
2.17675532
2.27201573
3.36193817
14.27718140
4.75211547
14.07755430
4.73238253
20.12349457
19.93648161
3.41312777
4.48828125
6.71816933
2.27597129
0.58593750
12.06982422
12.41752106
0.44795746
14.84037262
8.52197266
10.05122894
4.39453125
6.22656250
0.99494861
6.50944592
6.08581450
15.78694703
15.31962129
21.24597075
8.87512300
13.20825133
8.61206117
6.53861481
5.93513852
16.14420656
20.73144157
7.44067819
1.14017731
17.01639739
8.92484154
0.99182596
4.03906250
8.99322031
1.34226949
17.04130035
5.81730164
17.53595302
13.64711186
9.00000000
5.17187500
14.43469083
1.65808261
1.26757812
13.84381871
0.80266566
4.03080231
2.53906250
6.60937500
14.15430539
12.76932956
3.30859375
27.13849956
5.55290669
5.03661860
9.87817321
3.57894171
13.03112700
4.85335328
1.90938386
7.09887633
6.83470745
2.60893727
1.00630707
10.03125000
11.06070922
9.20003297
3.05379211
14.24475067
3.78755707
2.59163453
5.00060506
20.07576850
14.98014406
7.10079011
3.63492797
3.85530640
3.55521388
1.67126745
7.12455231
6.45568848
1.66109223
2.56133696
12.05737367
9.25166778
2.23110068
3.21307291
1.48624695
13.04882812
5.89965758
1.92020722
6.78515625
0.46626801
18.72265625
2.68164062
8.24295989
7.76204344
5.95210879
11.08683289
3.56730164
14.13770019
17.77073378
6.12956560
1.68359375
0.07062774
13.50738889
10.40625000
0.54931641
15.71260528
26.85760861
2.62074467
3.53951019
16.67154034
5.47250263
4.19877106
7.59765625
1.25630707
13.96097186
2.40381482
7.93325909
10.71322528
2.43554688
10.22558345
3.40136968
12.08443207
13.87756317
17.39497894
15.89249695
7.55033356
4.41406250
5.10758422
2.97294160
9.43700798
9.99271637
12.46924202
0.78267426
4.13286626
9.41258324
6.08760528
2.96073581
3.42036957
6.73745457
2.42616023
11.65189606
7.16841644
1.41548676
19.21622119
5.61971631
26.05033356
23.46350067
11.92578125
2.26216644
11.46183289
2.14107269
16.52689606
0.59450795
4.13912455
22.38928223
8.98079344
1.06323304
17.65498809
6.44018617
1.83593750
12.60029810
6.78882147
9.18660461
8.22989805
9.27331450
4.81018284
14.60656583
0.45739902
18.22106716
4.80923316
2.89893949
11.97688719
12.34378436
0.57821365
16.51349956
8.30790005
7.42322930
5.29642731
6.61539672
4.82255097
12.89115138
0.45357519
0.57568359
26.85696920
0.53125498
1.66353363
2.14843750
5.63671875
2.06400543
16.87349270
10.17407413
7.69095856
0.82779906
17.70912658
6.47534242
9.98437500
7.77734375
2.59374003
1.02194204
5.40039062
4.58984375
1.40942321
0.01981660
3.77343750
2.75781250
15.28125000
0.66552734
11.85400266
4.14973626
4.30530252
1.09863281
6.47293786
6.02514960
8.35937500
12.10562134
16.65702239
13.51485261
5.08312833
7.13562167
15.53710938
9.99116911
9.82177859
4.32242797
0.70357269
4.31730164
7.18912345
0.87870706
4.85822363
0.54269586
2.17622894
5.67085661
4.72460813
11.38383214
6.62845856
9.38326019
14.47041778
8.01940825
7.54097628
23.89581968
0.22542110
3.60075077
18.26309619
0.48788037
1.39941406
18.88822418
3.82617188
8.50000000
13.56160461
3.55021055
4.21768977
7.84245124
6.99263519
4.60005707
8.09810394
21.01167443
17.08492284
4.19934175
15.44385253
5.07812500
3.55558289
14.31762633
8.07010085
6.62053302
7.52254211
2.40714539
8.30603504
0.03503418
1.33984375
8.05847075
5.47342739
20.62011968
13.13268950
21.20084750
2.26652039
10.43920213
18.49653592
8.99382644
16.13684175
18.27844083
8.56379876
12.71955851
1.07324219
2.83474181
11.17282468
10.43774601
0.64510070
9.06626331
8.34118683
25.56174755
11.19429411
6.08650820
0.94380707
5.15660905
1.08460189
11.46785461
4.25915558
8.51293883
5.05692597
1.44673676
6.45328485
3.65377050
3.20642121
7.11181516
6.14811281
8.87284021
5.96785461
7.71533577
13.73852477
1.92891511
10.52461326
2.21562112
10.36872978
3.03263741
3.43509918
6.17134613
6.36840758
1.86259004
7.69974513
2.51749944
1.48632812
14.50048704
8.09395169
0.52958472
9.95568817
8.76513298
14.49515404
10.66451019
14.11116578
17.39880651
11.89034463
0.52095551
23.60030059
10.05830342
17.15084330
2.25748781
2.45117188
8.37154144
1.44291168
17.65600399
12.94877106
1.81559452
14.82108489
0.15564027
0.91597504
6.37214017
52.78625582
4.78995789
12.37275156
7.64376883
2.33308899
15.07763298
5.55998116
1.72566711
7.78169769
1.57076019
7.48469969
2.88053468
12.86079677
6.29667331
0.87007660
16.45145722
6.87613143
15.88188275
5.16678926
2.98689882
11.90279144
0.85172485
7.66332447
7.72549978
8.38249778
2.24849457
12.21439606
13.17264739
10.90087766
17.16782419
7.90514296
1.71652149
10.06306073
18.87243683
11.45244126
1.96936004
13.53792110
5.08809605
3.16373781
13.78336547
3.23120179
24.35127092
9.89059064
4.05110594
4.55224734
1.34716672
2.88772718
2.89108266
14.23636622
8.82491245
2.57059785
8.93994016
6.33410240
2.97054576
1.91796875
10.92552527
0.95338098
8.51794216
3.85399768
17.72766954
11.92842310
2.20438940
7.36136747
0.38521457
5.94140625
16.43509420
4.81881205
13.70658356
3.64843750
10.12694814
2.61568705
0.85453277
22.91113219
6.37853973
3.63293550
7.12186614
10.02868683
10.50256317
2.82930574
18.10203765
4.80793440
4.97120013
29.87756317
9.24723266
2.37422761
9.95747894
0.31811523
1.06908245
0.85279255
12.94994681
1.25513131
2.44990996
8.98962433
18.01802582
0.22591156
5.51566559
0.33418793
3.54345703
6.46610504
3.42410849
2.64966256
3.99921765
5.84799091
4.17712433
4.28470856
1.11816406
0.76363129
2.08699524
11.30370346
1.99557236
23.98783356
1.50480164
16.33088487
0.89913619
7.29207336
6.86291224
1.23511054
4.40580231
9.13854887
6.71061281
6.21093750
7.51216644
0.11092133
8.86718750
3.33984375
4.59753325
0.02795504
4.14453125
14.48428635
16.64705009
9.09211658
4.09641178
12.39062500
6.56021720
6.13163674
7.43916258
3.25659242
3.98693817
2.25870789
7.10493241
0.84082779
11.45461548
0.94337433
5.93794769
2.45507812
13.93745213
2.49141511
6.23181183
2.86071808
1.10937500
7.38561918
13.07120789
3.94498781
3.84179688
2.54642731
6.41451019
0.22001129
8.16576962
2.72725620
13.69955551
2.45402039
3.63199579
1.73323858
2.26322418
6.98213653
14.92639129
1.96496675
5.06250000
1.41015625
4.09724790
11.82556183
8.19364472
6.10380097
8.89492767
1.40901734
14.29678833
2.18253601
6.50476209
1.84229388
7.31685394
0.15686035
1.12402344
4.08984375
8.11193817
6.50888465
16.12152703
3.30993683
16.62840426
8.90723902
2.42920046
2.98677582
1.45677776
16.21243553
7.71093750
10.61706450
0.68912843
16.60166930
2.13852448
2.90820312
5.76953125
2.23461603
2.83675421
6.85164118
4.42224401
11.20568817
5.86283356
1.25419160
19.94698028
8.96169618
2.92339538
9.32377106
7.52779144
10.26464820
4.17415780
4.37845856
1.28462738
3.75618282
1.63448277
8.84029144
1.62011719
3.24114853
3.00435394
0.47241211
5.10892731
0.03484101
0.23632812
5.67382812
9.19531250
1.87898742
5.82076019
3.11156915
0.15303870
11.60656583
9.54113365
3.80508090
5.56675088
1.22904449
6.73392731
6.64244017
13.83706780
8.92781804
9.16162234
2.40140902
7.97558594
1.74511719
3.63118407
3.39689148
5.70491578
2.62446366
20.07680717
5.29044991
3.26501496
8.96875000
19.17036957
4.04252106
3.95021222
7.85207446
9.55362976
10.49320465
14.34635126
6.14188940
10.54048427
3.53918550
1.72013492
5.85546875
2.88867188
7.76562500
0.94047027
0.01732392
7.01643673
4.29020390
11.49552305
14.62141844
2.17016788
6.85972408
4.43324467
3.29492188
9.82031250
12.32192598
2.37533840
5.21842531
7.07210328
1.97656250
4.43359375
2.00895141
4.09944703
2.54101562
11.52945922
0.35579469
10.81046321
2.41805241
5.52587891
3.23242188
8.02021499
3.89852615
4.28047761
5.69579455
5.30375775
4.66451019
17.68495125
3.26817375
4.22265625
5.26562500
12.74084192
6.58931737
13.26818817
4.48661347
1.33256012
1.51900238
12.06327239
0.57251039
1.19087738
13.93945312
3.97265625
0.74173981
5.02779144
12.85712656
13.90849844
2.16406250
8.13712461
7.78213417
5.78195367
0.17248504
3.02148438
2.82954178
6.92766068
5.96675255
2.44145057
10.98872894
0.38037109
22.06551086
5.33190825
3.05916445
0.40645355
10.10208888
7.74148383
1.98650542
1.94042969
3.00569578
6.88366357
2.56709995
3.02938054
2.92341479
3.67529920
1.26578735
13.76005097
0.55562348
2.94545491
10.16432596
6.06083222
12.34118683
17.98286459
1.19771830
6.57812500
13.25980497
3.39599734
8.95657635
9.63863067
5.97880097
0.49145508
2.16992188
1.12500000
5.01729278
4.95190492
3.35241357
1.04333776
7.17354278
16.93807070
3.59606840
8.35371482
1.77018561
9.64778812
3.75524933
0.57519531
2.11588500
7.42757203
9.29252106
16.11447663
9.20971680
13.15387855
4.99411125
10.68175865
3.50821587
12.21672318
0.16137695
13.71748560
2.72674923
15.42277689
6.64200867
14.56571255
1.16618046
10.62993912
4.99874556
0.38415558
10.51088210
7.40611009
7.27298981
6.76684508
3.29707669
3.28178136
6.84810394
10.42382812
7.74208888
4.14808842
2.52779144
17.97029477
6.76798648
0.57319849
5.95003546
5.24218750
4.84908051
4.17223903
5.89772729
4.32421875
1.03137176
1.50089539
5.10233489
6.55061890
28.13073762
0.70210785
2.05052527
6.10963098
4.86673981
0.02675385
0.24462891
0.90466309
6.10550934
6.51953125
7.00390625
6.46919769
14.65580231
5.76216644
6.01472961
2.16300476
11.77840149
16.58724922
2.84765625
8.81197113
8.10766415
5.41386081
7.62861592
0.95146221
4.69576019
3.78470856
12.22552417
5.38340314
11.79252106
4.72399933
5.78975371
7.64286347
11.65933954
6.03552526
15.13085938
9.50512633
2.46211824
4.53076172
1.90726590
7.08865046
2.35351562
0.62093078
2.85599513
2.54529089
10.32812500
5.82031250
4.98828125
20.62398161
10.63383089
11.27600067
0.02552308
1.89790863
10.63614805
4.08650820
5.15625000
3.43164062
3.96728391
0.11108523
10.79329344
9.80436281
5.94140625
5.59375000
5.11283356
11.01467532
6.59124113
2.00781250
6.51456695
3.85697418
1.66007508
1.41947418
1.54829926
3.56542969
2.28621399
13.66060394
5.48738586
0.58390320
0.15942352
4.27913453
4.00976562
5.48437500
4.97265625
1.22363281
0.30211683
4.54610261
4.63352394
3.76802582
18.64725676
5.26485261
12.78539977
5.25614472
9.22041778
0.91137758
0.42606598
8.27217310
0.63208319
1.61035156
7.22656250
3.76660156
5.05936614
2.69604554
11.25000000
3.09615082
6.23437500
2.65428940
7.90661901
2.47318761
6.38004765
12.02038232
3.64758643
13.42443817
3.52673371
2.63822418
8.96875000
8.99641844
18.76599152
8.55814606
13.09276596
9.16427415
1.41503906
5.54947252
9.29993018
19.17663232
24.29435616
16.73596409
16.69128325
4.24064273
8.01127106
10.13448028
11.73706117
11.89408356
10.21504544
5.33618351
13.47887966
7.51090702
3.44335938
2.27388519
5.91784575
11.04956117
2.14392121
15.72004876
0.42887702
5.06640625
3.40470025
24.33118018
1.64790863
2.37890625
9.15869016
5.31685145
2.80684729
9.72225983
6.50988365
1.90808510
9.17601729
2.88302415
1.41406250
14.02164672
4.11808289
4.69620789
2.63085938
3.10992576
7.40945258
8.10911582
10.04834109
6.30517952
14.98005541
17.06864971
3.96586214
12.06929411
7.06697695
9.22408051
0.09393311
1.83333250
9.88537567
3.98148714
4.92968750
18.50691711
11.92622894
20.01191576
6.80286236
11.70946809
6.86315825
3.56502382
11.26908356
0.03624481
10.68110927
8.69779698
3.14514129
12.07902039
11.56070922
8.41585328
3.86523438
16.08333250
18.03153566
1.19478363
8.62845856
2.84960938
23.55639648
16.05969083
6.52144503
14.19233973
2.48820257
16.84464477
2.48811890
5.08203125
11.03470856
23.39097408
6.00913120
2.99173981
10.54085328
13.61535645
8.38024933
5.62019836
0.46207703
0.65876946
17.79069093
22.85209386
8.13537567
5.84964872
4.99743683
2.24214816
19.84378934
6.75838320
5.31384308
1.27583832
7.21967975
12.72550975
4.37040005
0.88708776
6.45747894
5.54156639
4.25290779
9.33111592
9.14320810
3.59794160
9.38179411
13.24320589
0.79166625
2.48661347
1.47558594
9.98242188
2.12884822
0.74619237
3.07076019
5.89408356
4.53804411
2.38728945
12.06339539
7.62064606
19.38493242
3.06473403
12.36718750
3.02148438
10.99564606
0.71919333
17.45894379
13.86283356
7.95194924
17.09857603
19.63428856
14.24499667
2.23112311
6.88838653
7.70882203
5.84029144
7.67578125
2.03864542
3.42969747
6.12198914
2.56054688
7.04943817
11.85354500
4.99980828
2.14648438
9.12666778
0.53348847
7.67578125
3.84720856
5.58886719
8.71875000
7.55635528
13.05212433
4.60681183
0.30590820
6.50890958
0.30070070
11.11055574
10.56160461
5.94140625
2.95690825
8.20670656
1.39941406
4.17712433
14.36193817
2.26082336
5.72098847
16.87682514
3.30827404
1.30318207
8.08939606
2.69185394
4.26043191
10.69265063
19.77766969
2.79878878
6.00732297
14.60613100
14.86405364
2.19217614
1.04818124
1.84330231
3.14509198
4.95256427
9.14843750
3.30814606
4.97745789
0.31298828
4.87398161
12.80481050
2.92533356
13.19518950
2.39465425
3.98571808
6.01908356
1.95650238
3.20536098
3.18624058
9.62304688
5.62577239
3.18497618
14.87435062
9.71850399
0.95381870
8.46350067
8.73025710
0.68763048
8.27343750
21.80491781
3.77343750
5.42578125
13.37935394
8.77856383
6.76652039
0.41316773
5.86246454
0.50179327
5.20747396
4.38253213
9.20056183
22.66060394
5.46586090
14.19244903
4.54192597
14.42341977
3.45939273
1.57250914
12.31725732
2.30391013
2.06556017
17.12500000
1.82031250
16.28637633
8.01395722
5.90669769
3.89367520
2.18204898
6.86372894
6.43961547
9.59899933
14.93090010
7.76929521
9.24121094
16.12500000
0.70711242
5.02823914
1.05220551
10.36026298
4.65323914
4.96093750
0.40847136
1.94775764
2.53320312
9.25064938
7.63216312
8.35656583
11.48034824
11.84209799
2.62898048
4.31819703
5.48571808
10.62243683
3.75276485
3.31425144
11.66906583
3.59224457
2.88847019
10.20312500
23.95267731
11.00296654
0.93595772
7.82665891
6.50927859
6.55277372
0.90336214
8.12154144
15.37597656
9.83449008
3.12913784
8.63024933
9.06595856
11.15647607
0.87286014
11.01753878
9.80379211
2.09122618
12.04956117
3.67411347
12.43212766
0.60880679
4.31595856
2.57617188
1.01004599
5.90693374
2.64010859
2.32750250
0.62517481
1.48775238
3.62597656
4.32421875
5.62365692
3.83142121
11.57722961
11.84464539
2.88476562
14.64408356
14.12691254
11.26658910
3.87314051
8.75500333
8.07747562
19.77907886
8.88136386
4.04052859
7.27420989
1.37740082
23.22582447
5.70438940
13.60494237
8.24116911
0.95984042
1.60786957
4.94576019
2.58715260
0.34009350
4.26127106
5.55215869
3.88969525
7.45857602
9.92996787
19.61540170
18.17443817
6.58996738
9.78641069
10.30811170
3.67740968
14.50858489
2.02139822
11.82361369
0.03996796
8.76216644
17.47566711
1.46866883
1.52006012
10.09541778
4.56083222
8.75345856
33.73184818
6.62544769
0.27591949
6.69909575
1.94002382
10.45658356
6.05904144
20.48356016
22.04801515
5.85591644
26.72122452
12.48503248
3.39795046
13.60159686
2.42379377
1.02539062
7.53381317
12.42203236
1.98315990
1.83150238
13.87320922
4.87581173
2.98926030
7.29296875
12.07377106
8.16393950
6.48059175
2.18404144
3.36914062
1.14111204
10.69633089
22.18737411
6.80767479
0.13977518
6.36930297
1.61641511
18.88211880
13.97570147
9.90825243
15.48437500
8.77754544
2.27909519
3.93359375
8.19539118
8.15201906
5.36999667
22.29296875
0.49157746
0.02577936
4.22656250
0.46870941
6.65625000
1.86022357
5.40442486
6.45703125
9.85286126
6.09378436
3.54297623
8.59297761
7.31876773
13.82692619
2.49118904
10.95914672
2.53845246
4.64843750
15.02050532
0.81933843
17.50691711
9.48669465
2.87650543
17.92443817
2.41780640
18.55277372
2.74365359
11.26004848
17.20231327
15.65372119
1.60018506
16.02436725
1.64510693
20.12657913
6.21761857
6.79785156
17.06176696
5.03983489
10.03483156
9.46708222
4.75390625
9.28555962
11.44827904
5.86727615
10.62500000
2.90865082
4.29296875
0.01746231
18.72676419
2.60571476
4.50000000
26.87231383
6.80932679
16.77468197
6.13547428
4.04697662
12.02343750
3.44128325
16.86918816
2.08716256
19.17117133
14.28736535
11.73168883
3.71407136
23.77876552
2.97298094
2.96069647
20.10317598
13.16337876
7.33350232
1.02156555
7.19140625
7.07902039
5.62019836
5.55558289
0.68562805
3.73709553
12.68990580
11.47656250
6.07737202
2.59613142
8.10884115
9.72371897
2.37349457
12.78035461
11.02689606
2.01261414
9.26509613
2.19531250
13.89590869
8.80632092
2.32442044
18.37422761
10.68851839
4.83068817
0.04823853
6.09765625
9.01472961
7.05948914
0.01243591
13.07275266
17.36922180
2.86910128
2.61718750
16.59174757
7.42387743
7.19140625
10.65189606
7.78792110
12.37268284
0.30855316
17.50923427
14.62015404
4.38188275
9.59375000
2.10640473
6.05078125
7.40625000
0.89159471
0.57988142
15.99218750
6.57857269
1.47664367
3.36417664
18.32377106
8.20568817
1.07853086
7.73238253
13.02164672
26.87713433
-0.11753105
2.70943207
10.40884752
15.56580119
9.39232713
2.26193040
4.80859375
12.00691711
0.10076873
1.69103973
3.97944911
3.14233710
8.10847961
5.03649933
1.36283356
3.91015625
4.87642177
10.16264073
18.49002771
1.93815436
6.73412899
5.83227726
27.63962280
1.74458583
13.25728612
2.00976562
13.24274823
3.38782579
7.48392731
0.22241273
9.02254211
2.48677582
2.20161957
7.19653258
0.21191469
11.14281915
0.16581519
1.00935291
4.46692486
4.47546293
3.09582613
3.15775543
3.12862090
9.07608821
5.37972296
3.28576629
14.96785461
1.94169160
16.51127106
2.00630707
13.59216091
13.54878878
2.66373781
9.73929840
5.75781250
0.40999359
5.78861481
1.87695312
11.16825098
5.00337987
1.60591644
10.99385528
4.36616911
0.16390140
0.01208496
0.05030304
8.28112274
7.79341644
6.69921875
15.92329926
2.06009918
6.00736481
3.98677582
4.93892426
2.21289062
2.33789062
3.63476562
9.62845856
0.02072144
0.44022613
9.30122894
3.98677582
23.04066467
2.33939606
8.70658356
1.40279144
0.55464691
6.89408356
9.99373227
0.53796542
0.32153320
4.02376219
5.35009766
0.46211326
4.34899300
5.64843750
6.00345856
1.22408051
14.84212157
4.12288453
1.84439938
12.52510528
2.15226507
3.02355054
10.49598071
1.29101562
10.81595856
0.67643188
6.39676972
1.38867188
2.72265625
2.20792166
8.78878213
2.60400266
0.73038882
2.50976562
0.02922577
2.96394836
2.30558289
5.07377106
4.84525294
17.02334885
0.20569813
4.26281084
3.93221631
3.36100343
16.17968750
7.48591977
18.86978253
4.13750110
6.63191711
4.54968417
3.06595856
10.01985594
0.89611910
0.11346373
0.42382875
1.70312500
1.92871094
1.31640625
7.82547817
12.64741911
0.10844214
2.89155973
0.75708070
11.18493683
4.48482269
10.03372452
10.69283798
7.12349457
8.92968750
6.28951019
4.73828125
4.75000000
8.88972961
9.24592642
2.40702239
17.55302471
0.84964996
4.61372894
12.79304743
9.49462766
6.50919991
2.24365234
6.18615692
8.71618683
0.14701324
2.18619626
5.86381012
5.25927859
4.23315492
7.99686614
0.33028230
4.31738281
3.40189606
9.63191711
3.17472351
5.90619052
15.71541445
0.43896484
9.50071809
3.10955230
0.60116421
1.70910738
0.34659851
2.77901153
7.29899047
2.29398714
1.82047485
6.52132203
1.68208832
0.22998016
5.51427942
8.39970190
2.79191101
11.93565825
1.56205293
1.10367548
8.02291112
3.70105012
10.51127106
7.14408356
12.48722351
24.35324097
17.47720330
13.24816739
5.47693151
4.50960328
0.35034180
1.56356199
0.17226259
0.20292113
15.36258755
10.53682403
1.79235871
8.26246930
2.91549423
10.77777151
3.63372783
4.17610594
3.49621675
5.39453125
0.68542138
10.58063087
2.28075549
7.21458539
9.84810394
3.98131982
9.66276374
3.09563450
5.31619015
2.45312500
17.74719083
4.55798496
2.19347740
2.25919991
3.93990082
4.15234375
2.79838043
1.56392426
1.25488281
1.08164366
6.82434175
9.11685284
1.58102282
8.55212433
1.08496094
8.57466644
6.74430297
5.44274933
0.71980774
0.11002625
8.93586658
10.30764080
8.42622894
0.37894684
5.60458512
0.66677244
6.93839539
2.16528009
6.04847609
7.30513519
9.43750000
0.87365692
1.52966340
30.35440603
0.79553690
4.16210938
4.02681488
0.35404449
9.92968750
4.17488586
4.16105164
6.46305297
1.94958527
1.84562195
0.23608305
1.23307375
2.51611328
3.66601562
1.19335938
14.89843750
6.81237700
7.02087433
7.86343861
6.02596631
18.59146720
6.74479499
10.12243683
14.05301972
7.51216644
4.14619903
1.65946504
6.54296875
2.48544219
4.38172539
7.17578125
24.19026485
6.90438054
4.73339844
8.01956561
3.82764295
6.73013409
4.54330341
4.15645169
2.63261081
14.56036377
16.62862152
13.08504211
1.83011902
2.43750000
3.68554688
0.15679900
2.97776513
4.27365912
6.35746122
9.40115803
4.00220412
4.05948914
17.17386747
0.79528964
6.93911037
0.18746128
6.60275650
2.94875217
5.50357907
3.12968362
3.44527316
7.94982381
3.82796764
10.08158356
0.04521698
1.78466797
8.56160461
2.53456748
0.61647439
1.82775536
9.60974401
2.71557679
1.60351562
3.03125000
6.66560545
4.72969636
6.50345856
1.97391567
14.62614140
0.43290856
6.37850288
1.35298676
1.06282220
9.36588874
1.53613281
3.72460938
4.99519836
0.57023133
4.31481716
5.39176640
5.17944149
4.39591022
3.29927582
3.17533356
3.91339817
2.95228390
2.44921875
6.08203125
6.58113586
9.14062500
4.39542664
4.90144836
0.10245789
2.37650543
4.79988586
2.51794216
2.32804507
2.85140015
2.71427305
14.80921764
8.26908356
3.80212433
10.04113614
3.34936337
4.67403479
2.36027039
14.09195922
3.08382203
3.23978668
8.50552970
7.76330784
6.99499667
4.68147828
0.74507660
14.71484375
4.06205231
7.78169769
5.46484375
1.15091793
6.29577792
10.18599457
9.00781250
6.53324247
5.78707003
7.12500000
1.75345357
6.27344248
6.13326019
5.62801086
6.90714539
5.95613586
10.06707107
1.20853668
7.61507203
0.83593750
0.98291016
11.79836548
5.98333222
3.79418945
21.07685841
7.33834330
7.30757660
30.47957336
12.75821587
5.70740026
20.61295656
0.36319945
4.22489472
0.82373047
9.08504211
2.43542480
7.34765625
7.17533356
10.64806849
8.06160857
3.24023438
9.01953125
2.23392731
2.49584774
6.21163120
4.25390625
4.25256317
5.18103058
7.90234375
3.51708611
1.95166389
3.09623199
4.18045989
6.05436281
1.01322418
1.78515625
3.54792775
6.23287455
11.51997894
1.83060699
4.03165711
15.78125000
8.33158356
3.79341644
0.03363037
0.18083572
0.75878906
3.33609985
1.72347047
4.13097241
9.53850177
8.42325244
2.41117963
6.33747230
4.12737145
0.49658203
0.94539367
5.45792664
0.57157348
8.67378785
3.11169216
3.78361148
3.02327515
3.24902095
4.64563173
7.18359375
7.41752106
7.21484375
1.27974457
2.68680131
0.56319869
3.05920379
5.39347351
2.27620235
3.67647495
4.13761414
7.10009641
1.03784242
14.65279144
12.90702239
25.97607546
2.95898438
7.42578125
7.06205231
13.13871122
3.53361148
16.99804688
5.30379211
5.23482269
0.15327973
0.04135132
0.01527405
1.90209961
1.44616606
8.89225343
2.72460938
7.67533356
2.84659851
5.74584774
3.81620456
1.71919769
1.42418312
1.72144614
8.45581117
15.47696587
12.19914007
3.86881593
8.19877106
6.95511747
16.99943179
3.97265625
2.48212656
2.47881094
1.82938442
3.66072695
8.56262300
2.34907802
3.60990636
4.47273493
5.02433538
13.51204344
4.44454011
1.49316406
6.87886566
4.86328125
10.73681609
5.49682555
7.62512300
3.72985373
7.28532358
1.02441406
2.23632812
5.48437500
6.21138519
8.13671875
5.83451324
2.22310394
0.57666016
4.42578125
4.64843750
7.37756317
1.81611903
9.58272495
0.07682344
2.66841644
6.07998449
5.11577570
2.42926294
2.06634252
13.08528563
6.95280031
2.55183899
2.77823914
1.61132812
1.48347961
0.02195252
2.73651486
3.13457889
6.88601508
4.13351617
1.98933649
0.89445257
34.36586880
5.11850620
1.04394531
0.67834981
18.62062561
23.06685394
6.12455231
25.35379101
8.39966755
4.50524933
8.77254211
0.03706879
21.25475732
12.31901374
14.99865692
9.41495789
3.37051931
3.59293827
10.59834995
6.78137300
23.29137966
14.47054078
4.91386081
16.80957031
4.57421875
6.92598294
1.66955286
3.88688608
13.15001663
4.05611923
11.70747894
8.01997894
1.04146332
8.79410517
8.33337683
21.84325798
6.27771276
4.79353945
12.27164672
15.92879211
7.05097297
2.82235926
4.06411348
1.49688109
6.18363434
4.43359375
11.50500333
6.71581782
13.72705452
8.78214539
7.49910461
3.36808289
1.75435394
15.11172651
6.51494126
1.90067597
11.97961270
6.09655917
14.62215149
9.80603058
7.13281250
1.41023742
0.75288910
1.17329926
10.32274612
5.23625443
21.27319149
1.63012882
10.27461326
7.15718971
2.80574524
4.00914636
8.83886072
1.47147800
3.67460051
6.04699800
2.71423371
5.82604389
3.35124279
4.96919769
14.70311503
5.42534352
4.66451019
13.79329344
0.22355226
3.25406361
7.70797190
3.84057679
5.91752106
8.73058179
3.41350177
19.21671539
2.76892121
13.03906250
9.78035461
5.41609680
6.96126219
13.81680360
3.37333222
1.37109375
9.52847518
0.78365830
6.36040191
9.24400267
4.72877659
0.75244141
13.19640976
2.23913481
7.78829011
16.00435394
7.08805297
16.54589626
9.07759862
19.23677582
2.46559600
3.94966146
9.93298869
12.75691067
5.95336104
3.56596852
0.60693359
20.64473418
30.88728696
15.45292331
6.68269774
1.77010195
21.46362305
23.89998227
13.57914339
2.33581450
5.43115359
6.41636969
5.54412012
4.61718750
7.86611481
7.12456726
19.76163010
6.29454788
7.45842863
12.80961214
5.38627106
5.75240082
10.04496122
10.65355957
4.48405031
6.67187500
5.93493683
12.79101064
1.57422373
10.72065880
1.93754432
14.83593750
13.97912567
2.69470246
3.12756317
10.67712433
3.62845856
4.58567934
7.53593979
3.12272218
18.14839504
2.53060062
11.91784388
1.98323858
9.29130402
4.46008643
3.75976562
2.39876219
20.35821077
12.79748504
10.10770722
5.51326352
1.00333804
10.77807181
3.28878213
9.27140071
10.57914339
14.52998560
15.73628878
1.99633727
1.98743018
9.90535461
3.43249169
1.13090370
9.48326546
4.83684286
9.17801972
9.34362700
2.17875277
0.22827148
3.64725676
13.66414985
4.29515792
0.12671708
0.95568817
7.22153748
2.10005707
0.35160309
6.55671432
1.08789810
4.50460784
3.21752992
0.73388672
5.21305297
11.24328644
1.64453125
7.41462323
6.43738696
1.44238281
11.58239108
7.92232269
11.56070922
5.56429078
4.55423981
17.53741911
1.54701296
12.84358703
1.00496399
7.83849443
14.04699800
4.54504986
4.33939606
0.36100281
9.43837545
7.13193705
6.33548981
1.13202787
6.29463653
4.21944370
5.10602434
7.07088320
0.16918945
12.76064760
6.27173537
0.47656250
5.89708445
2.80949911
15.20735594
6.49816988
19.33797180
0.55460633
8.22041778
2.81669160
9.50000000
2.50585938
6.73002106
11.13537567
2.59134918
0.11747285
24.73932373
1.96683622
17.71862949
2.43359375
2.58158356
1.31587738
8.31852172
0.19710328
3.17643063
3.17513187
14.91406250
4.01028203
9.51466090
2.49458832
3.14116096
9.66227172
4.45437944
5.32475509
5.94486481
9.80147184
12.87410461
5.60392398
17.30725067
2.66361481
0.61800172
7.08369903
0.42020722
12.98604278
7.45491578
0.03099579
1.25154539
27.57096437
3.93623560
18.31107823
13.35502106
1.52689606
9.51823000
8.14277124
6.09627258
7.11808289
12.08593750
4.23046875
2.36088043
1.14688775
5.85258339
2.54642731
1.76802582
10.36283356
10.36718750
3.99804688
16.29601397
0.57748060
6.99295989
9.16817293
5.21830231
1.05859375
19.96284630
6.74541976
9.40804078
2.17354278
27.07344636
3.79585661
1.54008089
11.52823883
6.62666778
15.80366911
25.56770501
3.81884143
2.71090813
1.74316406
10.46785461
4.25805353
1.22286292
12.75506592
10.80889205
5.61987367
4.48437500
13.05683837
0.22314515
5.08296100
3.46782025
1.21386719
13.18750000
3.38387024
7.81595856
17.50312712
20.92687833
4.61320257
4.43404144
1.95951324
5.81514185
8.68738073
6.11629211
2.59704621
12.42879211
12.53922485
4.46842531
15.02794881
3.43782967
8.23885195
4.30122894
15.17578125
5.69877106
15.27587766
1.72900515
9.88695479
20.09504876
3.05360039
7.78247008
8.15720910
3.23222019
12.53125000
3.99475067
4.32210328
9.29073028
5.25109708
5.10270390
0.34252930
15.46980774
3.37625942
11.77901884
10.32063968
8.33785128
4.47387633
4.83036347
3.31880707
0.75244141
1.14213043
0.88960785
4.60925200
2.61535738
20.84577682
10.76998642
5.31506317
4.07556183
10.23872894
8.14062500
5.18314606
1.97212738
6.69559287
3.45479776
3.88281250
14.53112700
25.90424757
12.51053303
1.11073304
2.17578125
1.54121233
-0.02701158
4.46537262
4.14107269
6.79597961
5.41718640
2.64343916
5.28027593
6.68192597
5.25000000
2.28039395
0.74548496
1.96244293
6.51997645
12.56021720
15.68209330
2.79239057
4.99219747
9.00826019
8.10196587
1.88586768
10.44276375
2.55723625
37.35156250
8.69140625
3.28755707
3.96244293
7.44576019
1.30358108
7.51359818
8.78906250
6.95312500
7.80468750
12.94690512
11.52099734
7.45740026
14.42663232
3.10986702
3.89933289
9.36245457
1.56137355
2.11088043
6.81197113
8.05452017
2.82243295
6.19396942
1.88122590
9.15832115
1.47111397
18.00642509
11.83297096
11.76325355
17.08992243
11.38209441
1.72851562
3.35061282
2.21188718
3.06835938
10.94095856
1.82779159
1.90121232
9.74218750
7.45324676
5.19921875
2.72595246
2.65669769
4.34676086
0.83976258
7.42040891
19.37489253
14.15580231
6.58984375
2.58833832
7.38191711
2.84855164
6.27254211
8.75435394
15.57627993
17.10677748
11.20410904
0.01576233
1.87304688
16.31506317
7.73181183
9.00793395
2.18042054
8.07722961
1.89786805
3.98242188
7.40055297
2.18884308
9.01960993
0.74743933
8.29252106
3.39754211
11.32466644
8.85956672
2.85002770
2.96077515
20.83110555
1.97160350
1.47656250
15.09582488
3.37623263
1.66396940
13.55064828
3.27006759
17.09447557
2.83684286
3.84659851
1.64160156
6.23828125
21.00093598
8.67149322
2.12254364
4.40732269
1.98767121
15.73692529
2.36950964
11.06819703
0.90151978
1.99804688
18.03682403
8.46964539
0.48962433
2.91992188
12.76367188
13.81839872
26.69152925
7.88138824
6.75736481
3.86010804
1.50736481
13.37154144
9.23913574
15.34728973
10.42277039
3.47656250
3.72704954
13.62512300
3.48571808
7.86673981
0.33390320
0.34195922
0.03609254
7.31072364
13.56443372
6.66544991
5.13818484
0.54935699
20.35245789
14.71673179
9.47705452
10.62679078
4.84738457
6.62573803
14.77343750
3.10615965
6.22158356
20.05042024
5.13915766
7.56713431
5.11638076
2.78027344
32.16992188
8.19877106
1.89986176
5.32198028
10.77522828
1.29146332
4.68094194
12.40499556
2.71936004
13.79431183
2.21622793
3.07289560
0.00769424
1.20361204
7.44494349
5.99905525
9.01652039
5.11779256
7.51457225
1.57144393
5.82744126
46.97371399
9.88517273
3.05110096
3.11019688
7.57568484
6.43192597
5.46394836
2.75524933
5.31929411
12.43012523
10.12122672
2.16060394
5.60847961
16.11417664
12.95031583
3.98327792
13.58158356
2.30053275
6.15898049
0.75923676
1.33593750
8.76915227
16.98358268
16.95730717
1.87027206
1.70528978
23.23002106
4.04296875
0.73766996
2.76786347
7.81083222
1.93973349
3.51339151
17.08300739
12.03507757
18.28507757
5.03621399
4.92667664
3.68231201
6.37890625
12.08593750
6.01171875
0.22786469
2.69335938
9.48002106
10.49116911
0.67684023
2.81339539
10.48347961
0.06693543
8.87852228
5.69711823
6.59957003
2.42976618
2.98954565
1.36018922
1.12483392
2.59379432
31.35209137
4.21919769
1.57666016
3.76513267
4.45919104
7.60982269
0.68627992
8.48720307
9.95019531
8.15189606
3.55130763
8.75382757
1.57617188
2.63671875
10.88627106
4.64123504
6.80859375
4.59464539
3.55090714
8.99654144
5.13627106
1.72843445
5.69921875
2.18359375
0.54838043
14.78893950
20.10213320
3.84960938
17.58634087
0.72225288
9.75858489
5.00704011
0.66455078
2.49755859
0.01127106
6.40926086
19.88134641
1.61023105
1.67089844
7.76012966
11.85661015
7.67968750
16.84106134
5.33809729
0.08105469
5.06689453
17.35624114
12.01741578
3.01704677
1.92960882
14.43570922
7.54073028
4.14074800
7.35009641
0.56445437
16.32397274
19.33003878
9.77958222
0.25252258
10.43404144
4.95365138
4.55025487
7.46048981
1.48713985
6.13256649
12.60354500
10.63657136
2.41992188
8.39062500
6.09029144
0.27343594
2.32267398
6.28906250
18.61104278
16.60530609
4.15458222
10.88581329
1.17765071
6.50227283
10.00623337
3.36702515
1.99186188
7.92927291
3.49797318
5.49955231
5.25667110
4.28381566
5.99641844
0.66076754
0.24515777
1.07739196
5.77152496
6.00557403
1.01416140
5.70747894
10.75484098
16.10956672
0.87973293
12.41857879
0.42053254
10.36002438
4.71113919
0.96692237
8.10066711
2.29093445
3.26277649
2.98588043
1.78409851
12.03263243
0.56840121
15.19429411
7.39978058
2.58170656
12.00244016
5.33817597
6.48290891
7.88126773
2.01350953
5.19576019
5.84977172
4.04353447
1.59843362
17.56786103
3.92187500
15.10502106
0.77388270
0.07475011
3.35689301
1.36336242
4.14933289
10.01383422
2.11311890
12.71439606
2.23677582
12.53247008
11.00923427
3.70829565
3.60351562
12.51399657
4.00524933
7.90067597
0.56498199
1.16593383
7.23225953
5.75044769
9.03186004
11.82198028
6.63761414
2.83276429
2.72460938
5.48712988
12.31906305
3.30228668
2.78214539
8.16752106
8.52343750
7.35334331
1.01233876
10.63329954
14.54162567
4.86999667
5.59407469
7.81807403
12.98628878
0.11224365
0.89587184
2.05778202
13.67187500
1.76704926
11.05879544
8.52411989
12.10335328
7.47220856
9.58862367
17.13627106
8.62487700
4.45369570
0.70605469
5.30590758
4.77958222
4.91963653
3.55542054
1.08300781
5.92264739
5.01171875
9.61206117
3.55635029
6.36889960
3.47387882
11.56518617
0.47949219
2.06445312
7.66190395
3.58423038
5.64497894
1.42382812
0.86718750
2.94818166
0.50347849
12.71439606
4.04732269
0.98217711
2.54325410
4.66275876
3.31620456
9.34106383
17.86271055
14.76729278
2.45276097
5.75781250
7.30814606
1.75533051
13.45735594
11.16031860
5.74666445
7.48258422
2.48901429
2.39843750
10.89200743
8.85860261
4.38806183
24.62109375
19.26082336
0.05398041
7.98527039
6.16528258
10.35079011
0.86832516
4.79488253
1.07751496
1.16361481
4.97220856
14.38133644
8.51095633
12.62578016
11.26819190
9.12772053
15.99333264
8.03125000
0.75435270
4.22094820
4.61600178
3.18176861
0.84765625
11.75294660
4.71535571
2.43892177
8.77201573
15.47794243
3.48832557
12.92879211
5.98303192
16.12980164
5.38582336
5.18929078
0.60493988
4.37109375
11.73941268
1.42855607
0.99414062
3.47867797
4.66931183
13.17354278
8.36405457
15.73644615
7.55005319
6.58760528
5.83471742
11.09325798
2.70752327
9.41406250
8.17118130
1.34151402
2.75195312
16.19116211
1.54935699
1.63814301
18.33325133
0.74975648
8.39985927
6.90482823
8.23437500
9.96170989
12.72969636
18.72977505
4.23116245
17.31380125
3.37272218
13.52331450
2.25508699
16.63370789
8.34863281
3.05423981
9.32812500
3.54838043
1.82173676
2.26265348
5.74906527
2.01953125
12.53381317
3.29756621
6.01965425
6.37890625
0.82958984
8.89102837
6.33240026
1.75544043
5.07122035
10.57812500
9.51472961
9.31892509
2.90465592
11.60301862
15.12579232
8.87845856
11.84496011
1.39149102
3.06835938
3.53375638
8.50477725
2.50781250
2.57417692
5.41418550
14.22261193
18.85372229
2.22143617
10.07954677
5.70471409
19.17394615
16.91801307
11.78649933
8.36323693
2.42672096
7.09382868
5.12101507
4.96832669
2.80555850
10.46646969
7.21541445
10.77254211
9.59977172
4.15279144
3.12557070
13.18660461
12.13707780
6.44135196
2.36297650
8.86104278
4.46158688
6.48771304
3.63700410
7.77127771
6.54736702
1.29268340
32.78890015
3.11958832
7.50557403
9.76859154
0.37183053
22.10742188
2.48978668
6.30725067
2.67171265
4.14453125
0.07230621
18.22520945
8.97469616
7.82849401
6.03540226
13.15433622
1.52767093
13.12336658
4.68132092
1.45214844
9.59406472
4.45582114
7.66060394
16.35107048
6.57515846
1.49902344
9.71606383
12.85937500
1.21264711
8.09720856
7.57447518
15.58476174
2.88533632
7.31616024
3.89868351
2.40026762
2.20751829
21.77930331
5.48706117
10.40100067
0.33988496
1.60742188
13.12027704
9.41906583
4.43978280
3.30753601
6.99475067
15.40961991
9.74752548
0.24043793
12.89078735
22.24848959
1.53455119
13.50256317
2.40022828
15.79394282
13.66177970
2.20007978
5.68750000
3.29056793
0.05946869
3.52539062
13.40100067
4.60745125
8.66260638
1.88973210
7.47444703
3.24938996
3.12019836
2.18448914
11.54130035
8.63744681
5.15552194
2.12455231
15.53812279
7.77286680
2.12545268
6.72432403
6.79960051
7.34387300
14.98681516
2.37976230
1.33451324
8.92907248
2.78967752
1.71724457
12.12910794
0.69954593
5.59075302
13.61283356
16.49820922
4.50614472
5.67923981
2.94112090
16.95572252
6.18714095
13.71439606
14.86808289
5.78291778
1.00321504
10.51550200
7.65318485
3.13209441
11.92431516
5.01606273
22.10189716
14.45630070
7.56847989
2.65230441
4.94274933
3.34765625
15.23339844
6.54252106
15.46325466
10.71609819
5.72734485
10.75602172
0.05299928
4.89493462
3.55623725
12.11585999
0.20821331
9.29085328
8.66162234
10.15689938
10.47847628
4.00084608
4.30668993
14.50345856
6.87634308
3.66796875
10.37429633
4.74585771
10.35115913
17.83837766
12.06351839
1.12679078
6.82840537
6.49581338
15.36870025
9.79073028
8.13806183
6.18643728
4.60531139
18.90782913
0.68006150
7.16589262
0.13525266
6.15336214
5.59838867
15.26009125
2.86478668
16.27331450
8.02791445
20.29162567
15.24698914
24.02148438
9.69095856
10.28181073
13.96853835
12.70127049
11.41149809
11.02356050
8.58691406
0.96350067
9.79162567
3.99568540
2.28869847
7.94798870
5.35234485
1.18892426
7.41922568
6.15808510
13.28304078
6.24873560
1.83675421
6.52486176
2.04296875
4.27164672
0.15600617
9.40009780
4.62777482
13.85542443
1.29781471
3.08789062
3.41768340
0.22587129
17.31818706
1.87321919
1.57128906
9.89973626
7.41579899
2.65321475
3.94006317
1.72033193
13.36914561
8.70735594
3.29789339
2.97070312
5.14062500
5.15384918
10.22656250
8.61718750
9.22528813
8.72714317
2.39977560
13.24759534
1.35087129
10.73237257
16.66004228
9.74124498
13.99919326
13.44534810
3.34749640
6.77323581
2.55647828
3.82617188
10.18941254
2.01517731
3.48828125
6.35278258
1.41426668
2.56054688
11.00345856
0.34765563
4.67500886
5.92879211
2.70792664
4.57767731
11.42777372
7.38806059
2.19975011
3.94962212
2.39368018
6.22265625
1.27103668
1.56197113
5.91593196
1.89070866
6.38541501
1.79960300
7.06192930
1.12955812
9.40279144
3.87939329
5.44762966
3.11393561
11.76908356
4.57120789
2.03714872
5.22066378
4.70747894
4.44396942
7.89781646
8.67020722
13.33414672
9.62422761
3.29882812
4.67708001
9.75651374
6.98828125
6.08593750
15.87703575
6.79077460
5.40697806
0.56295268
2.24804688
8.04675200
11.20222961
0.88614867
9.65035128
12.27331450
6.49275820
7.06852172
10.69006317
0.48698000
0.35355621
3.80078125
17.09829566
1.64543661
0.42810214
4.21394836
1.55159048
5.83911569
7.76652039
0.07267273
1.27152496
1.83833832
9.53291778
11.16752106
10.51216644
0.91390015
12.20638031
3.76171875
7.39648438
13.20438629
5.36763519
6.75686646
2.86328125
12.39664672
11.07316101
4.81762633
3.51920656
3.49609375
0.35107422
0.36132812
7.59061676
4.34204621
3.15039062
5.91304411
4.71106050
1.73527039
3.33007812
7.55334442
0.65490754
9.85700355
5.54534020
3.46341949
2.11572141
0.21820193
7.82031250
12.48272705
6.38301419
5.25716312
6.85530609
4.62577239
6.49096742
2.66886414
8.56941711
9.25423094
3.50488157
3.24560671
8.07299867
14.14294465
16.74104610
16.49332890
2.14302582
10.37500000
13.67354278
0.91853384
1.40918467
10.39497894
7.73388298
4.74088874
3.05948914
5.47265625
0.11039246
4.46740692
20.00000000
6.63704344
0.23197543
4.76012966
6.97200687
8.98249557
1.20679521
8.21093750
4.96919769
0.05874634
4.30033356
5.03072113
0.78670227
4.61226286
0.13326144
5.23828125
3.52148438
7.62109375
4.43314606
1.41967587
0.03707066
1.29296875
5.13354056
2.09888131
1.41210938
5.02200826
13.51904608
1.75423343
6.17277039
8.35156250
6.68827239
1.09147218
13.12526085
10.30082557
0.67976493
0.71383034
2.44771332
8.07385223
13.63220246
3.01489196
9.48270722
0.73388672
11.98258422
5.97835328
18.93684906
11.51704677
14.44130131
4.14219209
0.19970703
10.03727172
1.86152981
6.30122894
3.23702183
7.73783356
2.02237976
6.72220856
0.04161591
1.11478668
5.50571643
7.23016400
4.25870789
2.61539672
3.55603058
4.37141844
3.39030031
10.43404144
7.76171875
0.79740387
5.73872894
10.85156250
5.81595856
10.07377106
10.10354500
0.28557457
10.81783051
1.88085938
6.51562500
6.19441711
6.23917664
9.25781250
2.24039672
1.62581422
12.58760528
1.22391816
2.32181793
5.05122894
0.17226073
0.06937746
9.70825133
7.61694087
3.48218085
15.12410461
8.12064606
5.52738091
6.35807624
2.01350953
2.06490082
2.95930907
0.18693117
2.74955231
6.93225067
11.63370789
2.83097351
5.45703125
15.02343750
0.45019531
1.61877410
4.76652039
1.14302582
11.44095856
4.03145169
12.59008976
12.47220856
8.33158356
0.21305266
0.43794583
0.44181585
0.01287079
14.29272274
3.80493351
10.33670989
6.91630097
1.59073914
3.00992797
0.13301637
10.22883533
2.82105053
10.68964142
7.53083666
4.73132978
5.39453125
1.52421051
10.17968750
2.83922873
14.59782358
13.85542443
7.16846077
0.19763152
2.84554078
4.69103724
5.13273382
4.23437500
10.09887633
11.76513298
2.88509530
2.28845246
11.51908356
1.01346770
0.29024324
0.88911957
5.47477172
1.61511262
4.45312500
6.74124280
8.69821032
20.07076019
4.04252106
6.41176973
21.47889087
8.35103612
1.42676030
8.76908356
4.70173759
14.55700466
2.05855939
8.62500000
0.43188477
2.32421875
3.82649657
7.55334442
0.37845980
4.54117797
3.03766512
7.58420101
5.66508089
0.18286133
12.14139739
0.04158601
6.82340453
9.94238032
1.79154698
0.53890015
4.48091644
2.20959442
3.84313996
10.96677092
0.87988157
13.86218417
4.08894836
2.02282746
2.36283356
9.68839539
0.77079067
1.94523257
3.64091035
5.92285156
2.64257812
4.45601286
4.80961214
0.02088928
0.25368100
9.19376773
10.62109375
12.68750000
0.04630523
4.49173981
20.25000000
11.77834076
16.36372894
0.49979582
1.93907913
1.56165392
1.54243988
4.31965315
6.78972185
0.63431793
11.49848959
0.73975108
0.53470856
10.15279144
0.27620422
0.06632508
13.10054411
7.17826324
5.51139406
4.04422319
1.20952072
8.05468750
9.93457031
4.31640625
1.84179688
10.04252106
9.16941490
4.89250443
0.50395805
3.47656250
1.34494807
5.68172429
8.81506317
8.63704344
0.60563234
14.98965869
10.02250775
2.32511414
7.76171875
8.05379211
23.37154144
1.14400238
10.86673981
5.02724513
3.77398381
5.01863586
2.69185394
10.87154144
1.45214844
18.53613032
4.70092836
6.75716312
2.32902039
7.42053192
0.05842071
8.94274933
2.04675200
0.98592226
10.66308594
6.84497070
5.50390625
3.78906250
4.26729278
0.02488252
0.99688721
14.39408356
3.22115082
3.33300781
9.69787567
12.65758312
7.69532247
0.77888977
14.11120014
12.50163342
1.16593445
8.81941711
18.02811614
2.80916445
11.06058622
18.44030886
2.05684231
0.82446476
4.54638298
0.67334358
14.54274713
6.32789893
1.74263519
6.19144559
2.87992464
13.88696289
4.06685394
2.05708832
8.17584996
1.08692652
9.31339539
2.11523438
1.95096521
12.24243351
2.15185671
5.96626552
1.80176030
8.61315825
7.03918550
20.37064606
0.97705078
3.88326019
9.06111259
1.88029366
4.31640625
7.81807403
4.74278757
15.66110188
8.80856936
1.08496094
6.28515625
0.03952026
11.12890625
4.04207336
0.04056824
1.76460598
2.26932956
3.99475067
8.35066711
7.83382203
15.56901000
2.76200410
17.11706450
6.43769172
5.98385859
0.51216644
11.14035905
2.90517286
3.99308289
11.16752106
3.09615082
5.93773604
1.60958665
15.52636719
6.08203125
4.52644836
3.81490082
0.72082364
1.05501468
7.04500180
3.44527316
11.73258422
0.66581269
2.88537567
12.71004211
3.24417997
0.84265292
17.23168883
7.21272828
10.53649933
4.25480164
9.01794216
3.58512577
9.17097961
7.17923981
5.99788453
4.79207336
8.37731716
10.47904698
15.26936392
3.07047983
3.18735020
2.75067867
10.09285461
4.66060394
5.96048981
0.02508576
1.99609375
5.75394559
8.66072695
6.67321808
0.96337891
2.43900543
17.25691711
3.70056183
1.14160156
8.52408688
7.24109042
11.57812500
5.01997894
3.00602172
4.18269836
3.45145722
4.15234375
14.42743906
1.00810782
14.86751219
5.24576906
5.69311523
7.79296875
10.41637966
9.61743351
0.58235719
8.08593750
6.81762633
10.26371122
1.79614445
11.66406250
0.15592438
7.34305630
2.67346409
0.82328277
5.73905364
14.51314052
5.02201573
5.31127992
4.70735594
3.93835107
15.24536569
6.63856376
11.65718971
9.06237700
3.13924257
0.04562378
4.88378657
12.77201573
7.28662109
2.32092254
21.89978058
13.19531250
5.88928192
10.98900931
1.10901346
11.75976562
5.80078125
2.19771332
4.37756317
8.99206450
1.95459109
7.64831450
2.18859957
6.25878906
4.63627106
5.15189606
8.64152039
5.82031250
6.52644836
21.21561614
3.02551363
8.71093750
4.26127106
4.19185394
3.29425505
4.72775819
14.66214872
0.36124820
13.39705258
2.97607546
8.74308289
4.58459442
12.88024933
9.88281250
11.85794693
0.48352020
0.05751588
5.13212066
2.62890625
16.97371399
34.17781430
16.10624363
4.22611481
0.72119141
4.10201019
0.34912109
2.10953735
10.39566268
5.74724013
4.57914339
13.64497894
12.60847961
25.71671570
4.78080231
2.61523438
7.64062500
9.31250000
15.87812390
2.82890735
12.33390071
10.56889073
6.80676270
1.40625000
6.06327239
12.38895722
1.07572293
8.85591644
2.17033023
7.74000601
7.13077571
5.03736037
17.21695922
7.30976951
16.02226174
5.19710328
2.50122008
7.91935118
7.82173427
5.18017952
9.83504211
0.91581269
3.46875000
7.47265625
0.26196289
0.07402495
5.75610040
5.27604499
11.12243683
1.12109375
10.70739030
7.58552416
3.59726285
2.03365082
12.32316008
14.59244626
9.65047429
10.35982269
14.40087766
1.45849734
9.40970856
7.42347851
1.74839649
9.61795989
6.77311281
1.44974762
3.44637055
8.44006317
0.95251496
4.28515625
10.22079120
6.50208111
6.41406250
11.80468750
3.53922485
0.65315797
13.64074302
13.39152039
6.40328346
17.97310394
10.16383819
4.71748809
5.90201906
14.95402039
3.35928303
6.33593750
5.62544769
0.69584137
8.26997894
17.29687500
4.55859375
9.23347961
7.23022274
1.31185062
2.27779144
0.40372742
10.04496122
7.65861148
1.38431793
7.52399823
6.31238696
21.97798427
