0.04508422
19.11507203
14.12320922
8.66075875
9.75781250
2.05468750
7.66015625
3.21069336
4.21248227
1.61564273
1.47070312
10.33658688
6.21419437
7.39843750
9.33094276
0.29918419
6.62890625
0.00471497
24.61737061
2.66634032
6.86987367
11.92341977
0.93001468
19.05729001
17.01773798
10.78174202
0.04276613
1.82324219
3.86328125
10.28906250
4.32421875
9.94531250
4.57812500
4.58626219
0.45882203
0.94384766
0.26814820
7.10546875
10.63704344
3.24381593
4.16048094
2.59147218
11.61718750
0.83251953
13.04589844
2.63085938
1.75390625
0.73193359
2.45930907
2.14615968
1.49804688
1.57999010
3.32943373
16.57454344
11.26521683
25.02604250
1.58886719
0.78125000
7.01171875
0.03793335
4.19954344
16.78483156
8.02049535
7.63379654
4.56055186
2.21875000
7.39453125
5.67968750
1.60188719
2.50358156
4.80078125
7.06867908
3.69694592
12.82812500
1.96301114
0.21985019
19.39111328
12.58999114
0.64047761
11.93071747
10.28189938
11.27048082
14.95589982
9.37817170
1.09501648
8.24641844
5.53515625
1.53287843
9.11515071
0.88997624
1.84667969
6.41406250
5.37500000
7.70312500
2.00585938
8.43619127
2.34115248
4.00528556
5.49203022
1.71614749
3.07194093
11.87271720
3.77437721
0.22497590
1.61718750
10.29614258
5.55929863
0.91644190
2.77506843
9.64453125
8.55110594
16.28189689
8.94596188
5.65755873
9.27343750
0.82893797
6.88639406
6.39062500
5.91796875
11.16776443
7.70312500
4.96907469
1.92155031
6.40625000
7.50000000
20.24910461
0.40763367
1.11306254
4.58293661
2.78320312
8.21337766
1.35498171
10.41048094
14.07445479
0.58342364
12.89778563
1.22526125
10.84926987
6.40234375
0.86035156
0.05212402
6.31640625
6.81705563
1.08431156
1.04101562
10.10937500
2.52929688
7.34375000
4.73828125
2.91992188
19.07942376
5.00651374
7.61360594
2.76057860
9.49845523
2.10245789
0.33129883
7.23437500
0.29101562
3.90852782
1.21061281
1.62988281
2.24023438
1.19042969
1.10351562
6.46240992
12.60103612
7.44921875
3.31054688
1.15755125
4.66764406
5.83984375
7.76562500
1.35644531
0.04080200
4.89843750
1.29296875
19.23258422
6.66536500
13.61913813
19.73933400
0.73527787
32.87036133
2.81640625
12.01773050
3.99398825
0.55960747
0.55574897
1.46777344
12.54481827
19.41611923
0.15612793
6.70507812
2.32665891
2.40576296
2.10546875
5.98484612
0.00363159
1.67968750
10.26399657
11.81787109
4.73795656
9.29418883
1.78711000
4.51743317
0.36352539
6.23437500
14.54768174
6.41325576
4.25390625
10.58593750
1.40917969
1.49316406
4.69628657
7.29980718
10.66406250
20.42187500
0.92561766
1.41471437
1.30664062
0.86214110
0.38964906
1.08878601
17.75470302
3.41878546
2.92628324
4.15022828
3.99218750
3.84375000
0.43994141
1.53613281
0.54931641
4.02254211
0.15763367
0.87255859
9.02294922
5.49348626
3.42057624
2.03906250
5.26953125
3.61328125
1.27343750
12.06250000
5.68782469
1.75683345
3.86621343
2.34342531
5.05859375
1.65527344
1.21484375
11.94531250
0.88687985
3.66536624
0.92138672
11.47656250
1.45019282
4.41308843
7.20181627
1.03565076
0.85432984
6.46004211
3.47778258
5.94498781
0.52636719
3.10546875
0.62548828
0.01570129
5.17578125
2.78320312
5.51659907
4.10058843
3.76513672
0.33365844
3.75960328
0.20336914
2.22070312
3.43554688
1.55371094
5.65063165
6.96654588
0.31250997
0.57885742
8.40625000
1.51171875
6.15234375
6.56640625
3.88476562
1.16894531
5.76171875
6.54374114
5.35079011
3.71606383
0.05554262
3.12695312
1.97656250
14.20389739
2.95528230
1.55664062
8.96093750
0.12658691
4.05078125
11.25000000
0.63183594
0.87988281
8.25000000
11.30273438
4.30078125
6.32421875
3.76953125
0.59326172
1.61790621
0.26372617
0.13020844
8.59375000
2.57031250
0.80810298
3.16699468
9.60937500
0.45906430
0.30070132
12.78222656
7.32714844
4.73681641
3.60230851
4.47656250
1.83203125
8.09830563
-0.07871334
18.66471188
5.74446033
1.66309341
10.00561523
14.02945922
1.01448609
6.57812500
2.83984375
9.71215725
3.93945312
11.67968750
3.95117188
2.72265625
8.72656250
4.97656250
9.01578236
2.11507701
0.23152733
7.38281250
7.65234375
10.36718750
0.61865234
4.07031250
1.80175781
7.16829344
11.38052970
11.80273936
1.32079580
3.97461436
1.69628906
6.86132812
2.76171875
2.17024657
5.42350343
6.14843750
11.95068359
13.09082031
2.88574219
5.69921875
5.33251330
1.75537732
4.38563026
0.64171349
11.28906250
3.54719969
0.41715578
7.23046875
1.07421875
6.06852172
0.35534699
0.05574555
0.10864258
9.28906250
2.45703125
5.15266844
8.70573000
5.12109375
8.26367188
16.46875000
4.58593750
4.72656250
5.00781250
3.25976562
6.23828125
0.24780273
0.30249023
6.78906250
3.84375000
4.68359375
8.11718750
3.02197266
4.11328125
2.95117188
8.06201172
7.45703125
2.48437500
10.42610594
0.59863281
5.07974845
5.97200687
5.58636802
0.77610275
1.06982422
4.64453125
11.68750000
3.56738032
7.87011968
4.36555408
1.95280529
11.42187500
4.29687500
2.01904297
4.86718750
4.82812500
4.82031250
4.85546875
1.59179688
4.61718750
2.85519791
0.22174923
0.73958499
7.74218750
0.01574707
7.40820312
8.00736481
0.24705002
13.82248947
2.44140625
5.71126219
17.66764406
5.08300532
2.72754155
7.41796875
3.22851562
5.73893063
8.69889406
8.06054189
2.86882092
1.33398438
14.97159353
9.04598459
4.38525488
13.21826074
0.10381743
2.34342531
8.81835938
10.02798316
0.26498559
7.49511719
1.95996094
3.53710938
8.35937500
1.89941406
0.62402344
1.47070312
9.85937500
0.42016602
0.00739288
0.90332031
0.90585768
0.82585466
2.27929688
10.75000000
6.54687500
2.12304688
2.87711547
4.80257203
5.05078125
7.36962891
7.51025266
1.18603640
2.09570312
12.30533688
19.17903812
4.18001219
1.39030031
8.12597407
4.22069814
1.29037123
5.59750728
25.56465720
2.01367188
4.01953125
10.78906250
2.13085938
6.82909907
3.26106937
5.81608156
4.07031250
5.27343750
15.00552970
5.73079842
12.66699219
1.71191406
2.04101562
6.45703125
9.17968750
0.17114258
0.00516891
1.10058594
6.02490234
14.41406250
5.63281250
2.64257812
9.93532303
0.00573227
2.12695312
15.84667969
1.16210938
11.87207031
4.73045878
0.04200216
9.59584553
1.47446697
0.30905151
5.62890625
6.76171875
1.98828125
1.03808594
16.48921673
12.82796390
6.22265625
0.09106489
1.44108156
11.87206782
5.95817265
0.14546754
2.14648438
24.48687597
9.48453859
2.21875000
1.76953125
11.27343750
0.02416992
3.62109375
3.97851562
0.22387695
2.32454344
6.92545656
1.90576172
7.94417110
13.68082890
7.56839872
4.46203582
7.91341312
0.18274968
9.65560062
3.80078125
6.88281250
2.06640625
1.63867188
5.83414672
0.78890015
8.91406250
0.17407227
0.50911126
0.30338874
0.89111328
1.76953125
1.23242188
9.27343750
7.98469969
1.56119875
0.29760742
7.68750000
3.44074690
0.43913591
0.08764648
5.06250000
1.18641335
0.93983024
3.04882812
12.67187500
3.06835938
8.70377438
13.03841312
0.36987305
6.45833001
3.34245124
1.32617188
9.62923094
4.35156250
2.85709718
10.13476562
7.44921875
1.66387939
6.39062500
0.73828125
5.20703125
7.60221188
1.72591312
3.05078125
2.64628051
0.83266511
7.80761968
3.44563719
4.34342531
9.59375000
0.84324999
1.83138685
3.12695312
3.97265625
7.95703125
0.08207152
4.40413453
2.11523438
0.90576172
0.00629425
8.72656250
1.17187500
2.11523438
2.11030579
4.70133422
8.09591367
1.86067625
6.68326906
10.99641844
0.04203371
0.05548096
2.62019836
0.52246031
4.08593750
1.72623781
4.55859375
8.75000000
3.80078125
7.00000000
5.03710439
2.99251717
10.09016844
4.59700687
0.28271484
2.75421599
3.91961214
4.14989861
0.15088264
2.80856037
7.44335938
5.30859375
5.66471188
4.30013187
2.26171875
11.00000000
6.33369903
0.82645722
1.79394531
9.43750000
0.15034910
6.83561281
10.74609375
20.35525562
5.29856824
11.01773050
4.73226950
10.42968750
4.65234375
0.49316406
0.04895020
4.36816157
3.40136470
4.93164561
7.95117188
7.22656250
3.18359375
6.36328125
0.10485840
0.50927734
9.81883644
0.54932762
1.09863281
4.57006836
20.61408301
5.35271387
4.07031250
12.47721188
3.76106937
9.29687500
7.10156250
5.50000000
12.80533688
4.28060062
0.16979980
5.46093750
4.98046875
3.57031250
6.16528258
0.21142640
10.17187500
16.40852532
1.32975593
15.32942376
2.14518561
3.15039062
1.83886719
14.58593750
11.15754876
11.49511968
1.79264406
12.94820067
5.73014406
2.02148438
13.35969588
7.59536348
2.52149933
12.57031250
18.54296875
5.15234375
0.95718986
2.46517342
1.62304688
1.19531250
2.11328125
15.25781250
7.77799313
0.79231937
7.84570312
7.59472407
1.80957280
6.07031250
9.57031250
4.44270003
8.23112810
2.93359375
3.06205231
2.50826019
4.40657469
13.04392866
0.92747498
0.94042969
5.69486481
0.63228363
2.80664062
6.17673492
3.02343750
1.75292969
1.86718750
1.68098875
10.89062500
7.71451906
0.67124866
0.36019420
0.69807984
3.49609375
9.04687500
6.41406250
1.51171875
4.93847407
5.07861079
1.80501717
9.00358156
15.82324219
14.24267578
2.41015625
14.35257560
4.56087655
6.16438719
12.73795656
0.75390625
0.38183594
11.38313719
2.56249252
6.55567154
2.38444093
1.65429688
2.56445312
5.12500000
0.14526367
2.56378879
1.16277371
7.99509974
1.11622838
1.30061517
9.02213874
4.69140625
11.90443928
3.30649822
0.00625610
14.57107324
3.43099623
13.60156250
12.28385251
1.70182375
2.58398438
5.03092531
6.36360594
16.75648073
16.20605469
19.91182548
1.50911874
2.51562500
10.81250000
0.20300293
7.03175105
0.58773576
9.91129729
1.36002687
3.35937500
4.77734375
6.85156250
13.29687500
0.12414551
14.07812500
1.49804688
14.25781250
7.31640625
0.37866211
16.58381206
8.54338520
0.08819580
0.72161865
4.02795410
2.19368407
5.50748781
5.53369016
3.47998171
5.07031250
5.55078125
5.09375000
5.30468750
0.01248169
3.90493130
3.94663120
13.15181395
19.44140625
1.88248781
3.38118407
10.42545656
3.96126219
4.62858156
3.29101562
3.67773438
10.37538619
0.20994096
1.13671875
15.33772579
19.17138796
1.89811281
8.54752438
1.88020999
0.91210938
6.31705563
18.78895391
6.01150265
1.75651125
7.84960938
6.73437500
11.41406250
12.18033688
2.46614749
11.42008422
0.95296265
1.26114805
0.22078554
0.66503906
3.80371094
4.70312500
5.27343750
14.66275377
7.66146498
0.86083984
10.00000000
0.58642578
15.94335938
9.90644493
6.94777260
5.14843750
11.27962157
37.36132314
8.68132092
4.32421875
11.72460938
2.23242188
14.61783688
6.02351618
0.10425241
39.05468750
3.25195312
2.15234375
7.85742188
2.30859375
1.49335480
10.49039672
4.94710328
16.16471188
3.14388187
14.05468750
2.60937500
22.61866362
10.48486702
0.79346326
17.40983156
6.83593750
13.61718750
4.76497313
3.81803468
21.69441711
9.32153258
2.42936281
2.01562500
4.55924313
8.46630984
7.56429078
4.88769531
7.81250000
2.48469969
6.60514406
19.99054913
1.99259585
12.43570922
8.86799424
2.24886857
4.45312500
14.60717524
4.07356937
22.55809176
2.94158355
10.33691406
3.54687500
4.51204344
3.31054688
3.91601562
5.53873781
3.34179688
8.94171100
4.66196697
0.59114625
1.98242188
11.17187500
3.52441406
4.51953125
19.19205563
14.28092531
11.21239362
19.02596818
8.62500000
0.90446047
20.48437500
13.03906250
8.46158688
2.31966312
3.09992410
2.79851340
2.41406250
11.92675532
7.79199468
17.94954344
10.87858156
7.90234375
4.30468750
0.44897461
14.78727172
2.03661486
1.44076185
3.55664062
4.78125000
0.87255859
5.49291244
9.18848404
14.15933954
16.37223515
3.86100343
3.65820312
7.82063719
5.41438719
6.13216312
0.14567047
2.70037188
4.15788342
1.57753798
3.18489749
11.20312500
7.48437500
1.62988281
2.72070312
0.88476562
0.43774414
3.22460938
7.17968750
11.41406250
0.88964844
7.05110594
3.90755125
2.20442874
14.14680907
0.58854250
1.28808594
9.93521720
2.97493905
3.95312500
14.83593750
0.34594727
0.56445312
11.17610096
13.41992686
1.22526125
1.80175781
6.40625000
7.34407469
24.43326906
6.64274047
2.92171265
1.96386719
12.54209286
12.23844858
2.21015070
3.97656250
7.03222656
9.64420033
2.23031139
5.90071033
11.87333752
4.26171875
1.30403563
7.04979721
4.91566118
6.78906250
18.62500000
4.06217531
7.89941157
5.36621343
6.32209830
3.69547983
10.42445506
3.74902593
13.67561392
6.82844969
3.65999889
3.53320312
5.05859375
1.10644531
6.92578125
2.04915282
12.35905031
4.56640625
3.31899380
7.62631870
0.50650813
2.27791570
7.64257812
0.75732422
8.95133422
4.72346050
2.51412769
16.03125000
2.06054688
6.92578125
14.96875000
15.13704344
0.85221437
0.08843994
1.91219448
4.20834995
2.34912109
26.58870360
2.47233156
5.45703125
5.71439606
2.72701019
2.94531250
4.74629068
8.20377438
7.73372562
0.91243407
1.15983156
3.91015625
5.75000000
0.63614743
0.08797367
1.34146969
2.75707555
0.88950852
10.16764406
2.36629211
0.69050961
1.72981937
11.16471188
9.60481937
8.60937500
2.79296875
1.03027344
4.08984375
1.69238281
7.59016844
0.15873293
1.90527344
6.86360594
8.05240968
14.43521720
20.40064401
5.67488586
1.61222351
6.22656250
4.42187500
5.13085938
4.25390625
4.40625000
15.20343972
25.43718528
8.55110594
7.82031250
3.53613032
6.49870124
0.11065674
0.30395508
4.49414062
2.61523438
0.02815247
2.80273438
10.49609375
13.55891844
0.49528078
8.73469969
3.22526125
15.91015625
11.31250000
1.10351562
1.95410156
3.61001940
1.64518561
3.99088874
3.68247451
0.10536728
3.34773493
1.55770085
2.38460328
0.25643921
11.43652938
0.71940686
4.28515625
12.33430408
14.29863049
6.96240234
8.00194814
4.82617686
4.34375000
10.87207031
10.04980469
12.71157829
1.25131233
11.31250000
0.68391844
7.64453125
7.15592531
6.62141844
3.31412843
10.68228502
5.40657469
5.75489029
1.53027344
8.46385971
1.68067154
4.13867188
1.88476562
2.97070312
9.09016844
7.87858156
4.10937500
5.76562500
1.69970703
11.58595657
12.00000000
1.07796141
9.62076906
4.31640625
10.45312500
2.34375000
14.92187500
7.29719969
6.88101175
2.32797262
10.80045656
1.05566406
8.88704344
19.83430408
2.44857435
0.10644531
4.67040891
0.02990847
3.07617188
6.03759766
5.08984375
5.46126219
4.06217531
8.93879876
2.34440436
0.99658203
13.61848875
3.53483156
10.49218750
1.74707031
0.49389648
6.27929189
4.04492686
3.51953125
5.38281250
1.65820312
13.85286375
5.20556494
9.08593750
6.65950687
3.73046875
11.84277344
9.28125000
0.32519531
9.49234486
0.55745983
8.18570922
0.68538453
7.46875000
3.69921875
0.02159119
5.12500000
0.87890625
6.74566650
5.90234375
0.34472656
3.06445312
5.75813719
6.61686281
10.36944199
4.54687500
1.75976562
5.18586658
8.04443484
12.12907358
0.57014891
1.91959718
6.36950254
8.83682292
4.81942708
4.48046875
4.07929230
12.01493168
7.96484375
8.53906250
3.70468705
10.41341312
1.04882812
10.59375000
8.63704344
7.05436281
5.46093750
0.52386101
0.56152718
5.69921875
2.47070312
5.02343750
4.80078125
3.17187500
12.16048094
8.60937500
8.51334220
1.63867686
6.78906250
5.85937500
12.99609375
13.76348877
5.23828125
1.73469969
5.45280031
13.32812500
0.78125000
12.38671875
13.30891844
7.09342531
0.59667969
5.02734375
0.33227539
0.09906006
0.08312988
4.53938221
2.19108654
6.50781250
5.51171875
5.97554192
7.81543218
2.47753906
4.04703859
8.94628906
17.43750000
6.41829344
2.31346909
5.69256723
2.35742188
17.32812500
6.44140625
5.28320312
3.03612035
4.70997340
5.21875000
2.05826408
15.79736702
0.29300902
2.62076906
6.98632812
4.56250000
7.85644282
4.07617437
4.55468750
13.69531250
1.92480469
0.31542969
10.82275266
2.88818484
5.11393063
8.92122562
6.82031250
12.57031250
3.74837157
4.51530031
6.98119681
7.47656250
0.20483835
6.54899047
5.70100953
10.42187500
2.96071365
0.44968674
2.41650391
14.73828125
14.54900360
5.59016844
14.51920656
8.91992188
13.16406250
1.44020584
9.96179577
13.72071808
2.12018447
6.83618214
14.25781250
8.23437500
2.50195312
14.82031250
1.81883430
6.93750000
1.14550781
14.43391844
5.99771720
14.53809092
13.63500977
1.59667969
5.86783688
2.15560062
1.71875000
4.17871094
9.18359375
6.92187500
1.17285156
4.53898252
3.32049977
11.86718750
4.42626953
5.05444336
12.98437500
2.28125000
0.85465329
5.10579593
7.13085938
3.44681793
1.41646332
1.89973377
0.64819409
1.41072508
8.54687500
7.74967531
2.66698970
1.98926030
7.73893063
2.79427249
14.36861897
5.60546875
9.70312500
6.38346188
1.25911624
1.42610594
5.17578125
1.98209718
3.70507812
1.23580273
2.82260028
1.99316406
11.04329344
7.88866689
4.96647717
2.14648438
1.40496826
1.59179688
6.71093750
3.07421875
0.18786621
12.52343750
7.07421875
3.00483008
4.60271387
0.62451172
8.87833555
0.22908632
18.99283688
0.63265140
2.76953125
4.83649635
14.81250000
4.51171875
6.94531250
6.49103613
0.61736231
3.25781250
15.38704344
11.59733156
0.00234222
10.35579344
0.29911379
10.16406250
3.34765625
2.32421875
3.16666501
2.18294437
2.28515625
11.61555408
1.51530529
0.87695312
6.98535156
9.11718252
17.19759281
6.55371343
1.98014406
5.91601064
7.75879405
12.50000000
6.44046654
2.21236550
3.62402344
4.35579344
6.24967531
11.24641844
5.85514406
1.48079344
6.28222407
2.11621343
1.64518312
2.15522003
8.46581782
2.14403857
5.31375621
6.75781250
1.27929688
6.69531250
3.77929688
5.20312500
5.71093750
1.31640625
5.35774657
0.18033688
3.06575687
6.31250000
7.71093750
19.18554189
6.13297983
2.04020141
15.46842531
3.99609375
2.82063719
7.83951906
7.89094969
15.12768617
0.65991149
5.01139406
7.82128657
2.77278812
1.99609375
4.65592531
16.11425532
15.65918218
5.94921875
0.17883301
3.51367188
14.29329344
22.94075189
1.47526374
3.88053468
5.39453125
3.51367188
17.14615470
4.83431405
6.46484375
16.91406250
14.66259766
0.92854735
8.16145501
0.85775155
1.45996094
8.72364132
24.81250000
7.92289339
2.76957246
7.43359375
15.52766844
1.17643312
7.66308594
11.84977172
3.22638022
12.37403590
12.75098404
5.22867797
1.01741578
22.27921321
0.20418523
0.84472656
17.34536348
1.15268339
10.02113476
3.61949024
7.32031250
8.65266844
8.76692376
3.37532967
3.33088860
3.21549811
5.53189938
0.08905029
8.46810062
1.56542969
5.75132942
5.82031250
3.34765625
3.75931793
0.33150238
6.21809220
2.22460938
3.71093750
7.32910156
10.96875000
4.01953125
6.67822266
11.97656250
12.31640625
3.24023438
2.90820312
3.75390625
4.93423462
0.89892578
1.83984375
9.75781250
10.69140625
7.26562500
8.59375000
6.28906250
6.85270016
13.99422367
2.73828125
12.91829344
14.80826906
1.99348875
1.76530031
6.09375000
9.69302970
32.51845250
10.50352389
23.89335994
10.80844636
2.98357823
0.94238281
22.33072751
8.03060062
3.60742188
7.20312500
4.18750000
3.99023438
3.51367188
1.49761200
2.33593750
0.30444336
5.73437500
11.68570922
4.51383422
1.93131593
1.23730469
19.28141235
1.66202820
2.29191101
6.63281250
0.00147057
7.91730940
11.23894060
0.74721050
0.12658691
11.21190160
2.58204122
4.26465093
11.41406250
3.11718750
2.40039062
7.94726064
4.63086436
6.71093750
0.13952131
0.52392703
6.88671875
3.07617188
3.12500000
3.29198471
4.02832779
5.06379876
5.08073249
13.43130098
1.96323027
10.19531250
3.87727782
3.86686281
3.74414062
1.83203125
3.54687500
1.79264157
11.00358156
2.67350343
19.55077128
3.92351091
4.60091312
3.96093750
14.00781250
3.69726562
8.99218750
0.06396484
6.40234375
3.59179688
3.93227196
0.58798123
4.50765514
2.49609375
7.08984375
0.18094008
1.50032718
1.08984375
3.86262689
1.78971686
11.33430408
1.04655529
0.05120850
6.74430297
1.27383402
2.20671653
8.48437500
0.99055907
2.10319093
4.94563719
15.63671875
6.98828125
9.31608156
5.11328125
6.88281250
7.12500000
11.44173094
12.30572084
0.05313110
1.58203125
4.01171875
0.15405273
3.28906250
11.50781250
1.42333984
6.99218750
0.17976805
1.23339844
6.62858156
6.36930297
0.56917359
3.07617188
4.87141844
4.33561281
11.83072252
5.82064467
12.04687500
0.76513672
6.28515625
3.75585938
0.12711547
1.72054078
0.00105381
1.35253906
10.91406250
9.95914672
1.50179078
2.22265625
8.89664672
3.59228391
1.59603031
2.64648438
6.28401485
9.47412234
14.52847518
4.20557513
12.46337891
2.21370235
0.17716679
2.85724084
19.61395057
6.35546875
3.16634032
7.24576906
10.75195312
17.95605469
6.73860594
2.48209718
5.74316157
3.61426030
10.16829344
3.14420656
8.34439938
2.98958499
4.22656250
3.41487423
7.43473515
18.50617908
8.29915780
1.65331284
3.25424091
2.01367188
4.82974347
3.62533466
11.78579566
6.05844262
7.38313719
16.59016844
8.31185062
1.07812500
0.00508118
0.05935669
0.02432251
8.44531250
10.32031250
15.56250000
5.94986813
12.25130374
6.77376219
11.05045656
14.10156250
7.71484375
9.01562500
2.30664062
13.34375000
8.20312500
1.16243407
4.91373781
6.59765625
5.66014628
7.33985372
1.83691406
10.29230940
3.01237810
11.90234375
9.51367188
2.37369626
-0.08884518
0.54255845
11.20117686
1.00976562
9.33593750
0.91877923
4.24153314
3.52083998
0.66308594
0.30110594
1.69319703
2.45491578
7.79899047
0.69173219
0.68147703
2.19889406
0.92919922
2.72656250
0.63354368
9.63818484
9.94531250
3.50032469
4.94498781
0.03439331
4.61539672
1.33398064
4.11556405
11.13946533
2.56607658
5.10775155
1.96289062
13.76985594
4.71972407
5.90495124
4.45279782
4.79231937
3.21549313
3.73958499
14.51336670
0.10815430
4.37500000
1.63574219
3.10546875
9.36132812
4.31673094
4.16373781
10.62500000
2.70263672
2.88867188
8.54329344
0.31461672
5.92187500
5.33626219
0.15739015
17.99641844
8.64420656
5.68782469
2.87467531
5.42578125
2.56640625
6.33300781
3.39843750
11.61230469
9.79687500
5.90234375
2.91601562
1.30484985
3.17203735
1.61002687
6.19531250
8.00000000
0.67643188
17.20491578
0.03875732
3.91992188
4.30468750
2.06966063
1.09830812
5.26562500
5.49316157
6.27636968
0.82714844
1.73297949
4.02458887
5.58593750
1.94140625
0.00107288
1.34716797
15.34000610
0.14546754
2.01562500
1.16747798
6.16699468
1.02441406
11.01985594
1.15397218
1.29394531
10.69531250
6.21048981
0.22578949
2.48437500
4.83593750
5.51562500
8.45019282
1.68652593
4.57031250
5.55859375
4.97265625
1.58593750
3.39062500
5.72656250
1.89518063
4.14388187
3.93945312
3.72409991
5.15480385
3.88216312
0.14929199
1.23600343
1.05957031
3.69140625
11.11360594
4.03073203
0.53116883
2.78483156
3.15039062
13.92187500
0.02169800
0.04037476
6.94140625
0.10934874
3.49967531
0.16442871
0.01838684
1.29394531
1.23851791
3.17904310
4.37858156
0.42944336
7.96484375
4.68750000
3.87109375
3.21875000
4.92968750
3.08203125
5.81640625
3.39549535
2.32130152
12.04687500
0.36108398
2.70344969
2.42155031
8.74414062
2.10969969
9.74641844
6.58919437
11.41406250
0.08740234
1.77636719
3.41242908
1.79850842
16.06493360
0.41774767
2.00000000
11.50964355
0.18286133
4.08984375
0.65103751
2.25618905
10.85937500
1.85562985
10.05838864
1.29785405
6.35579344
0.65364749
3.37890625
11.77929688
6.62109375
2.76562500
1.68766235
7.32600953
14.10156250
8.60644531
0.06811523
1.99625610
2.03304078
1.11914062
2.20117188
0.03004456
14.15283203
10.38281250
13.74386597
4.57421875
1.05452391
1.74967531
2.03906250
13.62988281
4.70312500
2.37500000
1.55078125
8.83235594
4.77734375
6.78483156
6.38475067
2.78712433
2.99023438
0.38199704
4.71419437
10.30891844
3.44108156
3.15820312
10.65570034
1.36729942
0.15885375
0.44588258
5.82844969
2.84342531
3.17903314
6.96452155
4.11718750
0.13425658
0.19746949
11.71093750
15.34003874
9.25781250
0.62809328
4.26204344
7.00358156
9.02539062
7.80110594
3.44694093
15.52343750
8.31673094
8.89420656
4.10937500
1.73046875
11.96711658
3.52897717
1.06835938
0.86669922
1.75730038
5.60937500
11.35847961
0.33512391
7.05468750
5.30956782
3.48535405
0.90429688
15.95540282
5.76139406
10.14664672
3.90348017
6.70182624
9.92187500
3.71479034
8.36718750
6.87369750
17.73713985
5.51074468
9.32812500
7.15689938
0.09383304
6.61896515
6.63281250
4.32202148
10.87402344
4.14062500
15.02343750
8.20312500
2.56640625
14.97298094
0.91959718
5.41748047
5.35546875
4.23828125
1.94726562
7.56250000
3.40039062
6.97656250
10.12923094
9.33593750
1.65787594
0.44531499
1.24023438
3.57617188
0.52539062
32.71500397
18.24055408
11.52897717
8.48152150
7.78312694
6.15234375
0.75732422
3.60156250
12.18750000
2.75781250
12.35546875
4.76562500
1.93164062
20.19415709
7.97427970
7.49447030
4.17155031
1.82421875
4.81205231
1.38033051
3.32812500
12.43456782
5.75325687
6.24967531
5.66739805
5.49666445
0.20483398
0.13952637
2.46289062
1.17984860
0.43123414
0.39990359
7.15625000
1.63964844
13.24641844
0.50479977
0.18164312
13.44748671
6.28688829
2.90665436
7.37206782
4.17090093
15.82111924
13.81950576
5.50781250
6.96126219
0.90787843
15.03254876
2.90461658
3.67644060
14.22493318
13.07454344
21.59928468
9.32812500
0.03103638
3.91601562
5.44433594
5.60546875
1.87825438
1.48600343
15.95939636
2.29492188
8.54687500
1.95117188
5.07321976
6.49513962
2.41406250
9.51562500
8.15396969
19.72200687
1.22037594
7.23763187
2.06087157
1.80338625
9.48437500
0.45222899
1.00358156
1.90625000
2.58365470
1.40006843
7.90201906
0.42553711
5.24902344
8.22656250
7.37500000
8.65266844
1.15104250
5.16275377
9.86369459
0.89713562
0.66455078
10.45312500
3.12125610
13.96272828
14.94746046
0.09934396
8.01562500
1.33105469
11.58593750
7.71108489
7.88657136
9.50000000
5.98502438
5.15169437
4.96126219
13.25781250
7.16406250
10.07389406
0.56526360
0.27799811
10.36718750
10.36718750
8.40625000
6.64257812
2.86946532
3.69889406
5.25390625
14.37923094
12.37500000
12.09342531
5.90689938
0.97330812
3.56217531
4.60156250
5.85156250
4.17968750
4.65657469
4.06217531
12.46516844
1.56803468
1.72638894
7.33562278
7.43359375
2.75390625
1.82714844
12.47477172
1.72281860
4.05045656
6.42496454
0.76741827
5.48404782
3.44075687
8.69531250
8.53906250
3.33593750
4.72607048
2.28369514
2.37239002
3.40788342
2.72265625
11.23079344
8.33170656
3.94531250
21.28157469
11.69562722
20.61295656
11.04297872
8.86848875
5.99153812
2.89648438
8.01562500
1.39941406
14.81428455
19.50944592
1.75000000
1.35156250
3.55207503
6.41472185
2.99055907
7.25358156
0.04443359
8.40625000
14.69954344
1.50585938
10.51896055
1.50740664
12.16422609
1.18457031
1.92480469
8.25781250
3.60384032
0.34904054
4.43359375
1.73958250
14.23437500
5.26542465
9.43814938
-0.08268063
7.75493622
0.40851116
2.47119141
6.58235594
9.62076906
6.91015625
1.89062500
2.54915282
2.26139406
0.06939697
14.94433594
13.28119727
10.75315431
3.51953125
7.03727172
8.74397828
2.10546875
1.31477782
3.30826906
3.17187500
12.65625000
5.34960938
2.84375000
2.89430740
3.61903729
10.80826906
2.92740968
8.81835938
1.41308594
1.40287262
6.46529144
4.90234375
12.19173094
2.33756593
1.97851562
1.26464844
2.44531250
11.58103724
0.98146276
13.25390625
3.88419430
4.59700687
11.74218750
1.03775876
6.47981937
2.85937500
5.81461547
3.65511109
7.14453125
2.93585910
-0.12433567
11.65625000
12.01692376
9.35807624
0.15246582
9.39908688
5.17513187
7.63671875
5.49430297
0.97859742
1.51562500
7.76562500
0.61560059
2.85546875
15.03548094
6.05436281
2.90039062
5.75781250
1.74023438
15.37027704
21.36790310
4.71608377
3.01578735
2.17830476
0.80318207
11.24641844
1.66764406
12.85156250
5.09871399
6.63468922
2.97851562
8.95507812
5.28515625
4.07812500
1.64550781
3.41829344
3.29655031
18.67578125
4.83854001
19.50765140
2.50922298
0.12437674
9.94889406
4.11782122
4.64501455
6.84603093
2.58007812
0.24662106
4.61328125
1.43978031
3.94946289
5.98697751
3.95280031
9.15397218
9.11360594
2.55546144
3.01204344
7.81608156
4.67578125
0.00386047
0.91991938
5.37825687
7.42936281
10.98274158
2.25944592
4.40234375
3.26239002
4.06703124
4.03678967
4.98079344
0.16349367
0.47265625
1.96104431
9.87109375
3.26822252
11.60677748
6.61718750
3.72265625
1.13590453
0.68977906
1.92187500
2.53125000
3.66666501
1.92903812
17.42317376
5.45426640
0.25293093
5.50812722
1.76281291
0.35267557
5.94108156
4.08984375
10.56070922
0.58740234
0.34456422
7.81673094
5.61071808
0.21610566
0.63476562
3.41730940
3.03776872
5.42578125
8.69954344
6.13639406
1.45800781
5.77555297
3.65218140
0.94270750
2.75011591
1.39160156
1.77929688
1.14770508
0.31469727
4.55435284
1.99447528
1.79394531
1.89453125
5.47265625
4.59765625
2.87304688
4.21939938
6.04834109
3.24397828
8.22069814
12.68814938
9.88021498
1.02246094
4.94531250
4.59954289
0.42291805
3.84407469
3.08463625
3.59570312
3.51432126
8.93685062
0.57617188
18.37629876
3.14713874
4.53515625
0.64794922
6.41227172
7.63543107
5.26953125
13.91601064
0.10645030
16.05842642
14.03922983
5.24218750
1.57226562
6.13704344
2.96061281
1.10742188
8.86521942
2.50245636
1.16699219
5.12500000
8.34375000
1.28906250
13.01985594
13.60579344
1.15267093
8.78125000
3.05078125
9.32454344
3.62516359
8.89908688
13.33528812
0.40917969
11.37988032
1.42871343
0.77597237
0.58493688
2.08984873
2.11523438
1.45735594
3.38280253
4.23226950
0.72395875
6.97656250
1.32812500
6.86328125
1.18722788
1.78184681
5.69531250
7.01530031
8.81867908
2.87077404
1.79199219
3.12988281
2.75585938
3.11328125
0.33654536
0.99251468
10.83203125
8.25781250
1.39941406
2.78873781
11.86783688
3.66870179
0.08968203
7.13572474
1.44825963
9.92726135
2.35937500
3.58203125
8.82812500
0.12866211
4.50781250
11.75423094
4.79264406
2.62304688
10.82812500
1.55273438
6.51953125
3.64257812
0.00606918
4.06640625
7.59634752
1.27376967
1.83120494
9.47266622
1.21972656
1.75585938
10.71875000
3.66015625
1.97851313
1.79004155
10.97656250
2.83203125
1.49584961
4.54117797
1.56429078
10.82812500
1.77929688
1.63281250
5.42821144
2.54249168
1.38671875
5.02270508
6.58299303
0.04940605
5.55859375
11.44531250
4.53613281
13.02766844
9.57975343
1.54833984
2.94039965
0.19678204
8.69889406
5.25179078
0.07765748
2.71679688
7.92479721
4.06836685
2.04817625
7.37858156
0.32779782
3.03841312
15.52766844
10.46647218
7.89453125
4.32421875
3.06445312
2.46484375
3.21484375
8.17089096
5.23145279
1.70756012
0.58532559
0.08089359
2.99256897
3.15087891
5.37609863
0.23810475
7.68294437
6.15234375
6.48828125
0.00658035
10.39843750
2.67773438
12.33300532
2.07715093
0.22875977
3.68359375
1.02278563
7.42155031
6.19400377
9.27865248
6.98160766
1.89729859
1.06347656
4.24072141
8.22086547
6.83138187
6.15337181
2.76267589
2.40253102
1.72688719
3.18326906
3.27343750
6.58984375
2.72851562
7.70312500
0.02012634
0.00646210
0.10451933
1.43326906
1.84179688
6.05859375
2.52408688
7.26888187
1.90039062
2.18587157
4.24576906
2.05289672
1.91210439
0.55062389
7.88281250
3.01757812
8.33869238
9.44255762
13.58926876
4.00057499
1.57519531
10.12500000
13.09619016
5.69287234
1.74121094
0.59607948
15.14382896
6.25960328
6.86393063
5.91796875
5.67936281
15.12394289
1.76529533
0.56380624
1.39843750
11.68195036
3.21323027
3.23567874
11.43750000
1.71777344
1.31414795
13.68268713
17.56758753
11.34375000
1.12792969
2.21679688
16.59863032
2.05989500
8.17838874
3.03515625
11.60845947
9.35498047
6.23828125
10.27164672
5.89632203
6.48892066
2.50717309
8.61785364
13.18660461
0.21610440
2.70013472
3.64811281
14.49218750
7.68570922
-0.02251647
1.77343750
2.88899657
3.86686281
5.08805297
2.00551848
3.45867464
7.23437500
1.08007812
0.38891602
0.53662109
1.35761453
3.07422872
8.32389406
8.84993407
4.31412843
2.65039062
8.15234375
11.67879211
3.58292664
4.83039783
1.48991467
2.23828125
1.96289062
2.01253172
0.54101064
15.50586436
7.24609375
2.54296875
12.69173094
1.98014406
1.78125000
9.83121454
8.61832890
9.73014406
5.84375000
2.80077128
0.69043966
1.56933594
3.47656250
1.46638665
3.07487311
5.61328125
11.17187500
2.60546875
3.79329344
3.88639406
11.71093750
0.87158203
2.12304688
6.64843750
0.10850006
2.07466644
10.00154477
0.35587710
7.07852312
0.68213264
12.08886719
2.97851562
12.63281250
2.72851562
0.76708984
1.38346188
3.30794437
7.58056516
1.28580812
2.06038453
1.62244344
9.53906250
2.53906250
6.69531250
0.25122070
11.10416002
0.09798842
4.39893870
7.52735372
4.23046875
7.34285461
4.19620789
6.84765625
0.13108276
1.60970094
1.11132812
10.71093750
1.53320312
10.09861038
5.76857712
0.23596191
2.89648438
0.09588623
7.41015625
1.55980947
2.55664561
11.48860594
6.25358156
8.66406250
7.51953125
9.88281250
13.43044545
5.33008311
9.30468750
4.46093252
11.17773936
3.24414062
0.00218391
17.89941406
8.49039672
1.61897828
1.61035156
9.68750000
5.51562500
3.06250000
0.03311157
1.75097656
2.12792969
15.25781250
9.04201186
0.29734361
2.71484375
7.53369016
4.52490359
1.33398438
4.50000000
6.75707447
0.12915600
7.21484375
8.36718750
5.64257314
3.68945811
5.09375000
1.61685533
7.70077162
4.41796875
16.20312500
3.21484375
1.77962157
4.35514406
12.27343750
1.54101562
2.09570312
7.61328125
1.61848875
1.34928468
9.04752438
5.85091312
8.28906250
10.96875000
2.34375000
4.34375000
0.66699219
4.13707624
1.78955950
6.20913675
1.45492575
1.35546875
11.21875000
3.15188110
0.28171265
2.13281250
3.89721181
6.93164561
1.93164062
0.25488281
1.87109375
9.10156250
6.69986813
8.10872562
0.34403317
11.80403812
1.94531250
9.00000000
13.24641844
1.29231688
0.79671390
6.88671875
6.33966064
14.38281250
4.68750000
3.69173094
16.92545656
0.54833984
4.71875000
2.62499502
1.33887217
5.67968750
4.05078125
2.50195312
0.01110840
0.40112305
0.02445984
4.24218750
7.25390625
4.79198970
14.00889690
10.94531250
9.99772218
4.05322266
2.87304688
1.88671875
7.04377549
5.12809951
3.26594969
1.61783937
7.12500000
0.71484375
0.98258422
0.59016969
0.52197266
2.99674313
10.77782580
2.10433732
4.08984375
8.10937500
8.34720856
12.46659021
12.88932624
1.83007812
1.22851562
10.81542969
1.00390625
16.37760251
2.78450687
9.21516844
1.94238032
3.31738530
9.28483156
12.73860594
11.83593750
1.28092531
0.02008057
2.34765625
1.00488281
5.89965758
1.61686094
3.85481937
18.58551419
3.82073581
1.19075438
4.35514406
6.40266844
9.03483156
3.18750000
6.46484375
5.52465758
0.56420961
1.37207031
11.03125000
5.32421875
1.57128906
11.89733887
6.28051758
6.64453125
4.27018063
6.54158695
7.62109375
0.17199707
5.13354492
3.36131816
0.92188497
11.66144504
2.55730496
11.67845745
3.66724567
3.80468750
2.70149657
3.13248781
2.51562500
5.53906250
0.42765133
2.41927249
8.11328125
8.41406250
1.81738281
5.99218750
1.64550781
5.15135473
49.58497340
4.91406250
3.64257812
5.17578125
18.45053482
13.04882314
4.22655253
6.79884308
1.65820312
11.64062500
1.81152344
2.71760985
21.04459220
3.28597265
20.13496233
10.06738032
11.25586685
4.62760749
7.76594969
9.45889459
2.94759530
5.33593750
3.82421875
4.87109375
5.16406250
1.35058594
11.74218750
2.11653314
6.17519431
6.71612533
8.95914672
7.23567376
4.52572030
2.19726562
10.95442625
12.94563719
3.22591312
7.76562500
13.47452927
3.64062500
2.50195312
7.74217953
2.49327599
16.80297279
5.77311032
3.58333499
5.89094969
1.51627687
0.83349609
11.23860594
23.48405031
9.67187500
3.03710938
14.36611814
0.75244265
1.51529782
4.88037234
0.68099000
7.55045407
6.55763919
3.54687500
11.98437500
2.32031250
0.76904297
2.68228004
0.88021996
8.52608153
5.96061281
1.46679688
11.10180664
6.05767822
2.07421875
10.01985594
5.85514406
11.70117188
3.06835938
7.26594969
44.68717531
3.94805908
3.59570312
10.76204344
4.30468750
16.12882445
2.72428468
13.06135860
11.16717779
2.35351562
7.91406250
1.80761719
3.35546875
6.20507812
5.34977172
0.46663453
4.42578125
15.51269282
6.36197252
1.51791278
0.92187500
12.43750000
13.96623318
10.26497562
4.18750000
9.37988032
2.20117188
3.62189052
3.97869791
1.85937500
22.30969238
9.61523438
2.92968750
8.15266844
13.67187500
3.67936281
4.15234375
21.02945922
3.91975953
10.12564938
5.33138187
6.98079344
1.11588625
9.14973626
20.38216312
2.89974124
11.05468750
2.19531250
12.26887938
11.76920656
2.54134032
13.86002438
6.89746343
1.04199219
10.00266105
3.96322030
0.97070312
9.14484597
10.46322030
9.65007092
1.62174562
5.98046875
4.89843750
3.43750000
15.88183594
5.35188719
1.20182375
0.93896484
4.32031250
5.75911375
7.32519282
8.26823249
14.21044922
2.62890625
7.40966797
6.84455799
3.48600842
3.18391844
8.43326906
13.51879545
1.20084718
6.04117797
3.87695312
1.31136109
7.42366329
2.31852172
2.41211187
4.89453125
5.65722407
8.26985594
5.69824468
15.32812500
10.73925532
3.46647468
8.14062500
3.54101562
10.66536126
2.85155004
2.11883089
5.70312500
8.82812500
7.03125000
9.17478724
2.90724401
6.74182129
19.44335938
7.30468750
2.60937500
3.99023438
5.14062500
15.94335938
2.57226562
11.93750000
16.34277344
2.37890625
6.80078125
16.15136470
3.29556627
3.94955341
12.16048094
8.08691406
2.76920656
9.45415159
9.29264406
11.56640625
8.55468750
0.71337891
3.39518063
14.15819814
4.56380873
0.44458008
11.82031250
8.89191379
3.45574246
2.06250000
12.27734375
11.37228438
10.91666750
2.65234375
9.92317625
6.14241578
1.04475953
8.62500000
4.87890625
1.46972656
6.08691406
19.52030808
11.16190856
17.24422180
0.46354187
0.67041016
16.67608643
1.85839844
3.92187500
7.41014628
2.25391622
8.68994141
2.77148438
13.97427970
8.67631354
3.52360109
3.71093750
9.14062500
8.95413810
1.98275155
5.03906250
4.55078125
11.84137855
10.15862145
5.49609375
9.55468750
4.64593506
2.27343750
7.58984375
1.22183580
1.81380873
7.90657469
2.45865968
5.12710550
15.27377216
2.64184695
1.25976562
5.63671875
11.91227172
3.96695922
3.93326906
2.85937500
6.36328125
8.33593750
5.64876219
8.98462260
1.57033244
2.06054688
9.46288564
2.59766123
3.33886719
2.78320312
1.91601562
13.96109486
1.22249889
2.40234375
12.10579344
2.54655031
5.56250000
5.43359375
13.35546875
7.49609375
1.11425781
28.46581782
7.39979500
5.13650265
13.88460328
0.08172607
5.08723626
9.49870124
21.53417720
14.86603502
6.04231937
0.44775391
3.12434564
10.89713874
14.68814938
11.89827640
11.89973626
2.05338874
6.57161375
4.21842531
1.99609375
17.12286377
1.29882812
0.39916992
8.33085632
0.79052734
0.36132812
10.90625000
0.83349609
0.37060547
6.37451172
2.98046875
1.32031250
0.97509766
10.12025710
21.95129562
5.48795656
1.62695312
6.82983398
14.38281250
11.58984375
7.94531250
10.81250000
9.52124023
9.86539672
2.01350953
1.71028563
15.07079653
6.17252438
0.80306156
12.44531250
12.45735594
8.60057846
5.64160904
3.36490968
11.21516844
13.34554078
2.18343140
2.00878906
12.71875000
7.09375000
4.60156250
13.58691406
1.10644531
9.27343750
6.42578125
0.07940674
10.35742188
6.17610594
11.18750000
12.59733156
0.46069336
19.20881206
15.68653216
6.69008755
6.73146276
0.78906250
7.51236813
8.17888462
0.24911209
12.03027344
5.71581782
1.50586187
2.92578125
4.16503657
6.17480718
2.30907829
8.99756233
4.53906250
7.83235594
0.61344484
6.15527344
5.17219969
4.24967531
12.70133422
0.17940308
12.79882812
1.43457031
7.19140625
16.89453125
6.86930297
0.21443726
12.77701657
7.03483156
7.44889406
1.48632563
8.07324468
3.21484375
8.24218750
6.89843750
8.97833252
1.77709961
2.34375000
4.30859375
13.58984375
4.70703125
12.75585938
4.02734375
21.36718750
16.40625000
3.07617188
4.50390625
6.60936503
2.19141622
0.97656250
11.53857422
14.86718750
0.81982422
16.44921875
7.11279297
9.94531250
4.41796875
4.31250000
0.60357168
4.87305186
5.29719969
13.90413453
13.56136109
15.37500000
6.02343750
14.53906250
9.69531250
5.69140625
9.89908688
9.00716312
17.10688444
5.03873781
1.42089844
13.70312500
8.49706782
0.70068609
6.21484375
12.93553192
0.43360870
11.99296995
5.47233156
13.01952128
13.47852559
9.04687500
3.04296875
11.12988032
1.88379155
2.27929688
8.76887190
0.52409685
3.91015625
1.45996094
5.24609375
7.23226166
0.21427398
3.02388519
23.48030142
4.75797983
2.76818848
9.41145501
2.82682624
11.67968750
4.44140625
1.71289062
6.92578125
5.80402815
2.02019060
2.39843750
12.99804688
11.28125000
6.57226562
2.53417969
6.94954344
0.85856203
0.90820312
5.55988254
15.39543972
14.81835938
7.78125000
3.50781250
6.96484375
4.27831782
1.48242437
7.87890625
9.63409424
0.95581055
3.30304074
8.30468750
6.82454344
2.33062951
2.61362588
1.81933594
11.72656250
4.57421875
2.63085938
7.80078125
0.26342773
16.80664062
2.24804688
8.74283688
9.54394282
7.72298592
9.88281250
3.85937500
11.09432125
18.65343769
6.82845966
3.33398438
0.09680176
15.10775948
10.66227172
1.34456422
12.87923094
26.19814606
1.61207612
1.79882812
14.58121454
1.28450812
5.11718750
6.20312500
0.95458984
8.06900377
2.85482435
5.92317376
5.69523444
5.04687500
9.74055907
2.06998781
8.53417969
12.11539672
8.21272828
13.17285156
6.20312500
4.93750000
4.22656250
2.91015625
8.27408688
10.11148922
14.02213874
0.87841797
6.07142399
10.27916195
8.00064938
2.97005374
4.20312500
6.98729721
3.21973404
11.13281250
5.43359375
1.95312500
14.37922596
6.03678967
19.95898438
6.11718750
11.61523438
3.22265625
9.96093750
1.23730469
14.09798094
0.58727529
2.50553967
26.90197754
8.35156250
1.74414062
16.09375000
5.50781250
1.91015625
11.96223626
6.99870124
9.71516844
8.93033688
10.94531250
3.20996343
12.12792720
0.51269780
16.87141844
5.48940271
1.13559729
10.84244875
10.93342642
0.36198374
14.05240470
8.91845080
9.47543356
6.31250000
6.22265625
1.57128906
10.74218750
0.48632812
1.82714844
11.55225035
0.46696047
2.98632812
4.71435547
2.81054688
1.67187500
16.29036375
15.16406250
7.86686281
0.62776610
7.11758041
1.76237062
10.22477172
8.10156250
3.32502549
1.88965591
5.41601562
4.94531250
1.22753906
0.02204895
3.80078125
2.61083984
15.07812500
0.76025391
13.12923094
5.14159907
3.41276374
1.04980469
9.16967773
5.35546875
7.14062500
13.06124878
5.12923094
9.86295656
2.44759032
7.06217531
14.08007812
9.92187500
12.83203125
3.89078735
0.69620789
6.35278258
3.55924313
0.80078374
5.43088266
1.43646719
3.31038453
5.22330563
4.44832523
12.10742188
6.86328125
10.93750000
14.14843750
8.03580563
5.83919437
21.77484131
0.36067376
3.14713874
17.74413564
0.44434092
2.11328125
17.63867188
4.59375000
7.69140625
14.95735594
3.02929688
4.44954344
7.28841312
5.42187500
4.31445312
6.57031250
18.03189938
13.56266741
4.92155031
10.91761017
5.16617797
4.90413453
13.66406250
8.58104721
7.22005873
9.19710328
2.91390015
12.42233586
0.03433228
1.44824219
8.58593750
6.51009032
20.10546875
12.12923094
15.61977298
1.78222656
12.74234112
13.15479388
7.86539672
8.48600343
16.04687500
6.27376219
10.15906862
0.88525391
4.97101286
1.06414339
9.83504211
0.55704773
8.03367022
2.24757978
19.89453125
10.15266844
6.58382203
0.60921265
6.61652815
0.88640154
11.81250000
5.50781250
10.19173094
2.57671182
0.71300255
4.54475828
5.44498781
3.94140625
8.78971188
7.17513187
7.02083001
6.01465093
7.06022218
11.44905516
2.06803468
12.64550532
3.56933843
8.27668939
2.64518561
5.41015625
9.12109375
5.60969969
2.45475343
8.16080563
2.00716312
1.03222656
14.72631836
10.73067044
0.12650730
8.89062500
11.18163564
11.78971188
9.98519046
13.21875000
16.82324468
12.35449468
0.70166016
24.23925781
10.98632314
7.08008311
1.39746094
4.55078125
9.35937500
1.30761719
17.51594969
5.01350953
0.64241578
13.90625000
0.23742676
1.05273438
7.53493162
48.85530640
4.35725953
11.62840426
6.59815824
3.06250000
14.05240470
7.86361092
2.48242188
10.22656250
1.76074219
8.72656250
2.31835938
12.19596188
3.52474124
0.75390625
18.13281250
8.21808068
14.87208776
5.57169679
3.45507812
10.92968750
0.77929688
9.93765736
3.57796764
7.01171875
1.62890625
13.97656250
8.12141844
13.99576906
12.94756734
3.09720856
2.26607269
8.97232159
18.28841312
6.74707779
0.27807617
10.65201657
1.89786867
3.06803468
14.61539672
3.72249390
23.30679300
10.26351950
7.05468750
5.08984375
1.05273438
2.48762190
3.33269060
14.27115719
12.39030031
2.51139406
8.33593750
6.80208001
2.36198249
1.83691406
9.61750222
1.25163840
7.98925532
4.08333001
15.23796154
11.80891844
2.29264406
8.22298094
1.06119875
5.62890625
13.33609486
3.57796764
12.60847961
0.97403992
10.65266844
3.58756593
1.28417969
21.48583984
8.45637938
2.93912843
8.98437500
6.14843750
9.73860594
1.61002687
14.37001038
6.03775377
4.21224623
27.48437500
5.78222656
2.00000000
9.83593750
0.29980469
1.20490706
0.89909685
12.97492908
1.13835217
4.23453735
8.67366578
17.10424805
0.31494141
6.76318359
0.42504883
5.96875000
7.22344971
4.18098626
2.33268561
3.36945535
6.30111591
6.04622562
3.90820312
0.95166016
1.22395750
1.75846437
11.36360594
2.73795656
21.59157303
1.10862228
16.11750970
1.39062749
7.57031250
8.79329344
0.79476078
1.69042969
10.66796875
6.55891844
7.19498781
7.57031250
0.09863281
5.39664672
2.75374390
6.82063719
0.17325929
5.27343750
14.08658688
14.55126330
8.98583112
3.76303745
11.15625000
9.82096188
6.13216312
7.12108994
3.18750000
5.30891844
2.50553468
5.49804189
1.30176280
13.48061614
1.35532136
5.86718750
2.68359375
13.73142331
2.01448734
4.41406250
2.78743407
1.42057375
9.83789062
13.49039672
3.94710328
6.06933594
2.45507812
7.67968750
1.07226562
8.83593750
3.34960938
15.00146103
1.11914062
3.14745845
1.29492437
2.71875000
7.42610594
14.20670656
2.86393063
4.91731937
1.09570312
4.46158688
11.74153812
7.79329344
7.22623781
7.79194641
2.74218750
15.64726120
1.71919769
7.03831321
2.03939217
7.41796875
0.56494141
0.94970703
4.49218750
8.42610594
7.80153370
14.96018505
3.28320312
20.45881206
12.61264059
2.41406250
3.48828125
1.21842282
15.45392950
5.49218750
8.12564938
1.93685062
16.21011581
2.82308732
3.96093750
7.31640625
3.06542969
2.90039062
6.95019282
4.10840093
10.33235594
3.08772828
1.95393922
21.46516844
10.12788920
2.77312278
9.66227172
6.26741578
13.83141841
4.76855718
5.27555297
0.96956422
3.73925781
2.34179688
8.04687500
1.94824219
2.74913406
2.40429688
0.65966797
6.80859375
0.02545166
0.27197266
4.82421875
10.16406250
2.31640625
5.56250000
4.00696397
0.18786025
9.75423094
9.40331782
5.81119127
6.72266622
2.05859375
7.53548094
4.22004378
13.06593219
7.84374502
9.24870124
2.03841312
7.24511719
1.27343750
3.56673094
1.69108156
3.31640625
1.83267565
18.34373026
4.48437500
3.32226562
8.94531250
18.73242188
7.14453125
4.07940881
9.14975620
8.40657718
10.49658203
13.30012938
5.46842531
9.29036126
3.37793218
2.48600343
6.37532469
2.78287843
8.85156250
1.49023438
0.01776123
7.70703125
3.11132812
14.29150266
13.01741578
2.75748781
8.46841534
4.10970966
4.26562500
10.51562500
12.75846188
3.01204593
5.49609375
7.27734375
2.07617188
5.12402344
1.44531250
4.27343750
3.27148438
8.27408688
1.00032718
11.80598626
2.96745124
5.96301270
3.24804688
6.52180408
4.03320811
4.51530031
6.28319814
4.56478280
4.83951906
17.77764850
4.74383587
5.49641844
4.94889406
15.15234375
6.84195922
11.49397828
4.67578125
1.08105469
2.60546875
12.73258422
0.63460328
1.42480469
12.93945312
3.84375000
0.85302734
5.24609375
9.57470080
13.19873670
2.36718750
7.64461242
7.50063879
4.76677637
0.08333375
2.76562500
4.61587877
7.55990248
4.32031250
1.49609375
11.36283356
0.58247894
21.53548094
3.54101562
2.60905031
0.92431641
10.40331782
9.94123892
1.31364638
2.51953125
4.93098875
6.66959220
3.26562500
4.57227061
3.73144282
3.43847905
0.18090820
13.92187500
0.39282227
2.42967504
8.38819606
6.10937500
14.25781250
17.75259752
1.50130873
4.88671875
15.69140625
3.08203125
9.82863235
9.47900391
5.96305297
1.88265015
2.45312500
1.16699219
5.73828125
4.68750000
3.27310783
1.08659186
8.54687500
16.14811281
3.71630859
7.40819814
2.50162843
10.36947030
4.93011982
0.43072002
2.78763824
7.18013519
9.10579344
14.48524050
9.74438477
13.42642066
4.93295434
9.24055408
4.47200687
12.20540780
0.58251953
13.78356716
3.57627993
13.77142428
6.81152344
13.40266844
1.65299562
10.11811844
3.90755873
0.47916750
10.93389850
5.71453900
7.99283688
6.10481937
4.15299313
4.76888187
7.33203125
6.76562500
7.28985927
4.81170323
3.12304688
15.82096188
6.90169437
1.08251704
5.23372562
7.96451906
9.84960938
4.28254876
4.39757671
4.85937500
0.67041016
1.42187500
4.95930907
5.35530640
28.25081422
0.93896484
1.77375721
6.46257092
4.69140625
0.09524790
0.50202169
1.61055512
5.64746094
6.46484375
8.05989251
5.97624030
14.98437500
5.09570312
6.82031250
1.72070312
11.23632812
17.37413025
1.80371094
10.20507812
8.76676266
4.85091312
9.18407580
1.43115857
5.51562500
2.63476562
9.80401818
5.84832557
8.98860594
4.96061281
8.05371094
5.74641844
12.44611924
4.65511857
13.34375000
8.53548094
3.12467531
5.94213867
1.42382812
6.26239729
3.61718750
0.86083984
2.51757812
2.84570312
10.16406250
3.80078125
5.15625000
17.54752438
10.24153812
10.69531250
0.06652832
2.93554688
11.16829344
5.39030031
4.91406250
3.90039062
5.47491190
0.24774435
12.58658688
13.72200687
4.51953125
6.88281250
3.51171875
9.91666002
5.72005873
3.06250000
9.04158020
4.53938719
2.76139406
0.93066406
2.88476562
6.71875000
3.64257812
12.50781250
4.96126219
1.14127687
0.60742188
6.07421875
4.52929688
6.27734375
5.14062500
3.54492188
0.53891079
4.79264406
4.46862582
4.30859375
17.72823028
5.70145722
12.95898438
6.88281250
10.75602172
0.88069703
1.13378906
8.10253657
0.49756109
3.47656250
5.98046875
5.02343750
3.33626219
1.58658937
8.27343750
1.76953125
8.84016844
5.61734486
7.95263298
2.88868184
5.50000000
10.69905142
4.71891733
14.78906250
6.09781860
1.84749390
10.30468750
8.39062500
16.91389891
10.51920656
12.25813470
8.95182624
2.76171875
4.49397330
9.23307624
18.59366135
20.77629100
15.63541999
13.43814938
3.90950687
5.97265625
8.95377438
11.71028812
9.03548094
8.16764406
0.48437500
13.97427970
13.36165780
3.08203125
1.75781250
7.14485594
9.59375000
2.91373781
12.06720302
3.35467198
2.10156250
3.95473350
18.31675088
3.15234375
3.38476562
7.89159907
4.84813955
3.30990248
7.87893251
7.19238032
2.92708499
8.81021720
2.37500498
1.32031250
13.43750000
3.98437500
6.23437500
1.12402344
1.96144986
10.08007314
6.90170932
9.89388187
7.24300421
12.47736924
13.63639904
4.16731937
8.47167720
5.37793218
11.20849609
0.09088135
1.31542969
2.59635251
1.35091312
3.02929688
17.46516844
7.29264406
7.08471379
7.76432624
9.82287598
4.76659907
4.19433843
10.44531250
0.03890991
10.32877438
10.20833499
3.90625000
10.60156250
9.45312500
9.04687500
4.98828125
16.22354977
13.97444828
2.64062500
6.16406250
2.13085938
18.08976746
14.88704344
6.36116578
7.94286985
2.34505374
17.45528074
2.23014406
2.42773438
11.45312500
22.64582004
2.93621121
3.37890625
7.43359375
6.69310760
9.00000000
7.80379211
0.27482117
0.46187005
8.89355718
17.47623781
8.11718750
3.37564938
3.32226562
2.59700687
25.12923094
6.96061281
5.67968750
1.47265625
7.62580674
8.52417553
5.76408023
1.01464844
6.02343750
5.95537068
1.43330119
8.35821366
8.21209884
3.01171875
3.88867188
4.75781250
0.09930420
0.97216797
2.48437500
0.77551270
0.45450680
0.16463382
2.23046875
7.22298094
3.51367188
3.34537843
8.96875000
5.89062500
16.76153148
2.96893727
11.17187500
4.48437500
11.91406250
0.50653678
14.96875249
14.15266844
8.97949468
14.05500222
14.45118184
14.73014406
4.49609375
3.54752438
4.62044437
5.01562500
9.00781250
1.34235823
2.59245622
5.71093750
0.95117188
3.87109375
3.95833001
4.61979499
1.45703125
6.21093750
0.15576172
6.92382812
2.11132812
6.34716797
3.20507812
1.38964844
11.91471188
4.94075687
0.45751953
10.21939938
0.31461672
9.36881593
8.68750000
7.06250000
3.53580563
7.81575687
1.30175781
3.97656250
10.46875000
2.25227782
4.75748781
10.38899158
4.62663342
1.14648438
9.72656250
3.23828125
2.83209747
9.95753386
20.26904297
2.86100343
7.06380125
12.36182741
17.95735594
4.36596742
0.20572937
4.82421875
1.89257314
7.40430186
9.53906250
3.47688719
5.68717531
2.50195312
6.11360594
3.23990968
0.89062500
12.91829344
2.29459718
2.89062500
6.07421875
1.91992188
3.16699219
3.00000000
8.72753906
6.38313719
3.37337157
13.41341312
11.79752438
0.78353031
7.05501219
6.93228502
0.93555435
10.10156250
26.31670380
7.86751219
5.37467531
13.61718750
10.71093750
6.47656250
0.06665039
2.35384032
0.52262453
3.10546875
5.12890625
8.00781250
23.25781250
4.23779297
5.17577128
-0.05272441
6.16015625
1.84375000
0.83496094
7.13280253
2.34375997
1.36230469
10.94921875
0.86218262
11.76562500
3.85742188
6.70703125
4.00000000
3.30468750
6.62109375
4.55468750
10.38281250
7.95589110
8.32389406
7.85351562
12.58593750
0.62288328
4.91194703
1.63850953
10.64321988
4.62435062
7.04296875
0.52577243
1.72916999
2.94531250
8.43456782
5.34277593
7.53938719
10.94205812
9.73259899
2.13805988
3.37532469
7.23795656
8.98437500
3.89648438
4.10937500
12.57877438
5.03548343
2.68750000
9.68750000
25.65625000
13.27717642
1.46501108
8.70735594
6.30045656
8.22900266
2.54248171
5.72656250
10.66894531
2.63616159
1.92676280
6.60937500
8.89062500
10.87059176
1.92465480
9.14420656
8.42443817
1.74710965
11.10579344
3.49121343
9.62320922
0.53450562
5.69531250
2.35546875
1.28157220
5.55566157
3.14421154
1.81567071
0.24145819
1.79199219
3.57470703
4.47656250
5.11328125
3.75390625
9.82031250
11.29687500
3.60009766
14.36718750
10.98193359
10.64875222
2.14616965
12.46875000
9.42968750
12.72312672
7.56227081
3.77343750
9.70735594
2.04296377
14.68197030
2.50716312
11.21191406
6.71695922
1.28890015
1.62597656
7.26562500
4.26204344
0.07523683
3.02343750
5.57519282
1.34277593
3.31445312
7.76757314
17.13411874
3.92155031
6.86450195
9.91894282
6.94824468
3.81250000
16.13704344
0.86995360
10.75716312
0.01753235
7.37500000
16.04718972
6.07976340
4.82812500
7.30501219
3.83593750
7.29655031
28.96863461
9.28906250
0.13330078
4.49251219
2.56022218
10.57031250
3.25781250
19.52954102
25.87792969
6.04079178
28.51942792
12.30446287
2.02832280
9.84439938
2.26302249
1.67089844
8.19173094
13.22004876
3.54525155
1.57226562
9.41406250
3.33886719
2.72265625
8.55468750
6.65625000
8.00423094
8.45670656
3.02539062
2.83593750
1.76985594
11.69108156
18.15724468
5.78041693
0.63004640
6.13582336
1.14933289
20.58088985
9.12092642
6.73958998
14.22656250
6.00122008
2.03442445
3.79492188
6.44173094
8.66080812
5.26171875
16.21606383
0.51049867
0.01472819
2.91406250
0.52197266
6.80859375
2.26952128
7.05079122
6.67187500
9.89908688
6.83397939
2.54378920
9.37808954
6.96175421
12.61195819
3.14121564
13.39062500
5.05859375
1.29101562
14.08723626
2.44206061
12.85937500
7.42968750
1.41699219
9.82454344
2.10709718
9.60168208
1.18457280
9.80322266
13.79760742
12.89485594
1.71061281
13.57405142
1.16325327
20.74413564
5.42773936
6.95996094
16.19107907
4.09798094
10.14778812
5.47623781
3.98242188
9.33040282
6.45377438
2.32519780
9.78125000
2.21875000
4.08593750
0.00227547
18.05761470
2.19238530
5.57812500
19.57714844
7.35937500
12.38411126
3.39909186
4.70361328
11.29687500
2.41015625
11.55449530
3.27897218
14.61604610
18.41129765
7.69986813
4.10481937
15.25455563
3.92708499
2.56640625
21.03222407
8.39420656
3.06282718
1.10351562
6.53125000
4.50000000
5.19140625
4.53125000
0.50878906
4.55533688
5.12435062
7.92309508
3.39453125
1.60620179
2.66650391
8.84375000
2.39453125
12.40625000
9.49641844
1.70475343
10.49023438
2.23242188
17.13476064
7.99805186
5.68782469
17.75358156
9.00781250
5.80859375
0.04373169
5.16406250
9.67968750
7.71484375
0.00541687
6.71126219
16.15787843
4.44531250
3.13281250
21.24606384
5.21910460
7.08203125
11.44108156
7.95768063
9.60091312
0.46362305
12.89062500
12.73860594
4.40592531
11.85937500
2.78857422
8.04719969
8.29264406
0.21010252
0.04764894
12.37923094
6.53092531
1.45800781
5.22265625
12.24218750
9.40266844
1.90299313
8.33105718
10.61718750
23.50354168
8.05114582
2.66796875
12.10138520
13.97315824
9.40770612
1.89307513
3.43717531
11.24218750
0.06194518
2.65054799
5.63835217
6.30078125
6.16406250
4.60546875
2.01562500
4.29687500
2.91829344
2.28678468
12.64971908
1.39227310
9.00781250
4.53515625
20.99051666
2.88736813
11.43685062
1.30175781
8.23354832
0.29900293
6.45402039
0.25561586
8.22656250
2.52148438
2.36914062
5.21484375
0.10107422
11.09845302
1.52068760
0.82685779
4.90397717
4.54101562
6.09375000
3.73632812
4.44140625
8.46093750
3.87402344
5.17578125
7.51594969
2.38834718
12.72395750
1.59244875
14.66015625
12.54638298
1.89892952
8.83544922
6.82543883
1.93896547
11.35156250
2.51562500
13.61979001
5.56575687
2.77343750
9.97363032
3.06380374
0.15800051
0.00888824
0.03323364
3.92235565
9.35156250
6.26708984
15.35644531
2.26562500
6.52689606
4.24564606
3.12748230
2.01953125
2.41796875
3.62304688
7.55078125
0.00131702
0.38842773
6.55468750
5.01953125
22.77270508
2.06054688
9.72199690
0.15202654
0.56347656
5.62109375
9.97656250
0.42578125
0.76708984
8.93033688
5.38313968
0.63117908
4.13929869
5.71875000
5.82031250
1.53710938
15.59016844
4.54655031
1.36816406
12.44238032
1.97318761
2.59255929
8.46843528
1.06250000
6.23828125
0.59716797
6.21484375
0.44311523
2.30126953
1.03141110
2.74218750
4.40266844
0.32373296
4.03906250
0.02474976
0.68505859
1.89648438
5.10188719
3.20507563
12.01997465
0.08443948
3.20043883
0.67586242
3.84147218
7.35156250
6.76953125
13.32071151
5.85075576
5.62923094
5.83919437
2.31835938
10.55251053
0.36667893
0.07488464
0.08540894
1.93457031
1.65722656
1.55371094
5.58626219
3.36686281
0.08593750
0.01268005
0.04614258
6.57031250
4.75390625
3.46646720
9.92057624
5.48990968
8.92968750
9.74218750
4.07421875
4.83593750
8.62500000
9.21158688
2.86278923
9.03988170
0.44702148
5.55468750
10.99641844
8.90689938
6.26074468
2.53988647
8.31673094
7.70280031
0.27026367
1.99055907
6.26887938
2.26530031
2.15201906
6.45255430
0.64900820
3.90631104
4.27343750
10.90625000
3.75585938
7.46568422
11.08528812
0.27441406
7.26634309
1.91529753
0.69229214
1.68070589
0.36161347
3.26204344
8.78125000
2.34733156
0.72705078
5.75211547
1.69807984
0.07586670
2.92219471
7.59961436
2.34537843
10.52577209
0.84669495
0.46875000
7.21484375
3.98535156
8.54687500
7.04361813
11.53645999
22.42882538
18.42833754
13.01985594
5.16341312
4.49609375
0.66259766
1.72361374
0.24763489
0.39359372
12.42968750
12.33235594
1.87565187
8.97801516
2.93001717
7.25715315
4.50033466
3.85253657
4.47558843
10.15189606
0.86637048
10.51908698
1.98827627
7.68586800
12.98860594
4.59927970
9.02148936
2.69405712
5.10565602
2.54687500
18.96516844
3.69987062
1.97004876
3.40364749
3.58138187
4.35937500
2.27343750
3.87500000
1.35839844
1.16122437
6.21093750
10.34439938
1.27083499
8.76562500
0.87695312
9.08593750
8.02343750
4.98046875
1.14648438
0.18788573
10.14745346
11.09064532
7.79296875
1.52278563
8.75727419
1.11112301
6.47591312
2.18554189
5.21704958
7.48828125
9.57812500
1.14290282
1.46940187
33.78921986
1.15218639
3.58593750
3.23632812
0.65527344
10.17968750
2.96516844
5.26530031
5.68750000
2.06746399
1.28702820
0.15199705
1.09147218
1.40576172
3.69335938
0.70410156
14.71875000
6.58235594
8.56250000
8.83658688
6.59277593
17.61067376
5.68620124
10.75781250
13.28906250
7.17968750
4.49609375
1.79394531
5.78125000
1.99042614
3.55111591
4.83203125
20.43033688
6.96028812
4.32812500
8.37304189
3.79102061
7.57355940
4.19597185
3.64550532
2.25293218
13.29827881
16.20166016
11.77689606
2.43672699
3.00585938
3.65429688
0.21549438
2.56541349
3.15366245
6.59863032
8.03580563
3.96322030
3.60351562
18.09798094
0.21451906
18.23493034
0.36149421
2.62592081
1.95411251
2.76775792
3.12760251
3.83203125
5.95833001
4.27148936
10.47656250
0.00640106
1.88317871
9.19352172
2.77952295
0.62851783
0.99804688
9.68750000
3.47070312
2.06835938
3.33699524
6.19685727
3.21289062
6.21028812
1.98242188
12.34375000
0.71699451
5.75553967
1.91796875
2.91796377
9.94336436
2.29687500
2.43641151
1.36144005
0.30517578
3.98079344
7.09342531
6.40266844
3.67757944
3.81835938
3.75976562
3.10610567
2.92026152
2.46484375
4.47070312
5.35546875
12.45735594
4.19498781
7.35066711
0.30216492
3.87109375
6.69954344
1.66145750
2.85774906
2.07617188
3.73111813
14.82047565
10.57031250
5.55468750
6.55664062
2.72525876
6.06575687
2.77734375
15.99462766
2.35205203
4.47265625
8.82096188
5.43879876
4.87337655
3.21256593
1.00292969
14.72656250
3.99218750
7.18033688
4.43685062
1.18139648
6.18750000
6.99609375
7.51171875
5.97298094
5.78873781
7.65625000
1.91193581
6.60515403
5.99218750
6.36328125
5.50488281
3.19335938
5.05711790
1.62874390
5.47054078
1.14648438
1.85156250
6.60756428
5.54087322
2.70233154
22.21497433
7.19466312
7.76892090
7.38418579
9.82877438
3.84928468
9.80826906
0.83650384
3.49479499
0.67480469
7.75000000
1.12561035
5.72656250
7.28125000
8.57096188
5.44505103
3.28515625
7.67382812
1.88769531
1.62271969
6.50716312
3.92773438
4.44531250
5.40234375
7.64062500
2.92675532
2.06152593
2.79003906
4.18782469
6.23795656
1.27539062
1.84667969
4.28645501
6.59245124
10.75000000
1.85937500
3.76171875
15.57421875
7.93359375
3.46289062
0.03659058
0.27631378
0.68994141
3.14453125
1.37304688
3.23404533
9.28353280
6.36848626
0.98014655
4.41242908
2.65202404
0.49243164
0.61425781
6.19140625
0.43945312
9.18017578
3.17643063
4.17903812
3.64713376
3.78971188
4.46373537
6.84765625
6.94140625
6.16015625
1.08593750
1.23551017
1.43392342
2.59765625
4.75683594
2.42057126
3.01497562
4.72656250
7.57031250
2.15657469
11.82031250
15.34798094
24.43099124
2.62695312
7.66015625
4.93391844
13.00423094
2.32747562
15.98632812
2.40429688
6.68180297
0.87923219
0.32714844
0.02584839
2.04333496
1.42846680
8.49609375
2.11523438
7.58984375
3.54101562
4.88769282
4.20215093
2.92187500
1.15925276
2.08496841
8.64420656
16.22786126
11.22526374
3.49414062
7.06250000
6.98860594
16.15983156
2.96679688
1.54995831
2.53353778
2.01416016
2.99218750
9.19531250
2.67708001
4.52995124
4.57275266
7.58154421
13.82031250
3.22656250
1.26855469
2.27587891
4.99609375
13.74351501
6.94433594
7.11328125
4.42642565
7.09505873
1.08789062
1.98632812
5.35546875
6.40266844
7.01823000
5.61914062
1.67968750
0.68505859
5.35546875
5.94173094
8.15625000
2.49088625
9.49910461
0.19559754
3.99804688
6.68196033
5.13835217
1.52293925
1.87305684
3.75683594
7.29296875
2.77343750
3.14648438
2.99023438
3.51171875
0.05935669
3.19529505
3.44240026
5.60774158
5.91960217
2.01334469
1.14778812
8.60844276
2.29623559
1.42480469
0.34301758
20.74910399
11.42252687
3.09407469
16.21353502
10.30388076
3.87679078
11.45735594
0.13651613
13.99104610
9.99332890
14.58235594
5.68782469
1.83805172
5.68750000
8.49511968
5.73014406
25.69596188
17.08170656
8.76562500
17.72574953
3.05078125
6.93359375
2.36751219
3.07780031
8.18456782
2.36035405
10.92789672
4.25960328
1.55957031
4.91210439
9.27148936
18.21516844
4.37890625
5.20670656
11.15625000
12.92968750
4.50064440
2.51693373
3.32258035
2.19695090
6.48339844
2.97851562
11.56673094
8.68750000
9.55045656
6.25000000
4.12109375
3.64843750
1.30371094
7.92333112
3.45378435
2.00309203
8.77001953
6.13248781
14.44531250
10.87109375
7.69140625
1.02246094
1.19840453
0.64827515
9.91377061
4.26872451
10.27473875
1.29850343
9.67252438
10.71419437
3.24641844
4.87959913
10.01404266
3.17448498
4.68814938
5.47981937
2.74804688
6.11848626
2.63737311
4.88671875
14.38508533
5.95085217
3.80078125
11.98437500
0.43750000
2.51757812
7.81558228
2.28125000
3.39453125
6.89680408
2.34733654
19.36035156
3.55078125
12.52343750
10.53125000
5.05794188
3.28483156
13.27596943
2.88606937
0.86718750
8.08218861
0.97738170
7.46197510
6.46157691
5.47092835
0.30650841
13.70591211
4.26009032
6.95280031
14.59375000
6.27408688
15.84973145
8.90560062
20.28417969
2.16382261
3.87206782
8.31543218
12.26258370
6.45377438
3.35807624
0.58447266
22.37337157
29.55403563
13.42724734
7.15624875
2.55208499
22.96516844
22.55110594
12.97591312
2.80143063
6.78841312
8.05207004
4.51433621
3.06054688
7.49119349
9.67286901
12.36197252
6.21288564
8.32781028
13.37858156
4.74609375
6.57519531
8.43814938
13.31402162
3.29459718
6.01953125
7.23046875
12.19302970
2.53939217
9.12361321
0.98991218
15.30468750
12.98079344
3.26334718
3.29719969
9.17545656
4.14062500
5.02164049
5.83915358
2.83398438
20.76627438
3.19466312
12.54394282
2.64941655
11.18166337
4.00651374
3.79882812
2.80664062
30.09016844
11.52799562
7.38281250
5.24674313
2.03450687
9.25129876
2.63737311
5.81640625
8.00423094
14.20312500
14.86295656
3.29687500
2.07617188
11.44531250
4.67919548
1.22705452
9.27115221
7.25130873
8.50781250
7.87955563
2.94466312
0.17199707
3.72900391
17.31336927
10.07476951
0.34515236
0.63427734
6.90487671
3.33984375
0.30688477
5.42382314
1.34277842
6.01713650
2.25130374
0.93066406
6.44433594
11.94799805
2.41406250
6.34423205
10.48291639
3.25390625
4.16909981
7.31640625
11.53906250
1.31738281
2.10546875
13.36807292
1.12997395
11.58834839
1.41015625
8.11718002
14.25651374
2.29134530
4.82377106
0.19112152
5.48631317
7.28321808
5.14062500
1.91983458
5.93001219
3.54231937
5.12597700
8.45235261
0.50337738
10.52634027
5.64648936
1.36132812
5.46353502
1.79818373
13.68391844
10.06998781
13.93973754
0.94270875
6.31282469
2.01920656
8.71289062
1.24218750
2.24023438
9.95735594
2.81054688
-0.03181883
20.97045040
2.44726562
16.47509766
2.81640625
3.21712157
1.68815187
7.71093750
0.19262695
5.27376219
3.82584718
12.82812500
3.95539285
8.06999778
2.07031250
3.10193443
9.50423094
4.81086658
4.69271498
4.85937500
8.68847656
12.46939938
4.60872562
13.58056641
3.37711547
0.97249390
6.57812500
0.21643066
10.79329344
7.16764406
0.05178833
2.74707031
15.44476318
4.63085439
18.83886968
13.04199468
1.55729001
11.56966312
5.55800247
6.39648438
7.43359375
10.07812500
2.25000000
1.25248199
1.04064786
6.31233890
2.98046875
1.44433594
10.67187500
8.76562500
4.69173094
5.86116578
0.14278199
5.00211547
9.85530640
3.77929688
1.12109375
17.22493407
4.84642730
8.80468750
2.63118407
9.96451906
2.82128657
0.22192632
9.27788162
6.23437500
12.90689938
28.70312500
2.33755846
2.44206560
1.17675781
11.57324219
4.48241689
1.08887217
13.05804443
10.26572114
7.02343750
5.22656250
13.98554318
-0.06021969
4.58723128
4.03972185
1.34667969
9.96093750
3.67382812
6.69921875
15.79920959
18.50064938
7.46028812
4.72656250
1.15234375
7.83885971
5.31934341
6.11930297
2.28890015
12.36718750
12.27343750
3.95312500
12.80598626
2.61230718
1.90299562
1.81347656
10.60546875
3.11718750
10.62500000
1.54296875
9.56558954
19.31070922
3.34245124
7.04492188
5.68923085
3.70833499
11.38281250
4.54980469
4.09765625
10.09016844
4.80501219
4.69856937
0.67431641
15.39876219
3.25781250
11.51304084
9.94400515
8.35873421
5.42968750
4.64453125
4.03515625
0.91943359
0.76269531
1.36816406
6.06852172
3.95882203
19.89924424
11.87809951
4.98828125
3.58984375
10.75000000
8.66406250
5.01953125
2.50781250
7.27115470
3.55697030
4.76953125
13.59016844
23.32340204
6.70133422
1.03841561
2.38476562
0.94238281
0.07830811
4.78149414
3.79296875
6.27734375
5.73143285
2.39161402
4.38671875
5.98437500
3.34960938
0.85562985
1.58235843
1.28808594
6.77441406
10.28091783
3.34505873
1.72899394
1.19955341
5.56608156
9.83235594
2.40201906
8.46580785
2.22950465
34.22851562
8.42578125
2.72265625
4.77343750
5.49609375
0.78791736
11.51335217
9.47265625
4.93359375
8.41406250
11.72629635
9.67545656
5.32389406
10.52539062
3.14453125
4.41406250
9.14484597
1.76335715
2.44531250
7.12500000
7.11751219
2.11686281
5.67578125
2.16210938
9.19661126
1.07194343
18.28823582
6.93832668
10.31738032
13.70457614
13.41359042
2.08180740
4.51062888
2.45053246
2.81445312
9.10937500
1.85155502
2.43262466
10.28125000
7.21093750
2.15462157
1.36686281
4.50000000
4.31640625
1.03515625
7.97265625
13.90490294
9.45849609
5.14062500
2.64257812
6.45703125
2.75976562
7.87109375
8.90625000
16.00559841
8.63144503
2.85123781
0.00262070
1.30566406
9.18391844
9.26139406
9.43597838
2.35319093
6.90234375
1.24488831
3.07421875
8.81070922
3.98616578
7.77164672
0.72347047
8.24218750
6.20312500
12.30273438
12.56509752
2.51302748
3.56640625
23.02908699
2.68489749
1.84375000
13.66120911
1.80556731
4.60532136
12.95279034
3.79069592
19.34879142
2.41732435
4.08951906
1.45019531
7.10546875
18.85449219
7.21242186
1.87987035
5.23731715
2.75358156
14.57049561
2.81119626
10.74544437
1.63265991
1.57128906
16.73469969
7.81127992
0.41129578
4.23046875
10.86132812
10.67610594
29.10123781
6.13330078
6.39062500
3.32226562
2.64257812
14.42187500
9.57220459
1.21217346
8.48046875
2.35937500
4.25813719
11.10156250
3.53287843
8.32031250
0.70361328
0.66845454
0.28467046
5.40557570
14.81512743
6.90445922
5.56038453
0.40820312
18.62500000
12.53327267
9.09310062
10.11718750
6.70295364
2.28743905
6.37500000
0.41267865
6.52115470
11.72542263
4.23357656
6.83203125
4.98242686
2.09179688
9.67498779
7.39453125
1.78402710
6.71093750
6.89062500
0.91064453
3.19693097
9.09994403
1.13509032
13.37076906
2.00767361
1.29127659
0.00675964
1.16796875
8.12759752
3.63031678
10.60937500
7.07844969
10.53483156
1.05891844
5.53483156
4.98993683
10.38317871
3.77473128
1.94282108
6.50716312
7.81835938
6.30468750
2.38085938
5.61328125
11.62923094
9.22656250
2.32975343
2.64453125
17.05468750
9.85579344
2.40397218
9.96875000
0.93033688
4.92936281
0.62906984
1.07128906
10.24771720
9.09603280
13.66406250
1.71842033
1.81868905
24.41406250
3.47558594
0.19726562
2.26236813
7.23763187
2.89583001
2.63151374
14.35915214
13.92771942
8.84800088
4.51562500
4.89843750
2.49682617
6.09375000
11.84375000
4.69921875
0.04830933
2.47656250
10.07031250
11.36360594
0.55631593
3.55859375
8.46093750
0.03970337
7.04296875
7.15168939
4.44824468
2.51464595
3.81901374
1.65852782
1.99543939
3.43099374
8.45273399
0.84765625
1.90136719
3.83983877
3.80273936
6.72330563
0.88313968
6.87099075
8.63867188
6.92187500
2.33430657
7.80338874
2.37890625
2.50390625
7.78157469
3.91862062
5.75032469
4.90201906
4.88827848
8.50781250
4.03515625
2.08789062
6.08203125
2.70117188
0.85009766
4.48180654
12.02148936
2.83398438
14.55495069
0.33494189
8.94531250
5.62890625
0.78955078
2.27099609
0.00000000
4.97656250
20.08626219
2.05826906
1.53710938
7.66861813
11.89388187
7.57421875
11.69673302
4.39457557
0.00920868
4.96093750
8.52262328
12.34554078
8.89973626
1.89713874
15.72656250
5.17866481
4.59477269
6.66790725
0.24835252
16.88118407
19.34798094
12.00626773
0.15018738
10.87500000
8.68456782
3.85449468
9.28906250
2.64680907
7.71907469
11.39810284
12.49382590
2.24641844
8.01920656
3.37304688
0.33077754
2.40527593
7.51171875
14.65169188
15.54418945
3.49772218
10.61277771
1.72167720
8.03677970
10.05119459
3.14737976
2.11995697
8.37304438
3.30761968
5.19140625
4.30175532
5.45410405
3.92024657
0.72135500
0.31884766
1.74006954
5.50667359
4.65266844
1.36816655
5.83203125
13.52376219
14.07584220
1.08789561
12.08805297
0.22517945
8.68814938
1.16397759
0.94230662
5.72867797
2.70100953
3.08593750
2.08919188
1.89615968
10.95178192
0.37805207
10.61975714
4.68359375
2.26139406
10.67187500
1.69921875
1.43766110
7.30403812
1.44238281
6.01171875
5.43750000
3.95930907
1.38053468
15.94172668
4.15234375
13.43750000
1.55639462
0.15112492
3.91015625
1.84407469
3.79264406
9.01204344
1.05533937
13.39062500
1.11132812
13.12093016
8.81250000
2.72623781
2.69140625
14.97224852
2.66373781
9.24218750
0.01679993
2.72102782
7.21451906
4.12890625
7.65169188
11.98079344
5.56998781
2.50162843
1.35156250
5.17348848
7.62631621
2.39843750
2.50813719
7.48225953
6.75569703
9.66307846
1.66911513
13.08089234
15.76985594
4.87076906
6.64453125
10.33235594
10.29264406
0.31127930
0.85042235
1.98795656
14.57031250
2.58593750
12.19531250
6.46213531
11.12141844
7.10546875
8.71451906
15.63281250
8.42252438
3.87825687
1.39941406
4.61230469
4.05078125
5.03548094
3.53287843
1.49902344
5.91796875
5.37141844
10.27701906
4.99283688
5.18294437
5.47884032
12.36100343
0.33837891
2.17773438
9.85872313
3.24576906
5.87890625
1.25781250
0.83593750
2.15680699
1.80266566
7.76171875
4.04117797
0.69124390
3.15625000
5.77539062
2.61523438
8.82454344
14.82096188
14.33837766
1.86572639
7.80468750
5.96093750
2.08007812
13.80891844
6.49576906
5.57031250
7.99218750
3.32812500
2.13671875
9.58398438
8.66048094
2.06998781
19.73632812
12.35504150
0.01658440
9.38281250
6.37955563
11.34310062
0.74340820
5.49609375
1.16406250
1.30761719
4.94921875
13.61685284
8.47754654
6.67128853
12.18082765
10.34439938
13.79622562
2.07617188
2.10481688
4.77979616
2.60416501
2.05599124
0.65429688
10.46743130
1.70834995
7.32226562
8.07031250
11.27375970
2.14323249
13.95222961
1.06632508
8.48925781
4.79117797
4.28694703
0.14270020
3.14257812
16.30549424
0.51774795
1.32910156
3.78515625
4.54296875
13.31250000
6.74145508
12.10579344
3.91156084
0.09208176
1.13085938
2.78189938
2.83561281
7.53483156
7.72086547
0.77921570
2.41691101
17.89257812
2.42187500
2.00585938
17.55891844
0.72297235
0.58529671
6.66796875
9.16048094
9.89062500
8.30826906
12.70312500
4.01171875
9.47558594
2.90234375
11.47656250
2.26757812
18.13867188
10.02441406
3.50585938
8.47656250
1.74511719
2.90820312
5.32063719
6.82291750
2.35937500
11.07812500
13.01790282
4.90983156
6.17187500
1.13085938
9.30598626
8.65918218
2.11831519
6.73731715
6.16048094
6.25569703
12.26025266
4.06037456
8.48585106
1.55700684
9.76204344
12.19692598
1.85743683
3.46875000
3.82404145
9.09392730
0.79691559
2.84354582
4.85123781
9.94954344
13.21875000
2.02311281
11.11002438
3.04069093
5.57551751
20.01009530
11.81250000
10.78613032
3.42676030
7.06835439
3.87305186
3.51690881
2.39910682
11.81835938
4.89062500
7.93359375
4.88671875
2.17154782
4.44466312
11.75781250
7.29817376
12.75812722
3.14291777
4.75813719
3.86100343
0.99381344
6.05794437
6.25602172
8.26350953
2.41015625
9.25766516
3.67773438
6.96126219
11.24397828
2.25765015
24.37890625
7.82031250
3.26383422
2.46468140
6.66796875
0.01184082
13.21727394
9.55905173
4.81282469
5.87044437
11.31673094
1.27506593
12.63541002
4.38802748
2.63867188
3.18276458
1.19907136
3.12500000
6.98209220
3.12532967
1.12890625
4.15950438
11.31339539
0.78686586
4.85937500
5.37481494
14.73958998
2.91992188
6.23469969
3.64030031
3.67187500
0.48364258
15.63394547
4.55468750
11.15625000
0.01701355
2.71679688
7.69758533
7.77522828
4.39392619
0.78609223
7.02766844
10.33788564
5.04850842
0.08782959
10.69335938
14.30110594
3.18912843
8.54687500
2.74804688
13.76204344
5.35562611
2.29069592
8.65804078
2.33398438
0.02288818
1.42903563
8.90201906
4.11245568
9.42367713
0.62666746
8.46093750
2.63248781
3.27164672
1.99007203
14.15417480
9.32942376
1.97135749
1.13281250
15.31347407
8.55175532
2.67187998
6.99414062
5.82910156
8.08414672
11.84619016
2.86067874
1.22753906
2.10742188
3.51367188
2.50390625
8.81070922
1.81038453
3.67247105
7.75390625
9.39062500
0.05865479
3.29492188
1.41308594
1.94302347
5.12680075
8.79687500
14.56250000
6.94205563
1.45540531
10.07812500
10.73697252
3.58724623
8.39485594
5.67832448
14.65338208
11.16113281
5.34553953
6.35514406
5.67285156
3.21289062
8.49121094
6.19921875
10.16471188
8.80045656
2.47819093
10.59798094
0.18595461
5.04101562
2.21679688
8.48013496
0.22975247
7.44921875
7.29231937
7.98469969
9.82031250
2.68781721
2.46745622
15.57389406
8.96093750
4.09375000
10.04589096
1.59082779
5.87890625
4.28906250
10.58235594
0.92448000
10.75031472
7.14812278
15.65456867
11.98860594
10.04264406
4.02473626
5.66308843
10.14680408
1.16341810
6.38476562
0.04508422
5.22444703
5.41406250
16.29589844
2.26367188
15.39485594
8.12858156
18.08306885
18.70312500
19.05859375
8.94531250
3.33626219
2.20865968
7.16381836
10.71451781
14.51643922
8.51562500
2.19531250
8.76562500
3.82047485
1.03011109
1.64029533
5.45931405
1.97656250
5.88785641
4.14778812
11.44531250
6.30712766
2.34130984
7.53710938
2.92968750
3.05664062
0.10955811
8.20116938
6.12011968
12.97427970
1.16536874
4.58593750
5.81640625
0.30126953
15.01399158
2.08757092
3.44335938
10.95214096
7.45067487
2.10499667
3.09179688
1.14297662
12.04850593
2.62695312
0.96704102
1.50878906
4.39453125
5.00609329
2.97259018
8.25781250
8.64973626
6.67871343
2.39322501
10.46964762
1.58398438
2.55663564
15.23703501
9.50072993
13.75293218
12.89491324
2.81950327
6.39453125
3.85546875
3.17578125
9.31933594
1.74707031
1.44726562
5.54296875
1.69335938
2.49609375
10.38281250
0.50227782
4.40201906
5.73828125
3.17773438
4.20312500
13.05175532
3.76448734
2.18522218
4.21809564
2.47916999
11.30468750
1.09667969
1.55859375
11.52408688
2.04231937
8.61946532
1.80045656
8.64127438
1.14876468
8.95312500
5.46740692
5.39424092
4.12663342
11.77766844
4.28483156
2.22721188
4.35872562
3.51367188
5.12890625
10.08610483
8.00358156
12.92968750
5.94140625
1.49218750
1.15999017
5.41666999
5.03515625
4.96093750
4.69641964
4.35514406
4.75390625
0.47721437
1.75097656
8.71939938
11.10091312
1.94107907
6.56966312
2.30501219
3.74576906
4.46907469
8.98014406
0.09204102
0.19018555
2.60742188
16.24283688
0.39729735
0.37939702
3.69051086
1.16772149
5.88541999
7.05468750
0.03103638
0.97393799
2.63476562
8.39485594
7.15234375
9.75960328
0.89876344
13.41504288
3.06054688
7.57971191
13.69879150
7.50000000
2.49995899
3.98242188
11.38704344
8.54752687
2.42700133
3.15502992
3.98437500
0.77986633
0.43497742
7.21044922
1.17998028
3.09960938
8.58593750
5.52376219
1.68326906
2.49023438
8.57454344
0.89809755
15.00080674
5.28434951
4.66601562
1.80468750
0.24913428
7.00960328
14.14584351
7.05533688
4.78450687
5.42791748
8.67187500
5.39843750
3.71875000
7.55078125
8.25423094
4.33479735
4.23763187
7.71907469
12.16593508
6.63313719
14.41764406
4.21875000
7.61328125
11.33593750
0.88964719
3.12841921
9.78125000
7.25781250
0.37646484
3.62695312
0.30981445
0.04278564
6.78906250
11.00781250
4.79687500
0.06451416
4.43359375
7.98469969
9.49641844
1.43587406
10.71093750
2.91015625
0.01514435
4.16406250
3.82763672
1.68750000
5.59977172
0.16963746
4.58984375
3.01171875
6.62109375
2.62500000
0.64005368
0.09822757
1.65722656
3.98079344
2.19303468
2.90429688
3.89713376
9.90446047
2.21842531
7.32031250
7.60156250
6.22086547
0.26863648
11.50650876
11.35872562
1.07169368
1.27254460
1.46777344
6.68359375
1.63287354
1.90332031
3.34960938
0.22741699
10.00781250
5.07812500
17.60271454
11.28971188
13.56004436
1.51292229
0.62060547
4.89274047
3.61311890
4.79988586
0.53702820
7.50032469
1.96061281
2.70703125
0.04354858
1.08789062
6.71809065
8.87956560
3.44921875
3.19759032
2.83561281
4.73469969
3.85969969
11.23372562
7.78297928
0.47068283
5.12500000
8.95703125
6.61718750
10.30468750
12.67462988
0.34099512
7.82714844
1.95117188
6.88671875
7.41829344
5.74186281
6.34960938
0.65641235
0.94270875
12.63346188
1.26204593
2.54101562
7.49609375
0.05706787
0.07214355
6.89062500
5.20548336
2.62044437
19.89843750
6.10937500
7.39127438
5.93294437
3.00390625
1.89941406
4.51025266
0.41357546
3.84960938
9.19954344
13.38639406
2.94189453
5.42968750
14.15625000
0.18420410
1.33894836
4.20011414
0.45263672
12.82812500
4.77831782
11.10840093
10.46289062
2.21289062
0.20340973
0.25329434
1.22200687
0.01564026
12.16438719
4.14030031
10.77164672
7.54085328
3.24414062
7.00000000
0.10101318
1.52339349
4.06933843
13.42944336
6.05924313
4.79199468
5.68750000
1.65869141
8.92968750
2.91568595
4.75228280
9.83235594
2.57194093
0.77132078
2.55240968
4.46359875
0.91921375
4.60546875
9.31673094
11.41959220
3.59603280
2.13444093
10.73258422
1.44433594
0.42268922
0.96728516
6.19807735
1.33561406
3.40429688
8.54297596
3.61718029
1.35913086
3.76757812
7.47363032
25.14339359
2.85774657
2.56966312
4.43750000
2.20540282
9.76236813
1.66406499
8.50000000
0.07989502
3.10156250
4.22656250
7.26896055
0.46101992
5.77734375
5.63930630
5.59148714
6.70171182
0.42760216
12.93570922
0.06593873
5.95019531
9.34081782
1.24707280
1.67480469
6.95507812
2.13281250
3.61523438
9.25098632
0.74283813
12.73437500
4.78873781
0.98974609
3.05078125
8.91227172
1.27099236
2.78027593
2.07356937
3.29101562
3.19726562
6.14127438
2.38802249
0.01536560
0.17006346
8.61295656
5.63476562
11.48437500
0.02056885
5.57421875
16.35937500
10.86865234
14.41406250
0.18103027
2.01220579
0.59033328
1.42773438
6.04778979
5.13385083
0.64794922
14.29132536
2.61203554
0.55074066
10.01127106
0.21980805
0.04138184
13.21158688
7.90657718
5.75390625
3.19090925
1.58448138
6.97265625
8.73339844
5.08593750
2.44531250
7.86718750
9.35333334
5.76946254
0.31177443
2.48046875
1.01358032
4.60546875
9.41406250
12.15331782
0.52002202
16.53270612
2.07862200
2.31640625
7.53906250
7.62320922
22.32600953
1.86718750
9.27148438
6.75323693
2.69207557
3.58203125
2.44921875
10.35156250
2.23632812
14.85286126
2.17008796
6.53157469
2.36881593
9.28125000
0.09572264
9.15983156
2.53906250
2.93359375
12.12597656
6.72412109
1.40136719
3.23242188
2.75000000
0.08996582
4.23693848
12.95312500
2.58593750
2.94467163
9.96093750
6.42968750
4.79492188
0.75634766
8.72721188
9.43685062
2.37304688
3.85546875
10.28320312
3.16992188
8.99641844
11.17242388
3.96744626
0.95345218
4.11620845
0.64160405
10.46971410
6.26856715
1.71289062
6.57226562
2.37890625
16.25292969
5.14843750
1.32226562
5.05174535
1.48145777
6.40234375
1.65527344
1.37369626
13.42724734
1.35823609
6.68782469
2.92155031
9.61132812
5.43359375
14.11523438
1.80371094
1.68652344
13.46695922
0.26497437
2.59179688
7.10579344
2.74673815
11.06400292
7.74252216
1.14550781
4.54687500
0.01884460
12.58805297
6.47054078
0.09564209
3.11035156
3.00976562
3.92187500
7.37500000
8.31250000
14.03145599
1.94726562
15.10156250
4.17218972
2.03679465
0.34790039
5.40085772
2.78696697
4.30436281
9.34375000
1.88183594
0.94742797
0.22517945
8.02392578
5.23046875
3.13085938
5.82633422
0.16084840
0.36010742
5.91430664
3.06640625
10.06455397
0.49843431
2.07812500
11.01562500
0.78816399
0.53515874
8.46256593
6.18359375
8.73437500
2.57812500
5.33235594
2.70280031
6.77555297
1.80745484
5.42968750
5.55891844
7.78971188
5.98567874
7.52452169
8.85297138
0.14598595
0.26586914
2.17382812
3.88085938
3.33007812
0.04382324
1.64160156
8.06640625
7.97265625
7.92187500
0.21462917
2.10156250
14.69531250
2.43359375
1.13867188
10.12694814
6.37305186
8.85937500
4.71875000
3.95898438
4.86718750
3.74804688
0.67578125
8.62221521
0.94223791
12.55175781
3.84570312
5.32832336
6.17480469
11.96467642
9.01790780
0.97932984
5.24609375
0.32136961
6.08626219
2.49023438
15.42903812
0.30249023
5.19140625
1.96777344
0.72998047
4.65234375
12.03125000
4.53906250
5.36718750
4.14843750
2.83007812
15.45703125
6.23754545
9.07780031
8.72298094
3.02701906
0.06085205
3.65429688
11.68750000
10.00341797
1.11914062
2.97021484
7.41015625
3.09179688
13.73567376
0.40299811
16.44921875
6.13671875
1.70735594
3.46647218
7.12890625
1.43750000
5.73860594
1.53776125
5.65039062
5.80859375
4.38704344
6.78092531
6.59765625
10.16829344
14.42740968
3.95703125
9.55859375
5.16406250
2.43945312
3.37189551
5.30193262
12.95800532
0.97754155
13.76855469
4.48437500
7.23437500
2.01757812
9.21875000
8.12500000
8.35893378
0.90600648
0.15979004
6.49853516
1.77929688
16.88476562
24.36816406
15.54833984
4.66015625
0.95507812
7.35546875
0.69628906
2.22566711
8.60691490
5.22137307
3.53906250
10.08813477
7.93001219
22.45280031
5.67187500
3.55664062
6.76953125
12.02766844
15.79083334
2.24009197
7.22298094
7.38639406
2.88684082
1.83886719
5.61328125
13.33504211
0.36393250
4.51562500
0.56250000
9.62133041
6.12207779
5.85937500
13.94173094
6.37890625
6.98046875
5.74967531
2.66048094
5.66666750
5.79068595
6.06478280
8.96093750
1.08886719
6.94921875
8.35156250
0.18688965
0.02323914
5.49283688
6.44856937
10.02343750
1.06640625
9.72004876
3.68293939
9.13802748
2.47070312
11.99564024
11.02457765
8.15625000
12.17382812
12.25423094
1.02701906
6.59375000
7.93862146
1.70395666
8.91227172
9.12679078
2.00976562
2.18267822
8.11360594
0.32926515
4.44921875
8.96091682
5.86165780
0.80859375
12.50064938
3.86263187
0.40600586
11.76757812
11.76757314
3.90039561
14.55078125
10.59352537
4.48795656
4.78906250
13.98437500
1.38372231
7.31640625
0.46923828
0.59570312
9.23860594
13.86295656
3.22851562
6.65657469
6.18180297
0.27197390
2.28710938
0.31567383
8.48550643
8.40902482
1.45996094
9.31524491
2.17336103
6.37858156
