0.04508422
19.11507203
14.12320922
8.66075875
9.75781250
2.05468750
7.66015625
3.21069336
4.21248227
1.61564273
1.47070312
10.33658688
6.21419437
7.39843750
9.33094276
0.29918419
6.62890625
0.00471497
24.61737061
2.66634032
6.86987367
11.92341977
0.93001468
19.05729001
16.33235096
10.36638076
0.69856812
1.95312500
8.28548094
11.99218750
3.51139406
8.92610594
4.94889406
8.98502438
0.38623171
0.70263547
0.51204593
9.37141844
10.19108156
5.09212157
4.27522828
2.22249390
12.42187500
1.36621094
15.28857297
2.64209109
1.66406250
0.88769531
2.91243407
1.91959718
1.85253906
1.69921127
3.48926529
15.38704344
54.99397703
22.26790531
2.06250000
0.92138672
7.81250000
0.04922485
3.20898438
16.13704344
7.80988254
8.42708998
4.60466201
2.34749390
8.64843750
8.32031250
2.42773438
2.80859375
5.20312500
5.87759752
3.60287123
12.14062500
2.47782192
0.22579136
19.12145996
12.18732270
0.73455230
11.42124367
10.30891844
11.65713604
13.80681294
9.22576943
1.21059166
8.66048094
4.93147828
1.64827515
8.79394282
0.91260015
2.14843750
6.42968750
5.35546875
7.75301086
2.10636414
8.36197252
2.24349623
4.03466548
35.72578606
3.19499279
2.81250000
7.99641844
1.04866578
0.32747437
1.67089844
11.29252074
4.70859932
1.21518124
3.55827404
12.61718750
8.07812500
17.70670158
11.13834220
6.18034685
8.34016844
3.18977782
6.50716312
4.66438719
6.08203125
10.13411001
8.19954344
5.34375000
2.09733156
7.02766844
8.59342531
18.16422485
0.44685914
1.02178783
4.76685505
2.26757812
8.16145501
1.16471686
11.88281250
13.81485151
0.81698443
12.39355469
4.23046875
9.27955627
5.68359375
1.36425781
0.11920166
6.74609375
6.71939938
1.39290531
1.04785156
11.37500000
21.17382812
6.21093750
4.52343750
3.10742188
17.31867908
4.84928967
7.36393063
2.45393548
9.17338541
3.14107269
0.46557617
8.28906250
0.36914062
4.39908688
1.31803468
1.43522218
2.56835938
1.16113281
1.78613281
13.82552000
12.81705812
4.53515625
3.80680297
1.24788453
3.81868407
4.52701906
8.56250000
1.90364500
-0.01265379
5.89062500
1.46712157
18.48079344
6.97444828
13.80989251
21.93765736
1.09815325
31.36083984
2.83219360
11.17577128
5.42758200
0.76057486
0.64665170
1.83821532
11.77122341
18.33392065
0.14709473
5.78125000
16.71516844
2.77734375
3.38053468
5.20045376
0.00805664
1.70996094
9.96419188
10.31087157
4.60872562
8.98860594
1.70157961
6.10827637
0.75374266
6.59733156
16.05207004
12.91732934
5.18294437
10.76204344
2.15608765
1.59358765
5.04491689
6.29883311
9.86718750
21.07454344
0.59423828
1.73307375
2.01757812
1.27962157
11.43750000
5.26530031
19.52025370
2.08236092
5.73210217
4.75781250
7.24218750
9.25000000
1.82128906
1.63313719
4.69108156
5.73534907
0.67417622
7.02650986
21.05143063
20.18033688
2.82096686
2.29882812
6.69531250
3.76171875
2.04492188
11.60937500
6.16471188
2.20181876
3.43132092
2.28125000
5.11718750
2.49609375
1.01269531
12.58593750
1.27050532
4.02246343
1.16113281
12.34375000
1.44856439
5.38932624
7.60692487
1.98714982
1.00667235
6.82959109
3.52555297
5.50748781
0.67431641
2.95507812
0.87890625
0.02610779
5.30468750
3.22265625
6.40006095
5.35775155
4.16699219
0.49064086
3.86311890
0.36450195
2.36328125
3.50781250
2.31445312
9.93960550
8.73002106
0.43974844
0.64033934
8.90201906
1.27929688
5.35546875
6.92578125
3.33609985
0.97151734
5.94140625
7.11572141
4.77099734
4.88179411
0.12870394
3.49414062
2.07649657
13.99039672
2.86295656
0.60774781
9.75423094
0.06888918
3.48828125
10.91048094
0.78873781
1.16699219
8.00000000
11.23535156
4.47656250
6.01953125
3.31640625
0.27441406
1.78794891
0.41926529
0.15667740
8.37500000
3.08203125
0.75715814
2.94206061
10.08593750
0.60261837
0.36295781
11.82373047
7.13769531
7.69726562
5.51970232
6.28938719
2.92740968
7.84375000
0.11075805
17.52587766
6.79783910
2.14487089
13.36474609
16.01627438
2.49153812
6.27441406
2.26594969
6.45612673
5.80468750
12.84016844
3.98795656
2.51953125
8.88281250
4.59309813
9.60107048
2.43376108
0.25970459
7.30859375
8.10579344
10.06608156
0.79394531
4.00781250
1.98925781
7.94205563
13.24413564
11.31771498
1.71874502
5.06445811
1.40625000
7.35546875
3.51171875
1.90722656
4.29687500
6.60546875
11.88802000
13.52897218
4.49121094
5.23828125
5.38834220
2.25032967
5.18359375
0.89062500
11.71875000
3.26204344
0.44938234
8.03125000
2.38085938
7.27734375
0.53263305
0.18196656
0.15246582
6.63354492
3.58203125
6.44140625
16.83789062
5.64843750
8.73046875
17.68750000
7.56250000
13.54036126
5.43229499
3.43001219
8.43326906
0.42626953
0.65974603
6.55338874
4.75390625
4.55078125
7.87109375
3.11962891
5.92187500
6.04687500
21.98242188
9.64843750
4.78906250
10.32454344
1.23697501
6.18261968
2.97802361
5.71000775
0.45259613
1.77294922
4.82096188
12.23795656
19.18391844
9.64062500
5.12271720
2.83757092
10.74218750
4.36718750
3.28466797
3.43750000
5.73046875
4.71875000
4.26953125
1.27636719
4.32332336
16.06644715
6.47965204
0.79280890
8.03906250
0.02680969
7.20117188
9.11846908
0.26247147
13.96183289
1.82910156
5.92399047
17.40641235
19.85221188
3.29590093
7.58414672
3.88655640
7.14094969
10.06250000
8.55240470
2.85156748
1.50878906
15.42227837
10.15975288
4.36482249
14.62345876
13.74885860
1.95621952
13.88476562
11.50788121
0.48332973
7.29199219
2.11783688
3.35872562
10.59375000
2.17187500
1.17187500
3.77571532
9.51741578
0.91276000
-0.02898070
1.51464844
1.17814446
1.12077903
2.82226562
9.89062500
7.19140625
1.99804688
2.32421875
5.49609375
5.14843750
6.62500000
6.63704344
1.44303468
2.02734375
12.14908688
24.08170656
13.71451906
2.97070312
7.19563719
12.16307846
2.66081560
5.73567005
27.15838520
1.89648438
4.28125000
12.81673094
2.35905031
6.09081782
3.18457280
4.91617797
3.53108765
4.83984375
15.44302970
6.13607186
13.10986328
0.91503906
2.04492188
6.62109375
8.86718750
0.17492676
0.01468658
1.05566406
8.84863281
15.51204344
6.83854250
2.09179688
10.36718750
0.03146362
2.14485594
17.45573000
1.16015625
11.63281250
4.36131816
0.04883809
8.74054411
1.74187776
0.41937256
4.77734375
7.13281250
1.67675781
1.53710938
16.78099486
13.87223390
13.67187500
12.27766844
1.85026125
10.94661126
6.57234929
0.26131289
2.81835938
38.85160153
14.52962406
1.91015625
2.09993407
10.88639406
0.05429077
3.47070312
4.83024047
0.25227906
2.57617188
10.85579344
18.94531250
6.78938719
13.07747562
20.84308068
17.16082557
11.49820922
12.43994016
11.35872562
2.94726562
8.51204344
14.21223626
3.04394780
7.24153812
1.27864500
7.51808625
0.10268281
0.69140127
0.54004405
1.03027344
1.66796875
2.43945312
7.32031250
10.60221188
6.79622562
0.17993164
13.51562500
11.55110594
1.54264406
0.33276367
5.18750000
1.23932277
1.67124972
2.31803468
11.56160461
3.97745789
10.50129876
12.95784796
0.93343140
6.15608267
4.93766733
1.82128906
8.73925532
1.89551030
4.99218750
10.61132812
6.87500000
4.42120361
5.35969969
1.45377687
4.98828125
7.48534907
1.91113530
3.70898438
6.33040282
3.93338615
7.09961436
3.52539062
4.87890625
9.46875000
1.18729717
2.43767231
4.62500000
3.50000000
8.25781250
0.04415894
4.60546875
2.51367188
1.03222656
0.01330566
8.51562500
1.46386719
1.73339844
2.20841217
2.55501219
6.70851084
4.08138187
12.10156250
14.15689938
0.05375246
0.05094484
3.22672485
0.67073609
3.70735594
1.95084718
5.08984375
8.62500000
2.61718750
7.73079344
6.33007314
3.30436779
16.10286126
4.13965093
0.39371828
6.40526596
4.05176529
13.04166002
0.92318373
12.67480469
4.95768063
5.24544437
4.89062500
4.73437500
3.99218750
12.94173094
14.21516844
2.90185671
2.33772828
11.29687500
0.13854980
7.29296875
10.89062500
18.56967711
4.91770388
10.98736730
4.53216395
10.81250000
4.61718750
0.45898438
0.08050537
4.71581782
1.61588126
4.95833998
4.42004395
7.19531250
4.03906250
6.49218750
0.10229492
0.90966797
10.81923981
0.77841644
2.03125000
8.43945312
20.61408301
1.76482324
3.98242188
12.89127438
3.74544437
9.51562500
4.86718750
6.41796875
12.90266844
4.62858156
0.27547117
5.48795656
5.33593750
3.49023438
5.83715758
0.18127504
10.22298094
16.30273188
1.42448249
14.35839096
2.80404310
3.81803468
2.77343750
16.27343750
12.26627438
12.23795656
2.23893312
13.66088867
6.14843750
2.56250000
13.56939551
9.17836880
2.81349401
11.93391844
20.02506593
4.38102172
1.12271595
2.44499279
1.77539062
0.95507812
1.94726562
13.84016844
8.01236813
0.94726812
8.72265625
7.93098626
1.74088874
6.17187500
8.96875000
4.40624003
11.41016622
6.76953125
3.37890625
2.85351562
5.42968750
15.68062782
0.90112305
1.31640625
7.00909408
0.68231217
3.43164062
8.16790771
1.12988281
1.76551308
2.13390099
2.21777095
11.28060062
8.93326906
0.92885543
0.18140458
2.09960938
5.48469969
9.19108156
7.07063719
2.25162843
6.15819814
3.66910641
1.78451185
8.86783688
14.97200687
13.92773438
2.81054688
13.68129188
4.46322030
6.61718750
13.06250000
0.75097656
0.35986328
11.38818359
3.27310284
7.97754654
2.77278812
1.97395750
2.72428468
5.66015625
0.32568359
2.50551973
1.02182402
9.51269282
1.26074468
4.13020252
9.49382092
4.40234375
11.16681738
3.55974512
0.00982666
14.14950555
3.32764295
14.85514406
12.61165282
1.58756593
2.81445312
5.15234375
6.58235594
17.32819704
20.14355220
19.64226716
2.75798481
2.72265625
14.12308622
0.19087863
17.41638382
0.71029560
10.29301203
1.41634281
3.55826906
3.62304688
7.93359375
12.71004211
0.13187684
14.01953125
1.42285156
14.75000000
7.16406250
0.63574219
16.98322363
7.82170801
0.08618164
0.59707642
3.23010254
2.25227782
5.26920656
7.52978391
1.42887328
5.05013187
5.89485594
4.85514406
5.01171875
0.01611328
4.03026098
3.75717309
12.68081665
19.33463376
1.11816655
3.66406250
9.84798094
4.47656250
5.78873781
3.38476562
3.69726562
10.16227172
0.27010133
1.05175781
15.61588376
18.95280031
1.64127687
8.25000000
2.56640625
1.21679688
6.78971188
18.27984265
5.94248891
1.95865968
7.00878906
5.36718750
10.46875000
15.10465204
4.88427859
15.82454344
5.24902593
4.31282469
0.39738039
3.09375000
12.87500000
5.27734375
6.09375000
13.82388908
4.13509530
0.20935059
11.31250000
3.28515625
16.59375000
10.89568469
7.31983045
5.89062500
8.30924313
36.61034907
7.85807624
5.17936281
11.65820312
2.20312500
14.76627438
7.01240640
0.09680750
39.71402953
3.72867797
2.00585938
7.62174562
2.64648438
1.79135132
10.21516844
4.66373781
14.64973626
3.04948249
12.31640625
2.79524657
23.21388288
9.48779920
0.75668107
18.68750000
6.53906250
13.16406250
4.78222656
4.42968750
21.46093750
10.01627438
2.75162843
1.96582031
7.38346188
7.95605718
7.83984375
4.65820312
7.80468750
2.63867188
6.21093750
19.72439304
2.23551640
12.75781250
8.87401596
2.54981216
4.43750000
15.08894524
3.17057624
22.33690160
3.07716090
10.42871094
4.14062500
4.69140625
3.73860594
3.74186281
5.31640625
3.94759032
9.09112257
4.50832446
0.65266969
1.83007812
11.14485594
3.38834718
5.85546875
16.69709331
14.57666888
11.21239362
19.02596818
8.62500000
0.90446047
20.48437500
14.93750000
11.07877438
2.63606937
9.06281472
3.38249778
2.47070312
11.02831782
6.29980718
17.68750000
10.87141844
7.82389406
4.23828125
0.35546875
14.95735594
2.56998033
1.45410904
3.52734375
4.55468750
0.97021484
6.40290760
9.59538342
14.59863032
16.72005374
3.76139406
4.88281250
9.18750000
17.74641844
6.14420656
0.79056793
2.82042803
4.24772717
1.45235538
4.34733156
12.03906250
7.68750000
1.42285156
2.81835938
0.79541016
0.42626953
7.25488281
7.21484375
10.89062500
0.84375000
8.49641844
3.94921626
2.64909186
14.72884032
0.60026125
2.16015625
9.67805408
3.13249279
4.73828125
14.25781250
0.65966797
0.47656250
11.43863143
12.83871232
1.38606688
1.58365968
6.63671875
6.63281250
25.57031250
6.05289672
3.14241578
2.07617188
14.42754337
10.98372562
2.77899711
3.53287843
7.13574219
13.01854846
2.10108045
5.42886581
11.65047990
4.34765625
1.80631344
6.13085439
4.78361060
5.73534907
17.76074468
4.86897828
10.14794548
5.21712655
7.39062002
3.15234873
10.53106396
3.84895999
14.19367908
6.28792110
3.57699357
3.97070312
14.96939938
9.87435062
8.60156250
3.78303953
13.32503172
5.00325687
3.36717005
7.37208776
0.58386075
2.57556308
9.90429688
0.80810547
8.69563719
5.27212628
2.47728057
16.07454344
2.13248781
7.77734375
16.50000000
15.11360594
2.61686281
0.34399414
1.83319548
4.15789339
2.95166016
30.86393063
4.26497562
10.28971188
7.98372562
4.75976562
4.14518063
3.82773454
9.73502438
6.77278812
0.72639891
1.18229250
4.06250000
6.00781250
0.79036126
0.16813483
2.39354970
3.06930605
1.36584718
10.24218750
2.52539062
0.72444578
2.93522218
12.44188830
9.33936170
8.94531250
2.49804688
1.10156250
4.15625000
2.13085938
7.28804411
0.22709261
1.09570312
7.78743407
7.52506593
16.66601064
21.85309336
6.31250000
2.41406250
11.44335938
6.81640625
5.84472656
6.82844969
3.48209718
19.42608600
27.06251994
9.34830563
8.12044437
2.85416501
7.15527593
0.10980225
0.67854735
3.51334718
2.78320312
0.04061890
2.91015625
8.78515625
13.01985594
1.06567383
7.71679688
3.06608156
14.88671875
11.13281250
1.25000000
1.98535156
2.76236315
2.04492188
4.15007092
3.35335328
0.08199098
3.30582392
1.40609015
3.29597961
1.02529794
10.25516466
0.61963514
4.44531250
11.97363032
13.12585698
6.60083008
8.33397939
5.85352061
3.89453125
11.00585938
11.99316406
12.42968750
1.66568844
11.14420656
1.07519282
5.96159186
6.48046875
9.87141844
12.56608156
11.00976064
9.99870124
10.18685062
1.51334469
9.36067376
3.46680186
4.25000000
3.42382812
3.41796875
11.50423094
8.25358156
5.52408688
7.35481937
11.42187500
32.70654297
11.61718750
0.55810547
9.91406250
3.60156250
9.55468750
1.96093750
14.84016844
7.62109375
6.96092753
2.05046653
10.31250000
1.30566406
8.57454344
19.20214096
1.90690935
0.06573486
4.64774380
0.11934605
2.76757812
6.47493407
4.16764406
4.06640625
4.34049313
7.75064938
2.27018561
0.84130859
12.65364500
3.25065187
10.71093750
1.65136719
0.72412109
3.23078846
4.32194592
3.61523438
9.55468750
2.53645501
15.07617437
26.41731688
9.24935062
6.16015625
3.04687500
10.33886719
9.64062500
0.32519531
8.84211658
0.77116467
8.28330397
0.55361009
5.29882812
3.55859375
0.04077148
5.16015625
0.49169922
7.15787594
5.01106937
0.37939453
7.16894531
5.96907469
9.23795656
10.79232788
4.27343750
2.47460938
7.71646720
8.40983156
12.78418218
0.71305422
1.70507812
25.22149658
8.47008312
4.77210438
4.43750000
3.87150192
15.94107056
7.58984375
9.75618407
25.03035399
9.25716312
1.10351562
10.16113281
9.04687500
6.21484375
5.39062500
0.64411978
0.85465952
5.69531250
2.54492188
5.82812500
5.63085938
3.79492188
14.16829344
9.10514406
9.35774158
1.80273936
6.99967531
6.10937500
12.13281250
14.03698730
5.12109375
1.60058594
6.01171875
13.65234375
1.62695312
11.37890625
13.10579344
7.06608156
0.66357422
5.13281250
0.41308531
0.21386781
0.18566895
2.22607048
2.55908577
6.54329344
6.47037843
5.83479485
7.90136968
3.15494875
10.30126953
8.72070312
16.60937500
6.94238032
2.44465564
6.76708468
2.59147218
17.62141844
5.80045656
13.96712157
7.87369127
6.88574966
6.83203125
2.00325189
15.13753546
0.60717649
2.51106937
5.57438110
1.86214234
8.35286126
3.79069343
4.35546875
14.00781250
2.03125000
0.46166992
10.53189938
3.05989749
4.96158688
8.37435062
6.51985594
6.79264406
3.10742188
4.21093750
6.55452017
11.00179078
0.30062264
6.86930297
5.65836547
10.14420656
2.88281250
0.58349609
3.39355469
13.62402344
28.45410156
7.49414062
15.16080563
8.66536624
11.93750000
1.48925781
8.19936614
15.12159574
2.96310857
12.08262495
13.78125000
8.80468750
3.07226562
14.68750000
25.53238766
8.58528812
2.69140625
11.56250000
10.48224956
15.10857075
20.54329344
2.00944093
4.54687500
2.87109375
1.68457031
4.81673094
7.83170656
7.72851562
1.61718750
24.27345690
4.95896497
11.75781250
4.76440430
5.63330078
12.58658688
2.00325687
0.73111813
4.33479984
6.61914062
2.43682846
0.77557389
19.15428192
24.36524933
8.27311032
7.92724734
8.01741578
2.75846188
2.82552249
9.48681516
2.21435671
26.76074219
7.24641844
9.58561281
4.86425532
1.48047124
1.66829344
7.72753657
1.58073249
4.32096188
2.20562297
4.81788231
2.97460938
14.46093750
8.10448471
5.04785904
2.12109375
1.08398438
1.60449219
6.96093750
3.66796875
0.52343750
15.04296875
8.43391844
4.41193706
4.85336325
0.97900391
8.69596188
0.31478031
18.44954344
0.91577148
3.59570312
5.51095537
16.15625000
4.73046875
6.52783203
7.26036570
0.67029837
3.22070312
14.71093750
11.33593750
0.00570679
10.87141844
0.75919679
10.39843750
2.80305907
2.42936281
6.40364251
2.81510749
2.78515625
11.24348626
1.67643561
0.95800781
7.62337157
9.81444814
18.01277835
6.68197030
1.18554688
7.76692376
7.10807624
12.12500000
7.67462988
17.03826074
3.79329344
8.67350343
8.56250000
12.17252438
4.29231937
1.74316406
6.81770501
2.54069093
2.59863530
2.04315186
11.27384087
3.13126737
4.47427867
7.48437500
3.27929688
6.91992188
4.18750000
5.96875000
5.63671875
1.65722656
7.74706782
0.18033688
3.06575687
6.31250000
7.71093750
19.18554189
6.13297983
2.04020141
15.46842531
4.17968750
2.46126219
7.95670656
8.35937500
16.32633422
0.56331422
4.75390625
6.97883782
2.65918218
2.07617188
4.20280031
16.47363032
16.51465093
8.71695922
1.06722047
2.38867188
19.13704344
19.52685048
1.96257092
4.95703125
7.70377438
4.24153812
17.42772939
4.63086436
7.53906250
16.35351562
16.14648438
1.12792969
8.06900377
1.16537123
1.64453125
8.80468501
23.87858156
7.61993517
2.38167375
6.79687500
15.19173094
1.19498781
6.87500000
11.30289672
3.39321006
12.11866356
12.27800310
4.99820922
1.08870484
21.44929743
0.23087835
0.94384766
16.84715426
1.51612699
11.50550976
3.72495899
7.19140625
8.50781250
8.40754876
3.66666999
3.54670892
4.23307624
15.57942376
11.72949468
13.76269282
3.08268561
25.17773438
5.45703125
7.84016844
4.03873781
0.34863281
8.52433497
7.89062500
11.92187500
8.09033203
11.57812500
6.44140625
19.69400377
18.25228529
11.42187500
3.41210938
3.61718750
3.56445312
23.06079102
1.65169188
2.67350343
11.00423094
9.90983156
8.38281250
7.76171875
9.62500000
13.17822016
13.77514898
3.28906250
15.86783688
13.99935062
2.59602782
3.07975343
4.73828125
10.79882314
32.11351871
9.28817815
22.88994571
10.49545434
3.99708776
1.26269531
20.95572751
7.78841312
4.08984375
7.06250000
3.28906250
4.23046875
15.41113032
13.38574468
3.39062500
0.72607422
5.70312500
10.42008422
3.02327515
1.97265625
1.59375000
18.35807126
1.98177249
2.22070312
6.56640625
0.00254059
8.27668440
11.46550310
0.97414988
0.14898760
12.07843972
7.28939716
4.26530031
10.05045656
2.29101562
3.14648438
12.10774158
5.83366467
5.70703125
0.32539793
2.37858156
8.50781250
2.89648438
6.52734375
4.51952128
3.68750997
3.11946532
3.46647218
14.89776818
2.71193151
10.90983156
3.33593750
6.22656250
2.68587157
1.84537843
2.86523438
2.78710688
9.34733156
2.72200687
19.84943706
5.26611951
3.06933843
4.25358156
14.22656250
4.54296875
10.44531250
0.10601807
6.33593750
5.12711547
4.22872617
0.45329314
8.27213874
4.39030031
8.02555297
0.35082883
1.65560062
1.63964844
6.21027815
2.51823747
10.58007314
2.62532967
0.17814211
10.87923094
1.51170753
2.83708887
10.61913564
1.20996592
2.20117188
8.10579344
17.61425532
6.86979499
7.48437500
4.94531250
6.19531250
7.28125000
10.30110594
11.43131593
0.06976318
2.16406250
6.66015625
0.29809570
3.49609375
13.90689938
1.82259281
15.35221188
1.56819454
1.03987921
6.90201906
8.80289672
0.58577515
3.81250000
6.91406250
5.07812500
12.25976064
10.01041750
13.70182624
0.95475343
7.58984375
4.54150266
0.37304812
3.47656250
0.02464973
1.79386414
10.66406250
13.59171321
5.64656804
3.13867188
14.65266844
5.39453125
1.87662843
8.06250000
12.15396720
10.90495124
15.81444814
6.72852061
12.68033937
10.08949912
5.94956338
6.62229389
14.78818705
3.52701906
3.87500000
7.46093750
14.20735594
19.29296875
4.76953125
3.44694093
6.32909907
15.49935062
13.01920656
3.81445312
9.06314938
3.32161624
3.77929688
4.83365470
7.69759530
18.55793440
14.99203014
10.20979610
8.02148936
3.65429688
9.33983378
12.52276818
10.17677526
8.31641622
7.28515625
16.81250000
8.15201906
2.60742188
0.01603699
0.14599609
0.08728027
7.48828125
10.20312500
13.97656250
1.90201657
10.59895999
6.23828125
10.68750000
19.09375000
3.61718750
8.27343750
3.72460938
15.25781250
13.21093750
2.58235594
9.55468750
5.29687500
5.48045878
6.91374778
2.39453125
12.14745346
3.54785904
10.59439938
9.43099124
3.47656250
0.08593750
0.45342284
10.68197030
1.49804688
9.15625000
1.66340814
4.82568484
8.22770390
1.34472656
0.19360352
2.52962157
2.16764406
7.02164672
1.35921265
0.71191406
2.41992188
1.75683594
10.23437500
2.53938719
6.22265625
10.96451906
12.33235594
5.61180657
0.20451913
11.50423094
1.95084469
4.17122562
10.51844362
3.04036126
5.28808843
2.23990968
17.25423094
5.29784907
5.81510749
5.26562500
4.25455563
2.81966312
3.88867188
13.80151367
0.09930420
4.78906250
2.18391844
3.35123781
11.71484375
6.00781250
12.91406250
7.90657469
10.40201906
2.03906250
9.89843750
0.49072266
4.41406250
6.53157469
0.07499269
14.64062500
8.59375000
7.99283688
3.60872562
6.72688719
2.79459718
11.49804688
5.47070312
13.92138672
11.37500000
5.95703125
3.82617188
10.64062500
6.34407469
1.86490968
6.04296875
8.77343750
1.43457031
18.07812500
0.06329346
5.32421875
3.98437500
3.00260251
1.21126468
4.52343750
5.41568595
6.66243905
1.17968750
2.34161833
3.33758089
5.74609375
2.38671875
0.00220871
1.39990234
15.39908688
0.91048343
4.16015625
2.98893063
3.86881593
0.68619875
17.09863032
1.96777593
1.68457031
9.65625000
7.51037567
0.28698762
4.41406250
5.16113281
6.13671875
8.28613032
1.28515874
4.71516844
12.41764406
11.96289062
1.88476562
4.43814938
6.14420656
2.04850343
4.85969969
6.15592531
3.46320535
3.19922872
3.94108156
0.18261719
0.51123047
1.84228516
3.72851562
11.33235594
5.35017942
0.54475953
2.61881593
3.03710938
13.50000000
0.02680969
0.07067871
7.25390625
0.02612305
4.41015625
0.39086914
0.03668213
2.62890625
2.10871814
2.93913342
6.12500000
2.19531250
9.43750000
8.87564938
3.47786624
4.66796875
6.76009032
3.51920656
6.48046875
3.42560894
2.92400044
10.72298094
1.68912843
4.17219969
2.22623781
8.49609375
2.62532469
12.61360594
6.40169437
11.42610594
0.07657961
2.19531250
3.88899158
1.71257092
14.98663330
0.65136719
3.08789062
12.76700680
0.61556156
11.50488032
2.81705563
2.78157967
12.30468750
3.05436032
24.23925532
0.72200936
13.32096188
2.07747562
2.63476562
11.21289062
5.61718750
5.23046875
2.42968750
1.73144531
11.05468750
9.70507812
0.29142211
2.23828125
1.90901734
0.97021484
8.56673094
0.09965090
13.87353516
10.05468750
12.57965088
12.82812500
1.28743407
4.28125000
1.71647218
14.37141844
2.57780031
1.33300781
1.55501219
9.57812500
6.54296875
9.12076906
10.86815160
2.95997340
2.85546875
0.77831782
4.22558843
8.90625000
3.13313719
4.01139406
12.81300735
1.34375000
0.29695555
0.51432375
5.73828125
3.30273438
9.96711658
6.08268811
2.70312500
0.13549742
0.23437562
12.57812500
15.21515744
8.76139406
1.02701906
4.82063719
6.93359375
8.87076906
7.50813719
3.99576906
15.87141844
9.21093750
6.10774158
5.70443373
3.05468750
11.84341534
4.44174091
1.94726562
7.44563719
2.13037109
5.98405031
12.34195922
0.67496703
7.31640625
4.98079344
4.28450687
1.18652344
16.28548094
7.25358156
10.46875000
4.41536126
5.96956671
10.46272828
3.18342590
8.46875000
7.07226562
18.07942376
5.27995124
9.55859375
6.70703125
0.30444336
6.12379456
7.05468750
4.37072754
10.87109375
4.30468750
16.35937500
8.94954344
6.16764406
14.72330563
1.19270999
7.14599609
5.64843750
4.23828125
1.77343750
7.32812500
3.71321532
11.89420656
10.52343750
9.13769282
2.33821532
2.66276374
8.62141844
4.99186281
2.14648438
34.27937742
15.41536126
11.25618905
8.24055408
13.50749279
6.66796875
0.89794922
4.78971188
11.98372562
1.88476562
12.42382812
4.64843750
2.18359375
19.35035706
7.54768174
6.12451795
3.32194093
1.04671141
3.26635804
1.26261414
3.03515625
12.12988032
5.94466312
5.83170656
4.89908688
4.85872562
0.41601562
0.42948239
1.68880374
1.41487423
1.03047512
0.62984596
6.28515625
2.41015625
13.03906250
1.29003408
0.29639170
13.86627217
6.64756205
16.38492797
7.37206782
4.17090093
15.82111924
13.21794326
5.03125000
7.86034907
1.19043218
14.41242908
3.38704344
7.05420545
18.20589234
13.16471188
23.52864749
10.15625000
0.05114746
3.84570312
4.36572266
5.61328125
2.83626219
1.32877687
19.96117401
2.13867188
11.74218750
2.81445312
8.71463654
6.14473846
3.05664062
8.90625000
9.61262689
22.20963874
9.58300532
6.67871343
3.50618407
1.80924562
9.51562500
0.74625485
1.29524906
3.39453125
2.49413564
1.36133311
10.75000000
0.55078125
5.75390625
8.01757812
7.60937500
8.32812500
0.75585938
6.40591534
9.62443927
1.05509461
0.73030516
9.01139406
3.17610594
13.15625000
16.88493315
0.14397800
7.92968750
2.04101562
11.12141844
16.24021942
7.80242464
10.44531250
5.23828125
3.56640625
4.42187500
12.87141844
5.31250000
12.15201906
0.79605704
1.59017342
10.47656250
9.50781250
13.85579344
11.88444093
3.16406250
5.55110594
6.53873781
14.62923094
14.09212157
12.67708001
6.78483156
1.73535405
3.13053468
5.29655031
7.14453125
6.65657469
5.87923094
5.30403812
12.99283688
2.90201906
6.14452128
7.70281028
7.96875000
3.11328125
1.32128906
12.99820922
2.16064329
3.48372562
7.87662345
0.72884530
4.50324939
3.27344248
8.14420656
9.01562500
3.64843750
4.52343252
2.45508311
2.73306378
5.68002216
7.35579344
10.18750000
6.80045656
4.30078125
22.65266844
11.89940160
21.40983156
12.66342309
10.65722656
7.67936281
2.74804688
8.71516844
3.18717531
13.91104603
19.35140514
2.27343750
1.48632812
8.64680408
5.88867686
4.34375000
9.34798094
-0.07889645
8.28125000
14.26985594
1.82780031
14.51871454
2.05452515
12.67024906
1.34147218
2.37500000
7.96484375
3.59033079
5.63850953
5.54264406
1.96777344
15.25781250
6.42639208
7.20255430
0.57576601
13.24481201
27.96484375
10.63281250
15.35221188
9.55403812
7.53580563
2.58724124
3.61328125
3.99356993
0.17781679
18.03255125
12.70926666
10.11954836
4.49609375
17.01204344
9.49576906
4.54296875
6.09798094
5.43359375
4.78873781
14.23437500
5.65657469
2.72428468
3.16422485
1.69759156
10.04687500
2.89648438
9.25000000
2.19726562
2.45735594
5.88281250
5.16373781
15.34016844
2.71647218
2.56835938
10.10579344
1.93326906
14.41258644
0.84913231
13.51562500
6.84846922
5.26530031
10.27343750
1.98925532
5.33105718
3.76953125
6.50992797
3.75569703
7.30859375
3.59731661
0.16635527
10.14485594
12.46581782
10.45003546
0.17537476
8.30956782
5.29101812
8.02343750
5.75244016
2.39209109
1.02832031
7.59285461
0.52549256
6.35156250
12.53548094
5.56217531
3.31640625
7.03938719
2.77604250
16.56379876
20.79816379
4.85288120
2.62695312
2.82006836
0.47241211
10.90754876
1.91471686
12.00000000
4.89078735
7.99262025
2.86914062
8.49804688
5.23046875
8.80110594
2.54655031
4.40266844
3.90983156
20.23828125
4.83984126
26.14355718
8.80974319
19.62750166
9.77701906
5.32398081
5.49218252
6.61643281
2.49739749
0.45979485
4.78841312
2.53841312
7.49251219
5.83235594
4.49186281
4.52701906
8.49641844
2.17875246
3.95344969
7.87467531
5.44531250
0.00817871
1.14045892
5.61718750
7.52995124
14.24478502
5.61849623
6.59765625
8.51121676
5.28728169
2.80892342
6.71728391
0.40234500
0.73828125
1.45666504
9.83789062
3.73697252
10.50521498
7.15625000
5.75390625
5.92252438
1.55306156
2.27734375
1.69042969
3.65494626
2.50911624
18.28254876
7.57844969
0.65267342
8.23924535
2.53223902
0.28784180
7.53157469
3.73990968
11.37141844
0.39859985
0.58740359
7.93359375
6.34472407
0.82519780
0.94726562
7.28482159
2.73275653
6.15266844
10.01953125
6.17545656
0.81152344
5.20133422
4.17399047
0.71793703
2.77352377
1.46940187
1.99218750
1.12475586
0.25659180
4.45490581
2.08610981
2.08561032
2.29622562
5.78157469
3.92155031
3.67773438
7.41210439
5.54492686
3.71679688
7.31086658
12.58658688
9.51660904
0.94091797
5.19531250
4.91423274
0.52326726
3.16634032
3.18815187
3.32226562
3.87109375
8.78816711
0.37589539
19.13476064
2.96680186
4.97656250
1.20052000
8.83593750
6.95627264
5.19531250
14.08033633
0.20286680
15.88899158
15.16960217
4.71305297
1.30061890
5.44531250
3.00000000
1.11816406
7.93911348
2.97983183
1.69759032
5.22623781
8.56852172
1.15218140
12.17610594
12.75064938
1.00976812
8.65625000
3.25781250
8.76627438
3.65071781
15.37564938
12.63818484
0.89241578
10.44596188
1.43392093
7.38803864
20.95214096
1.18653091
1.68684813
2.61132812
4.03319316
3.84164450
0.51546265
9.98258422
0.70182250
7.00358156
1.32031250
1.91894531
6.05110594
6.66764406
10.05728502
2.91341810
1.80078125
2.46044922
2.06835938
3.10156250
0.29169978
1.06380374
11.98405031
8.60156250
1.46712157
3.00944093
14.02115470
4.61141179
0.99959414
7.29393285
4.42449246
14.35742188
2.72851562
4.05468750
7.74218750
0.13061523
4.83203125
12.54329344
4.48828125
2.57844969
11.04622562
1.91601562
6.63671875
4.14062500
0.01292419
4.23828125
9.62629876
3.72135749
9.92770137
12.12793218
1.44433594
1.64453125
10.38281250
3.64648438
1.84830314
1.95931405
8.07812500
5.70312500
2.62638180
4.77490359
0.62923219
11.83837766
0.92041140
1.75976562
6.35578347
3.15984153
2.97851562
13.16601562
12.51686096
20.39908688
5.79264406
11.52343750
3.91406250
12.24218750
20.99967531
3.59472656
9.28242996
20.00250166
7.28125000
5.04040558
0.18937226
4.37500000
8.51952128
6.39942403
1.70930907
7.74186281
0.53293449
3.14486092
15.73079344
10.91373781
8.11718750
4.35156250
6.55078125
1.70800781
4.12890625
8.97329566
5.57357934
1.84969055
2.19034353
0.04492686
19.35717773
4.03955078
11.58817413
26.35633699
7.27865248
6.45703125
5.03906250
0.02268982
12.46875000
3.04687500
13.84260860
2.63373005
0.27390549
3.82617188
0.87207031
8.00000000
14.84081782
8.87793218
9.49593016
2.51725343
1.84667969
15.43814938
6.91536624
8.07812500
11.75025940
6.98860199
5.47885527
6.01204344
2.57552249
3.13313719
6.23405031
3.19726562
8.69531250
0.31323242
0.06805420
0.32015742
1.95410405
3.41796875
6.22656250
3.53677970
11.55338874
1.84440187
2.22151485
4.43473515
4.21695922
15.57828236
0.13395764
7.69140625
4.30891844
8.13020501
4.16666999
16.63704344
2.74153812
2.21289062
8.55110594
16.19417110
4.75504765
1.71354250
0.42016602
15.06673094
5.30371094
5.96093750
3.43164062
5.99609375
15.42008547
2.77343252
0.64844248
1.77832031
11.59243130
4.33823027
3.18652593
10.79687500
2.08398438
17.03515625
14.03341237
16.29105052
11.09375000
1.69335938
2.31054688
14.73925532
2.31738032
7.85653147
2.46769226
15.45019531
8.99877930
5.91048094
10.30981383
5.56095523
8.29149269
2.37256981
7.98450089
16.99283688
3.41011722
12.38509032
3.61490968
13.35937500
7.82812500
0.02001953
1.83593750
3.97265625
7.17578125
7.19563719
1.57974097
3.99512965
7.24609375
2.14680907
0.53434328
0.58886719
1.71540012
2.58074246
8.09375000
8.48925781
3.76790282
2.86881593
8.94954344
11.62896775
3.87713639
4.73623948
1.82430740
2.03800476
1.92968750
1.95418211
0.54101064
15.50586436
7.24609375
2.54296875
12.69173094
1.98014406
1.78125000
9.83121454
8.61832890
9.73014406
5.84375000
2.80077128
0.69043966
1.56933594
3.47656250
1.46638665
3.07487311
5.61328125
11.17187500
2.60546875
3.79329344
7.83984375
8.25781250
1.26237062
3.03125000
5.85937500
0.12316895
3.87500000
10.46906472
1.95085715
8.69846772
1.31999279
12.90820312
2.81445312
14.16406250
2.57421875
0.81298828
1.14680907
2.98209718
7.94775266
1.53857546
1.81347656
1.89012074
10.95312500
1.98339844
6.96158688
0.72688968
9.17447252
0.08529310
3.93946584
7.50814716
4.58984375
7.47867797
3.93733765
6.93641151
0.13357505
1.64314820
0.91699219
10.32812500
1.38671875
9.83917443
5.86004432
0.22290039
3.02148438
0.07678223
9.39843750
1.85367423
2.56087655
11.10937500
6.88671875
8.85937500
7.83984375
10.21875000
13.09553029
6.05273936
9.28125000
4.26529533
11.58822030
3.51562500
0.00312042
17.35156250
8.28125000
1.78515625
1.66210938
9.85937500
5.12890625
3.02539062
0.13097044
2.80436281
7.45898438
13.51562500
9.90331782
0.21826421
2.80859375
8.98681516
4.84912234
2.28938719
9.83170656
8.71980275
0.13517772
6.60546875
8.16048094
4.18489251
2.89876717
5.23828125
1.85269518
8.27987318
4.50390625
16.14062500
3.53125000
2.02473875
4.44889406
11.82031250
1.75683594
2.34375000
7.37711547
1.68375610
1.52311281
8.95377438
5.88997562
8.23437500
11.39062500
2.41015625
4.83984375
0.66845703
4.13015850
1.95541278
6.76170878
1.40040059
1.54003906
11.45312500
4.35257093
0.17672595
2.00195312
3.21662830
6.81803967
2.03906250
0.30468750
2.10156250
8.82812500
6.91048094
8.01139406
0.47607173
11.48730718
1.95800781
8.70312500
12.43033688
1.44124390
0.92041140
6.90234375
6.33139038
13.94921875
5.75781250
3.46093750
16.32812500
0.63720703
4.83203125
3.79491689
1.41602061
5.87109375
4.56640625
2.74023438
0.02452087
0.36450195
0.01699829
4.29296875
7.89094969
5.51757563
14.27169521
4.24544437
13.70703125
2.75976562
2.80468750
2.01171875
7.40884752
6.46029310
3.86328125
1.82552000
6.56608156
1.83300781
1.62337157
1.08170656
2.15625000
5.41536126
11.77115470
3.48535904
8.16406250
10.98502438
8.03841312
8.72851064
22.17122562
3.02995124
1.85561988
17.27865746
2.51562500
15.39387689
2.65495124
8.86718750
3.09700189
1.85221686
12.62500000
15.80175532
13.22054078
3.11442265
0.03402710
2.10156250
0.92333984
6.65632868
1.74471132
4.44498781
15.95543219
4.27080562
1.56412594
3.59895999
5.28125000
7.96875000
3.11718750
6.10937500
5.37186614
0.63985261
1.16210938
10.83593750
5.81640625
1.65820312
13.42041016
6.11938477
6.69921875
2.94531250
7.52783203
8.00000000
0.31469727
5.44665527
3.10366800
1.18148825
11.00519504
2.36785183
14.44717199
3.44833582
4.05078125
3.06640625
3.06640625
2.72851562
6.31250000
0.45711180
5.60905031
8.25423094
8.16764406
2.18164062
5.84375000
1.63183594
4.55988753
60.84050310
5.59765625
3.17773438
6.09375000
19.45591545
11.29459220
4.80598626
5.92977615
1.95109070
14.14485594
2.24772218
4.11751219
21.04459220
3.28597265
18.75312390
6.76692376
11.54948997
4.67448249
7.52734375
13.30880488
5.18261968
3.12500000
4.97656250
6.18750000
4.53515625
1.62597656
12.29687500
2.59211907
6.32694831
5.88492797
9.10400266
7.47395501
4.35352061
2.25390625
10.91975828
12.45149657
3.55599124
8.50000000
14.01168442
3.71093750
2.58398438
7.96696377
2.45507812
16.34959030
5.67122313
3.26920656
5.61393063
1.48665531
0.90966797
10.84016844
23.04655031
9.75781250
3.08203125
14.41554136
0.73242312
1.49511719
5.02164672
0.66731812
6.84700438
5.86915163
3.51367188
12.09375000
2.18359375
0.77685547
2.73045629
0.89552027
8.28548094
5.67936281
1.53417969
11.21166992
5.01007080
2.29882812
9.98860594
5.60123781
11.70703125
3.02929688
7.09375000
44.56250000
3.54342651
3.78125000
10.75423094
4.66796875
16.21085570
2.55810671
13.62988032
10.69630300
2.31640625
7.70312500
1.84179688
3.37890625
5.96712157
5.23225953
0.51643922
4.27343750
15.46581782
6.39322252
1.70541278
0.91796875
12.20914672
14.23768154
10.40918218
4.14062500
10.29394282
2.78157469
3.64581755
3.88315713
1.92578125
21.97314453
9.46826172
3.16796875
8.76204344
13.30826906
3.52734375
4.25000000
13.37500000
3.79296875
9.84081782
7.31152593
7.01774047
0.98909547
8.10530142
20.29378546
2.56770999
10.28548094
2.19889406
11.67578125
11.66406250
2.27539062
13.60286126
6.93229499
1.14746094
10.91131093
13.44759530
1.65104250
14.00747784
6.97299091
9.49218750
7.10025377
5.35091810
4.45344969
3.71061281
16.79915282
7.35937500
1.03092531
0.89892578
4.48437500
5.73372313
8.54394282
8.36588874
12.75000000
2.48437500
7.74414062
8.04687002
3.47493905
3.68782469
10.43685062
16.51334469
3.75944093
6.83203125
5.87288453
1.13265015
7.47656001
2.77929688
2.41113530
5.13671875
9.73925532
10.39420656
5.88281250
15.78906250
14.61783688
3.69987311
7.92187500
5.07812500
10.99234486
10.90965426
2.03582557
8.67187500
11.80468750
6.46842531
10.00649380
2.52866245
8.66705322
20.12890625
6.88671875
3.15039062
3.20117188
3.54492188
16.47851562
3.08789062
12.09375000
16.13948485
2.64420656
7.08984375
16.53206173
3.03791612
4.51115802
14.12296321
8.33691655
3.22851562
14.06314938
10.23372562
10.76269531
10.28906250
1.77050781
11.35644282
10.86327128
4.13184840
0.48315430
11.51171875
8.59601286
3.61101839
1.98046875
12.09765625
11.72807738
10.54508547
3.24414062
11.02473875
5.50748781
0.82275391
8.36718750
4.60937500
1.84667969
6.43066406
18.29179744
13.15783755
16.37093140
0.51888062
0.61230469
16.81195450
11.46516844
3.18326906
8.18813941
1.47201684
8.28841063
3.56412843
16.54947252
10.62142592
3.74609375
4.53125000
8.68750000
9.35542224
2.07975842
5.46093750
5.17187500
12.09341534
9.56283466
3.85742188
11.95914672
4.93855836
2.64257812
10.53548094
1.61490470
1.83984873
8.23079344
4.70670656
5.93324912
19.29396276
3.77864749
1.23242188
6.47086547
11.83593750
3.82291625
4.64615968
3.27343750
6.48046875
8.78906250
5.84798094
10.52604280
1.43360870
2.25195312
8.37304189
2.77907801
2.94797775
3.60937500
2.47070312
17.16193706
1.70329731
2.74804688
13.33235594
2.40006593
5.49609375
7.02734375
13.72265625
12.48079344
1.40201906
31.51692376
8.96238365
5.62437056
12.55647828
0.17517090
3.96158688
9.84310062
19.45914547
12.15558859
7.42090093
0.55566406
3.50748283
11.25651374
15.37500000
13.93815187
12.18163564
4.16602061
14.11132812
4.22265625
1.67968750
15.69781494
1.92578125
0.31176758
10.80221939
1.12597656
0.24267578
13.16210938
1.18750000
0.32128906
6.77050781
3.68782469
1.95865968
0.54394531
10.98565382
22.25905182
5.36686281
1.45703125
7.31152344
12.55664062
10.75781250
7.21484375
10.71516844
8.92826418
10.67789672
1.92171265
1.77929688
14.71587034
6.58268063
1.27343999
11.20312500
17.63704344
14.89875222
4.68686059
4.25000000
10.91048094
14.30468750
2.25553468
2.62207031
12.46875000
9.45442376
4.16666999
13.54003906
0.48242188
9.26562500
7.29361813
0.06600101
12.82226562
5.70768063
12.23014406
13.18929078
0.48616578
21.21906472
16.53842060
6.02000333
6.36606604
0.96484375
7.84439938
9.37775730
0.28923232
13.85921265
5.63736813
0.78890140
3.83984375
6.71679189
7.48242686
23.67478724
10.18165807
1.81347656
9.07877438
0.40853031
22.46484375
7.77734375
4.62500000
13.14396055
0.32552187
13.17187500
2.44335938
5.97265625
17.16601562
8.15445922
0.35603883
12.37109375
7.89062500
6.54296875
6.00585439
7.18945811
2.96484375
9.28189938
6.09310062
20.25195312
2.80012938
1.81901125
3.98437500
14.73242188
4.50423094
11.71158937
3.94531250
21.30468750
17.72493407
3.33365968
3.90234375
6.05955785
2.39747340
0.86914062
12.06640625
13.67187500
0.82617188
16.15234375
6.95849609
11.66829344
3.21842531
7.82031250
3.58120457
7.28207668
18.51204344
14.84733156
17.59960938
12.70344969
6.71842531
13.82812500
8.68750000
5.45703125
8.96939938
8.37435062
22.73518548
4.06510749
1.51074219
13.23502438
10.15152704
2.39860483
6.40625000
17.95603724
1.37827182
12.74363708
5.20670656
15.88247784
12.69955341
9.40625000
3.39257812
10.61848626
2.30924811
2.17578125
8.92723737
0.54248919
4.08105469
2.01757812
4.16406250
6.45899200
0.25952148
3.25781250
23.06835439
4.97070811
3.53027344
10.13671377
3.22070811
11.76985594
5.31998781
1.66503906
6.93001219
7.01529034
2.40821309
2.34960938
12.73242188
18.21875000
5.85058594
2.78369141
6.78548094
0.86100343
0.85156250
5.41258644
15.56381247
14.60514406
8.25000000
17.30891844
6.10969969
4.26236813
2.05338874
7.20703125
10.58856201
3.33447266
19.84431883
8.35514406
9.91406250
8.66828347
2.76726340
1.58886719
11.50000000
4.15234375
2.63671875
7.62890625
0.36010742
17.36718750
5.99218750
10.06314938
10.23079344
10.64551030
11.36718750
3.95312500
11.42477226
18.18374062
6.38640403
3.65429688
0.07513428
14.92190552
9.81673094
1.66764406
12.73860594
26.69334442
1.90398714
1.65722656
14.12629876
1.34928718
4.21093750
6.74039672
0.79866578
7.91666002
7.20052748
9.79036126
6.16911140
3.49414062
10.25748532
2.19270999
8.16308594
10.91048094
8.12858156
12.72558594
4.40234375
4.99218750
3.91992188
2.73242188
7.79394282
11.60384032
11.58463874
0.67578125
6.54782415
9.50491023
8.78254876
2.47721686
3.80143063
7.05402815
3.16016622
11.17187500
6.14453125
1.99121094
14.63117908
6.17741467
20.68261719
18.20735594
10.32780031
3.90071532
10.98014406
1.14453125
13.69531250
0.78787584
2.85482435
27.01904297
7.93359375
1.25781250
14.63476562
5.80859375
1.69628906
14.18098626
4.71159186
9.24641844
8.71158688
12.23079344
3.42676030
13.62988032
0.35124030
16.76985594
5.42901818
1.00229775
11.50585938
12.70572252
0.70248060
16.69596188
8.36799424
8.67383685
5.33984375
6.66617797
1.64241578
11.32812500
0.46557617
2.32617188
30.28759641
0.68066531
3.19531250
8.96191406
3.51953125
1.78613281
18.16927000
15.05240968
7.57031250
0.66243407
19.10351562
1.91764406
10.61718750
7.67578125
3.54166002
2.43099623
5.32031250
5.27734375
2.90104001
-0.08127682
3.77539062
2.43115234
14.30110594
1.81217531
13.28548094
4.87174313
4.35449468
2.69173094
8.15446047
5.70312500
7.65266844
13.07142214
17.49641844
13.43750000
8.03010860
5.95003546
13.97265625
21.51007536
15.21453401
4.91048094
1.00610289
6.93595523
4.26089706
1.20785294
8.66794881
2.50034463
3.61881593
5.36881095
5.95752202
11.58138187
7.64843750
12.68359375
14.50423094
7.49641844
5.99186281
20.69047121
0.36067376
3.14713874
17.74413564
0.44434092
2.11328125
17.63867188
4.59375000
7.69140625
14.95735594
4.74967531
12.88150876
8.11295656
5.56217531
3.60156250
7.92968750
18.48534907
14.52141101
4.56608156
14.17813110
5.45914672
4.00569703
14.64062500
9.23339096
7.33692154
10.15445922
2.49007203
12.02359641
0.02307129
1.70214844
8.33235594
6.30664062
20.88085938
13.34504876
15.26497811
2.27148438
11.16754980
12.83920434
7.51741578
8.89876219
15.69563719
6.83170656
10.93467287
0.87402344
3.86994238
1.12029199
10.06208413
0.40886314
7.02145945
2.58010305
17.53515625
14.06314938
7.55794437
0.79882812
6.28156472
2.24577903
10.12923094
5.82780031
10.33593750
2.66297401
0.58311974
5.06510251
5.30403812
4.26171875
11.17610594
11.26204344
8.75129876
5.27995124
8.13216312
13.73111813
2.12044437
11.77473626
2.46940436
8.95035392
2.22884530
3.87500000
8.62500000
4.73469969
2.07780031
7.70800532
2.40527593
0.78564453
15.47200438
10.77229610
0.29280890
9.99218750
10.89322252
11.98502438
10.84928718
11.76497562
16.51920656
12.30761968
0.62646484
26.01171875
12.40103502
6.93880873
1.46679688
4.06250000
9.24218750
1.52734375
17.74641844
5.05045656
0.78125000
15.92968750
0.31298828
1.03027344
13.86106198
48.87076906
3.39030031
11.88442598
6.40854277
3.17773438
13.82584220
6.97689217
2.40234375
9.34375000
1.97851562
8.12923094
2.47623781
12.46939938
3.50716312
0.69677734
19.13281250
7.39907691
15.24968528
6.73828125
3.39257812
10.74576906
0.96728516
10.33251330
4.01904920
6.14843750
2.34765625
13.95312500
8.68750000
13.62500000
13.17699786
2.95385804
2.59269226
9.19562722
18.60091312
6.78939716
0.52734375
11.84798094
1.87304688
2.77701906
14.30501219
3.95280031
23.93342144
10.47868794
6.63281250
5.21484375
1.28808594
1.96190409
3.37500997
15.21516844
12.36490968
2.53743407
8.07812500
5.89583001
2.28939217
1.72167969
10.85008644
1.19288231
8.04752438
3.73827627
14.95248060
11.90266844
2.47233156
8.32031250
1.18457031
5.78125000
13.15038564
3.77539561
12.57722961
1.35441101
10.91113032
2.86621343
1.32324219
22.67138672
6.95491453
3.21451906
9.83235594
6.54655031
12.18033688
4.84310062
15.72802734
5.77571033
3.66178967
28.86914062
7.07259032
1.88671875
9.60514406
0.46557617
1.26113995
3.60189716
11.23583112
2.27198138
7.45540282
7.42757203
17.52107789
0.28173828
6.31250000
0.45336914
8.51611328
7.15039062
4.33007314
2.36751717
3.38117410
5.88998559
6.37890625
3.97851562
0.98632812
1.15136719
1.78125000
11.50162594
2.16145999
21.96875000
0.96289062
16.23599845
1.27213874
7.06217531
7.99706782
2.47363530
3.11914062
10.90657469
6.00358156
6.46875000
7.12500000
0.11779785
7.10156250
3.20898438
7.53613032
0.20825445
5.34765625
14.62629876
14.32828236
8.70279034
3.67856604
11.91048094
8.65396720
6.04102061
7.18752289
3.81054688
6.34016844
1.42740968
8.61848626
2.06901374
11.62889628
1.28549091
6.01920656
3.38085938
14.20743649
2.31901125
4.38281250
2.22623781
1.63476562
11.47884032
12.95402039
3.87963929
7.49804688
3.61718750
9.64062500
3.13281250
12.48828125
2.38867188
16.20907593
1.78808594
4.48176751
2.40104499
2.26171875
7.20735594
18.06608156
2.60742188
4.96484375
1.88378906
4.92643063
11.55045656
8.06250000
7.11328125
8.28474001
2.52343750
15.40377914
2.17081726
16.01692376
3.54948249
7.89062500
0.24989822
0.94260666
4.15234375
8.53548094
7.72770114
14.63948636
3.75553468
18.94497784
11.59750263
2.36914062
2.88476562
1.11588126
15.72622460
5.35937500
8.91048094
1.18619875
21.67610594
8.66764406
4.83235594
10.57161126
9.93782967
2.90820312
6.13769282
4.07715093
10.26627438
3.56412843
1.95475343
22.57063719
10.36129864
2.98438497
10.20914672
6.24397828
13.68635735
4.33463874
6.03515625
0.98388672
3.80078125
2.29882812
8.19531250
2.62500000
16.79329344
2.50268617
0.71085633
6.10937500
0.04153442
0.34985352
8.98632812
9.97656250
2.46289062
5.28515625
2.52272163
0.18772759
10.04752438
9.52896720
5.61197252
6.71778590
1.31445312
7.38671875
4.80077128
12.79971210
7.75552970
9.41276374
2.05599124
7.87133789
1.78125000
4.12532469
5.50358156
3.78906250
2.03384503
18.31188788
4.52164672
3.56412843
8.76562500
17.17578125
5.03906250
4.65411459
8.99106604
8.58235843
9.66015625
13.26464844
5.49609375
9.52831782
3.71419437
2.52897218
6.20312500
3.41992188
8.86718750
1.73730469
0.02368164
7.84765625
3.41601562
14.54150266
13.13102172
2.86067874
8.28872784
4.18002216
3.63476562
10.64843750
12.48925532
2.76074468
5.53515625
7.33203125
2.14062500
5.23730469
1.65234375
4.40234375
3.20117188
7.95588985
1.02262577
12.22786126
2.83463874
5.34265137
3.13085938
6.76822252
4.08366467
4.56217531
6.17414783
4.57975842
4.84765625
17.31492022
4.69679853
5.45703125
5.05078125
14.98242188
6.71875000
11.99218750
4.68750000
1.12988281
3.12500000
11.53727172
0.74392232
1.42925518
12.32812500
3.87500000
0.93701172
5.45312500
9.54345080
12.56592420
3.25976562
7.53426086
7.49005895
4.79591090
0.07948853
2.88476562
4.35643784
7.51660904
4.11751219
1.51334718
11.82633422
0.70100953
20.96712157
3.61881593
2.84960938
1.93750000
9.98144282
9.79166002
2.27767841
3.16210938
4.69759032
6.98306876
3.36132812
4.44727061
3.54817376
3.52995124
0.38285153
13.48545490
0.60276291
2.59747895
8.30022613
6.14257812
14.04687500
17.65526596
1.41504654
5.47656250
15.19921875
2.69010251
9.94506939
9.53108641
5.71842531
1.72558594
2.41992188
1.24511719
5.77766844
4.53483156
3.00976064
0.94238780
8.67610594
15.91764406
3.58732055
7.55223986
2.43652593
10.40495124
4.47721437
0.29321289
2.49342850
7.03342697
8.80110594
14.39026979
9.80615234
13.33267066
4.88217309
9.53742908
4.74935062
11.98079842
0.60839844
13.58390071
3.62002106
13.65092137
6.93652344
13.36360594
1.64030031
10.29351484
3.94239029
0.52506593
11.41827350
5.61199994
7.77343750
6.53125000
4.16113032
4.78027593
7.06640625
6.75000000
7.38149380
4.70053745
3.16992188
16.29329344
8.12858156
1.13622798
5.30371343
7.03906250
8.23925781
4.36132314
4.25238869
4.91015625
0.70703125
1.49511719
5.33789062
5.95914672
27.51936890
0.57812500
1.75617659
6.55925310
5.94921875
0.12646484
0.54007965
1.04317230
9.02099609
7.53515625
10.11978502
7.64095717
14.36718750
5.34960938
7.36539672
1.77425172
10.88899657
17.25825075
1.89355469
9.45605469
8.81314938
5.10872562
9.02066268
1.34261857
5.55859375
2.79296875
9.88995568
5.64129432
9.21939938
5.02278812
8.57128906
5.66796875
13.24478502
4.40755873
13.22851562
8.63704344
3.18912843
5.63085938
1.28710938
6.16476631
3.84960938
0.95178223
2.67447751
2.64388187
9.96093750
3.76367188
5.08203125
17.55501219
9.94889406
10.98502438
-0.08579342
3.00000000
11.05891844
5.07194093
5.02734375
3.97851562
5.32205896
0.31368323
12.62206782
13.14551030
4.74218750
6.95312500
3.36132812
10.69074690
5.93034685
3.11132812
10.02368164
4.19140625
2.84570312
1.02050781
3.05664062
6.52929688
3.89062500
12.37500000
4.91438719
1.05924562
0.64697266
5.86718750
4.29687500
6.35546875
4.73828125
3.81835938
0.39532471
4.51953125
4.75023031
4.44140625
17.43001219
5.55826906
13.07226562
6.32421875
10.83235594
1.02311281
1.22167969
8.42317376
0.52897468
3.53125000
6.17008422
4.76546265
3.35025876
1.49739749
8.30468750
1.95996094
8.70312500
5.65071033
8.04068595
3.04558122
5.30403812
10.69905142
4.71891733
14.78906250
6.09781860
1.84749390
10.30468750
8.39062500
16.91389891
12.36116578
14.84000360
8.93620124
2.70117188
3.79833611
10.15316046
18.81688830
21.30517952
17.08105718
14.39485594
3.94075687
5.34765625
8.20377438
11.96810062
8.78906250
8.32812500
0.58349609
14.90819814
17.53125498
3.05468750
1.92285156
7.46516844
11.40983156
3.22656250
12.70538786
3.02898714
2.12500000
4.85968474
18.81804964
3.03710938
2.78515625
7.94628657
4.68651845
2.33333998
8.69709352
7.84895501
2.68066655
9.33430408
2.64795545
1.61995484
11.29329344
6.00748781
6.07031250
1.09863281
2.13340541
8.96711658
7.70509806
10.19140625
6.42057624
12.30012190
13.75716810
3.30794437
9.00878657
5.50716312
11.36295656
0.10681152
1.16699219
2.19335938
1.54801391
3.07405640
17.54329344
7.81640625
17.20328933
7.56836436
10.16680908
5.00244016
2.98193484
10.57812500
0.10046387
10.76269282
10.23730718
3.39843750
11.09375000
9.26985594
8.70670656
4.80078125
15.38118407
13.32780031
2.70312500
6.12500000
2.12304688
18.00003052
15.62532469
6.23405031
7.84871336
2.93912843
15.61938477
2.19531250
2.38476562
11.10579344
22.18781472
4.58139184
4.43782469
6.94108156
6.56131363
8.99641844
7.86206117
0.30070008
0.28360836
9.55045656
19.69498781
8.35579344
10.36295656
2.96321532
2.22819093
22.91210938
7.56250000
5.19140625
1.06933594
7.14680408
9.67326241
6.31876773
0.99300172
7.22656250
5.12840426
2.19581449
6.47800865
11.56137854
3.54850343
7.14062500
9.85937500
0.12365723
1.12109375
2.31835938
2.62878418
0.48418464
4.86269767
3.13834718
7.47656250
9.51627438
2.75325687
11.71093750
8.37500000
15.12661348
3.13901152
13.10937500
3.35351562
9.61718750
0.21531002
16.05859375
13.10937500
8.99153812
14.73045878
14.07455341
13.81608156
5.37890625
3.07356439
4.67448249
5.15625000
8.82812500
1.53563456
2.40040059
5.28125000
1.14160156
3.14453125
4.59569814
5.03711436
1.21289062
6.51472961
0.23429383
6.86303711
1.50585938
6.49316406
9.67871094
4.29296875
11.66406250
4.50390625
0.39843750
12.95979610
0.57617312
11.12076906
7.58593750
9.91471188
3.51725343
8.25358156
1.71582031
4.37500000
15.49641844
2.59765625
4.75748781
16.64550532
13.33105718
0.66699219
9.04687500
8.72656250
4.19399380
9.69988558
19.51448485
2.90169437
10.82031250
12.19726086
12.84439938
3.71435671
0.35140015
4.11718750
8.94726064
17.01969858
10.67187500
5.68180297
6.24576906
3.35546875
12.77050532
3.59505374
1.67545656
11.22298094
2.62695312
4.10905031
5.18782469
2.41569093
14.42285156
3.12695312
16.10937500
6.91406250
5.66438719
13.31250000
9.32519282
2.45963874
6.02376219
7.45149158
1.05697279
11.55468750
28.94313049
6.00781250
5.24218750
13.23437500
9.71093750
6.99430297
0.29964234
3.91666501
0.78743656
3.50683594
4.64843750
7.92187500
25.08593750
18.58789062
5.58202128
0.26595966
4.71875000
2.95084718
0.77294922
7.19709331
2.18962544
1.80371094
17.45703125
7.67529297
16.20312500
4.15234375
6.94140625
9.66048094
5.20670656
6.25000000
7.89453125
12.63281250
12.43457031
8.20312500
14.62011719
16.09016844
4.20312500
4.28483156
1.47949219
8.45040219
4.34912234
6.89241578
9.01461671
2.34343029
2.49023438
8.52473626
5.31901374
7.53531361
12.64925670
8.57052321
1.45379930
4.29296875
7.10546875
9.28125000
4.29329344
4.23014406
12.87988032
5.28808843
2.84765625
9.38281250
25.81640625
12.37206782
1.40429937
8.23502438
6.00716312
8.32096188
1.16341312
5.34375000
13.57812500
1.32287114
3.52767093
7.15234375
11.89843750
14.64481606
4.30114582
9.03060062
10.38883422
0.68847532
10.41764406
4.85156250
9.65022828
0.76497437
6.54687500
3.76171875
8.52050532
6.27571033
2.51042497
3.48697252
0.83138685
1.78222656
7.37109375
7.31673094
6.61652815
5.43392841
8.35156250
11.70312500
4.41796875
17.43750000
18.82454344
12.94726064
4.04069592
9.27766844
8.98437500
12.42118091
9.34115248
3.21842531
9.44954344
2.06086658
12.53353280
2.96419437
11.29882812
6.13069703
1.19515015
1.78222656
7.29687500
2.11197751
0.21248539
3.37890625
6.73958001
2.18034186
6.60742188
14.41471188
28.63346188
6.70573249
6.97558594
9.52473626
7.03385749
4.21093750
16.77766844
1.30175532
10.60026374
0.09094238
7.18359375
18.92577128
5.65723653
3.83203125
7.71516844
4.39420656
7.80078125
28.58019066
11.84375000
1.12239500
6.92187500
2.54069093
9.15625000
5.59375000
20.17268797
24.50748781
5.51562500
30.43814938
13.82161375
2.69629155
8.67675532
2.58545046
1.63037234
8.03125000
12.49055408
3.72038342
1.38867188
11.99218750
4.91992188
3.20703125
7.78125000
7.82812500
8.03548094
7.26530031
3.09765625
1.78515625
2.07617188
11.02766844
22.16389084
10.65892431
0.50114015
5.28483156
0.91357422
21.78613032
8.29068595
7.48177748
13.95735594
6.50813719
2.19954593
6.20312500
6.10969969
10.88053468
5.39062500
15.86197875
0.63802125
0.11672302
1.92350343
0.39208984
6.73046875
2.39321754
8.37045434
6.53125000
8.88346188
6.91421986
3.08122451
10.93635860
6.69645390
13.96304300
3.55258200
12.25423094
5.13248781
1.66992188
13.51155142
4.53141733
13.96093750
8.87304688
1.64160156
10.96093750
2.46875000
9.23678340
1.28222905
9.18115234
15.81494141
14.44596188
0.86946781
14.24771720
5.05306405
20.79459220
6.97103280
7.68164062
17.06298704
4.40445922
10.31608156
6.28873781
4.02343750
7.90104001
6.81379876
1.95703623
9.02343750
2.74023438
3.67187500
0.00642776
16.98144282
2.44629155
5.42578125
19.58496094
8.91992188
16.43033688
5.88216312
2.58374023
11.56673094
1.75716063
13.15993925
4.09668218
14.49104610
17.33903202
8.70019282
3.88004765
17.21370235
5.55566655
2.95930907
27.15590537
14.35288120
3.81657233
4.76953125
8.91227172
2.93538453
4.52734375
4.07031250
1.33593750
4.54394282
6.31933843
8.93570922
4.05224236
1.64486092
10.10449219
9.27343750
3.02929688
13.57031250
8.30468750
2.34375000
9.76074219
2.40039062
16.27538564
9.86523936
8.38346188
18.31608156
7.57389406
6.31250000
0.06488037
4.89062500
8.89843750
7.92968750
0.02554321
8.89485594
12.09928468
5.11328125
2.95507812
20.72475178
6.43931072
6.71875000
12.14062500
9.92740470
9.89290780
0.48852539
12.68750000
13.11002438
4.22200687
11.83593750
3.23291016
7.49641844
8.19108156
0.40234313
0.20434633
12.64843750
5.48372313
1.87760500
4.69140625
12.65625000
8.61360594
1.83691157
7.89713874
10.73437500
22.70406916
7.95999334
2.89062500
10.40526596
12.84115248
7.78449690
2.54135028
3.75976562
11.89062500
0.11642394
2.68725399
5.53125249
5.22753657
6.72949468
4.87890625
2.16601562
4.68359375
3.13313719
2.62076906
13.08414672
1.90315797
8.06250000
4.25390625
25.37339020
5.04003657
12.56543218
1.79785156
12.69139628
0.52670185
8.52343750
0.64323000
7.81640625
2.40429688
3.13671875
6.29329344
0.06229738
10.63849956
1.39665669
0.90901111
6.34538342
4.54101562
4.25390625
3.70344969
4.57063719
9.50358156
3.29557375
5.18359375
10.41829344
2.32389406
11.96012328
1.60628297
13.80696532
12.14908688
2.19433843
13.65429688
5.22265625
0.91333008
11.34195922
2.67789672
14.13346188
6.00293218
2.99218750
8.37988032
5.50064938
0.62435311
0.03433228
0.07763672
4.74062010
11.69889406
5.93469238
15.57128906
3.47460938
6.95267731
4.34631317
5.67567994
9.24218750
3.68782469
5.23795656
7.14062500
0.00823975
0.38826414
7.17545656
7.67773438
25.04858398
2.57031250
8.28971188
0.59318179
0.55070008
6.73828125
11.00718030
0.52219775
1.09855164
13.31867908
16.09538342
0.63117908
4.13929869
5.71875000
5.82031250
1.53710938
15.59016844
4.54655031
1.36816406
12.44238032
1.97318761
2.59255929
8.46843528
1.06250000
6.23828125
0.59716797
6.21484375
0.44311523
2.30126953
1.03141110
2.74218750
4.40266844
0.32373296
4.03906250
0.02474976
0.68505859
1.89648438
5.10188719
3.20507563
11.95581117
0.13664007
3.38509032
0.82438234
3.68570922
10.27815797
7.59765625
12.62027330
5.53288342
5.68391844
5.92903812
2.43945312
10.42187500
0.37719727
0.08234618
0.10591676
2.13671875
1.78515625
1.45410156
6.79622313
3.11686281
0.10546875
0.01091003
0.08692382
6.36897828
4.87890625
4.22623283
10.07259530
5.74348875
8.98014406
9.35156250
4.33203125
4.85188719
7.88248781
9.03189938
2.92528923
9.11458873
0.60091063
5.18326906
10.95377438
8.71093750
6.10481937
2.35301208
8.13704344
7.56998781
0.26586914
2.04427000
6.47265625
2.16992188
2.05045656
5.48496073
0.86269552
3.47250366
4.14062500
11.22298094
3.06364015
13.66439795
12.25000000
0.20202637
9.22426973
1.94955839
0.74911206
1.47607546
0.52327515
2.97884032
8.47835328
1.43147828
2.50846188
6.46810062
1.35742188
0.09661865
5.50487783
7.57617686
2.62109375
10.11686707
1.03868103
1.67350094
11.84310062
3.88867188
8.44954344
6.29329344
11.26692874
22.30821991
18.35593458
12.97298094
4.42903812
3.11328125
3.41601562
13.89062500
0.83679199
0.42895508
13.64908688
10.06445063
2.22103280
8.16562185
3.94824468
15.63312722
4.48373559
3.28352782
2.32389406
5.54687500
1.14171865
11.50073741
1.75357907
7.89039381
12.99023438
4.30077627
8.80273936
2.30773883
5.02313275
2.49804688
18.94954344
3.91569093
1.96711907
3.45182624
4.36718750
4.46048981
1.67915863
3.67382812
1.57812500
1.30434080
5.69108156
14.33300532
1.77376468
8.03483156
0.74902344
8.66406250
8.35937500
5.07031250
1.03515625
0.12432861
9.98339096
2.45239827
7.89664672
2.45621454
12.15922370
4.19759032
7.49609375
2.15592033
5.05371227
6.80794437
8.28125000
1.01643797
1.82324219
29.72721188
0.68310796
2.60363770
3.72656250
0.97705078
9.95312500
3.57259032
5.10123781
4.76594969
1.46521027
1.01102754
0.14662596
0.93977906
2.16487672
4.01578735
0.65413453
15.72656250
4.73567376
8.95670656
9.93814938
6.93587655
16.66113032
6.03450687
10.49576906
13.33593750
7.00390625
5.52343750
2.71712157
5.62467531
3.96088748
2.31836934
4.80859375
20.36132812
7.25390625
3.73535156
8.65494127
3.55599623
7.03124003
4.06315935
3.56445312
2.53060062
15.23645995
17.58406617
12.15189606
2.45247406
3.04296875
3.76953125
0.20939086
2.44448333
3.24773714
6.62174313
9.11067376
5.31836436
3.52539062
18.69742797
0.29964234
37.11669548
4.98486702
2.89828682
1.90902066
0.98243683
2.84570312
3.97656250
6.03645501
4.41602061
10.39062500
0.01016998
1.84094238
9.97468307
5.93561060
4.67173758
3.47094727
9.67187500
6.00000000
1.83398438
6.26562500
34.24641844
3.84147218
7.90625000
2.88964844
12.90625000
0.99218002
5.75489029
1.51855469
1.71711658
9.90007092
2.27539062
2.43359375
2.63509032
0.24357179
4.39127438
11.21028812
2.09537594
3.18123014
4.73828125
4.38281250
3.28579566
5.35482934
7.05078125
10.00781250
6.03157469
11.52701906
4.23437500
7.33024047
0.24739625
5.08414672
15.04866578
3.91145501
2.25260749
3.04947751
2.78320312
15.16906357
9.88639406
5.22233156
16.46289062
3.63573970
5.62044437
3.14811281
15.50667110
2.97868046
7.71875000
10.50846188
4.37239251
6.56478280
2.60815492
0.76212586
14.59602782
5.29264406
6.57031250
5.12109375
1.29882812
6.26171875
6.90820312
7.78125000
5.16861813
5.51888187
6.88476562
2.02667942
6.66179715
6.11328125
8.88281250
5.57617188
1.98925781
30.37564938
1.31998781
5.62467531
1.09179688
1.63997313
5.90232381
5.87860150
2.71182251
21.14447873
7.36653812
7.68383789
33.88671875
10.46158688
3.21451906
10.11206117
0.93204275
4.49023936
0.54394531
9.30468750
1.18188477
5.60188719
7.88281250
8.71516844
5.68731148
3.91015625
8.12890625
2.18750000
1.47558594
7.06640625
4.17968750
4.10025876
5.15560062
7.60156250
3.41503657
2.08105718
2.95703125
3.92610594
6.14811281
1.34082031
1.71191406
4.65396720
6.13541999
10.36295656
2.10546875
3.55859375
14.32031250
7.90234375
3.87500000
0.06976318
0.39217377
0.92187500
3.67643063
1.99544437
4.08007314
8.68555186
6.15819814
1.24219248
4.57518784
2.89160904
0.58984375
0.59033203
6.59570312
0.59033203
8.88452148
2.92447751
4.27343750
3.67415282
3.64876219
4.60046973
6.94140625
7.59765625
6.67187500
1.18066406
1.33397939
1.54883311
2.63704344
4.82389406
2.72786126
3.00065436
5.17187500
7.04296875
2.13118407
12.65983156
13.71939938
25.36263187
4.89062500
9.38281250
8.71093750
13.71581782
2.80957280
16.47656250
2.29296875
7.00602172
0.69368531
0.20874023
0.03479004
1.99603271
1.63378906
7.86393063
2.16536624
7.43359375
4.49218750
14.13411126
3.56706061
2.43554688
1.27049784
2.06478778
9.00000000
16.34504876
11.24088874
3.34537843
6.75000000
6.68391844
16.04475953
2.79475953
1.44025862
2.60026872
2.13330078
3.56250000
8.74218750
2.78450189
4.16276374
3.87939329
6.76611453
13.44531250
3.21289062
1.48339844
6.04687500
4.98828125
13.56066895
6.75585938
7.43359375
3.44791002
6.82552748
12.66048094
1.65104250
5.80078125
6.48828125
6.96191406
5.55273438
1.65136719
0.78662109
5.13671875
6.13281250
8.47298094
2.52213625
9.56160461
0.37971860
3.70247562
3.31542221
4.92285904
1.67365456
2.17741965
12.91308594
7.14453125
2.29882812
3.21875000
3.16796875
3.93945312
0.08886719
3.04067349
3.84897495
5.35416002
5.90169935
2.75520501
1.05143561
33.18423316
3.66342309
1.27636719
0.34277344
20.74910399
11.42252687
3.09407469
16.21353502
10.30388076
3.87679078
11.45735594
0.13651613
13.99104610
9.99332890
14.58235594
5.68782469
1.83805172
5.68750000
8.49511968
5.73014406
25.69596188
17.08170656
8.76562500
17.72574953
3.05078125
6.93359375
2.36751219
3.07780031
8.18456782
2.36035405
10.92789672
4.25960328
1.55957031
4.91210439
9.27148936
18.21516844
4.37890625
5.20670656
11.15625000
12.92968750
4.50064440
2.51693373
3.32258035
2.19695090
6.48339844
2.97851562
11.56673094
8.68750000
9.55045656
6.25000000
4.12109375
3.64843750
1.30371094
7.92333112
3.45378435
2.00309203
8.77001953
6.13248781
14.44531250
10.87109375
7.69140625
1.02246094
1.19840453
0.64827515
9.91377061
4.26872451
10.27473875
3.16373781
11.33300532
11.34310062
3.52539062
4.19202999
9.95577879
2.46322279
4.41080563
5.54231937
2.79492188
6.16959220
2.85775155
5.06250000
15.07258533
5.86491467
3.83984375
10.63281250
0.49707031
2.86328125
8.05810547
2.28906250
3.42968750
8.07616689
2.63672373
19.24316406
3.58789062
10.38671875
11.89062500
5.94335938
3.82682126
11.65758808
2.96093750
1.02832031
8.11522939
0.96484873
7.78391354
6.82355940
5.51064023
0.29381310
14.14065075
4.48958250
6.40201906
13.97656250
6.47330563
16.61441891
8.28776374
22.11425781
2.24563599
4.04817376
8.70963874
11.55584233
6.50520501
3.20117686
0.63818359
21.74462891
28.96402829
12.86039339
7.16369598
2.45768312
23.05859375
20.12564938
13.25781250
1.93522218
5.26530031
7.16112035
5.41732934
3.30436281
7.68195036
8.69695589
19.13605940
6.65103502
8.45151152
13.33170656
5.06640625
7.84570312
14.59798094
14.28863525
3.55240968
6.43424313
6.61653812
11.86132314
2.47103280
9.00903071
0.98893561
15.98046875
12.54687500
3.34765625
3.48079344
6.62076906
2.23437500
9.69465814
7.62596049
3.09375000
22.11905758
0.76204593
15.84797845
2.32877936
13.02630454
3.70540780
4.07031250
2.88509032
28.98405031
11.68945312
10.43391844
9.06673094
2.14388187
8.96223626
3.32291999
5.73046875
8.37141844
14.23258422
15.28304078
2.48079344
2.19270999
11.07031250
4.94367908
1.49968029
15.90363753
6.24317154
8.46451906
9.44238032
2.96386968
0.28173828
3.81884766
32.71289062
17.06760639
3.66286236
2.51041501
7.67891605
3.53426086
0.64689148
5.00227283
1.44303967
8.10131836
3.33007812
0.87548828
8.91243407
13.17252687
2.90299313
5.59960439
9.96322279
2.89062500
30.19335938
7.76953125
11.50423094
1.86100343
0.61621094
13.06493019
2.13233543
11.67358398
1.41259766
8.59146222
14.56413342
2.26627936
4.96394836
0.22245301
5.70115692
6.93946808
4.52343750
1.93283507
5.57454344
3.75130374
23.13313719
6.69889406
1.68945312
12.85898708
5.37663342
1.38671875
5.06900377
1.76888685
13.65266844
8.84342531
12.93973754
0.77913453
6.16080563
1.86263187
8.24609375
1.73046875
2.45703125
10.05891844
2.45280031
0.10302734
21.48849150
2.94335938
19.08268312
2.88867188
2.78352782
1.79948000
7.65919936
0.22361314
4.46126219
4.14420656
13.85156250
3.94595191
8.20281028
2.28678468
3.29917812
9.00000000
5.35839096
5.00053634
3.48286957
9.03515625
11.96939938
4.73763187
14.03808594
8.08805297
0.60384156
10.52766844
0.05753664
12.21516844
6.51920656
0.07495117
3.71484375
32.30664062
2.08788315
18.32650155
13.28776374
1.70702876
10.96972905
34.87727782
7.37369875
6.95312500
10.17968750
2.36328125
1.28816711
1.02872493
6.97021734
2.89453125
1.53417969
10.42187500
9.27343750
4.61718750
6.57844969
0.13859133
4.82031250
8.96484375
3.88085938
1.23535156
17.88704344
5.05613712
9.28125000
2.96907469
11.43815187
3.13801751
0.24040046
8.96200562
6.16406250
13.29752438
28.74251219
2.42740221
2.42416278
1.41406250
11.37207031
4.84537345
1.21126717
13.05334473
10.44545650
6.58203125
5.23437500
13.43324280
0.19641113
4.26659409
4.32520279
1.79785156
9.99414062
3.73665282
6.94889406
15.32236143
17.68391844
6.67903812
4.74609375
1.33007812
7.49120346
5.87842545
5.78548094
2.56673094
12.63639406
11.59765625
3.77506593
13.05175532
3.31022218
2.23958499
1.94042969
10.84765625
3.53125000
10.31250000
1.89062500
8.85709220
15.75716312
2.51855718
9.74804688
31.04378048
3.68082890
11.94531250
5.71679688
4.58593750
9.76985594
5.28548094
4.36263187
0.53662109
15.04134032
3.84407469
10.70310916
10.03939217
9.18750000
6.12109375
7.43782469
4.01920656
0.61865234
1.03043578
1.29768922
6.12532469
3.33951906
21.17024158
16.73991467
4.48437500
3.44921875
10.71875000
8.44531250
5.17968750
2.65234375
6.74381095
3.27767342
4.67968750
14.45312500
23.14973626
6.67643063
1.17383311
2.36132812
1.09537594
-0.05374997
5.07714844
2.74414062
6.24609375
5.77749114
2.77719636
4.92187500
6.41796875
3.60351562
0.99479001
1.72981937
1.35156250
5.84765625
10.89875721
3.51725842
2.04230691
0.76531028
6.05908203
9.78548094
2.65201906
8.10252660
3.21387965
33.58984375
8.02148438
2.59765625
5.04296875
5.70703125
1.04340803
10.89714372
9.23437500
4.51171875
7.83984375
11.47000973
9.44108156
5.70280031
10.50390625
3.43554688
4.34375000
8.71938941
1.83139184
2.96093750
7.88867188
8.30532691
2.79623559
7.62923094
2.31998781
9.46223626
1.64127936
19.28335550
6.70492575
9.89127438
13.71401707
10.76580230
2.80423981
3.36632148
3.23764184
3.82617188
8.38281250
2.26789534
3.08073747
10.72656250
8.07958984
2.47688719
1.75553468
3.74414062
3.55696532
1.32112672
7.28304078
18.24541136
9.75651125
4.37109375
3.05468750
9.55468750
4.08593750
7.95735594
13.40983156
16.05207004
8.91309840
3.66569093
0.02471649
1.22111023
8.84016844
7.90983156
39.38769282
2.09082280
7.03906250
1.27844238
3.96484375
11.10937500
5.11328125
13.74820922
0.75520875
9.13281250
5.47298094
11.60791016
11.53563830
2.79053357
3.34733156
22.42439974
3.15527593
2.07226562
12.77731367
1.71661958
4.51547761
15.94855940
3.62207779
19.98111065
3.41049091
4.63639406
1.53027344
7.48437500
21.49707031
7.62422606
1.97231910
5.04200465
2.75390625
13.91168213
2.82031250
10.58203125
2.46899414
1.61132812
16.19954344
6.83593750
1.03971437
3.97851562
12.28906250
17.57127660
31.33497340
6.20812988
6.73893063
3.19270999
1.77539062
14.92187500
12.74552367
13.37972047
8.66796875
3.28515625
5.38346188
15.97591312
4.39062500
5.46516844
1.06119875
1.06087157
-0.01625487
4.91894282
18.72949468
6.63704344
5.65413453
0.42732789
20.39062500
12.31382928
9.22949468
10.86295656
6.84821291
2.30990248
8.00992797
12.63915891
5.38378657
13.31949777
4.02093007
6.85123781
6.96712655
4.09960938
33.03027344
8.17968750
2.62017822
14.92610594
9.89062500
2.05631593
3.62645612
8.41065325
1.85872313
12.23795656
2.16933373
2.06015846
0.00891113
0.85465329
7.07161126
4.09591065
11.29687500
7.19563719
10.32389406
0.89973875
7.11686281
40.30273438
11.25927734
3.01041002
1.67467251
7.22558843
7.51920656
5.98437500
3.42578125
13.91048094
11.47233156
9.00781250
3.90820312
7.35937500
14.91796875
9.76985594
3.02718140
11.61897828
3.95963376
6.07389406
1.81608156
1.54394531
10.22965204
8.09847296
16.40625000
1.21776845
2.50000498
25.60937500
3.33398438
0.51985594
1.99967531
5.93782040
1.29492118
3.00358654
14.98402332
12.19302970
8.16016622
3.72851562
5.50000000
3.10058594
6.46907469
11.58951906
5.15234375
0.20141602
1.47753906
9.92187500
9.52766844
0.75032594
3.70882203
8.62500000
0.05044556
8.69921875
6.88997064
4.55794437
2.78645501
3.24023936
1.66927000
1.95149407
3.95491952
29.57470703
0.61083984
1.70023590
3.86160974
3.89388187
6.07421875
1.23177249
40.65039062
7.99462891
6.34375000
2.73958001
7.85449468
2.12272218
2.45507812
8.82812500
3.80761719
5.89094969
4.78483156
4.48717022
9.00781250
4.54687500
2.21484375
6.33593750
2.60546875
0.86279297
4.86126636
11.71257092
2.94726562
13.93212766
0.49121218
8.58235594
4.89811281
1.25000000
2.17480469
0.00000000
4.97656250
20.08626219
2.05826906
1.53710938
7.66861813
11.89388187
7.57421875
11.69673302
4.39457557
0.00920868
4.96093750
8.52262328
12.34554078
8.89973626
1.89713874
15.72656250
5.17866481
4.59477269
6.66790725
0.24835252
16.88118407
19.34798094
12.00626773
0.15018738
10.87500000
8.68456782
3.85449468
9.28906250
2.64680907
7.75000000
10.73827128
12.56999778
2.89453125
8.38281250
3.24609375
0.79697008
2.81771498
7.94140625
15.26367188
15.89119383
3.72819093
12.40997314
2.21549313
7.39224845
10.50073803
1.50773133
2.19825745
9.10400141
3.11621343
3.36914062
4.37988032
5.26562749
3.25813719
0.67692140
0.24584961
2.06803219
5.72200438
3.96679688
0.76660405
5.99609375
12.96321532
14.35107048
1.13395639
11.80891844
0.17936281
8.71516844
1.21744501
1.66650764
5.35937500
2.67626953
2.81835938
2.11523438
2.30078125
10.55529754
0.38464387
10.54726454
4.70735594
2.40169437
10.62500000
1.68652344
1.40152829
7.47981937
1.41699219
5.85156250
5.59375000
3.95344969
1.40983156
15.66934204
4.06640625
13.61718750
1.47871731
0.14628269
3.65527344
5.60156250
6.57812500
7.65234375
1.57226562
12.10758422
4.16975953
13.41454829
8.83528812
1.99186281
2.79101562
12.90714352
2.94270999
9.27343750
0.02297974
2.55729001
7.46028812
3.41601562
6.56445312
12.01204344
5.81640625
2.82796265
1.39925172
6.86098848
7.58139433
2.73437500
2.58398438
8.23437500
6.63671875
9.65347518
1.65902482
12.45833250
17.92187500
6.11295656
5.79719969
14.15625000
9.75358156
0.32592773
1.84993407
2.24967531
12.30468750
5.24218750
10.83235594
10.99556732
15.27343750
14.60579344
9.18326906
19.62858156
10.35937500
6.67187500
1.43164062
9.24804688
4.98828125
6.28971188
3.60091312
1.84667969
6.63704344
4.89876219
11.10872562
4.98567376
6.60449468
3.72330812
14.07031250
1.25976562
2.64160156
9.67089844
3.29882812
6.90234375
2.41210938
0.62451172
2.50584442
1.78126495
8.85156250
4.23046875
0.60400391
3.27343750
9.43847656
3.80468750
10.97298094
16.51009032
14.79996454
2.07633920
8.10156250
5.84375000
1.98339844
13.58300532
6.37304937
5.22265625
7.49609375
3.47460938
2.70312500
9.05859375
7.34798094
2.59928468
23.92578125
19.22656250
0.13916016
9.04687500
3.16503657
11.43261968
1.48583984
6.94954344
1.04948000
1.10058594
5.17187500
15.21906472
7.79004654
17.56146064
12.01513672
10.69238032
13.13574468
2.26171875
1.72119141
5.03520628
3.10644282
2.80143561
0.87353516
9.98142288
1.21388962
7.79687500
8.32031250
12.03584590
2.10270390
13.80468750
0.93457031
7.84960938
4.56070922
3.80061890
0.16662598
3.05468750
16.24429300
0.76547262
1.21191406
3.71679688
4.91015625
14.76204344
18.60156250
12.19661126
4.58642952
0.21932008
1.68652344
3.07454344
1.35123781
11.31250000
9.17008422
1.01057984
2.84375000
18.73828125
2.52929688
2.92578125
15.91829344
0.84448304
1.02335633
6.14843750
8.75000000
8.28906250
9.00585938
15.59132426
4.75633199
15.75292969
3.20117188
13.68570922
1.54020141
16.55436281
8.35156250
3.94726562
8.23437500
2.74804688
3.23242188
6.33626219
8.50260500
2.56054688
11.51562500
16.64403923
2.82666389
5.60937500
1.11132812
10.26985594
8.44173094
1.70474596
4.94792497
6.52766844
4.67757203
12.95979610
3.94791002
7.69564716
2.16748047
8.96875000
12.22687722
1.81413840
3.66015625
3.58511082
8.80551418
0.98144531
2.69661375
5.08984375
11.61718750
12.98795656
2.26171875
10.23925532
3.06347905
6.09960439
20.01367686
11.66406250
11.18456782
3.57519780
6.72460439
4.34180186
4.15265349
2.67742464
11.76904297
4.89843750
7.81640625
5.19531250
2.64713376
4.55013187
11.50781250
8.23990470
12.56948582
2.72967198
4.86393063
4.10905031
1.15633055
5.71028812
6.35758422
8.08186890
2.18750000
21.43750000
3.06250000
7.82844969
10.54085328
2.64241578
23.94403076
10.71875000
4.49251219
3.26530031
12.27485927
0.73100011
17.95294770
9.32217678
4.02278812
5.59375000
13.58414672
0.57991578
14.18228502
4.74382092
2.77311281
3.74005708
1.60369292
3.57617188
6.62271720
3.19173592
1.39453125
3.65625000
11.81070922
0.91243531
6.04296875
5.68927867
14.55990248
2.71679688
6.51985594
3.51920656
3.28336547
0.58479859
14.74749184
4.85937500
11.36718750
0.03225708
2.61718750
8.69367908
8.72054078
4.58923869
1.04439301
6.94140625
9.58853502
5.90788342
0.05533937
10.75976562
14.75716063
3.07389406
8.70312500
2.64648438
13.89485594
5.20393174
2.00668107
8.56250000
2.26953125
0.03430176
1.38574219
8.99218750
4.39348862
9.29254529
1.74544312
8.25000000
2.30436281
2.94726562
1.96582031
14.10412598
14.27831782
2.30761968
1.58919188
15.32519282
9.21581782
2.76335217
6.75667235
5.91601562
7.73616578
12.43212766
2.78645999
1.45507812
2.61783688
3.41731937
2.49023438
9.03971188
1.67122562
10.57723999
10.55891844
9.93326906
0.20532227
3.53125000
1.84179688
3.04279145
4.94158355
8.96093750
13.75000000
6.28971188
1.16341312
10.11360594
11.08007314
3.54069592
8.16829344
5.59352838
15.51552193
12.21484375
7.28759766
6.08268063
4.96810062
3.56640625
8.67626953
5.80078125
16.51204344
12.37858156
3.31835938
11.31314938
0.62483890
4.59472656
2.45507812
15.80078125
0.22854702
7.75032469
8.37011968
6.93750000
15.89062500
3.52473626
4.20963874
14.96875000
9.58593750
4.33203125
10.05923316
2.33334496
6.79687500
4.29443359
11.05891844
1.02506593
10.59764628
7.66797872
17.03404236
9.84798094
10.99576906
4.68879876
5.18620124
11.97134752
1.37630873
7.56640625
0.04508422
5.22444703
5.41406250
16.29589844
2.26367188
15.39485594
8.12858156
18.08306885
18.70312500
19.05859375
16.48437500
11.73209220
2.39876717
7.18505859
9.67138547
13.44287234
7.63085938
3.02929688
13.85156250
4.02359985
1.33186890
4.34569814
8.50586436
1.72005125
6.32552000
5.75000000
13.76888187
9.46467642
2.37126108
10.54882812
2.73828125
7.45466977
0.24479312
9.47656001
7.38183843
12.61555408
1.61100842
4.25000000
5.55989251
1.33854499
10.69985816
4.46420434
1.41210938
9.26041002
7.04328347
2.35255651
3.33353668
1.59556849
14.08105718
4.60579344
17.76530031
4.07812500
5.98046875
5.16119385
3.31787109
11.75423094
8.06412345
7.83040780
2.38736813
9.48519046
1.62760500
11.67870346
15.20545181
9.98412587
13.20898936
12.20756458
2.68652842
6.32389406
4.34375000
4.59765625
11.76269531
1.85091063
3.94889406
6.60579344
1.97623781
2.53906250
9.67968750
0.74007078
5.23405031
6.18750000
3.76757812
6.45344969
16.00000000
11.81868407
2.58724124
5.57161126
3.47916999
12.59960938
2.08984375
3.13085938
11.98144282
1.74316655
6.30956782
2.88183843
7.37597407
2.91341312
9.15983156
8.60156250
3.53873283
1.88704842
11.26562500
5.16015625
2.69433345
6.00293218
3.53125000
7.91796875
11.55362790
8.50716312
14.06314938
6.52701906
2.54655031
13.78319814
7.59180186
5.50390625
8.59195922
5.23844360
4.15983156
4.92284907
0.71777593
3.01562500
12.21516844
11.70312500
2.99088376
6.89746343
2.92415282
6.11295656
6.41829344
8.43058289
0.34594789
0.65185547
4.75781250
11.82584220
2.85221188
0.84440686
4.62532469
1.77473626
6.98665780
7.37109375
0.21289062
1.78588867
3.27343750
12.21516844
8.86718750
14.96451906
0.28247070
14.64459229
3.38671875
12.15185547
16.41210938
8.49707031
1.72540665
2.89453125
12.42968750
11.79231688
3.67149203
4.59576141
3.95703125
1.36425781
1.51074219
8.53613281
1.80642531
2.30843140
8.43814938
6.50325687
1.63183594
2.91015625
8.87923094
1.37478212
13.89387190
5.44987810
6.64017731
1.88252715
0.37582269
6.26562500
15.10925293
7.32844969
6.09733156
6.60900879
4.50423094
10.63639406
3.00390625
8.14843750
9.63346188
5.62272218
4.82063719
7.97591312
13.70166016
8.48860594
15.08170656
4.06250000
8.43391844
11.78125000
0.88330078
3.52506593
9.07031250
7.66438719
0.35709718
3.69921875
0.58496094
0.04269409
6.19531250
12.76204344
5.16406250
0.18058351
4.25813719
8.00423094
8.76204344
0.90918218
9.91048094
3.14811281
0.04107666
4.50602172
5.21468140
1.04980469
6.21695922
0.24959351
4.53125000
3.05664062
6.42968750
2.78743407
1.17642938
0.14355843
2.09179688
4.50097407
2.70215093
2.82226562
6.23697751
10.28629640
2.63834718
8.34798094
7.73046875
9.09773493
0.46834663
12.85642019
9.23641179
1.98192736
2.45948138
1.52539062
6.67740844
1.99971558
2.09928219
3.55013187
0.26049805
9.97656250
5.35546875
17.87335205
10.82519282
14.03640996
2.02749634
0.61132812
5.22119016
2.64046265
5.99698914
0.67504945
8.19173094
2.16373781
3.65234375
0.06854248
1.68359375
9.88361924
13.26904920
4.71842531
8.47069814
4.57617686
3.85384032
3.32226562
12.10514406
7.59765625
0.77962157
5.59342531
8.88867188
6.35156250
10.29329344
10.86070812
0.52503407
6.83626344
1.65120484
6.72265625
7.17578125
6.04687500
6.18945312
1.75292969
1.32617188
11.92431516
1.64697390
2.70117188
7.06070922
0.15958617
0.10319093
11.63281250
6.54052734
3.48632812
17.73437500
10.54752438
12.92545656
5.96875000
2.38867188
2.41959718
3.67447751
0.73616703
5.02734375
7.91796875
12.78125000
4.37109375
6.02343750
10.88281250
0.46386719
2.83805297
4.62288453
0.59765625
9.18391844
5.36360594
11.43685062
10.87500000
3.55859375
0.36857055
0.40869016
1.13216312
0.06384277
9.94140625
5.32421875
13.51562500
8.30891844
3.02115968
4.87353391
0.24121218
1.38122060
0.96810311
19.06640625
11.60156250
10.20491578
12.47900266
3.51953125
10.22591312
4.63085439
7.19727061
13.96516844
6.82389406
1.25878906
7.89453125
3.46190659
4.93067154
4.55468750
13.85579344
15.33625222
5.46159685
2.13737311
12.82812500
1.68521969
0.68636234
2.42578125
7.79548759
2.23478585
6.17187500
12.29115803
3.99009197
2.62646484
3.66406250
6.07063719
25.18408203
4.00032469
3.93717531
10.16764406
4.95344969
11.60188221
2.37826185
8.53125000
0.19824219
3.34375000
9.49283688
7.51709109
1.07796265
6.05110594
9.92836880
5.76336214
5.87499141
0.62582405
12.20825133
0.04144349
10.99804688
10.50911126
2.46745124
1.19238281
8.26562500
2.18164062
3.87500000
22.79036375
6.07454344
13.08951906
3.56250000
2.30664062
3.03287843
8.41829344
1.94238032
4.51017585
2.71679688
4.19873047
5.11328125
11.08365470
6.79134530
0.00678635
0.21010252
8.22656250
17.46077515
8.34554078
0.09881592
6.48079344
15.84733156
10.89257812
14.22656250
0.25777160
2.36954400
0.82275764
1.68359375
6.14435395
5.23410460
0.82922332
14.29018396
2.93377479
0.88037109
9.94531250
0.34765625
0.12683105
12.72721188
8.14485843
5.69563719
5.14208112
10.62679078
7.42644060
7.22119141
5.20280031
3.14453125
8.14062500
9.01788786
6.40698803
0.71281942
2.56250000
2.19839478
6.84016844
9.70670656
12.01692376
2.71386968
11.11067376
5.70150155
5.37890625
11.57633422
5.59016844
21.92920046
2.68945312
10.72167969
7.27147939
4.29057291
8.42264739
1.68066406
12.71451906
1.54882812
16.51105940
4.11589372
6.17610594
3.87076906
17.94594194
1.25360150
9.26920656
3.97298094
4.57389406
11.97558594
6.51757812
1.27929688
4.46875000
4.30859375
0.03277588
2.35052490
12.47656250
2.49609375
15.95190430
10.16406250
7.07096188
3.50618656
0.88427734
8.75488032
9.13574468
3.25195312
3.30468750
9.90893555
3.64843750
9.27408688
10.42181308
15.17398050
-0.56265238
3.68033190
0.99056654
9.88572474
6.24708776
2.46679688
6.59179688
2.25618407
14.66569093
4.51562500
1.65136719
5.29832614
1.93604886
7.33593750
2.49609375
1.63313470
13.02636968
1.65397218
7.94596188
4.14778812
12.35156250
6.64453125
12.30159422
1.66373781
1.92773438
12.99641844
0.48551515
2.68750000
7.78157469
3.47720690
12.92018260
7.82422872
1.45019531
4.69140625
0.03417969
12.57812500
11.01204344
5.48795656
5.16308594
2.48860594
3.55240968
8.07031250
7.40625000
12.93278503
3.00976562
15.20735594
4.13638409
4.21049977
0.62154144
11.48126552
3.33155917
4.80045656
10.87500000
2.19140625
1.66487423
0.45133671
14.94824219
6.85937500
7.28548094
9.10245789
0.59008851
0.49462891
10.04752438
3.97591312
10.65869016
0.74121218
2.79882812
11.75781250
1.66438470
0.82519780
8.77213625
7.10546875
10.07812500
3.03515625
6.25455563
2.09310062
7.57421875
2.35384032
5.65592531
6.10156250
7.77831782
6.96972905
8.40970856
7.39888519
0.28226621
0.59969179
6.12500000
5.05078125
4.31640625
0.05926514
1.24511719
10.21435547
7.75390625
7.71093750
0.34815979
3.01171875
14.75000000
3.50000000
1.33007812
8.52408688
7.49544437
8.44531250
4.71093750
3.46907469
4.95312500
3.11686281
1.12337157
8.15070036
1.13217807
13.64355469
4.60937500
4.80572510
14.97070312
17.57942376
7.35058843
2.97037843
7.47265625
5.21695922
8.35595080
8.79850842
13.37076906
0.55273188
6.49186281
2.63411624
2.12500000
5.12141844
11.36100343
4.64843750
5.21939938
4.47623781
3.32844969
15.76106937
5.38679167
8.75162843
8.55468750
3.69921875
0.15283203
3.67773438
12.03906250
10.35009766
0.68294188
5.99430422
9.09375000
3.61718750
14.07942376
0.04679694
15.23828125
5.36328125
1.82128906
3.98502438
7.44889406
2.26920656
6.93001219
0.88492922
8.91015625
5.69921875
4.17968750
8.86718750
4.75813719
9.51041002
14.86296154
4.05403812
10.29915282
6.08203125
1.67838625
6.43488254
4.67839871
12.77229610
1.13297734
11.83593750
3.02571532
9.08170656
4.79687500
11.11523438
9.68750000
11.51218077
1.23795656
0.13134766
6.24804688
5.64453125
20.46907469
24.44108156
16.00292969
3.80696532
1.28580812
6.77343750
0.67773438
2.84228391
11.03807846
9.73356826
4.56966312
9.82104492
9.23258422
21.76546265
4.76171875
3.11718750
5.20312500
11.46875000
18.26365692
3.26368683
17.22363032
8.22949468
8.16796875
2.24218750
5.98046875
11.98258422
0.66894407
5.34130984
1.00569703
12.02245845
6.92480718
5.58593750
14.86360594
6.37500000
6.08170656
6.13281250
2.66243407
2.99869875
17.06509752
6.37240248
9.31673094
1.33658937
5.51236813
7.06575687
0.43603516
0.12060972
6.39094969
4.99153812
11.01562500
2.26562500
8.90038564
5.12564938
4.13021498
3.11328125
13.72032591
12.00358156
9.12141844
18.56217531
14.35758422
0.88313844
7.86718750
9.19675865
1.63722572
8.81070922
8.82210328
1.61598709
2.38730881
11.13411126
2.05176030
4.93717531
11.45788120
5.98600842
2.12695312
12.40689938
3.68326906
1.34733156
15.03515625
14.22248892
4.32438608
15.54719969
11.02164797
5.27734375
5.57031250
14.15625000
2.38692856
4.82844969
0.25065187
1.80859375
7.20735594
13.40201906
4.77343750
8.78906250
6.85122784
2.23470966
1.54817625
0.46598390
7.13898161
7.75554964
3.57226562
10.58412678
1.84556072
7.38134766
