0.11271055
18.62557070
11.35847961
7.65770007
11.76562500
1.47123199
7.90669769
1.00573730
4.05969083
1.64982242
0.74751801
9.86694149
4.91776706
7.80712766
9.47066378
0.09204102
1.71289062
0.03304535
20.24335480
2.59871399
7.24609375
10.07389281
0.62231508
19.05623227
17.15006095
9.45821697
0.12780762
1.07714844
1.71305297
8.65714539
3.45987976
8.76562500
4.42187500
3.28503325
0.50708070
1.74458832
0.20951355
4.90535461
9.25000000
3.33683289
3.87215149
1.82316101
11.12845856
0.74458832
14.38643340
1.85237672
0.95357269
0.95898438
4.08894836
1.95304383
1.02636719
1.80158550
3.09196919
18.46260528
10.91491243
25.20410156
2.79296875
0.68603516
5.39062500
0.02854919
3.37259918
16.90625000
4.87421765
7.06099955
5.05652260
1.61710633
4.20568817
4.41105164
0.95996094
2.18404144
4.82031250
4.19225732
6.28385749
13.94966644
1.24499418
0.16735933
18.67606598
6.73020280
0.20383864
12.14030319
10.90702239
13.41257526
12.57740691
8.39895821
0.56790161
8.45568817
5.41137633
0.89611910
7.09330231
0.51521820
1.60998504
6.60937500
5.14978058
7.59631317
1.64445008
8.18676197
2.30196697
5.72273244
6.04634100
1.77636968
2.54732269
10.03755209
4.88778147
0.26000977
1.08736176
10.18424469
3.99419922
1.25047845
2.67114943
8.24316406
7.01127106
7.63948235
8.76309619
5.39230274
8.69339872
3.84073914
6.70804964
6.00781250
5.25634641
7.98038989
7.87410461
4.97745789
1.69238281
4.58504211
7.52042664
16.02115844
0.18257691
0.22940746
3.09098515
2.44531250
7.49597075
0.94738863
9.02689606
13.79666335
0.14767259
14.28417969
1.33406555
11.27759583
5.01953125
0.79736328
0.02774048
4.76562500
3.91080563
0.54573734
0.68896484
11.05468750
2.07904053
7.98046875
4.05078125
2.36914062
14.33573083
5.08028479
9.90445922
1.84924161
9.14522495
2.45898438
0.22424316
7.48828125
0.29516602
3.25451629
0.82120789
2.01411957
2.42488586
0.69278992
0.70361328
3.59588462
11.62044686
5.76171875
3.87109375
0.53133117
4.38326019
6.15279144
9.33760528
2.27209442
0.05147371
5.99430297
1.70589234
20.04687500
5.92163086
12.78149352
21.17487589
0.30970329
28.06567383
1.80664062
11.55691601
3.18828235
0.57399039
0.38729319
0.91943359
10.83038786
17.95867464
0.12475586
5.90673828
1.95174008
1.77339816
2.09810394
3.62258297
-0.00195556
1.05566406
8.57792082
10.10079011
4.67533356
9.75691711
1.76037629
6.74197388
0.20890289
5.51607269
17.25157913
2.63786513
4.90157136
10.55814606
1.74947113
1.31250000
7.60375665
7.77124335
7.96875000
15.97220856
0.79947875
2.52327515
1.62740082
0.57279387
0.26318422
0.78755707
17.64248075
6.39746343
3.60853390
3.43404144
1.46972656
5.28515625
0.34647613
2.02779144
0.25561523
4.26908356
0.10146088
0.39453125
10.88631164
4.89583001
3.14953956
1.99121094
6.30468750
2.48482269
0.69193512
9.80904144
5.66849513
2.19124141
2.23336159
2.46211824
4.76953125
1.85103363
0.90429688
12.23783356
0.83776762
3.99275820
0.59863281
9.75691711
1.12731716
5.39701573
7.06037456
1.09424700
0.73063234
6.53035461
3.39603668
5.41495789
0.80078125
1.68794769
0.68212891
0.02343750
4.50390625
2.58203125
5.44791002
3.83333998
2.48925781
0.40633055
5.26875886
0.28291840
1.42968750
3.51171875
1.05131012
5.87103946
7.53987921
0.18816184
0.50223785
8.13716644
1.29357879
5.50134308
5.24218750
3.60156250
0.68652344
5.85156250
5.64530364
5.00704011
1.84008727
0.05460664
3.24414062
1.83247894
14.04508422
4.12927277
1.21582031
8.37845856
0.16129578
3.46679688
11.35847961
0.58243836
0.48465973
8.92443817
11.65218140
4.31250000
6.51953125
3.36132812
0.24975586
1.86454097
0.49786014
0.16044129
10.98783356
2.32271332
0.59020840
3.25476230
10.71093750
0.11651580
0.12280305
12.64371734
5.59716797
4.02243042
4.62633801
3.12154144
1.83203125
8.21875000
0.03482056
19.52640404
7.78946587
1.00053634
9.50476043
12.81685394
1.03507508
6.69628906
2.67338043
10.05355973
1.83007812
10.67968750
2.83984375
3.40625000
8.82287567
4.89058441
8.46410572
2.41960217
0.19161987
8.26908356
7.57332336
10.99743683
0.78662109
2.34179688
1.51855469
6.67431516
13.15282580
10.58256759
1.24844775
3.00883588
0.83060699
5.40474457
1.64160156
1.58646637
3.78951019
6.24609375
15.60502106
11.27050781
2.96028656
5.90625000
5.64252882
1.62460161
5.64888519
0.60302734
11.08158356
2.61372894
0.44873047
8.40970856
3.60396332
5.24564606
0.24353027
0.01053375
0.10223389
6.32861328
1.35327148
6.17578125
7.34818512
5.38281250
6.10103363
17.29687500
3.33398438
9.24475067
5.02868683
2.80078125
6.97220856
0.16499848
0.11287414
7.26997894
4.91060394
4.66406250
5.05423981
2.40055297
4.30468750
2.88309785
6.77075195
7.90234375
2.30423981
9.96785461
0.57035309
4.50556904
4.23865026
5.09936835
0.31445312
0.48718262
4.11425781
10.01985594
4.25890958
9.90303745
3.38793385
1.80994182
10.38549867
3.16646332
3.37312680
3.65983156
5.14331117
3.42338043
4.37154144
2.00203430
5.77823914
4.20008850
0.13874236
0.58964082
6.87980164
0.01290894
5.85058594
8.43750000
0.10058594
15.01127106
1.13867188
6.91406250
18.16487423
3.48645113
2.35693484
7.21439606
2.60786957
6.20853170
5.06266733
7.86254322
2.41703900
0.85937500
16.17240138
6.81002050
4.40325854
15.08697583
0.15270871
1.19242464
8.64453125
14.00501774
0.38951351
6.64506012
2.01322418
3.20011414
9.60066711
1.61853058
0.24267578
1.34977172
10.15804078
0.34228516
0.00450516
0.72119141
0.97423169
0.59477587
1.60485871
9.01562500
7.33203125
1.50292969
3.78666168
5.19966644
4.76127106
7.51859527
7.81115692
0.91784699
2.12198914
14.22733489
18.71362367
3.35054411
1.31201296
8.15881317
1.85814620
0.87956560
4.97471212
25.51803465
1.86523438
3.75630707
8.94787567
1.83675172
5.45121122
3.80961214
6.90234375
2.47896332
4.21138519
18.58992243
6.54492437
11.98392762
1.03861481
2.25826019
7.11283356
7.64062500
0.07375092
0.00465012
1.19433594
3.65185547
14.42879211
5.48286957
2.08699524
10.34118683
0.00466156
1.30566406
15.05273438
1.30326324
13.80025238
4.41555796
0.07378102
8.65757315
0.87261912
0.22278289
5.39497894
6.62679078
1.25488281
1.22513824
18.62078630
12.66398133
4.65669769
0.08876219
1.44799867
13.60273826
4.56478280
0.03147400
1.30957031
28.96568755
6.86543793
1.88956726
1.31835938
12.29341644
0.06597900
2.87935394
6.64798981
0.15181488
1.90722656
13.28470856
14.69698028
7.23457669
12.85795323
19.41348183
6.51412954
6.61731050
0.20748227
8.78841312
3.73437500
5.38191711
1.01420074
1.87935394
6.30558289
0.53959137
8.86372894
0.19592254
0.44799524
0.18091132
1.24414062
2.38085938
1.33886719
8.27689606
8.09106383
0.78243074
0.20410156
8.71093750
4.12214650
0.18742381
0.04440308
6.81250000
0.49503134
0.36792397
2.67126496
12.92622894
3.24804688
10.21671321
10.52893284
0.94234223
7.37251552
2.78959386
0.94681793
10.76729278
4.26049867
1.87792969
8.86869293
7.68013519
2.55918365
6.04252106
0.57706726
3.93554688
8.55969083
1.54675449
2.08984375
5.11149047
2.72661565
6.66756538
3.90820312
5.50781250
6.03125000
0.87114425
1.11703263
1.68599457
3.32421875
6.22265625
0.02887970
3.49068207
0.72753906
0.70996094
0.00343323
9.82722961
0.39794922
0.65519226
1.19343512
4.13370789
8.83407349
2.87695312
10.71093750
0.48929840
0.16634125
0.02639771
2.81160461
0.84232574
2.95658356
2.35921265
3.63281250
9.05468750
4.85937500
4.98783356
2.79300311
3.67228834
10.73542775
4.57707225
0.18347168
2.90508866
2.92694259
6.26851286
0.03938906
1.61651177
5.88732817
4.79866578
5.80603058
4.73527039
2.51757812
10.99218750
5.64619903
0.73909547
1.19531250
8.67187500
0.11763488
6.97009308
9.97851562
15.30293125
2.32932622
9.92097961
2.81339539
8.46695922
3.23421265
0.72774199
0.04136201
3.64627771
1.78613032
3.59058178
6.08150238
6.89754211
2.55753601
5.00345856
0.05428070
0.41699219
7.43374114
0.34759003
0.57853211
1.82714719
18.26122175
5.36918993
3.21289062
12.01460661
3.19482546
10.36527372
7.16695285
5.46484375
12.89550532
3.35014073
0.20568785
5.96752992
5.29341644
2.36132812
5.12410461
0.09507264
9.95646055
15.09728724
1.81539284
16.17899380
2.05883976
2.81054688
1.54243988
12.51269531
11.61644947
14.20988475
1.83142121
14.89587371
4.80603058
1.74654144
11.80971910
7.50368463
1.99989693
12.78125000
16.56746399
4.33728058
1.05122396
1.69291666
1.10351562
1.12845856
1.57076019
14.00602172
9.01472961
0.38427797
7.39550781
5.28470544
1.75276983
6.32120789
9.31250000
3.79609265
7.72343860
2.29296875
2.43794769
4.73828125
5.01940825
9.91572527
0.82314057
0.93603516
5.74218750
0.40869141
3.62695312
2.62088013
4.41015625
1.67480469
2.13085938
2.64213043
13.95312500
7.32198028
1.42104926
0.41114527
0.71496551
3.17517121
9.94185394
6.61149047
0.71907594
6.92474292
5.51368808
1.85172983
7.65714539
15.50337738
15.38476562
1.43607574
12.82615332
4.39905252
6.92610594
12.31608156
0.57621246
0.09499115
10.80741363
2.79548011
7.25045766
2.83785128
1.73339844
2.21093750
4.27388519
0.04177856
3.11228724
1.01466588
8.27843086
0.37879571
1.57372548
8.33398936
4.54687500
11.22715759
1.69667054
0.00520325
16.96401307
4.12008532
13.78125000
12.26899989
1.83992741
2.39514129
5.15458222
5.54207336
15.96131409
14.95349090
21.62342404
1.83707890
1.81640625
8.10066711
0.08768738
7.54079955
1.16663563
8.08166686
1.19356355
3.18404144
3.84720856
7.84419769
15.43750000
0.04992676
11.86328125
1.45072418
14.91406250
8.68750000
0.26269531
14.84820701
7.46254342
0.10406494
0.30316650
2.50528992
1.24084442
5.18493683
5.83894836
5.11059508
3.51440492
4.31294769
4.61718750
3.40429688
0.02638764
3.93736204
4.69260194
13.55378962
18.84574496
1.70292331
3.20658356
10.16406250
4.20825133
4.36596742
2.29732269
2.65234375
10.46695922
0.22810914
1.41601562
16.66654325
17.89701324
1.68648410
9.41752106
2.45206726
0.78271484
5.82352505
19.07882315
4.20613141
1.34562195
9.65820312
6.24609375
11.07800200
14.14152039
2.20190492
12.77062833
2.64583499
1.02083250
0.18448976
0.16040039
3.76367188
4.76082336
4.43839539
16.13317155
8.41760970
0.15539551
10.50781250
1.29980469
22.19787567
10.10778797
6.71799755
5.30122894
8.00475981
37.12738587
9.61313386
4.02868683
10.96875000
1.62837738
13.70300200
6.63716644
0.02693758
36.06054688
3.53096465
2.39135804
7.34375000
2.28861481
2.33233399
11.13102172
3.57946808
13.21838099
2.17269171
11.83789062
5.38236481
21.19007771
8.28226839
0.20373878
17.15625000
7.67187500
15.07031250
3.09472656
1.91361481
21.96439606
9.95422145
2.21102116
1.78682403
4.21728391
8.80135195
8.21451906
4.03564453
8.81595856
2.85742188
5.92232269
23.32242005
2.27669437
12.85054411
8.41010196
2.17294769
2.91406250
14.15347985
2.98999335
26.89992798
1.47897827
10.36519379
3.53710938
2.96439606
4.45613586
3.05362976
4.05513519
3.90535461
8.11908135
5.26328346
0.56237824
1.52148438
7.65144836
6.24112976
3.15625000
17.21158688
15.77400820
10.52412124
16.57438857
8.76037567
1.55810671
16.49820922
12.43147828
8.72619349
2.30265569
4.42934786
2.31133421
1.33007812
13.87759752
7.22005873
18.76896055
8.30814606
8.04789339
4.44921875
0.13793945
15.04418883
1.53775502
1.02889600
4.48437500
6.29296875
0.40551758
3.94437216
9.65161569
16.14192376
15.43416445
2.21146886
3.86914062
7.78247008
5.07857269
6.70536347
0.04923492
2.58283830
4.37785350
2.92907693
2.91162234
8.80814606
7.37154144
1.21972656
2.68900543
1.30122894
0.27880859
2.26908356
8.75435394
11.03906250
0.47094727
7.76037567
4.18916778
2.21663453
13.05940797
1.16210938
0.86083984
8.67561392
2.42594858
3.48242188
14.47220856
0.37837738
0.29081207
7.53751025
13.76770611
1.01322418
2.09073914
7.47265625
6.73828125
24.71170989
6.42456117
3.28605164
1.33593750
14.05638401
9.84905363
1.92568815
3.29927582
6.40234375
11.64334428
2.04562056
4.29666584
12.22974194
2.96333832
1.35082946
6.82502549
5.36354240
4.17923981
17.65368683
3.08548981
9.30061392
5.24626108
4.26899989
4.05371343
10.19731991
3.25573886
15.24632979
8.68333777
2.56296763
2.38085938
4.89229278
1.15189606
5.56473847
2.16162047
12.39827515
4.73917664
5.79827683
6.76076462
1.14103086
1.49593203
7.30175781
0.88671875
8.44803801
3.31997659
1.96750671
14.39062500
2.66406250
7.18359375
19.93314606
12.58593750
0.50386566
0.97998047
1.52970034
4.01177304
2.40356445
24.17529172
1.72314578
4.05981383
5.68627992
2.65734832
2.56339539
5.50494480
8.47810727
8.16687167
0.71643035
0.42980988
3.35351562
5.38627106
0.69250208
0.11263312
2.00439329
3.61670674
0.68655584
11.03560394
2.67879211
0.80558040
1.49023687
9.46415005
8.89522495
9.46004211
1.52050781
0.66007508
2.74804688
1.59765625
6.27209442
0.05810578
0.63623047
4.47676543
7.04085328
11.36848626
17.45729026
5.79296875
0.45825195
4.20605469
3.56152344
5.39208984
2.40429688
4.49173981
15.88463764
22.58801861
8.37446989
7.01530031
3.20003048
5.49511968
0.04140716
0.29199219
4.51997894
2.61718750
0.03696686
1.77779144
4.13627106
13.46529144
0.32364898
8.53051696
2.94213929
15.77343750
11.35591644
1.14355469
1.06347656
4.14257314
2.60095246
2.87712045
3.27929688
0.12627073
2.60966035
2.44236268
6.89062500
0.30286134
10.46951109
0.52816171
4.43359375
14.21088321
14.39926480
7.14648438
8.38073139
4.72083111
5.16841644
12.62552887
9.26802582
13.57812500
1.64815215
11.20145722
0.83792623
3.77563913
6.78047761
6.36193817
1.99157746
10.14480165
6.08545545
3.09742021
2.54927582
7.66335883
1.05343805
2.80517578
1.45410156
2.64843750
8.00768950
4.06217531
3.23828125
5.63716644
0.81970184
8.58535035
12.05814606
0.98388672
10.01216644
4.43359375
11.09375000
1.68945312
12.34195922
6.59798094
5.78892953
2.83273492
9.66841644
0.84615082
8.66918883
9.33617354
3.08838763
0.09283447
3.66963653
0.01859590
2.47070312
6.43631988
5.15669769
3.14408356
3.42968750
8.89615470
1.56868905
1.55957031
10.42687895
3.55037539
9.38627106
1.02681488
0.73828125
6.61595745
4.43828235
3.33247894
5.49084442
0.89530364
14.19006441
5.47817161
9.30237034
5.18058289
5.80078125
10.63769531
9.93750000
0.21321594
9.95905807
1.04785904
7.84554078
0.25244141
4.71289062
3.60742188
0.01948791
6.21529144
0.71093750
8.66113281
6.08593750
0.32348633
7.79687500
5.09330231
5.76908356
10.37302292
2.84765625
1.66992188
7.59776929
7.26306183
11.73291888
0.07407623
2.16646332
5.83194828
10.82785905
4.19167220
6.60892731
4.75190491
11.77706497
7.32165558
7.28816711
4.17825246
9.44030917
1.42533356
11.28658051
6.59375000
6.93359375
4.30468750
0.44469903
0.19791937
4.96663453
2.73242188
4.84375000
3.11332184
2.83833832
12.11437833
7.99540005
8.74092310
1.21428053
6.49609375
5.17744903
8.70581117
15.02876770
4.60245789
0.76342711
4.63415558
16.11071808
0.94628906
13.88582336
12.36616911
6.54878878
0.39404297
2.95898438
0.09484832
0.05523713
0.04760742
1.64387439
1.69694592
5.40144836
5.82076019
5.61949427
5.86185948
2.55761719
5.23738586
6.31384308
14.58007812
6.01684508
1.99568041
5.53961432
3.05078125
18.42187500
4.09810394
7.66678801
2.85895668
3.92542719
5.38582336
2.01903923
14.45707557
1.16202820
5.97310394
7.38590453
4.10725953
5.71683622
4.02828097
2.43750000
14.50691711
1.89249695
0.15991211
6.07409575
2.04113863
3.76944759
6.48852726
6.07332336
9.94018617
5.17150599
2.14685339
6.02571033
5.94454011
0.15967295
6.27779144
6.04252106
9.48950133
2.36641511
0.23974609
0.77201324
13.89009613
13.80053711
5.97025543
14.38146942
7.59712738
11.45837433
2.10892731
8.44280808
12.66090425
4.45497701
8.26168282
12.83593750
8.79777039
2.31835938
12.27298981
3.70101835
6.26619570
2.80078125
10.33939606
5.84081782
14.41479741
13.63301605
0.76420074
3.13972961
2.25915558
1.04980469
4.17000305
8.76562500
7.24894226
0.77783203
5.24948779
3.84980163
10.56595856
3.37288422
4.84484863
14.18135528
2.23616578
0.63142758
5.33581699
6.92382812
5.18314606
3.98872894
4.44265570
22.66431848
2.11104278
7.41239472
7.42187500
1.91585079
1.91760472
4.95043883
2.34643617
13.88793999
4.59419769
7.61523438
3.95361204
0.69384890
1.78177887
4.60111481
2.57511414
4.32710661
2.43614695
2.51994957
2.45898438
10.35489805
7.50593307
5.04932513
1.82421875
2.17114258
1.06250000
6.41361481
2.97505707
0.37377930
12.27929688
6.42533356
3.07767408
5.15720965
1.52343750
8.94506649
0.17724796
20.31070922
0.56166565
6.75122008
3.91223269
14.46875000
4.87890625
5.21819030
9.65029699
0.48634059
2.65926086
15.84810394
10.44966644
0.00239944
10.38281250
0.13131714
9.29252106
3.26517731
1.20499695
1.27746426
2.98327792
2.61718750
14.16564163
1.48474900
0.76171875
6.19938110
10.54479389
16.81086461
6.52047096
2.52193207
5.92414783
6.32341076
8.01562500
5.74462766
1.86645632
3.22709137
3.34224457
4.48437500
10.25244016
3.92334109
1.54882812
8.63215315
3.41703900
1.64026097
2.41081238
9.14525931
3.09837860
4.89551705
6.45703125
1.70650238
7.02539062
2.89648438
5.83113586
5.48136414
1.06054688
5.16377715
0.16906583
3.07072085
6.23392731
7.35546875
21.42024158
6.00252881
1.50488281
13.77148438
3.07181793
3.13012633
8.56172761
6.88671875
13.94095856
0.30830902
5.73828125
6.56078790
2.72798925
1.55257203
4.15669769
15.51281583
14.40470523
5.61372894
0.04183960
4.71875000
12.03458555
21.75011927
0.98592475
4.44274933
5.44877106
3.92232269
16.72273493
3.47062444
5.67923981
16.91646332
16.04711914
0.52083313
8.86323693
0.80953346
0.87353516
9.03538721
22.16597628
7.59733156
2.72233156
6.25000000
20.45133422
0.37536652
4.22310394
9.99218750
2.70664198
12.09324356
10.64676972
6.55814606
0.27583832
23.98851729
0.64136552
1.08300781
16.03001995
2.69654255
5.69431351
3.13185837
9.73437500
6.91304411
6.74397828
2.52071199
2.04931267
2.89697639
2.51277649
0.28995633
8.12255984
1.51013215
5.72045660
4.54687500
3.45719360
3.27132203
0.19616699
3.42746502
2.04101562
4.49564606
8.50533051
11.31250000
5.22566711
10.02315215
13.05757722
10.20703125
2.99023438
2.74955231
2.89453125
4.46428436
1.22806793
2.73872894
7.54597961
9.15323914
7.79988586
6.34419769
4.48514739
8.55179715
12.49625859
3.91076629
10.85937500
14.54866578
3.68481383
1.88647523
6.20312500
10.86030475
31.51928666
10.33354274
19.76567377
11.08737920
3.20432069
1.33451324
20.07787899
7.98462101
3.47070312
7.35937500
2.78755707
3.44921875
1.32617188
2.92689514
2.21289062
0.20690918
3.67382812
10.29943817
2.91902649
1.46085633
0.84126801
17.06823637
0.66170351
1.81880707
4.72265625
0.01695495
8.22834331
14.03337544
0.67847593
0.10428988
10.79576796
4.54003657
1.86251883
12.73604278
2.42651429
3.31640625
9.78563830
5.19483045
3.42382812
0.30354610
1.06754765
6.32421875
2.33203125
3.19592254
3.72349735
4.79001218
2.31131926
6.12768617
13.25213986
2.22397495
10.79341644
3.40970856
5.43839539
3.64994293
3.88867188
2.92773438
1.31860102
10.24922761
2.14253878
17.70470413
3.22188636
4.70764627
4.39978058
13.96529144
3.01517731
9.17187500
0.08197021
7.21529144
2.88867188
3.55198956
0.42950077
4.96187721
1.55415863
4.65625000
0.11421110
1.50162843
1.66406250
3.65506926
1.70182375
11.99181849
0.30171972
0.03660096
5.10400266
1.30309155
1.82662954
9.08158356
1.06481965
2.04252106
2.21484375
14.53739348
7.01094636
9.30468750
4.84810394
6.21004211
7.45402039
9.13627106
11.02469826
0.01106781
1.08496094
5.91361481
0.10890717
2.51953125
10.69877106
1.30879730
7.66361481
0.13667754
0.84895875
5.82031250
6.27689606
0.54821808
2.71875000
2.91076629
3.93839539
8.82559619
4.56034893
10.86206117
0.85009766
6.40580231
3.01517731
0.03007019
1.49218750
0.00268745
0.76434326
11.25345856
11.31941711
0.91353363
1.37544769
7.16406250
1.03059813
2.21647218
5.30904144
6.05847075
10.99141511
13.06615027
3.13005762
8.18969727
1.89168274
0.13724793
3.39247452
18.80239028
7.24564606
1.80635528
6.20536347
5.33345551
17.30859375
4.42374446
1.96732823
5.27294548
3.67057624
10.96004211
3.16088929
10.39396055
3.05525820
2.75976562
5.58255763
7.39400487
20.49185284
7.62085771
1.23237319
2.87879321
1.09570312
3.69896776
4.52173537
13.47956339
4.72311391
7.35367797
17.02510528
7.96541445
0.69677734
0.01320415
0.02901215
0.03393555
6.64798981
10.49654144
11.12845856
7.64082669
9.01888187
6.94966644
11.72310394
14.68017578
9.03125000
8.33158356
1.43697113
15.71289062
7.97265625
0.59488891
4.79085328
7.94486481
5.35672319
8.13200576
1.11621094
9.12491135
2.40633865
11.00512633
9.10522523
3.50195312
0.53759766
0.50931082
8.21501108
0.88472504
8.76127106
0.28548125
1.60395709
3.68144392
1.07910156
0.07891846
2.17594360
1.91495789
7.85591644
1.06294769
0.77050781
1.72851562
0.70166016
2.75390625
0.68880125
6.96061281
10.17187500
2.38582336
4.87980164
0.02435303
3.30619293
0.89257376
4.51534463
10.86164390
2.52623920
5.42786236
3.27433289
11.77494293
5.09691822
4.56368572
4.45170074
3.55664062
1.88484680
3.29040558
14.90996276
0.04252137
2.94441711
1.26269531
2.90519226
6.02929688
3.93554688
5.97265625
10.21695922
3.96333863
1.73730469
9.15625000
0.06185913
5.36673981
5.25345856
0.36104340
15.44185394
3.34765625
6.54162567
1.26749695
4.76562500
4.39062500
5.25276703
2.83398438
9.88562012
10.24910461
5.32076019
2.52779144
3.20658356
1.42195617
1.20304383
6.41796875
8.57812500
1.54252106
17.83247894
0.06361908
2.89603668
2.81294769
2.54809508
0.99886109
5.01261414
3.66035794
8.18339206
0.48535156
2.61790310
4.50221409
5.07031250
1.34375000
0.01293045
0.78771973
13.38041168
0.05796326
3.47070312
0.83064633
6.06787234
0.93990082
12.27600067
0.82015015
1.18945312
7.73783356
3.25976562
0.05238861
2.92578125
6.48046875
5.51082336
7.57877438
1.69661624
4.43916778
3.34448304
6.50826019
1.03230774
2.44771332
5.74955231
1.61425781
2.22355164
3.00736481
3.24188221
5.19757091
1.13724762
0.25321348
1.01416140
0.93829346
3.92142731
11.49385528
4.54835639
0.30513582
2.12093140
2.28951019
12.01562500
0.03585815
0.11195830
4.32645722
0.02539306
0.84810394
0.44873047
0.02253723
2.26171875
1.58775609
4.41175531
3.98181183
0.66796875
3.04597961
2.85428801
3.31998781
1.95650238
3.80773770
2.97546542
6.36283356
4.42853115
2.29261967
13.44531250
0.18774414
4.33280364
1.42110261
9.84765625
1.43172180
8.19775266
6.30704898
15.67533356
0.02211518
1.39355469
3.81570756
1.43429244
16.45445739
0.10770691
1.50638824
14.46349854
0.11395264
2.00976562
0.75727740
1.50688275
11.16406250
2.46166930
22.91486924
2.15182236
6.36629211
0.76159699
2.64453125
10.72851562
8.17968750
2.15625000
2.06640625
4.82031250
15.25781250
6.39550781
0.03152466
2.09285461
2.23136414
1.00000000
2.20222961
0.03333558
13.95324676
10.76908356
12.11513307
6.32377106
1.17053192
2.22941101
2.41255707
15.94502715
4.84554078
3.49654144
1.31490082
8.53035461
3.49609375
9.23347961
7.09511747
4.74606936
2.94380707
0.33719785
3.88728945
11.95658356
2.68750000
2.25240082
10.29609299
0.87792969
0.10845916
0.38712586
4.43013519
1.94726562
2.79210772
6.11707197
4.80078125
0.06396453
0.17272980
8.55468750
15.46531109
8.37255984
0.43432679
3.63236481
6.33024047
8.90616883
9.14741911
3.55314273
17.65445922
8.75781250
6.42488586
2.83276429
2.11132812
12.55447585
4.69552415
1.64798981
17.28177638
18.13875554
5.29341644
10.25870789
0.30391449
7.43314606
3.87955563
3.82011081
0.51562500
14.92085723
3.03845246
6.89888519
2.30875360
8.19657690
9.19531250
3.28411865
7.71439606
5.18282074
19.42215537
4.70675088
12.10937500
6.04252106
0.44628906
7.98473358
6.60591644
4.07508331
11.19478363
4.00390625
16.54943817
9.43058289
2.14550781
17.08113586
0.41735871
3.01468902
6.00000000
2.81685394
1.25834137
6.77388519
3.38883422
6.16149933
10.62500000
7.79508422
0.97936918
0.17838687
1.12613891
1.97054078
0.43945312
31.55448332
16.64643507
13.70854603
9.44173094
6.01045808
6.27388519
0.61690215
5.14152039
12.37935394
3.31294769
11.90909851
4.75390625
1.83300781
21.67295837
10.95853170
7.26412455
5.10546875
0.69726562
2.72070312
1.26757812
2.40625000
13.56046321
4.43941378
5.54610261
2.20027649
5.49007203
0.34619141
0.23295074
2.39888519
1.95507812
0.12060516
1.16345246
5.82812500
1.07714844
14.65189606
0.48278715
0.10652773
13.26844859
5.33311391
1.40947142
5.83153923
5.48124550
12.17280475
13.93221631
4.44230164
5.83715758
0.81225648
16.17101397
3.26533965
3.35376662
14.44681824
14.12141844
22.47774324
9.19966644
0.03860474
3.91406250
4.08646637
4.68750000
1.69209746
1.52958222
18.05236816
2.39986176
8.10156250
1.87500000
6.54001165
6.79787898
2.81640625
8.67187500
7.25642758
17.92574191
1.15999141
6.21118351
2.18330840
1.40787843
8.12845856
0.94413176
1.14713625
2.01953125
2.65437556
1.65731023
8.05647828
0.59863281
5.84773742
7.35636414
7.77298981
7.87109375
0.97998047
3.82339706
10.84306626
0.94262695
0.72412109
10.73002106
2.05708832
15.96785461
16.36628978
0.10695478
3.48197418
0.85103363
11.92354278
7.11549979
8.10158244
7.03816711
4.79386102
4.98519171
3.98091644
14.43750000
5.70357269
7.57031250
0.24975555
0.05633576
11.60937500
9.56054688
12.91662567
2.43786652
1.82145141
2.73225953
6.65970856
13.22387633
10.55501219
10.82568484
5.51204344
0.67700258
3.42968750
4.20882203
5.78951019
3.67923981
4.49084442
5.02522828
13.74039672
1.57263215
1.20149033
5.83289228
6.44018617
2.58593750
1.78080231
12.19441711
1.23852477
2.37316988
4.52140071
1.26961491
4.46415005
3.05688663
8.62577239
7.51139406
2.27343750
2.25919493
2.29939882
1.44115401
1.50952958
1.90722656
7.93615692
6.71228058
3.04687500
22.42537290
11.51513298
18.84529477
9.10925947
7.97708888
6.10494237
2.34224457
6.89798981
0.76656098
16.26648821
17.72742353
0.67968750
1.21341949
4.35846964
5.60637411
2.58760528
6.24442597
0.04344696
8.78470856
13.75423094
1.52327515
9.18058289
1.29797208
13.36185886
0.86914062
0.88472504
7.53426086
5.83357602
0.56136234
6.40234375
1.68359375
13.48002106
2.69145715
9.71875000
0.01637787
3.04253864
0.12922716
4.40722656
6.83146055
8.30916445
5.23002106
1.44531250
2.47733489
1.36348543
-0.00472885
13.21227996
10.33968984
10.94169160
3.40039062
6.03592864
8.71797761
2.78125000
0.79378172
3.50614472
3.92712433
12.60156250
4.53470856
1.10982269
2.02929688
2.05139129
11.09810394
2.20987976
8.45703125
0.52636719
0.95605469
5.92488586
2.83097351
13.42533356
2.35396332
0.39331055
0.41459137
1.07564301
11.59892510
1.84638740
17.09375000
3.44010375
4.18929078
11.09375000
0.85644282
6.68217198
3.73677582
5.56986481
5.15559906
9.42187500
2.81671599
0.02117464
8.25345856
14.22069814
8.30273936
0.15547699
10.60696920
7.43750498
7.52779144
5.72721188
1.53377445
2.32181793
7.24654144
0.28137207
2.11132812
16.86450133
5.67020722
1.72017426
7.03470856
1.76603149
14.25935727
17.96853211
5.74997561
1.95943207
0.61334229
0.37890625
11.58133755
2.30538120
13.21093750
4.36332184
5.70328945
3.79492188
6.80273438
4.90970856
2.52795379
1.01696808
4.12544769
2.84330231
20.79597961
3.85445036
19.16178531
2.22725540
0.06407993
10.32210328
3.31631285
4.62121302
7.62651014
2.71769226
0.28280422
3.84957003
0.82682375
3.51338684
5.30907829
2.53564827
8.84810394
8.82466644
1.67407227
3.17639129
7.76696808
3.43750000
0.00548553
0.88565852
4.45080784
6.80078125
13.71788897
2.50130873
3.29101562
2.93820937
4.03948581
4.16882978
2.42248504
0.14668824
0.48103820
1.90390290
9.99023438
3.22281361
9.07015514
6.21484375
3.00150543
0.87268035
0.83675172
0.89603668
1.31587738
3.64656306
2.95499944
17.47542110
6.23905364
0.56482214
3.40436559
2.48821254
0.31835938
5.36283356
4.34765625
10.42879211
0.36979125
0.31978426
9.43750000
5.79210772
0.79285322
0.40991211
2.50881843
2.58981438
5.67834442
9.96374169
6.35160682
0.79931641
4.82242797
3.43298371
0.62263977
2.50644524
1.69478363
1.64746094
0.75512695
0.34061676
4.81004987
1.49028368
1.91227172
2.24637910
6.60982269
4.32678192
4.04040558
4.45064052
5.11185948
3.55244903
9.44855940
14.37975732
8.67001551
0.58597809
4.21529144
3.84891069
0.49093306
1.96809813
3.94604554
3.67232269
3.20312500
9.75781250
0.33374023
21.86144615
3.04525155
3.56400543
0.57201962
8.61218417
9.26877625
5.11763519
13.42329677
0.03959386
13.68648161
9.76326601
4.00044769
3.04252106
7.61372894
3.20117188
0.75927734
8.95034021
2.53110510
0.69103973
4.73872894
10.30904144
0.63476562
12.28291778
9.24027372
0.77266636
9.78125000
2.74609375
7.79809508
2.45475312
17.26358821
15.48295323
0.49414062
10.15242243
0.70158148
1.90463066
1.26420620
0.77816794
1.07918274
2.57271332
2.93280018
6.66933177
0.73527039
7.90779477
1.94274684
4.87939827
0.60986328
0.97342926
5.56640625
7.58593750
12.06265736
1.52958721
1.34375000
1.96191406
2.17142731
3.23286957
0.68727101
0.58105967
12.29777039
8.84720856
0.79459594
2.18733765
12.63732381
5.68766733
0.08134035
8.23517177
1.23162510
10.83324920
2.54386414
2.51562500
7.03470856
0.14949555
3.80468750
10.54854278
4.28995789
2.27929688
11.41406250
2.13806183
6.07421875
3.49023438
0.00756836
2.61718750
6.71117354
1.26343583
1.78994499
6.56487145
0.89062500
1.63281250
12.78906250
2.87500000
1.46956173
1.47379765
12.00000000
1.91894531
0.42317688
3.59615082
1.42329926
12.84720856
2.16841644
1.89453125
6.22036348
3.10776152
0.72607422
10.55615234
2.69075775
0.09559855
6.66239472
12.24218750
3.43599457
13.01472961
9.61222351
1.24169922
2.49787235
0.06316684
8.86437833
6.22725620
0.08494049
3.54732269
8.47097851
4.15792774
1.59383117
6.37980164
0.29239805
1.95760195
19.62756317
11.24654144
8.44966644
3.42036957
2.43066406
1.43652344
2.11718750
8.53046765
6.52421985
2.17578125
0.15822264
0.01365236
4.66851807
1.64847809
5.25247139
0.22008126
7.77669437
4.89062500
7.34765625
0.00397110
11.26127106
2.66646332
13.94071255
2.44405308
0.23779297
2.89603668
0.46952301
5.41495789
4.70641623
8.20374002
5.57044646
0.94161043
0.96240234
16.78816711
5.86421598
7.05704898
6.29060650
3.22132658
5.59410460
1.41707336
1.86515320
2.86177582
7.45703125
2.12064606
5.83247894
0.01163483
0.00154495
0.06005362
1.38114472
1.51562500
6.46484375
1.35925200
7.10559175
0.51513672
0.52514586
4.29565492
4.36328125
1.82099187
0.99468195
7.62109375
1.50488281
10.82803635
11.42542220
15.48872894
2.54882812
1.67968750
10.66227172
12.93045989
3.53002992
1.55790254
0.72900391
18.36629211
6.48335661
7.59509308
6.91373781
7.79341644
14.76253266
2.50011802
0.31775307
0.65380859
11.82066158
4.68767730
2.06587987
11.75691711
1.66105164
2.59289551
19.26459650
18.08743902
11.56250000
1.04492188
0.91845703
15.81574690
2.94364971
9.45349401
2.82226562
11.05212402
9.66503906
5.74955231
11.06595856
4.75870789
3.21845967
2.68193096
9.63803101
18.30200133
4.33132997
7.39847684
3.14209109
14.26953125
6.98091644
0.00875092
1.25781250
1.90775543
4.63281250
7.35591644
1.82615017
2.73178745
6.19531250
0.99955231
0.22493500
0.11956787
2.64163892
1.98399157
4.34419769
8.34317992
4.26713043
2.44213929
3.45481354
13.40279144
5.73229980
4.79056295
0.91158549
1.31933594
3.53861481
1.53971281
0.68753436
16.49459330
8.38818484
2.68359375
11.80021055
1.14074800
1.47505707
10.63232048
8.70874335
10.69409242
5.56595856
3.92251441
1.27129266
1.03808594
3.89062500
1.45466790
2.67208167
5.28125000
11.42097961
2.72204621
2.71020446
3.88549867
17.29687500
0.90429688
1.00585938
8.14843750
0.11511230
2.77148438
11.58402372
0.28316378
2.86048323
0.28019476
8.63089996
2.28470856
12.27433289
2.26367188
0.17102051
1.33434841
4.10705784
9.35310727
0.68949496
1.72204621
1.61402893
8.97656250
1.59863281
5.59977172
0.13545777
5.56086658
0.04073651
1.93926677
6.61890957
5.02343750
8.44441711
6.62589539
6.58984375
0.02883392
1.24702973
0.35453277
12.53560394
1.17675781
7.59649491
5.73553634
0.13476562
3.62109375
0.01273346
7.02734375
1.33047869
2.35543439
12.31595856
7.00032469
7.26530031
8.02779144
9.08158356
10.16187914
4.72351728
7.43314606
3.99678247
11.25907690
3.59224457
0.00302887
19.05619293
7.83984375
1.77193207
1.41210938
7.60937500
6.41316711
0.95304383
0.05264251
1.66247590
1.19226074
15.25781250
10.84094083
0.23673648
2.26802582
8.67866911
4.35648714
1.01660156
3.66406250
6.89309952
0.11182388
6.98091644
8.52510528
7.18431184
4.20855163
4.26171875
1.69485795
7.24072951
3.50826019
15.98437500
1.96927887
1.67122313
4.91809175
11.76562500
2.11523438
1.20898438
8.19095856
0.76236938
1.14384004
10.09875333
4.79142398
8.24654144
11.78906250
1.32031250
8.60323028
1.26395722
4.37287581
2.40300310
6.89024602
1.34803523
0.84863281
10.99218750
3.11611980
0.15731770
1.49609375
4.43330528
6.78084663
1.80025238
0.23156738
1.57519531
7.92923981
5.92822141
6.57613253
0.41918758
10.46118351
1.75585938
8.59720856
12.30468750
0.45336789
0.69332003
9.13191711
6.34012879
7.80688477
5.48046875
1.43037871
15.23616578
0.47261566
4.41406250
3.33593252
1.03426584
5.30167664
6.27734375
2.51171875
0.00167561
0.42114258
0.00573349
3.82031250
7.02689606
5.80448332
14.31902939
7.42155031
9.37740082
3.98803711
5.30859375
0.97070312
4.97204123
5.22477670
3.04056793
1.67773438
5.21183289
0.34643555
0.75398742
0.72550476
0.23425293
2.38659575
11.50528369
2.21749556
3.27929688
8.23604278
7.45491578
8.05509087
13.45272163
1.88130707
0.69783508
10.60591644
0.77437348
19.05606993
2.27596132
10.13627106
1.12495692
3.20756261
9.79687500
14.02241911
13.51652039
0.75496523
0.04934692
0.88769531
0.60205078
6.38045102
1.49357117
3.58349734
16.45660794
3.91057956
0.86006621
2.90262910
4.95857602
6.09220523
4.61283356
5.61763519
4.96952239
0.46952363
0.94478363
11.64062500
5.93013519
0.73876953
12.87402344
6.80035400
6.28771942
4.36885528
8.78202394
7.15234375
0.01031494
5.49552336
3.68789839
1.38269946
10.45767066
1.92408410
12.49222186
2.26522412
4.34464539
2.47477172
2.21317597
2.75781250
7.14408356
1.07100371
1.89481660
9.10571227
5.63159242
1.48535156
4.57466644
1.61621094
3.50662179
37.73361258
4.29296875
2.49804688
5.38627106
19.18774772
11.94022053
4.29967919
5.46171985
1.14648438
10.09631317
1.48962433
3.11934356
18.48888631
4.08569772
23.84455674
12.20377438
8.94442459
4.29545323
7.02600067
12.60602097
3.59127548
3.35937500
2.68164062
4.00061004
2.19771332
2.20402039
11.71439606
1.89298274
3.92219243
7.69441711
8.98860594
8.28702571
5.32381538
1.86958832
10.36112395
13.85038176
2.98673648
6.85412567
11.30377228
2.78320312
2.47371399
7.49894417
1.79394531
14.58872467
4.26025266
4.26273714
5.69071255
1.13733128
0.47631836
10.23514739
22.26440492
9.99564606
3.30167664
16.00200435
0.69104222
0.85103114
5.90047429
0.55415863
8.36641262
5.91571170
3.30798371
11.35937500
1.93546570
0.50781250
3.71913842
0.69838264
8.94734680
5.56384308
0.50244141
9.19232147
6.02374268
2.03063996
9.93737700
5.44152925
12.74609375
2.78515625
5.04296875
40.46537262
3.86120086
4.00089539
10.06327239
2.89904754
15.91520172
3.27852449
13.56046321
9.55203328
2.05257203
7.42277039
1.99316406
3.02884918
5.39363586
5.72375333
0.51635929
3.55664062
14.39013298
3.96129655
2.43958610
0.61376953
12.30468750
16.58935235
7.48429632
2.52327515
9.06546654
2.39835882
3.10195341
2.46449467
2.04101562
21.50691711
9.49076324
2.70446808
8.78279477
11.64253878
3.22310394
4.45658356
23.12500000
4.02779144
8.83223294
4.08288730
7.06595856
0.82019074
9.93342642
17.31811835
3.08243960
9.26908356
1.65572113
13.48738586
11.20597351
2.34375000
15.23465537
7.10518838
0.77054840
11.26027414
3.48182180
0.61861176
6.30475621
9.63367353
11.58411236
4.62276153
5.63745179
4.92923981
3.00870789
16.45666473
5.03291778
1.04069093
0.59960938
5.11283356
4.19795684
6.76346521
7.27002327
14.06978363
2.77734375
5.90384918
7.21715841
2.85172983
3.01159575
9.13728945
15.15036405
1.02152621
6.49910461
3.65250610
0.84200105
7.83520446
1.07278888
2.11520002
4.40625000
4.12174313
7.94217864
5.96675753
10.83491911
10.59977172
3.76119237
7.95267731
3.78365082
9.67610594
2.51064108
3.20013408
9.84118683
10.19185394
5.89017731
9.67498893
2.42311502
6.94674683
18.93652344
7.51171875
2.70312500
5.65970856
3.99609375
16.25630707
2.77644836
11.20747894
15.17187500
2.68314606
6.67277039
17.25532926
1.56607408
3.67810837
13.71952239
7.33516511
2.41406250
8.15449938
10.90022828
9.68253601
8.18314606
0.56490082
5.00410794
12.35530142
5.58980939
0.46777344
11.55574524
10.03347851
3.09241688
2.37500000
10.76757812
11.06248634
6.20743836
2.33833832
8.55183774
5.18941378
0.59517426
8.15970856
4.30078125
0.91646332
4.89453125
21.61628659
13.34571521
18.45072418
0.42696137
0.69433594
17.45343018
2.20463043
4.45357269
7.64012301
1.75831449
8.47806793
2.63911957
13.54715537
8.28886331
3.63423676
3.34419769
9.14408356
8.43317615
1.88355053
5.62154144
2.70117188
10.07245236
6.96225620
5.46875000
9.67533356
4.60251893
1.92968750
7.50646942
1.12967240
1.56063552
7.65836547
1.39587433
5.44139130
16.87289450
3.18376108
1.41841644
5.02689606
14.01037567
3.34094145
3.63179660
1.92968750
6.94877106
8.93570922
5.06774933
7.31141471
1.07643284
1.71191406
9.56867908
2.26335217
5.46972656
3.34720856
1.49165863
14.43052860
1.85710965
2.14693207
11.07621122
2.59130984
4.35591644
5.14318817
10.11222351
8.77779144
1.07128906
20.19518700
8.40634310
4.64224400
12.66841644
0.22839355
5.32409575
10.25101839
19.96598079
15.06551148
7.74243351
0.20654297
2.98567376
9.37089206
15.63204011
10.26192293
11.67394615
1.71517342
6.25000000
3.42728668
1.25630707
14.79522705
0.72363281
0.11541748
6.44089794
0.44409180
0.18090820
11.74804688
0.47485352
0.23632812
6.74707031
3.52254211
0.82853211
0.48437500
10.26100511
21.92592513
4.68404144
1.13281250
1.15519195
12.45898438
12.26607269
7.00000000
11.99564606
8.17488617
11.78983489
0.56811586
1.28755707
13.97002868
5.86515071
0.62781042
11.89408356
16.41752106
9.03965759
3.68344636
3.25240082
12.53035461
11.76383422
0.39282289
2.60607879
12.00329621
7.06551086
4.56640625
12.22648133
1.43802887
9.08939606
8.31494016
0.08768863
10.06445312
6.40612700
12.13024933
12.16239472
0.29663086
17.65758312
16.62582294
7.46002217
5.93328900
0.61621094
7.23567376
4.04249263
0.24077072
14.42203735
6.22285794
1.26684757
2.40368683
4.38692044
5.52278812
3.54654034
10.00664173
2.87695312
7.20178192
0.37902863
5.27832031
5.83670989
3.39827515
15.00000000
0.15759308
12.03515625
1.18518035
7.81250000
14.55167664
4.65926086
0.23990906
12.96366301
7.30391511
7.01127106
1.40710107
7.20316932
2.43359375
7.79252106
6.47656250
5.87582916
2.32853024
2.16882480
3.29597961
13.50915558
6.40055297
13.20703125
4.08382203
20.64062500
19.81461547
2.81188996
5.37935394
7.21528148
2.07182790
0.41361481
10.27099609
13.38716644
0.36376953
14.92386871
7.71333832
9.80468750
4.03515625
7.70312500
0.66662193
4.04435616
6.14876219
13.38985261
13.11710633
16.67834442
8.06339539
14.20389739
7.77311281
4.81640625
5.94474180
13.36987367
17.99728285
3.84790226
1.25683594
15.32031250
7.14147607
0.77942237
5.19185394
10.73284465
1.17686391
12.53820801
5.23872894
14.81386747
15.28183565
9.34375000
1.80468750
12.76114805
1.49471132
0.54394531
9.29791778
0.53606659
1.62158203
0.89656555
5.18839539
9.80112564
0.18314637
2.26757812
24.12923094
4.53483156
2.96187254
9.29992520
2.54109929
10.94262633
3.64827515
1.61027039
6.57722961
4.70225898
1.81470910
3.28906250
13.93164062
12.08068817
6.71911652
2.02693664
6.49955231
0.87003601
0.33955902
5.39728613
17.67855856
13.51603335
7.85156250
3.80334442
4.31429078
3.50471798
1.25549534
7.77298981
7.41821289
2.10839844
3.63208631
8.71362367
7.79899047
2.59413717
2.68450908
1.24654144
13.74707031
4.96126219
1.89082918
6.51562500
0.30562348
19.14648438
2.34765625
8.67610594
8.42521055
5.68147953
10.03560394
4.10591644
12.63826233
17.74852005
6.04830673
2.04101562
0.03875732
13.15778756
9.88627106
0.90230316
12.58850067
28.17303082
1.45331227
1.26908356
13.56111259
1.57947182
4.94921875
6.67142731
0.33223480
7.80150931
2.68481881
7.76956561
6.74996564
5.25345856
9.95869903
1.81420961
9.30224609
14.26908356
11.73437500
12.96529144
8.73437500
4.73046875
6.36629211
3.10441101
6.64025599
9.65502992
12.92737034
0.69970703
4.85661958
9.50145292
7.43469083
3.55883976
4.57812500
7.00426530
3.24227615
11.38627106
5.78951019
1.07031250
15.33800865
6.70451241
18.64156098
5.58630278
8.71256593
3.21785461
11.30558289
0.83833832
15.19531250
0.58817068
3.12996897
24.02197266
8.51639739
1.07202211
15.43509918
5.58247894
1.52193207
13.57018950
7.53332613
8.51818817
9.10925200
8.73681516
3.57910405
13.65836547
0.25618531
17.13057403
5.54742576
0.64035959
10.95365387
10.72965204
0.25419409
14.34968307
8.22708888
8.56824759
5.47656250
7.14453125
0.72558594
9.23002106
0.32784027
0.78076172
20.08129696
0.47290226
3.15039062
4.27978516
2.97851562
1.32421875
16.05139129
16.11417664
7.55122894
0.42313567
3.42086489
1.73323609
8.95658356
8.29341644
3.20864972
0.83671985
4.74804688
4.26171875
0.96838348
0.00614441
3.94576019
2.95829254
16.05122894
0.38818359
11.71081450
4.45405475
3.69059951
1.30957031
7.27770965
4.70446808
7.71439606
10.71246857
6.60668883
11.25614472
3.26204344
6.60559175
14.99955231
9.61629211
10.66300476
3.61779754
0.71525086
5.27042664
6.40344083
0.78259433
4.78819150
0.55165225
2.35937500
6.02600067
2.91894531
11.92028840
6.55468750
8.52539062
13.72477172
8.79060727
5.48417331
24.29249054
0.22542110
3.60075077
18.26309619
0.48788037
1.39941406
18.88138824
5.36328125
8.04687500
13.83068817
3.61043274
4.34846798
7.50248448
6.41886414
4.64644379
7.10546875
16.24238919
14.62900912
5.36987367
9.42087630
4.28214539
3.87198914
13.75423094
8.70132425
7.30616356
7.37845856
2.49894226
8.14146852
0.02763367
1.20605469
7.86661680
5.13879363
21.13338320
12.89050200
15.09333926
1.78808594
9.44993809
13.51030695
8.56774933
9.56038453
14.25602172
5.56070922
12.53056917
0.44698090
3.32631677
0.75038397
8.89843750
0.33418793
7.82231938
2.05268062
17.79642731
10.27152372
6.63908023
0.48999023
4.70486647
0.68771165
11.84720856
3.30318207
9.34195922
1.38753297
0.30371094
2.61132626
5.70984042
3.70056183
8.53625333
6.15816378
8.57954677
6.10725953
6.72912816
12.43033813
1.95393922
10.69840204
3.24886358
10.09561946
2.73055241
4.13281250
7.53320312
6.16137633
2.41674867
7.41560727
2.23673648
1.43750000
13.73848356
8.06070922
0.26208652
9.46785461
8.72696587
16.01578236
10.49430546
13.60066711
17.46566046
11.72974069
0.51806641
22.95878020
9.62784353
7.14482158
1.97806793
2.82421875
10.61372894
1.56152344
17.61226286
4.80961214
0.72509766
14.24564606
0.22664398
0.80664062
5.84220274
49.69303468
5.07076019
10.53860484
7.22356161
2.40429688
15.68163564
4.97070811
1.48099762
9.32031250
1.05220551
8.93570922
1.94470246
13.19685727
3.44812167
0.61083984
16.91406250
7.14989362
17.58781693
3.28576691
3.58231660
11.61808289
0.45336914
6.92125998
3.15295877
7.53906250
0.64896637
13.23002106
5.92488586
12.41931183
14.15550624
4.09810394
1.67765320
10.12531472
18.75614472
8.29041555
0.37646484
11.34663786
2.05468812
3.26501496
14.16316711
2.40804078
23.05805741
7.46102615
6.69531250
4.99263519
0.91308594
2.73786791
2.52971021
13.34073291
7.46021069
2.46272828
8.45133422
5.96178857
2.87789284
1.05273438
9.00999668
0.89580562
6.90958555
3.31416279
15.95007978
11.15356383
1.18184480
7.52420989
0.40962801
5.31205231
14.56021720
3.75663674
12.61283356
0.68501801
9.77152372
3.01167941
1.34179688
21.21293121
6.63635223
2.63850953
8.79073028
6.71919769
11.91060394
1.31481965
13.45920288
4.63768784
4.43547318
27.87019836
9.46386719
2.01021332
9.98872894
0.21643066
1.03954237
0.70573747
13.87478835
0.68425310
3.97025543
8.44531250
16.90527344
0.13326019
5.41967773
0.33398438
4.55126953
6.13529449
3.52717642
1.87712045
3.68878879
6.14234707
5.18058289
3.78906250
0.85449219
0.51265473
2.76517731
10.74434231
2.64823581
20.59810394
0.45263672
17.42992728
1.07642038
6.24519836
7.20690825
0.65385043
2.90039062
9.70613586
7.34375000
6.40669769
7.69140625
0.16512055
6.58984375
3.45703125
3.41422485
0.02364137
4.52734375
13.72542110
16.23354832
7.72607048
3.85357490
12.37500000
9.44673427
5.32324468
6.86890655
2.83247894
4.27856383
1.75854554
6.34122119
0.77889600
11.93296876
1.30396941
4.98136414
1.81587738
11.78184968
2.58882785
4.41662567
2.28845246
1.13130707
9.05281555
13.27945922
3.50463929
4.20507812
2.74670379
6.39587433
0.21622711
7.35323028
3.50614472
14.77576828
1.15669769
2.14465176
1.10046542
1.68261719
6.94217864
16.49442597
2.12589539
4.80859375
0.97851562
3.47464872
12.12858156
7.75435394
5.89978058
8.05980682
2.40039062
14.55835480
1.13769531
7.99163964
1.76868018
7.43839539
0.48173004
0.94527191
3.41601562
7.59720856
7.30185839
15.12257978
3.36702515
18.22724624
10.23967240
2.46183289
3.39497894
1.99308040
14.20006583
6.87500000
8.56148161
0.96683871
16.11461187
2.32191156
2.95898438
6.14798981
2.42110137
3.01200410
5.76269282
3.83496343
9.98002106
4.79207336
1.20393922
21.54418883
8.98399508
2.37037566
9.18314606
7.06685394
10.61300010
5.00093971
4.30122894
1.02591949
3.30383270
2.03845246
8.60591644
1.40917969
2.93892723
2.95552582
0.44067383
5.02254211
0.01670350
0.24230957
5.74609375
9.22656250
1.94441711
5.91105164
3.42630763
0.09786230
11.95121122
9.76256982
4.16823915
5.37579232
1.19921875
6.93705231
6.80707337
12.73313811
7.75866357
8.73474401
2.29984652
6.95458984
1.02095551
3.52136137
0.89518312
5.27734375
3.33515515
19.53365710
4.74263519
2.81534851
9.19185394
19.05468750
4.21830231
3.88852644
7.76870012
9.56001801
9.83447266
13.90405211
5.78784242
9.98400599
4.07568484
1.81433261
5.91015625
2.19291168
7.48872894
0.64892578
0.03151947
6.54207336
4.12243683
11.34798094
15.32108489
1.86804355
6.02012634
4.64784241
3.24609375
10.02343750
12.07538454
2.41936613
5.51472961
7.19755097
1.88085938
3.92968750
2.39664672
4.34118683
2.47310394
11.57287567
0.30920441
10.66637966
2.05822972
5.73913574
3.18945312
7.38280253
3.87623005
4.17411347
5.79312611
5.41044658
4.90189606
16.53570701
3.64638131
4.09330231
4.87154144
12.13248656
6.60636414
12.58158356
4.72009308
1.30078125
1.12109375
13.41137633
0.37329164
1.61621094
14.30033356
3.86958832
0.58154297
5.08984375
12.72842199
13.20907801
1.71289062
8.17073547
6.81785926
7.04412012
0.30497098
2.55240968
3.08645889
7.92900376
6.98588043
2.25826019
10.53560394
1.64257812
18.58406555
5.09016844
3.00643007
0.49243164
10.41202571
8.93074025
0.32227310
1.23535156
3.13968902
7.31078541
3.27429355
3.14486092
3.08174092
3.72640514
0.61442016
12.49788453
0.72505707
2.13483184
9.28985046
6.33931488
13.71529144
17.06176197
0.95528729
5.76171875
11.95178192
2.11222351
7.93286843
10.22859649
6.01395722
0.53861481
2.28755707
1.16068512
5.18570922
5.28739472
3.42577627
1.09745706
6.46004211
15.61340425
3.46858703
8.37007037
1.72929299
10.21720523
4.08915254
0.21960449
2.01859527
6.98917664
9.27689606
14.70602936
9.57010895
13.02106605
4.38518395
9.44432846
3.74702848
12.56299700
0.05169678
14.26602837
2.41173039
15.56266879
6.57417816
15.44071255
1.27217808
10.92406891
4.71314162
0.29016144
9.57932514
7.24444591
7.08052582
6.21997008
3.56750333
3.17496952
6.86372894
9.65189606
6.97068817
4.34962433
2.23242188
17.61091977
7.20593417
0.56786860
4.91308843
8.52343750
3.45214844
3.85961603
4.46438910
4.12109375
0.50223785
1.49068207
6.46109985
6.17329926
28.43884308
0.18493652
1.61860179
6.41753102
3.64994293
0.03648895
0.18896484
0.73919678
5.52099609
6.80859375
6.78426086
6.53312195
14.56640625
5.10253906
6.67097961
2.01066101
11.60457336
17.43777794
1.35298676
8.60404449
7.72399747
5.67903812
8.36933733
1.60722517
5.25345856
3.18750000
11.21987146
5.02231604
10.50231716
6.02938054
8.13883422
6.39632203
11.78075798
4.27783577
13.74218750
8.90791778
2.58426972
4.99133301
1.64530364
7.01588068
3.05468750
0.56245910
2.85086880
2.36051640
10.53560394
5.31250000
3.71634918
18.14440825
10.06893007
11.00602172
0.00859620
1.82910156
10.82710661
4.23441683
5.08593750
3.39062500
4.10025876
0.09603031
10.81583555
8.33455507
6.00345856
5.84419769
5.27734375
11.12787789
6.11430961
1.60156250
6.64462143
4.05859375
1.85103363
1.26269531
1.52148438
3.58496094
2.14994293
13.87500000
5.19832336
0.58634461
0.17228180
4.82511414
4.56445312
5.49173981
5.05122894
1.18261719
0.26692169
4.48136414
4.87964773
3.65474457
17.05350676
5.56954011
13.41617797
5.55647828
9.54073028
0.68534394
0.44213867
9.30521388
0.55074316
1.65527344
6.28906250
3.09375000
4.73290891
1.19775515
7.91406250
1.23535156
7.02689606
3.32730829
8.71451906
1.97880097
4.71712406
12.00911126
3.65885749
13.42443817
3.52673371
1.45800781
9.83158356
9.61450133
15.88525391
8.06083222
12.30944232
9.21782025
2.02148438
5.06176197
9.77636968
18.67215537
23.74849955
16.99678745
14.41271942
3.95670656
6.16406250
9.86091977
11.80314273
11.16752106
7.82076019
0.27661133
13.57071587
7.14022163
2.95312500
1.15234375
5.06192930
9.77266511
2.51696808
10.39939163
3.51467087
1.11425781
3.78713127
19.93996010
1.50488281
3.71333832
9.01883755
2.77494044
3.80863807
9.48169039
5.69058954
2.59997839
9.21097186
2.41793439
1.29829926
14.59977172
3.42081726
5.50089539
0.24792480
1.75295563
10.65616135
6.07399268
10.36788120
5.79321476
12.57880874
18.96672318
5.28259308
9.78193872
5.86063940
11.71382660
0.03289795
1.27014129
1.47355164
0.84130859
3.02583832
15.56327239
7.41674867
8.41474616
7.15718971
9.67020203
6.83011747
2.90470523
12.30814606
0.03166718
10.60310727
9.90621066
2.93554688
11.66406250
9.67533356
9.21183289
5.01517731
14.34537719
13.36942597
1.70019531
6.78515625
2.07812500
18.54700714
12.68578790
5.60762854
4.86531368
2.35270390
18.58972106
3.39526429
2.53515625
11.37064606
22.63296986
1.80497783
1.39965758
4.73661347
4.97950745
8.37231383
7.92277039
0.06974336
0.36449915
10.57629488
16.66040226
6.75301086
3.53014794
3.82584718
1.79874944
17.14277981
7.42033023
4.04821808
1.15669769
7.36600178
10.73767619
4.10636414
0.67472351
4.42578125
5.67202239
1.53305573
7.21233933
8.35707778
2.54581726
2.74955231
2.36958832
0.16442871
0.60546875
1.59082031
1.32464600
0.24845305
0.08028230
1.64843750
7.23002106
2.78023161
2.51318484
7.02734375
4.96439606
17.90011969
2.73314050
11.07031250
4.27734375
12.62500000
1.26272531
13.78390244
13.61783688
9.10653147
16.64841756
19.58404365
16.12858156
4.73270722
2.27616301
4.81954011
4.63972961
8.03995789
1.22175338
3.88424423
7.46529144
1.03906250
2.94095856
2.52314717
4.62573803
1.68261719
3.74804688
0.17089844
7.25476074
2.00390625
6.32031250
4.94681793
1.06685394
14.12064606
3.35396332
0.26855469
9.03458555
0.25874910
6.75720246
9.61629211
5.85937500
3.07739196
8.08951906
1.09720856
3.23286957
13.08504211
1.96252410
5.81429078
13.06371011
5.17501883
0.97220856
8.00435394
2.30273438
3.79132038
10.38820416
18.39001371
2.65877382
6.33227477
14.08235719
12.52465758
3.22623781
0.03947968
2.60937500
2.79853779
7.97640514
8.85937500
2.97070312
4.77388519
0.28100586
4.68180297
3.49157746
0.78173828
12.03816711
2.23527039
3.93990082
5.18314606
1.59810394
2.50594055
2.89347351
8.29394531
5.98514739
2.60611813
15.28328679
9.62487700
0.78670351
6.18961547
7.81696698
0.57349567
8.15970856
21.51504564
6.67187500
4.83984375
14.03560394
9.28125000
5.01953125
0.05899048
1.20178192
0.19165070
3.96447723
5.19140625
8.72745789
22.43794769
4.20410156
2.99392648
0.06031333
5.89062500
1.85591644
0.55419922
7.87165448
1.45797595
0.93892426
12.76171875
0.63989258
12.81160461
4.40323914
3.98437500
3.28922485
3.83142121
4.80513519
3.28861481
9.49218750
11.36971008
8.23527039
6.53511566
14.01127106
0.49320465
5.13761414
0.59375000
8.63647669
5.28560394
4.62500000
0.24975904
0.85705784
2.44531250
9.91357048
6.28955452
6.54976286
12.38480746
9.70582116
1.98066848
3.19877106
7.21484375
9.51216644
2.36783688
2.40755374
10.56416778
3.80379273
2.73091644
10.22656250
20.55619293
10.87169881
0.48759502
5.62878325
5.45715425
7.70210661
2.16312777
5.73046875
9.96997070
1.49049466
1.36560214
8.18404144
9.49910461
9.17039894
1.44353169
8.52368351
8.73002106
1.60847712
10.52457890
1.64428773
12.43135528
0.69458070
3.74414062
3.36132812
1.05655696
5.60627549
2.96802692
1.28466174
0.32133588
1.92720551
2.10522461
4.47265625
4.24609375
3.33593750
9.81941711
10.28214539
2.88928223
15.40625000
12.90824371
10.72187390
2.98711048
10.41060394
13.22912567
16.73339324
7.26385416
3.76261414
9.18302305
1.77973959
14.34407469
2.27315713
9.68249667
5.53784242
1.08691406
1.32617188
7.37154144
2.87471465
0.16642305
2.84375000
3.28043329
1.10433233
3.46101867
7.28690271
20.78686835
4.14978058
5.84452301
9.96748560
5.33720190
3.34810394
16.21439606
0.32665860
10.22591312
0.01223755
8.36718750
17.79687500
1.16448975
5.69486481
7.87801086
3.19470246
7.36718750
32.77210813
7.53951019
0.20731598
6.04028258
2.46362367
10.87154144
4.44140625
19.48270598
21.99243226
6.86372894
25.65762619
11.24060651
2.24560671
12.47492908
1.75208111
0.75585938
7.53381317
10.72879101
2.75497395
1.28710938
9.26729278
3.68082703
2.58487976
6.91406250
6.39453125
6.53637633
7.11641511
2.21679688
3.57812500
1.04032317
9.46016511
18.89665609
1.94598875
0.41032109
4.85156250
0.96240234
19.90042997
12.97187390
9.54131094
15.42968750
7.87699247
1.62809390
3.64648438
8.09305630
8.01159824
5.26997894
18.88716644
0.39737976
0.02035951
2.65669769
0.30126953
6.80033356
1.80976577
7.23804521
6.17187500
9.88769282
5.76887190
2.89039145
9.54394282
6.23429632
15.04952659
3.38858376
10.10758422
4.22835328
0.87890625
13.27749114
4.16000886
13.16752106
4.57857269
1.35990387
11.25256317
1.92854859
11.52883506
1.14246010
9.44047027
13.88008637
12.38614805
2.49666445
14.65473959
0.99467448
20.96878436
5.96871564
7.26977539
14.93241301
4.94474180
8.64689273
5.82165558
3.17578125
11.38313719
2.97289728
1.67777870
9.89587433
1.02148438
3.87500000
0.00397873
16.41226923
1.82503546
4.77343750
27.18705231
6.53755707
13.99808622
2.67769503
1.89807129
7.92968750
1.55371094
12.53633019
3.20662788
15.43790337
18.63045600
9.08760528
4.34208222
20.44653258
1.95296265
2.18253601
18.33771831
8.08423537
4.89107519
0.67480469
6.69531250
5.10591644
5.33203125
2.63085938
0.16446930
3.32755430
6.32133089
7.94742797
2.67948083
1.34867714
8.72538176
8.86641511
1.80761719
10.71439606
9.36283356
1.99849457
8.38423676
1.66992188
15.84504876
9.01778479
2.92553524
18.29789339
9.44889406
5.14798981
0.01781220
6.23828125
8.81595856
7.64843750
-0.00328308
11.30200133
16.00862672
4.56685394
2.99218750
18.24469637
3.30608488
8.37154144
9.87064606
6.64839318
9.73832557
0.65230316
12.17443817
10.46337766
3.18595523
11.41406250
2.22981781
6.90189606
7.94576019
0.20735563
0.13773714
13.68314606
6.47212738
1.69637024
4.67277039
14.20222961
9.44173094
1.64119321
9.46386968
11.11718750
27.12716869
7.98220631
2.26562500
9.97496344
16.01966422
11.68484819
1.40646165
3.61869293
10.87935394
0.01631408
2.06095025
4.98067542
5.96228058
6.51908356
4.67277039
1.21191406
2.33939606
1.97762024
2.79821808
13.96785461
0.86905945
7.87455231
4.44185394
19.30367279
1.91723571
11.12768617
1.12064606
15.05942488
0.71551805
7.67622894
0.11201996
7.85111481
2.26021332
2.15820312
6.85847961
0.13431824
9.85851397
0.20838057
0.97488912
3.98287455
3.53816711
6.17622894
4.11372894
4.45222961
6.15234375
3.16788758
2.86824524
9.41316711
2.17757203
11.75406891
0.77925629
12.47717254
13.14229278
2.54069093
9.77246094
6.04252106
0.40716553
10.16841644
2.00976562
13.11787622
4.39144171
1.88476562
10.49910461
0.68164062
0.12854035
0.00847626
0.02529907
5.53159332
7.40580231
6.55464691
15.29785156
1.69335938
5.63972961
4.31294769
4.93293518
1.51322418
2.20747894
3.52539062
7.62109375
0.00339508
0.29223633
7.69877106
4.43501801
21.37391663
0.33841949
9.57689495
0.33370899
0.22705078
4.56595856
10.57031250
0.46675629
0.48779297
3.92146665
3.18306613
0.46211326
4.34899300
5.64843750
6.00345856
1.22408051
14.84212157
4.91585328
1.47049895
12.82442044
2.38798315
2.34390487
9.80746232
1.44531250
10.22656250
0.66617797
5.96618683
1.17818207
2.43505859
0.92541473
1.18347075
3.73311060
0.30155862
3.60351562
0.04171753
1.19335938
1.95312500
4.28861481
3.16527760
12.11755651
0.08943976
3.06026153
0.60245789
2.31970246
6.10058594
8.09720856
12.06172512
3.43294437
6.48457669
4.57491245
1.88671875
9.90535461
0.70304383
0.01570129
0.16125488
1.23437500
1.44974762
1.67525238
5.19368407
2.52701906
0.04925537
0.04708831
0.05185975
7.18404144
4.50781250
4.55854444
8.08793993
4.41406250
9.21093750
6.82031250
3.83203125
4.55468750
8.45658356
8.81778369
1.65731023
9.82003151
0.21085602
4.14107269
11.77075133
7.10054411
5.62870456
2.37545776
8.26472961
6.96573914
0.11065674
1.69938110
5.80606993
2.15637300
2.07059785
8.31416778
0.69120332
4.25696808
2.45357269
7.23002106
3.66109223
7.07486587
10.25435394
0.27905273
5.59264296
3.46204454
0.78463921
1.98999335
0.19738770
3.84932403
8.24218750
1.46362367
0.64607727
5.05603058
1.31347656
0.09629303
2.63117908
7.79069592
2.73091644
11.31684356
1.15234375
0.86270930
7.25248448
3.56302887
9.04341644
7.65836547
12.07796265
25.44117355
17.91567793
13.18306239
5.36710882
4.32946808
0.30952973
1.67549590
0.16446992
0.20898375
14.77844083
10.65747008
1.92317625
9.55388851
3.46147384
11.20233268
3.77467752
4.35221188
4.16776706
7.22611481
0.63652765
10.41734106
2.13996814
7.09947760
9.74068207
4.13561669
9.52649268
2.80358346
5.57196586
2.71484375
18.25077239
5.96993074
2.20897939
2.35502604
3.23828125
4.68404144
2.58398438
1.34082031
0.97363281
1.07281463
6.13024933
11.22285794
1.49027621
8.94018617
1.23046875
8.33939606
6.89754211
5.47009308
1.92728668
0.10530609
8.06501884
9.44010334
8.50781250
0.23437500
4.61557770
0.63754760
7.29988586
2.58003380
5.96754002
7.79296875
8.94531250
0.82971160
1.33239777
30.84236259
0.79000221
4.11083984
3.63326019
0.25048828
10.43314606
4.61673981
3.78214539
6.38057403
1.44868988
1.51643922
0.13445983
1.16825410
2.37935394
3.47070312
0.89310699
14.50781250
5.61149047
7.00345856
7.96890736
5.87708111
18.95442376
6.28943151
10.80647828
14.41495789
7.42923981
3.75842254
1.50081422
6.49955231
3.72695748
2.57895168
4.62890625
23.12695312
6.92232269
5.02392578
8.90795213
4.32642287
6.99331893
5.23670212
4.28234708
2.62239749
14.41079712
16.76123047
13.40970856
2.33565277
1.75097656
3.48632812
0.14424621
3.16729943
3.04453346
5.78023161
9.47505209
3.67261303
4.28649933
12.68481383
0.26265535
15.48895440
0.26530280
3.94118500
2.50385284
3.49444591
3.23290891
3.28316378
6.11095413
3.78011857
7.87845856
0.05782074
1.93212891
8.38281250
1.88804688
0.37615386
1.00052887
8.52945922
2.63940492
1.53710938
3.27148438
6.55246153
3.19799867
6.34419769
1.08939606
12.51216644
0.75474382
6.00912123
1.21822113
1.58898521
9.53263741
1.18208832
4.47265625
2.29207336
0.35050476
3.87971798
6.06754765
5.19083555
3.74302958
3.20943207
3.60306793
3.88759919
2.90341644
1.69380707
4.77148438
4.57767731
11.53906250
4.18794769
4.82722961
0.09476746
2.29252106
4.87801086
1.64204677
2.36808538
2.58760528
3.28234708
14.52883526
8.24654144
5.21093750
7.26322418
3.39216977
7.83394503
2.29626496
13.31416778
2.46879121
3.70898438
8.34805962
6.65368683
6.96175421
4.27433289
0.80806488
14.61478668
4.82812500
8.42187500
5.72701019
1.08837859
5.83728058
9.64257812
8.80033356
6.30757536
5.21976839
5.20259613
1.58983877
6.53613780
5.67187500
6.66707336
5.60343445
4.45267731
6.37099426
1.33976258
5.83247894
1.42720551
1.23205535
9.63722519
5.81724290
3.16503906
21.14668450
7.29122229
7.36873383
9.03401184
11.15856716
5.01542331
8.51741578
0.81380001
3.26481327
0.45043945
6.69051086
0.90653504
6.56595856
7.87109375
9.89831450
7.96961782
1.50435394
7.96582031
1.45507812
2.01725094
6.35872562
3.88085938
3.11914062
5.42578125
7.47265625
2.96056849
2.23669714
2.91210938
4.09407469
5.02311281
1.06595856
1.32714844
2.88590204
6.31677526
10.96183289
1.51322418
4.23091644
15.87109375
8.23437500
2.90429688
0.01797485
0.15395355
0.58935547
3.25691711
1.55362976
2.94022053
9.40352947
6.89908688
1.14485843
3.23969803
2.45756759
0.48881012
0.63618988
5.12500000
0.40490723
8.62213135
2.99181849
4.22123448
2.99458832
3.29878380
4.37255656
6.94185394
7.75390625
6.07031250
0.75585938
0.97631337
0.48535655
2.96785461
5.95109070
2.40706173
3.10225620
4.00044769
8.85746122
1.30045656
12.43493683
13.16650266
25.74064273
2.62500000
7.74955231
4.91796875
14.38268950
3.20564882
16.18017578
1.95853668
5.60982269
0.07965088
0.02326965
0.01128387
1.83911133
1.66019684
9.06445312
2.35201019
7.96830231
3.85396332
5.33268063
3.80403812
2.42968750
1.51240124
2.82276263
8.81083222
16.07596521
11.04634862
3.32495179
8.47656250
6.64619903
15.86112519
2.97070312
2.39419410
2.37631371
1.83597809
3.75061004
9.18493683
2.51269282
3.87837987
4.43757868
5.58541112
14.44877106
3.59464539
1.90332031
8.52246094
4.75781250
11.49814850
5.40820312
7.05078125
4.24108046
7.72421099
1.02494293
2.70507812
5.67968750
6.12154144
7.79980469
5.73046875
2.04101562
0.47509766
4.51171875
4.65234375
7.23783356
1.82938629
10.48425200
0.09228609
2.34269226
6.15522164
5.16899711
2.61773951
1.93353002
3.16459137
7.31685394
2.42293274
3.08878601
1.70019531
2.22957336
0.03072113
2.46958860
2.91269503
6.36884531
4.10185782
1.51533716
0.71415503
11.09316569
3.69293660
1.03808594
0.18449890
18.62062561
11.76704926
2.12109375
14.15945756
10.19015181
3.63281250
11.30790005
0.03117070
16.45825133
11.52176972
13.06115692
9.09899933
2.28446192
5.15234375
8.35014073
5.55558289
21.93814938
15.56774933
6.61173648
17.22491455
2.98632812
7.48994903
3.07963043
2.24682679
7.40608267
2.04810006
10.50089539
3.40429688
1.27832031
6.40636802
10.08777260
15.24808622
5.56909242
5.87032136
12.45825133
12.02522828
3.68597962
3.26022827
3.72804799
1.20945201
5.22412109
1.16601562
12.55533688
8.50883089
10.52522828
6.41841644
4.18314606
3.17578125
0.53804535
9.03641069
5.43176861
2.18371675
8.96960356
4.83260195
12.09484832
10.20987976
7.92232269
2.41752106
1.06152344
1.22115082
10.89814561
3.75265181
10.62862090
1.42163148
9.82531583
7.11759585
3.05183899
4.74572976
8.32955181
1.61861550
4.31506317
5.49096742
2.17427582
5.29337212
2.73006538
4.61328125
12.01342088
5.41626662
5.30468750
13.34375000
0.10083008
1.88679992
7.64482636
1.54439301
3.60306793
4.72781694
2.18083388
16.88163238
1.92329926
12.29101562
8.90535461
5.73828125
2.61523438
12.84084469
2.72790558
0.58935547
8.54780475
0.65637799
6.28740280
6.07611260
4.04721963
0.17492676
10.43520790
2.54899047
7.22444703
15.38716644
6.66182403
14.84317992
7.66418550
17.55859375
1.90484038
3.93692432
8.62842420
11.64508014
4.33686725
3.64238142
0.60742188
21.65767395
31.58731868
16.95170323
6.79382262
1.51460847
22.18359375
24.51057735
13.13216312
2.80322141
6.03015292
6.52749114
4.94170655
3.67142731
8.50840759
7.22446198
15.74625111
6.55540559
7.11797982
12.65413453
4.75781250
4.92525238
10.23604278
10.32034439
3.59855164
6.41707336
5.93929078
12.50809287
1.56763131
9.85314536
1.93347573
13.85982269
12.98347961
2.36612976
3.54793274
11.00435394
3.50585938
3.70612091
7.70441586
2.88867188
18.52176723
2.37614140
11.87418391
2.31258366
9.05405465
3.72961768
3.59179688
2.60774657
20.64869752
12.97505707
9.53906250
5.15523161
1.43701296
9.57649158
1.69845135
6.35156250
8.85656583
14.34977172
12.54276706
1.44718445
1.67480469
9.67968750
2.58589318
0.92973182
8.21898604
5.32129654
7.93973847
9.55289672
2.18432679
0.21313477
3.12890625
16.41421235
5.73070479
0.12574052
0.86385070
5.10641999
2.11958832
0.38745117
5.57559619
1.13932873
4.17206298
2.92757203
0.72412109
6.36816406
12.15454102
1.78470856
7.96186725
7.46924451
3.59570312
5.82619286
7.87845856
11.61975067
0.67757203
0.33744293
11.48928469
2.37835050
10.69511382
1.48893250
8.16967088
14.61629211
1.98401595
4.19486481
0.10603852
6.01435063
7.17705562
6.51953125
1.52403228
7.36136747
3.88216312
5.61576847
8.25805851
0.14074707
11.86803725
5.96871564
0.47416168
5.73461104
2.29318040
14.72208555
6.69783632
16.65166793
0.37622133
8.14473294
2.18294437
8.51171875
1.27734375
2.24458832
9.61795989
2.01245179
0.01802582
21.74187194
2.14798981
16.64343293
2.10546875
2.13431793
1.19087738
7.46785461
0.07035340
3.28849180
3.29699800
13.02779144
3.92145668
6.52446586
2.30558289
4.89281029
8.63972961
3.35281694
5.46057845
4.94140625
6.67085754
12.13089872
4.96329898
15.50817840
2.30615234
0.48376496
6.94832336
0.56188996
11.92789672
10.34899933
0.02367157
1.54056793
11.08541107
4.33353170
17.67338541
13.74910461
1.51570617
8.93965730
7.50918573
5.91455078
7.16841644
11.65625000
4.45312500
2.32377106
1.29609763
5.33203561
2.40384918
1.79243988
10.33593750
10.48437500
5.73828125
6.09151153
0.03556367
4.67923981
8.77583832
3.36914062
0.74658203
13.62072723
3.90249026
9.01216644
1.50211547
10.71903535
2.41528258
0.21191469
8.32162476
7.67142731
14.15779477
27.30517454
2.71638104
3.03887078
0.70609527
11.18554688
3.29109431
0.77140569
11.82916260
9.27431440
6.09765625
4.40279144
15.01430099
0.10864289
2.47415420
3.57174423
1.54394531
11.88281250
3.88492797
6.37243683
18.06048522
20.27844083
4.09533909
4.71875000
1.81880707
5.63346188
7.57662082
6.43750000
2.30859375
12.77254211
10.32226562
4.42801972
15.99453901
3.10433732
1.36401429
1.50878906
11.49609375
2.79492188
9.38627106
1.47070312
9.59146720
20.69803303
2.44532247
6.21830231
6.32441616
3.20743960
11.48437500
4.86869293
4.33638519
9.60668883
4.94775266
5.51587101
0.33789062
14.56896942
1.08825590
11.61746091
10.93998448
9.56685394
4.23649047
4.13806183
3.08593750
0.56445312
0.91792816
0.82470703
4.81392177
3.01225011
22.11995235
11.21989140
5.43916778
3.57360871
11.48527039
7.76953125
4.35156250
1.86966949
6.51378990
3.01986092
3.71875000
14.36975067
28.46607825
12.91359042
0.66171348
2.28710938
0.61502957
0.03572726
4.61889648
4.42968750
5.00345856
5.04588598
2.38937555
6.11027039
6.08772828
4.91015625
1.40515043
0.71594332
1.25097656
5.84570312
10.67150349
3.26847850
1.96084262
1.79452847
5.71431488
9.27254211
1.33195008
7.06602727
1.10584773
38.21634918
7.55513519
2.30273438
3.84570312
5.92968750
1.57978281
7.75615469
8.71048981
3.91015625
7.21919769
10.26070824
10.53047761
7.24723515
11.62919160
3.11283356
3.66841644
8.25735484
1.37981161
2.30273438
6.68261719
8.17105829
2.80941046
4.97176086
1.97550476
9.14359154
1.38472878
18.50284353
11.25061502
10.31586991
15.50418662
10.29322473
1.87935394
3.49400765
1.91614860
2.78710938
10.44441711
1.81086658
1.51815381
8.52689606
6.41162109
1.93847656
0.94868988
4.48828125
3.56791168
0.48140473
7.71048981
14.35339212
9.20996094
5.18013519
2.16796875
4.90189606
1.87056488
7.87756317
10.37154144
13.85573915
7.71892730
2.67622894
0.01395851
0.91158051
10.23693817
9.27868683
7.79451414
2.68522218
4.76953125
1.36695343
2.85591644
9.02510528
2.72054078
7.17521055
0.60994570
7.55122894
2.81986481
9.20174133
9.01464096
3.36336990
3.21423371
18.56880395
2.08028479
1.60306793
13.52809143
3.45179228
1.60818483
12.12006539
2.80909075
17.31464983
2.47059009
3.56685394
1.71085633
6.25736481
19.78169769
7.49481170
2.10801821
4.27092863
2.04972351
14.42535400
2.35396332
10.24263519
0.69386292
1.41699219
17.63146942
6.40323914
0.13460297
3.23242188
12.93314606
13.24552305
28.73539339
7.25870727
6.59419769
2.95011414
2.19726562
15.34810394
7.64144897
2.87006622
8.57466644
2.67578125
4.66637966
13.05928745
3.45402039
7.69441711
0.48673523
0.30261199
0.03034485
7.24545879
11.84047871
6.48079344
5.29655031
0.32568359
17.75435394
13.82452356
8.47603612
10.79431183
4.84564672
2.49862256
3.41752106
0.53075284
6.13553303
13.19042022
3.66562554
7.26838985
3.36792553
1.96374512
7.52043915
7.12890625
1.18630981
4.51863586
3.64542664
0.92285156
3.09199358
9.83769392
1.01810699
14.42622894
2.28247090
1.84466533
0.00520325
0.94543426
8.67215537
5.41672262
11.57812500
3.96187223
8.79353945
0.83919063
5.91174534
3.60611969
9.51308197
3.23562944
2.96023005
6.99955231
7.58487976
5.35892731
2.25240082
5.05635528
12.85289562
11.13762411
2.21875000
3.23392731
17.58203125
13.93481383
3.47188386
10.24218750
0.80350427
5.94702460
0.64595551
1.28808594
8.66808179
8.63225177
14.64497894
1.16348682
1.08163037
23.30033356
4.40669769
0.51765867
2.96362367
7.86808289
2.38923759
3.24312721
15.84504658
12.50191378
18.06913674
5.01420074
4.33593750
2.95320648
6.23392731
11.50781250
4.16060394
0.07883697
2.93013519
9.21093750
12.24206450
0.60172609
2.65083832
10.48347961
0.03980530
6.07262966
8.89229278
4.89567265
3.09626884
2.93302803
1.21671570
1.22501399
2.31120062
31.84330231
2.12695312
1.63968902
3.73433068
4.80460882
7.50614472
0.49145570
7.23358154
9.97363281
8.42533356
3.48266290
8.72872229
1.56152344
2.49173981
11.40445922
4.00594055
6.25089539
3.89436890
3.23878914
9.05904144
5.43359375
1.36910004
5.94921875
2.26713043
0.64790863
14.14876219
20.36250886
3.92427582
17.71903037
0.68917276
8.90356383
5.63549867
0.40795898
2.55814606
0.01127106
6.40926086
19.88134641
1.61023105
1.67089844
7.76012966
11.83752659
7.69877106
12.82144892
6.46566046
0.04604096
4.30590820
8.08793121
13.04341644
6.04015958
1.25866855
14.19006317
5.67879211
4.11161347
8.12320922
0.30891969
17.57621122
18.42679964
12.42277039
0.20442688
8.30558289
6.36966700
3.72994237
8.57377106
2.62894559
7.12955563
12.60700355
10.95525542
1.72460938
8.20312500
6.72265625
0.19745755
2.24170046
6.97701019
17.83609985
16.31259124
4.06563386
10.37655121
1.45975427
6.21121787
8.95500443
2.62544769
1.93316650
7.78531423
3.15100565
5.21529144
3.51842919
4.51920905
5.65958555
0.58060824
0.14725738
0.82438110
6.19978820
5.65702239
1.38224429
5.41015625
11.46789395
14.56586991
0.62443927
11.22912567
0.45304383
10.07364805
0.33150176
3.15364749
5.97957336
2.38077820
3.37064606
2.18314606
1.49894226
11.61059508
0.40429750
8.65146268
5.10290558
1.59342531
11.81327239
2.38354554
1.42415157
7.66430851
1.33683289
5.75435394
5.04207336
4.18302305
0.84130984
17.35282516
3.41210938
12.91406250
0.41194516
0.05985660
3.35937500
1.22762024
3.96138519
9.81941711
0.82999695
11.99218750
2.00195312
13.83337309
9.26216644
2.26770113
2.76171875
11.04923461
2.07751496
7.34810394
0.08024078
2.23225828
7.34387300
4.91796875
11.00211547
10.93314606
6.22054078
1.94673676
1.10599762
4.91681738
9.68031000
2.56746399
2.47941101
8.08504211
8.31339539
7.91710772
1.50867353
11.14229278
15.14754211
4.72188386
6.17097961
8.65266844
12.66853945
0.08337402
0.66003325
1.87707613
13.78125000
1.95560699
10.03971188
8.10192508
11.38627106
6.98303192
8.40547761
16.29687500
7.16874114
3.57299867
1.20650238
3.53328430
3.98527039
5.49295989
3.27657136
0.91601562
6.10323028
4.89062500
9.51741578
4.09940271
6.55851507
4.88265015
11.86808289
0.60351562
1.77099609
7.61555907
4.00659242
5.34855164
1.36328125
0.89404297
2.44143064
1.93356936
8.37500000
2.82617188
0.45861785
2.86222351
6.21443664
3.50524933
10.11885528
15.74975399
14.58247894
1.83211491
5.17533356
5.59419769
1.58203125
12.12487700
9.72330812
6.18359375
7.08939606
2.68058289
1.61035156
10.45125305
7.33024047
2.06083222
17.00195312
10.98320526
0.03689163
7.00870789
6.90311614
11.22233156
0.67643188
4.70792664
0.98433441
1.92773438
5.53515625
13.36571144
8.94589317
5.49498050
10.83911195
9.53189938
14.60970218
2.08593750
1.36832641
2.84081818
2.78136802
2.24206948
0.32885742
12.02817488
0.61635637
4.82739196
8.69018617
14.76485012
4.11307956
15.63627106
1.55997618
11.24568789
5.75512633
4.63594636
0.10937500
2.81835938
16.00747784
1.38705341
0.45971680
2.22269684
4.24263519
13.58504211
6.92036957
13.22017177
2.90242741
0.08856201
1.19913758
1.25402676
3.95593417
8.02343750
7.49475067
0.73034699
2.25000000
16.39123535
2.27929688
1.95019531
16.07633422
0.52669312
0.82963043
6.50826019
8.86718750
11.42968750
9.52734375
14.89229278
3.04325410
10.75541168
2.62740082
14.77831782
3.19238530
17.94726562
9.14355469
3.84720856
8.48437500
2.37935394
3.02148438
3.66109098
3.35551058
2.24218750
12.88191711
9.75899199
6.34643617
6.68794769
0.82861328
7.43969415
8.33195257
2.14073118
6.58741854
5.28816711
4.96875000
11.23477837
3.70552084
8.90043993
1.36710539
9.02958222
12.62436504
2.04885305
3.06640625
3.34421959
8.68996010
0.89550781
2.68550504
4.95023714
10.18045989
11.38204011
1.75976562
9.44762966
2.62658909
6.01378990
15.63419991
13.00435394
10.71158688
3.41296542
6.28771942
4.32210328
2.31757453
2.08769891
9.43668578
5.32076019
7.82812500
6.01127106
2.70507812
4.52087433
12.89497894
8.79906915
12.83205564
2.18829232
4.95747894
1.43457031
0.70064238
6.09855164
5.63582336
9.52958222
2.51863586
8.69800790
3.60351562
6.76293883
10.44262633
0.35009890
23.84790039
4.06986481
3.26908356
3.17081726
4.80859375
0.03004456
14.65208777
6.82960132
5.12748448
5.52132203
12.31852172
1.25809785
14.65424757
5.74809618
1.93554688
3.20159963
1.06312998
2.00870789
4.44571587
2.91365913
0.68652344
2.91507965
11.50345856
0.67960633
3.90820312
7.13163136
14.95858599
1.39160156
5.81461547
2.99788453
2.87455231
0.32173676
15.86029022
4.25915558
11.23347961
0.49161805
1.98828125
9.10888298
8.94417110
3.87272717
0.47875977
6.20043883
11.27066268
7.27889849
0.05957031
8.14904754
17.18737700
3.04594027
8.39497894
2.11132812
14.58414672
2.11721936
1.22103778
7.54732269
1.47363281
0.00623703
0.84179688
8.17443817
5.62769560
7.87816377
0.45804871
8.95133422
2.10770722
3.07617188
1.87695312
12.48339844
7.98669216
1.98791722
0.57425934
19.19477616
7.44267065
1.61690713
6.04105621
6.18660461
7.95613586
11.91560727
2.74678745
0.98681641
1.91145750
2.67740968
2.33203125
9.52075133
1.73022523
5.24268723
6.07377106
8.43404144
0.00994110
3.75976562
1.59667969
3.84368574
4.49872118
8.73527039
10.90279144
5.25980497
0.83540988
10.62756317
8.88964096
3.64685837
8.27254211
7.07716535
14.43801196
11.87536652
5.62027953
6.62198914
6.15128601
2.90039062
10.31152344
8.55814606
11.76729278
10.26127106
2.89571199
10.47041778
0.03837129
3.45662290
2.02775210
11.30320358
0.35335378
6.68884308
7.44523382
8.22049646
8.84501440
3.30410683
1.32178856
16.86808289
7.79296875
3.72460938
12.54267842
1.15556377
5.99430297
5.35485871
10.18660461
0.93200715
8.49461769
5.60303856
14.42448150
11.55545989
9.78829011
3.33096853
4.06055186
14.48505874
0.58578263
5.55716949
0.13525266
6.14209109
5.59838867
15.27136230
2.16601562
16.33402372
7.51363253
18.36263000
14.57511414
18.00781250
10.08939606
5.28938719
2.06022218
6.48144531
11.94193512
12.88956726
8.88627106
1.70365387
9.21529144
3.12996399
0.69860871
0.83096978
2.92733100
1.07324219
7.93066282
4.18416445
11.89933289
4.33548981
2.10351562
5.26704926
2.48978668
3.45943207
0.09521484
8.21068837
3.71200022
11.67777372
1.12487949
3.42968750
3.55273438
0.14880371
16.94034353
1.55379709
1.27591949
10.04125665
6.59988476
2.46477504
3.25931793
1.18613335
11.47721686
3.79040558
0.68505859
2.10546875
4.04687500
4.73735046
2.77188110
9.03125000
8.95498449
7.51632867
2.61111896
9.92137833
0.98824066
1.34427388
15.72766612
9.48188802
12.93555186
12.85127466
2.44380956
6.13069703
3.21830231
4.16015625
8.28169769
2.75345856
0.88277191
4.74084442
0.55114777
2.78125000
11.48437500
0.07241790
4.34899933
6.11283356
3.24707031
4.00781250
12.32889739
5.97391692
2.07702792
3.36970634
2.75484596
9.88326019
1.54304992
1.25923676
10.60387966
1.93518284
8.12263852
1.62487949
7.94608489
0.83479859
9.87243683
3.10188719
6.35164118
3.45963874
12.14933289
4.03906250
1.13207946
5.31864472
3.80468750
4.93705231
8.39276242
8.19722628
12.28381317
6.44620789
1.50036652
1.54394282
6.15527593
4.91015625
4.53515625
4.24546866
4.70284463
3.33670989
0.26407961
1.15429688
8.29418883
9.45056183
1.23502251
6.05819038
2.10038176
3.25988863
4.28125000
9.56250000
0.03173828
0.19763184
2.24654144
15.71149823
1.42058122
0.28222719
5.39798981
1.68061351
5.50692708
7.38281250
0.01237000
0.58201080
2.12500000
8.58504211
10.31685394
10.03560394
1.01562500
11.88535637
1.56640625
5.67279053
11.86250793
5.09956879
1.15962166
2.69726562
11.33504211
11.73543274
3.92728668
2.66630097
3.47806793
0.46040863
0.34863281
6.21435547
2.06139565
2.36328125
8.38102172
5.17712433
1.46138519
2.50585938
7.69742797
0.30512025
8.68940382
6.54106493
5.19974762
0.91516082
0.08913834
7.16451019
11.61630249
6.28234708
4.77970523
6.15425629
6.58203125
5.35111481
2.34419769
6.93359375
8.64652372
3.85717711
4.10347628
6.66630097
11.12984223
7.65445922
14.74397828
1.50195312
9.80468750
13.16316711
0.73473716
1.52962655
10.91841644
7.63793883
0.46655336
3.93945312
0.45581055
0.02952576
6.67744903
13.07556183
5.69921875
0.05491150
5.20524047
8.21939938
10.91934619
1.63843583
10.39843750
2.42533356
0.04433197
3.84375000
5.85502106
0.79394531
4.87064606
0.06223572
4.69921875
2.53515625
7.23437500
3.59570312
0.72452571
0.03060124
1.28613281
3.41292110
1.48453984
1.95312500
2.71272703
11.47961395
1.94783632
7.69185394
7.53080231
7.48828125
1.14302582
12.45271633
11.87870456
0.42659298
0.42643437
1.88085938
5.38525391
1.40763336
3.20853668
4.41495789
0.22595215
9.43314606
5.56640625
16.99895233
12.20340537
12.61900713
2.27792740
0.59574371
6.14363586
4.49353058
4.54988586
0.52388519
7.15535461
1.43981965
1.98099762
0.03084320
0.70068359
8.24486370
9.35625110
3.25435394
1.89611785
3.16735871
4.09753325
3.37272218
10.51216644
7.66361481
0.66451019
5.16796875
9.70507812
5.01953125
9.80814606
9.73586548
0.27487671
11.33992523
2.58984375
6.37890625
5.98002106
5.55122894
9.55273438
0.80094360
0.84261109
12.72477172
0.74739625
3.29642731
5.33247894
0.09450256
0.03534974
8.28035461
5.50988738
2.75374390
17.05814606
6.17622894
5.59269071
5.78316378
2.34224457
1.49609375
3.88191711
0.12674988
3.86523438
6.73303192
11.23527039
2.38671875
5.11372894
15.85502106
0.45552582
1.36336242
4.96573914
0.62988281
14.75000000
4.04707669
13.57011081
13.58203125
9.54252106
0.18070403
0.33093106
0.37894933
0.02104431
14.51818817
3.06774933
10.18135528
7.46272828
1.53019226
3.13537567
0.14794953
8.46024130
1.86450631
9.55064392
6.83743795
4.79972850
5.39453125
1.02494293
10.11372894
2.80411182
5.19784131
13.52600067
1.53942902
0.29304992
2.28605164
6.70150600
0.63789006
4.64843750
10.30635528
11.64717310
2.31706061
2.60876496
11.35156250
0.99055907
0.21158937
1.00488281
4.45043883
1.25683656
3.84720856
5.55524574
5.37781914
3.19604492
3.34179688
4.31091091
21.23742645
6.32824800
0.97253574
4.48392731
1.67256621
11.17874779
1.64620401
9.53906250
0.20739746
2.39843750
2.11795989
7.58113586
0.28116945
4.55468750
3.03473045
7.20379432
4.82735261
0.21606445
12.27075133
0.02282777
5.43750000
7.07295435
1.15421819
0.61271180
4.97115082
1.98933899
3.96378601
8.17444823
0.64233336
13.35949800
3.98677582
1.49759918
2.15669769
9.83939606
0.60957731
1.42529421
2.07031250
3.15185547
2.30664062
4.09724790
2.87150210
0.01684570
0.23028440
8.54443484
7.94335938
13.92187500
0.02026367
4.42097961
20.93750000
10.11881531
14.73437500
0.21525055
1.89469360
1.02665254
1.04296875
4.82461714
7.44296099
0.47583008
11.93725399
0.39343449
0.20609527
9.87935394
0.24332672
0.03618378
12.40087766
6.09867464
5.32031250
2.15644421
0.90455036
8.03470856
7.69283051
3.57812500
1.38671875
10.22220856
7.55934620
5.32089317
0.31161458
2.88867188
0.70682007
5.04732269
8.90970856
10.63077571
0.57576726
14.06932846
3.54049423
2.96484375
7.46875000
9.17533356
22.51021332
0.80957031
9.40234375
5.22328569
2.40562056
4.61975067
2.67081726
11.27779144
1.68314606
17.48233821
1.96590398
6.77209442
2.06429078
3.95613586
0.07736663
9.18237367
2.33113586
0.97843445
10.89595551
6.50524902
2.32421875
3.25976562
3.21997008
0.00909486
4.18841553
10.41406250
2.10937500
2.65118408
9.46439606
6.84195922
2.95292207
0.38285309
8.38846521
9.51432624
1.14648438
3.00150543
9.31168609
2.79972351
7.80411680
11.57208483
3.04251607
0.96920268
5.08223294
0.41044285
12.36802860
4.52650265
1.88964844
5.59525543
2.30664062
17.58398438
4.73872894
1.20312500
6.66624668
1.33151484
8.18583222
1.50585938
0.95532040
12.78405917
1.90075715
8.71004211
2.32511414
8.75541168
5.14107269
12.72119141
1.32572418
1.56490082
12.85758422
0.33577515
2.02103668
6.62276153
5.66389517
12.20899529
8.93193594
0.78173828
5.69095856
0.00690216
12.83593750
3.12695312
0.03860474
2.82336395
3.49743683
3.96785461
7.80078125
9.34029144
14.65395779
1.33886719
16.09631317
4.90631871
3.18877437
0.13037109
11.22910573
2.93707224
3.58728058
7.67578125
1.40767426
1.14322751
0.31160648
14.00712066
5.74654144
2.54056793
4.57287567
0.36726930
0.34545898
4.89986082
2.88834718
11.21260528
0.24174043
1.88671875
12.25345856
1.94250333
0.62394351
9.53951019
7.29687500
8.87500000
5.17232269
3.63224180
1.37752382
7.63627106
2.84570312
5.48482269
6.28426086
4.63915891
8.85392398
9.21785461
6.26261414
0.30375059
0.26216738
1.25683594
2.69921875
5.12365692
0.00863679
1.43847656
7.51224762
8.37064606
8.54687500
0.54423035
2.32226562
18.85502106
2.88911957
0.68554688
6.27274380
6.79756870
10.74218750
4.47265625
1.97123199
4.55859375
4.76171875
0.27315277
5.86798427
0.97096409
10.97460938
4.08683289
6.86425781
5.99609375
13.03023161
9.09822695
0.09908051
4.82767731
0.62483641
4.39754211
1.94633089
14.79687500
0.08927398
5.24385528
1.76635804
0.50048828
3.75256317
10.74686614
4.04520722
5.35725953
3.93074524
2.84073914
15.76171875
4.55024648
7.10978335
8.54508422
1.64241578
0.02040100
4.08369903
11.52958222
7.23905426
0.77197266
3.73091644
5.66015625
1.99316406
13.24617243
0.38961034
15.99654144
5.29687500
1.34330231
2.30122894
8.34375000
0.94681793
5.95133422
1.33439180
5.85892731
4.59419769
2.32482879
6.08097351
5.54341644
7.61193817
15.10526457
3.13924257
8.68314606
4.14497894
3.31640625
2.65477145
5.53565824
14.36706450
0.26428316
13.19592254
3.05167664
6.30513519
2.65580231
11.69380707
8.60156250
9.28577232
0.26542113
0.06349732
5.52655029
1.82324219
17.05680297
32.99556488
15.50675476
4.50826019
0.73046875
5.01171875
0.38403320
1.83406555
8.71750001
2.48265471
3.93945312
12.34834809
8.15100067
25.37882508
4.50435394
3.16406250
6.50390625
12.46350067
17.00603614
2.67499445
2.83955840
6.85380097
4.41370636
1.19380707
5.70658356
12.44185394
0.40458160
4.58894836
0.52185090
9.22384052
6.68522717
5.98482269
14.76472961
7.25390625
5.90714539
8.03906250
1.17053192
4.31632508
5.70161459
4.59526041
8.07377106
0.72892273
2.04207336
6.85245789
0.15148926
0.14746488
5.83064384
4.72974069
9.73706117
0.81783051
10.92793108
6.15302749
2.93466644
1.71875000
9.78588348
13.67093778
8.63126773
12.47070312
13.62923094
1.66666750
8.91406250
8.15300755
1.22154476
8.37320922
7.29130097
1.56347656
4.42626953
7.85066711
1.02335633
4.29687500
10.48635516
6.58065381
1.40820312
13.10502106
2.92728668
0.45548523
14.15686004
12.98311060
6.94791999
15.48437500
9.51231841
4.69274933
5.61763519
13.35591644
1.55013424
7.92232269
0.48876953
0.70800781
7.94685727
15.06095523
2.92578125
7.53035461
6.64920989
0.10990480
3.07092254
0.14416535
9.26871454
9.78251440
1.07421875
7.36891402
1.07940934
5.97167969
