0.36067376
18.54980718
17.01204344
23.11067874
8.21093750
2.43554688
7.69986813
5.81722171
4.58024047
1.53987672
1.32714844
10.08300532
7.49902593
7.91894282
9.60449468
0.44091797
7.64062500
0.07403564
31.36914062
3.36165282
4.58170656
16.76073720
0.67383311
19.10839595
17.47281735
11.20540780
0.40161133
1.09863281
4.29329344
13.60156250
2.94498781
8.50000000
7.13281250
6.82844969
0.76139406
1.06705563
0.77474124
9.29687500
9.85579344
4.77018312
6.29296875
7.17578125
12.67968750
1.26367188
17.77311032
2.79427249
4.03515625
1.29687500
1.69498532
2.88606937
4.56250000
4.28808095
3.24642342
15.10156250
16.48173097
23.27929688
2.96679688
1.09765625
10.63883422
0.20613648
3.54101562
17.01562500
9.46418440
8.74576906
3.54785904
1.85937500
7.84375000
6.44173094
6.04784907
4.72916999
4.17578125
9.15134974
3.36036901
15.67968750
2.39176142
0.22835577
21.38085938
15.00429965
0.75546597
14.67138672
15.05663564
23.95702627
10.19743794
20.22981688
2.43652468
10.66471188
4.74755984
2.44124390
6.74055408
1.98307873
2.08398438
6.06282469
4.01530031
9.03548094
3.60742188
8.96418440
1.96713153
7.40950189
13.71634674
2.77604499
3.08593750
13.11848626
1.42838874
0.50390625
1.47265625
14.15950438
7.71936035
2.17290204
4.65071781
10.81608156
8.68391844
17.68001219
10.10709220
12.41829344
7.97396498
0.52750485
10.07389406
5.43717531
5.26562500
12.04940605
7.30468750
4.80859375
2.00390625
9.12500000
7.26171875
18.93766235
0.16182496
0.81477180
5.35254654
2.43945312
9.53548094
1.84440187
13.28906250
17.24901596
1.30371841
14.68847656
2.50976562
9.69087982
6.17187500
2.92187500
0.52636719
4.17968750
7.49381095
1.59603280
1.57812500
11.21567764
4.24721299
8.40625000
4.03125000
2.33007812
14.98046626
9.64355718
9.37466534
5.12175061
8.58374335
3.26652039
0.45483398
9.28727172
0.33357789
4.16275876
2.09895999
2.12890625
3.21484375
1.28808594
0.99169922
6.79333371
17.42138796
7.42708001
5.57324468
1.24576906
14.13281250
6.44531250
13.54654034
9.12956560
1.70768312
15.48502438
3.69498781
20.13476064
8.41569592
13.24348626
22.62629876
3.97396498
30.56347656
2.63867188
11.24771720
5.64290780
1.96385971
5.18067154
3.78710938
12.99413564
17.10937998
0.80029297
10.65625000
11.02050532
2.62011968
2.27343750
6.60069466
0.03527832
2.57226562
13.01432126
11.92187500
4.41731937
10.94775266
7.04248171
5.04823729
7.18717531
10.72656250
15.92575134
8.22333554
5.62825687
9.60579344
1.49186281
1.44042969
6.85741689
5.59180186
10.82812500
18.51204344
1.89323000
1.44596188
3.25716312
3.66828846
2.33366467
1.08789062
17.75967760
6.18977283
3.37436059
4.15983156
4.21126219
5.52734375
0.83463625
0.98681641
0.59716797
4.09667221
0.76172623
0.60888672
10.23339844
4.67675532
3.51302249
3.25358156
9.32031250
3.31054688
1.96582031
13.35937500
6.20051751
6.09049313
3.51758311
3.25423094
8.90983156
2.65625000
1.08789062
13.71875000
1.93717033
3.01204842
1.15917969
12.71093750
4.08040282
8.98014406
8.97557846
8.43848404
1.09082031
8.23258422
4.05647828
6.06250000
0.81835938
3.78125000
1.63183594
0.13317871
5.28515625
2.86718750
8.80110594
3.65201906
7.47070312
0.86311766
5.39420656
0.72412109
2.98632812
4.73828125
2.61718750
10.11620346
7.89355718
0.50586436
2.76676266
9.35091312
1.51074219
5.76204344
5.62858156
4.80110594
0.67838625
6.78906250
4.92284907
6.05761968
20.04817376
0.99381843
2.99609375
1.50195312
18.66959220
4.65706796
1.07714844
8.63972961
0.29390317
2.94661624
15.74218750
0.66650391
1.39453125
10.35579344
10.42284907
3.74479499
5.14062500
5.15234375
0.75585938
1.16002546
11.43246232
3.89420656
13.36718750
6.22721188
4.39127438
5.40885749
13.02766844
1.61002438
2.20410405
13.72753906
8.58203125
9.42659422
5.19630579
5.30078125
2.35351562
5.80641678
0.04340622
16.70800532
12.69367908
3.27019060
11.57389157
12.33951906
1.26627687
6.44824219
1.19042969
8.59488010
5.29296875
12.21875000
3.55664062
2.78710938
11.84375000
6.68033688
11.52766844
3.03808843
0.26980591
6.58626219
8.54687500
18.15804078
0.97054078
5.54687500
2.70703125
9.12141844
13.56021720
12.79492686
1.10139392
5.01725842
2.08007812
7.48046875
7.10156250
2.16015625
5.39648438
6.54296875
14.34765625
11.02441406
3.42749023
5.75781250
5.36620346
2.07324966
6.88281250
0.78955078
10.48437500
4.31884641
0.93505984
8.03906250
3.48632812
10.69531250
0.22045898
0.04916382
0.09722900
4.30664062
2.41406250
5.82454344
14.57780031
5.20703125
5.94042969
15.89062500
4.71875000
1.62825438
6.36686281
3.05078125
8.35694343
0.40648431
0.50130125
7.45670656
5.17219969
4.07780031
6.87500000
3.80631344
5.40560062
3.70507812
10.64111328
8.43750000
2.85546875
10.53125000
4.80533688
12.18326906
4.41015127
5.21257092
1.50878906
0.74707031
3.63085938
10.72395501
18.71028812
10.45670656
3.19726064
3.73991467
11.83593750
2.82812500
8.08268063
4.36718750
5.40560062
6.24609375
5.96093750
4.39062500
4.07031250
12.34505125
7.92479721
1.90104997
11.54508422
0.10140015
7.07617188
11.81250000
0.61474609
13.23079344
4.63671875
7.29264406
16.40039062
3.11588376
3.79622562
8.49641844
4.51139406
9.30956782
9.00293218
10.93814938
3.56380374
1.42578125
17.48209220
17.27572030
10.15989030
12.21901595
0.17689940
3.38444093
11.65722656
11.13353059
0.36061003
7.72949219
1.90462157
3.10709718
12.64485594
2.13248781
0.66552734
3.04003657
12.50716312
1.40787843
0.00708771
0.68261719
1.54772554
1.59213652
1.99902344
11.35156250
6.60546875
2.53515625
5.48860594
4.88639406
4.02734375
8.93920898
7.41829344
0.97428468
1.47265625
12.63769282
21.66699468
2.35351562
3.53938719
5.98958001
7.89484597
1.26563995
9.26571472
28.88234167
2.26171875
5.49609375
9.14908688
2.66341312
8.84927970
4.32650155
3.77376219
4.14030031
6.12109375
16.92447252
8.74154310
15.21484375
1.10644531
2.41406250
6.96484375
7.92187500
1.36621094
0.04592896
1.73144531
5.12988281
15.92610594
12.09928468
1.52734375
11.93750000
0.03707886
1.62890625
16.97167969
1.04785156
22.10742188
18.25846188
6.71842531
18.44985816
7.23341090
0.98917477
5.87825687
7.25781250
2.68750000
2.35351562
19.43684564
10.15104499
8.73437500
0.10403868
1.98014406
9.34763631
7.25246010
1.18408328
1.83691406
41.38313719
11.43928953
1.78645999
2.51009032
10.79777039
0.10253969
3.44140625
6.27319149
0.48462101
2.39843750
13.49283688
20.46484375
9.14745346
13.18783466
18.92608600
11.97169713
7.87370124
0.31231440
9.99511968
3.72460938
9.37500000
15.04752438
1.79459718
8.01139406
1.34765625
7.95703125
0.64404297
1.00503893
1.54850842
1.64030031
3.30859375
1.40820312
8.76204344
11.45377438
2.66894780
0.74267578
8.65266844
6.83592753
2.32195090
0.46386719
8.48437500
0.38597283
1.54183109
2.43554688
13.18326906
2.68912843
10.95800532
14.85872562
0.56022218
9.14257314
5.02539561
2.15039062
9.32096188
3.48372562
3.07617188
10.78515625
8.70312500
7.82763672
6.68001219
1.17057375
3.52734375
9.61360594
1.86295656
3.80664062
5.51204344
4.92465713
5.98600842
4.01953125
7.08984375
11.17154034
13.14257812
2.21713153
3.27343750
2.48079344
9.22233156
0.34649409
4.79590093
2.70507812
0.94873047
0.01895142
9.44302970
6.17806405
6.89062500
1.96728516
3.60351562
7.06438351
2.82421875
8.60156250
7.33626219
1.70065838
0.30707357
3.41210938
0.94482422
3.41275876
1.87630374
3.71679688
7.67187500
3.97851562
5.19140625
2.19042470
1.88477061
16.53319814
3.85352061
1.28222656
2.28709691
3.64356715
9.28140736
0.59847545
16.00878906
5.64875970
6.04166999
5.83984375
5.83984375
2.56835938
11.43750000
7.69205563
1.05989749
1.60742188
13.70658356
0.19718352
6.85937500
11.38639406
22.97190718
4.98512407
10.67740470
2.64095467
9.06762633
5.18237367
0.74934813
0.05314211
5.43196033
4.68424313
4.72396498
6.72037843
7.03906250
3.18945312
6.40266844
-0.03545042
0.73046875
8.37303192
0.60743683
1.22558594
6.08877916
31.84373006
5.48830119
3.67773438
11.89127438
3.62630374
9.62141844
9.78710938
5.09342531
11.73567376
3.89323249
0.63443844
7.62044437
6.06250000
3.31835938
6.29329344
0.20499758
12.00423094
15.23730220
2.06315436
17.72102283
2.72819592
3.16406250
2.50781250
13.11523438
13.40331782
12.49576906
3.19466312
19.75032469
5.99186281
3.18359375
14.27743002
6.67771942
2.98211214
10.61718750
19.89094969
4.31998781
2.44335439
3.38086436
2.62109375
1.56900876
2.74935062
15.19531250
9.75064938
1.69173343
9.67578125
7.06542470
2.11947030
8.62076906
10.25000000
8.60513409
9.62533466
2.56087157
3.72819093
2.63671875
5.24641844
14.42750975
1.75911624
7.48502438
18.00730054
2.43345633
5.62532469
10.61869386
8.36718750
3.43164062
1.73339844
5.34407469
14.47363032
13.33528812
1.22687971
5.47266622
1.61132812
4.94921875
10.35937500
8.03449690
2.93620622
7.39289783
6.13818609
2.22135749
7.28515625
20.11132812
13.71875000
2.56445312
13.34872231
4.02213874
8.98860594
15.64420656
0.87471465
0.44193574
15.23144531
7.22655253
8.30502216
2.85514406
2.18587157
4.25748781
7.67968750
0.69726562
3.89907691
4.19076684
8.74510971
2.84278091
1.43049798
8.81120124
3.22070312
11.35480940
3.94629654
0.05436281
18.63081889
10.37891622
12.45735594
12.64811281
1.94238281
3.01757812
5.07421875
6.96549313
20.56786258
19.71321532
17.17194558
3.23373559
2.84375000
12.65958555
0.14095156
14.48790890
0.47372645
12.36486142
1.14583499
3.21875000
4.35546875
12.83593750
11.63012633
0.14587465
11.45312500
1.39941406
13.76985594
15.46158688
1.67480718
19.96418440
12.65153826
0.53116820
17.11884851
11.80432899
1.68652344
5.83203125
6.42610594
3.92578125
4.90201906
4.58203125
5.53906250
6.36328125
0.03707886
3.05858129
2.89747340
13.74762139
14.28060062
1.61360843
3.70312500
9.46093750
3.36132812
7.32767731
2.77974457
5.01953125
7.80680297
0.25109894
1.91451019
15.46711907
17.58626468
4.78060062
10.64908688
3.69466312
2.13671875
7.17219969
11.93879876
5.65853280
2.03125000
9.41210938
5.76171875
10.60579344
12.66048094
3.33138187
12.34016844
2.97851562
4.18391844
0.20955570
1.60351562
4.45507812
4.75781250
4.40625000
17.02408688
5.70247562
0.10699463
10.54687500
3.02148438
19.00423094
14.65222022
7.20997340
4.28125000
15.38736813
34.52766844
7.46810062
9.15983156
13.19173094
1.69791750
14.42740470
8.72656250
0.05989999
47.11360594
4.88248781
3.94140625
11.42187500
3.17578125
1.11691284
9.27343750
4.56640625
19.69497784
2.10775653
12.46289062
2.10156250
27.65965198
12.80273936
1.98795656
18.01562500
8.20312500
13.34375000
7.76562500
8.64062500
23.98990470
22.27115968
1.92285405
2.77506593
5.99218750
7.44531250
6.30468750
6.20117188
8.81250000
3.63867188
5.62532469
20.94539056
2.66260139
13.49527704
11.77115470
6.25912123
6.03092531
19.76497064
6.10840093
22.87174313
8.83105718
19.45117188
4.39453125
7.89062500
5.44531250
4.98437500
3.91438719
4.37890625
12.73762190
3.74707779
1.21907718
1.16894531
12.18391844
5.26554445
7.12890625
20.31738032
16.55501219
13.84992908
14.96110608
6.77376219
2.43131593
25.17187500
14.06250000
10.96516844
1.92936281
4.88833722
18.14450134
6.52770832
12.75911126
8.45605718
15.90625000
9.44173094
9.77278812
5.31640625
0.77685547
15.58430408
6.09798094
1.87435560
6.73046875
5.29296875
1.10644531
8.44921127
9.50521498
14.71158688
15.69108156
4.37435062
3.25195312
6.93001219
7.22298094
7.15201906
0.52457765
3.14550283
4.27962655
1.03642273
3.10709718
11.25781250
7.25390625
2.50585938
2.90429688
17.87500000
0.90039062
5.17968750
10.48437500
18.34375000
6.51562500
8.66048094
9.16048094
2.51497562
14.53743407
1.08951906
1.09375000
9.40038564
3.99414561
3.78906250
11.80468750
1.25781250
0.87646484
14.27083001
13.87760749
4.65266844
1.71061281
5.99218750
8.46093750
21.78189938
7.85123781
4.70670656
2.32421875
15.01007038
10.60937500
3.87078900
3.88476562
6.83203125
10.23795158
2.01204842
2.57095939
12.13509530
3.48632812
1.48469969
7.03287345
3.55378936
5.78645501
18.57682624
4.61718750
8.19302970
9.15072030
6.98746454
3.59456671
11.50792401
4.46126468
15.74608378
8.69889406
3.60580341
2.83984375
7.62532469
2.69726562
6.48014406
4.61555907
11.87337157
6.06966312
3.05727754
7.30307402
1.16048094
3.33951906
9.65429688
0.44775391
8.16275876
5.15526845
3.43208628
16.41829344
3.30045656
7.80078125
14.46158688
17.01204344
3.71191655
1.21777344
2.34357395
16.27426418
2.22444703
32.90950189
2.68034186
5.01171875
8.78125000
2.25683594
2.77539062
5.35658836
7.09895501
8.70182624
1.16210938
1.79394531
7.08984375
6.29296875
0.96980649
0.09000796
13.98388298
14.90314551
3.32586214
10.21093750
2.63281250
0.66861688
1.49495733
10.82519282
10.62793218
9.97298094
1.03125000
1.25878906
5.98014406
2.04101562
12.93814938
0.17708499
3.22070312
9.41422360
7.75325687
14.77603502
17.93441420
5.10156250
0.91162109
5.84472656
3.87500000
5.05273438
7.03125000
5.75390625
16.61327128
23.87500997
9.66471188
7.80989749
5.50129876
7.92057624
0.64599609
0.61962891
4.26269531
2.33984375
0.13732910
2.69726562
9.72656250
13.01985594
4.65348390
8.26757812
3.83105469
16.66796875
11.24641844
1.63053468
1.55273438
2.45717989
2.78093029
3.09440935
5.50455563
0.66748047
4.34830065
2.92285904
15.29329344
15.54296875
11.17599180
1.01693373
4.91406250
15.19497784
13.91049091
6.97949219
10.08007314
4.67773936
4.47656250
10.49414062
10.80761719
13.46875000
0.62988281
11.68750000
1.58398188
8.21028812
7.89420656
12.52408688
3.02278812
8.82584220
8.81428081
6.56690824
1.14746094
7.03905253
2.72266622
6.64062500
2.53125000
3.02148438
9.48860594
7.49576906
4.69954344
6.19889406
1.37215086
13.88584474
13.29687500
1.47688719
12.25358156
4.08024047
9.63460328
1.27734375
12.66048094
10.17317376
9.54589096
4.60482934
11.91406250
2.20898438
9.52343750
21.04881317
3.65821808
0.77685547
5.13264517
0.32047983
1.48242188
10.98193359
5.60546875
5.75781250
8.04752438
9.59375000
2.65950687
7.05468750
11.43896235
5.11816655
10.68750000
1.97558594
0.86767578
9.04686503
3.47266622
3.23828125
6.83203125
1.22037594
17.06380374
26.81721922
7.62858156
5.00000000
3.74430297
4.81819703
11.89062500
0.34399414
9.90103502
0.81966810
7.07421875
0.69498532
8.72200687
1.52832031
0.09579130
7.69108156
0.54296875
14.31072998
9.90625000
0.68115234
11.78743407
6.44108156
6.11328125
12.30070877
4.89843750
1.50292969
7.03937722
12.71028812
12.44564716
1.23567625
3.00748781
7.20503902
9.08347740
3.95167885
16.02473626
16.58268561
12.86450195
8.09798094
8.39550781
4.79146239
9.53841312
1.49511719
11.41113281
8.50781250
5.46484375
5.83203125
1.49820299
0.52083998
6.76985594
2.08756593
5.52734375
7.03580563
2.79427249
13.01627438
8.09798094
10.94302970
2.45443373
8.15625000
5.75781250
12.04296875
16.07283446
4.81998781
5.18750000
1.60449219
13.70703125
1.37207031
15.72558345
11.58528812
6.79655031
0.66210938
4.53515625
0.38024747
0.25988925
0.19067383
3.89712877
5.31380873
8.24218750
7.41227172
5.53425899
7.62011968
5.94531250
12.99739251
7.06510749
14.42187500
6.76953125
2.79882314
6.34938929
3.33007812
15.84375000
6.82421875
15.84407469
8.27180408
8.08724623
5.55468750
2.03482907
16.64420656
2.18522218
6.01171875
9.24837157
4.39453125
5.70409907
4.11100593
2.20898438
14.41406250
2.04117797
0.54964234
10.26627438
4.31575687
4.55924313
13.74218750
7.02278812
12.39062500
4.42610096
1.82194592
5.40315049
8.59016844
0.16879044
7.20312500
5.13281250
10.66829344
4.38639406
0.40185547
3.76611328
14.54394531
28.55029297
5.77148438
16.61718750
8.41699219
15.10156250
1.31347656
9.23614584
16.45151152
16.24771222
16.05000150
12.13639406
8.11718750
3.02148438
13.00781250
8.04052778
6.50358156
2.91601562
11.15234375
5.86766955
15.32471326
20.56640625
3.01171875
4.47688719
2.28483156
1.57617188
7.13476562
9.03320312
8.14453125
0.65527344
8.64724873
3.62388851
13.39843750
7.79886871
5.41328949
12.82519282
2.70410405
1.21842282
3.79524906
6.86523438
5.91080563
4.30403812
15.43846410
24.38184840
10.14680907
6.71061281
6.75813719
1.78450189
2.26009530
7.67968750
2.42382812
10.63122368
5.12890625
10.45898438
5.80859375
1.47949219
1.37695312
4.86751219
1.85709718
15.74885860
17.25829455
3.98894060
2.35546875
14.32454344
6.68293440
6.97689716
1.87500000
2.20092773
1.50195312
7.73860594
2.67350343
1.00488281
13.54492188
8.68391844
4.65639614
5.30177526
1.31347656
10.07519282
0.25732671
18.67187500
0.87955563
8.90560062
3.16827393
17.85937500
4.98046875
9.66634032
8.44090426
0.31170074
2.21289062
14.24641844
11.58951906
0.01177979
12.43391844
1.75992922
10.26562500
4.31282469
1.90494875
4.05143063
3.22981937
2.85937500
11.64257314
3.35547373
1.08105469
7.50390625
10.77896222
18.06458018
4.68978280
2.09179688
6.18131095
5.53255624
12.82812500
13.45377438
15.24056156
7.11523438
4.03125000
7.10156250
13.93033688
5.62044437
1.58496094
6.80663564
3.55371343
3.49902593
2.97775269
10.12141844
0.59602870
6.11135013
7.12825687
2.01953125
6.12109375
3.46582031
8.85156250
5.35579344
1.92545656
9.33104721
0.51846853
4.68465647
6.15234375
8.17187500
21.10676751
6.79557624
1.50781250
14.64062500
2.68164062
2.13346188
7.53841312
7.71484375
15.75781250
0.45361328
4.76562500
6.02961907
1.94238530
1.58756593
4.45703125
16.21516844
15.39030031
6.32421875
0.07934570
5.16406250
13.42252438
20.23372313
1.47070562
3.55859375
5.31640625
3.54492188
21.08625222
3.83952903
7.19140625
19.89257812
17.29296875
0.97070312
10.19302970
1.01693124
1.79785156
8.15697993
26.76318484
7.84554078
2.45365480
8.05468750
17.68750000
3.14257812
13.61328125
11.94954344
4.34503879
12.20639184
13.58105718
5.29296875
2.22851562
20.08430408
1.70475842
1.30664062
14.88670878
0.78614278
16.08332004
3.07292996
7.67968750
7.86328125
9.92740470
3.97103280
5.25829580
4.27148936
5.99519836
0.56241634
9.30761968
1.90039062
7.37777710
6.12109375
6.07063719
4.12467531
0.33715820
11.45718038
2.65234375
4.70703125
7.76611328
10.53548094
4.02311281
11.30533688
13.28938968
9.19921875
3.52734375
2.94726562
3.61328125
5.09027100
1.32617188
1.91308594
11.35937500
13.47265625
8.42187500
7.20312500
5.94954344
5.59505125
13.93343265
3.57877438
14.00781250
12.96028812
5.39453125
3.48242188
4.81640625
12.86848626
27.95405919
13.44519502
24.31879656
16.93753988
4.97201684
1.65234375
24.17252438
7.92122562
7.17968750
5.97265625
3.89453125
3.66796875
4.94051086
2.12369812
1.91992188
0.53125000
7.76594969
13.32031250
2.14648438
2.06608156
1.37923094
18.71842531
1.58398438
2.13085938
6.78906250
0.00357437
9.93228502
13.76302748
2.80539487
0.14082887
11.22980940
6.79622562
3.16927748
10.99218750
4.56640625
2.37304688
9.44238032
4.84277593
4.25000000
0.28242918
1.65006593
9.19531250
2.43554688
6.03125000
3.20702128
4.86329122
4.00943595
5.42806405
15.15134974
4.34506870
13.80826906
3.99251219
3.98014406
2.52213376
2.49349124
2.76562500
5.82454095
10.85449468
2.69498781
18.91730940
3.85612311
3.84570811
4.65625000
13.79687500
3.70312500
7.46875000
0.05288696
8.53125000
3.49641844
3.01052622
0.72149009
5.58008311
2.68489749
5.37282303
0.22963299
3.32552249
1.71777344
7.31347407
3.36816655
9.27115470
1.84831061
0.11881593
7.71907469
1.16201886
2.21485372
13.60221188
1.47493656
2.41210938
9.45735594
17.83593501
7.49511968
9.06608156
4.40234375
5.11328125
7.47656250
9.88281250
11.88057371
0.43522218
2.06054688
4.96875000
0.40161133
2.15039062
14.66048094
2.86686281
8.60758422
0.37906860
1.25846437
9.70312500
12.22656250
0.27709961
2.66015625
6.69531250
5.85156250
13.88476064
10.27864749
12.24870124
1.05078125
6.94921875
3.20847625
0.31300812
5.10156250
0.00218582
2.30175781
14.07812500
10.94531250
1.07307860
2.17350343
16.51204344
3.74804688
2.21647218
4.03906250
6.69596188
15.71028812
14.86327128
6.25000997
11.44628906
5.60009641
6.38427859
10.71532580
12.60563608
4.73372562
2.23242188
7.25781250
13.27604001
19.03841312
4.43359375
3.17773438
6.68456782
0.81738530
15.82096188
3.65755374
11.92675532
3.44629155
4.33203125
3.90592033
6.38932624
18.19497784
15.08951906
6.40657469
3.12110372
1.93750000
3.91535129
4.54167996
7.91405253
5.42546404
12.55826906
18.12141844
8.12435062
1.94238281
0.02009583
0.06878662
0.10516357
9.98437500
9.24218750
14.99039672
3.25113642
12.72038093
7.66829344
12.66764406
17.29687500
2.20117188
7.24251219
4.90983156
17.23046875
13.62500000
1.46125970
7.26041999
5.96126219
6.37205785
7.33855496
1.80664062
8.00942598
1.94369902
17.52766844
10.95703125
4.67936281
0.05606079
0.63181184
13.99023936
1.90983156
9.31314938
3.40429189
5.61555408
4.54200465
1.45507812
0.17517090
5.11360594
2.21061281
7.41829344
2.54850343
1.33398438
1.30371094
1.05371094
6.53548094
1.61751219
8.03841312
8.95312500
4.67187500
4.61149047
0.12300660
14.25000000
3.08690659
3.53223404
11.13940430
1.52928940
4.93457779
2.79296875
12.57649657
4.81867908
5.07943373
7.76953125
5.38281250
2.92643063
3.49153812
13.01513672
0.10162354
8.77766844
1.77115968
4.30078125
8.91015625
4.67187500
6.26204344
8.02050532
5.40348640
3.72298094
8.72233156
1.69238281
4.45703125
5.51204344
0.05912355
16.40625000
10.41406250
11.08658688
4.29231937
11.46516844
3.94108156
9.98567625
7.05045656
18.02246094
13.98860594
5.60905031
3.04882812
3.74837157
8.50781250
3.67740968
6.36328125
9.45312500
4.98469969
21.34554078
0.61067750
5.42578125
4.14453125
3.25683345
1.01367437
10.82812500
7.35969969
6.99186281
6.17578125
2.00162594
7.01106937
5.33984375
5.30859375
0.01751709
5.15917969
17.19954344
2.86490968
3.46321532
0.53792235
3.46028812
1.35774657
9.28677970
1.85156748
1.10449219
9.78125000
10.20287899
0.25317570
6.66015625
6.43066406
6.22688719
7.11783688
1.78418218
4.48893063
5.88216312
3.62841797
2.00585938
3.94140625
5.30110594
1.74576906
4.10546875
5.02018063
3.64256317
3.97071808
6.40682070
0.40543516
2.32942874
1.28637695
3.79882812
12.44596188
8.19006326
0.18872195
3.21289062
4.87500000
13.07454344
-0.03041502
0.25736325
13.41597628
0.26940949
2.98632812
3.03125000
0.09375000
2.49609375
1.25544417
5.98894060
3.93945312
0.73828125
8.75000000
4.12760251
2.36653812
3.03515625
5.90591783
3.86458998
5.96093750
9.48160018
12.31950576
13.69710328
0.36604859
8.21679189
4.06445811
17.45312500
3.36751219
16.71516844
6.55403812
9.76985594
0.22387695
4.33170656
11.04718972
7.27312278
17.79752438
0.75504640
2.47233156
15.91432491
0.31510624
7.75488032
1.33528064
2.50261247
12.07031250
6.45768063
26.57942376
4.02539561
9.45735594
2.26334718
3.43554688
20.02539062
6.85156250
4.39843750
1.67480469
4.79687500
15.55468750
7.76123047
0.58398438
5.84977172
1.42480469
1.43863891
5.56896942
0.15311800
13.88687985
11.80468750
14.23757083
12.41048094
3.45930907
2.61067874
1.96419188
19.02962157
3.64388187
3.41601562
1.36425781
7.66438719
4.70280031
7.08235594
10.33332004
8.82651152
4.49609375
6.34407469
12.37500000
10.64420656
3.54752438
3.44661624
14.65291214
6.41796875
9.02766844
0.48209718
6.93750000
5.00000000
4.75129378
8.27718888
7.16194703
9.25423094
0.18375734
11.91406250
17.97405757
8.69824468
1.28808594
7.80501219
9.86425532
10.33333499
6.60514406
3.57584718
15.52766844
11.85579344
6.55436281
3.62858156
1.38183594
10.72134752
3.50912123
0.77783203
14.13704344
17.03157469
6.59310062
10.23079344
0.65885500
7.81705563
4.03548094
4.53418218
1.28320312
23.02604001
10.61653812
10.20312500
4.62629876
8.34245124
12.39485594
4.90262941
8.86718750
6.41967773
21.22427970
4.15885749
13.89811281
9.85758422
0.44685914
13.35229492
9.09863032
6.24023687
10.42773438
4.13671875
15.30891844
9.05045656
2.37939453
18.11555907
1.54459718
20.92578125
8.75781250
3.87727782
2.22819093
8.96093750
3.67382812
6.87500000
8.43750000
9.76269282
2.39224596
1.11361591
4.51594969
4.58561281
1.87109375
37.64428212
18.29947252
14.37924340
9.14257314
13.58073249
7.03841312
0.36279297
2.99609375
7.69441711
13.79060727
13.10481937
4.65625000
2.08007812
19.61392212
11.42626330
4.81201795
2.72070312
1.95312500
8.12141844
4.30436281
2.58789062
11.18814938
6.28938719
7.35872562
10.55891844
5.57747562
2.79134032
14.60839096
8.16081560
10.43391844
1.23372313
3.97981937
6.79687500
2.52539062
12.19238032
8.84310062
5.65625000
16.46873006
5.62469525
26.45572751
12.65396720
8.42838874
8.20637190
15.64877216
4.61718750
7.63736813
2.44075687
15.21516844
4.84211658
3.24382092
15.96778444
11.95735594
19.37858156
10.31250000
0.07769775
3.45703125
5.89892578
8.29687500
2.11360594
1.95084718
14.21518707
3.20898438
12.02343750
3.57031250
21.85579344
8.53125000
2.22233156
12.78906250
8.55729001
24.68685062
5.35253657
7.33138187
3.20735594
1.73274906
10.67610594
1.15071532
1.75520999
2.66796875
3.14224845
1.87337655
9.40625000
1.88964844
6.72949219
9.40039062
7.04296875
11.19954344
2.12272218
8.04101064
11.01009530
0.96378664
2.37500000
7.52734375
3.67415282
14.11295656
16.67697350
0.86980994
5.51953125
1.74121094
11.73437500
11.95961880
5.48959995
9.71875000
8.67871094
4.45312500
4.73046875
13.17968750
4.92187500
11.30110594
0.69339591
1.77572030
16.05175532
9.96549811
8.59016844
3.21403078
3.64876219
3.92936281
6.62890625
15.34798094
13.29378172
12.61686281
7.85579344
1.79362062
2.38834718
5.41406250
12.67187500
7.33626219
5.65657469
5.52278812
16.04687500
1.72851562
1.33466531
7.00749778
9.08235594
3.31412843
1.88671875
10.12500000
0.95605469
1.22753906
8.67571975
0.77203416
9.74869626
3.27669437
7.60969969
9.42545656
4.88671875
5.42382314
6.17773936
5.49770723
2.40268339
4.38281250
10.22004876
7.61198249
5.26171875
20.75943844
11.53351286
23.68750000
9.39747838
10.02311032
6.69075687
2.49674313
10.05045656
1.49576906
11.24909651
17.62956560
3.74804688
1.74414062
9.42024158
7.11100842
4.77376219
8.19108156
0.11621094
9.29687500
15.99641844
1.20670656
12.21516844
3.04524657
14.15589054
0.86230469
2.14062500
9.46516844
6.59830563
6.47558843
5.69531250
2.53320312
15.69954344
6.92193073
10.97924867
0.10734070
14.88533508
29.20402039
10.73437500
14.44596188
10.15560062
8.64485594
3.96842531
3.27376219
2.42952515
0.05312135
18.90486571
15.67610165
11.34444339
3.93359375
8.12206782
6.04199468
2.60546875
3.07388908
5.11165780
8.36360594
13.89420656
6.03320312
4.67578125
5.76953125
1.47379391
10.99576906
2.13053468
9.22265625
2.45703125
2.64892578
4.96191157
4.51074468
12.80533688
2.67513187
2.23632812
10.80891844
2.40983156
12.86262190
0.86101091
14.66015625
2.55899899
5.19856937
10.56250000
1.33495845
13.71386968
3.75976562
8.20914672
3.34651734
6.16015625
4.66046599
0.16472933
8.28125000
14.31379876
8.29199468
0.33805422
9.55533688
4.21972656
7.20638187
6.57584220
4.12435311
2.29947751
9.94287234
1.79378297
4.24218750
13.87564938
7.47200687
4.14453125
11.27343750
11.83593750
17.48567376
22.82941379
4.29819370
4.28548094
4.98014406
2.27929688
9.05012190
2.39519060
12.57031250
6.04646727
6.79865602
2.45507812
7.29492188
5.55891844
4.71875000
2.55045656
3.45540282
3.91764406
18.59212157
5.50683345
19.23698249
9.39233398
18.45344969
11.58951906
5.96185824
5.46906971
6.04926138
4.20312500
1.04915032
5.42513187
2.31966312
5.28938719
4.96419188
6.73860594
7.77441655
9.34375000
4.62445068
4.71158688
7.85872562
3.28320312
0.00477600
1.48893063
5.05989251
6.70117686
13.48762190
6.80144060
5.23079344
4.34698693
3.54884308
4.83854499
4.84798094
0.48274906
0.49804688
1.75148010
10.85546875
3.18489251
10.97526374
6.12109375
4.74218750
1.10448970
1.23535405
2.82812500
3.46289062
5.85253657
2.65918218
17.87988032
9.23502438
0.57357186
3.77114224
2.80209995
2.63671875
7.62141844
5.20280031
11.30468750
0.45255368
0.85774906
8.35937500
6.16991689
1.40723155
2.00976562
4.88833722
11.05925310
5.66764406
10.75585938
6.75000000
1.36621094
5.10937500
4.78352283
1.00065686
3.10678046
2.37630374
4.50000000
1.56250000
1.17480469
4.04116800
1.90219137
1.98502438
3.02864749
8.07812500
3.89713376
4.67903812
7.26431627
5.00521498
3.92578125
10.63964096
12.13769282
9.86329122
1.61914062
4.14062500
4.27251496
0.55463347
4.44954344
5.25797609
3.14453125
4.83984375
7.82031250
2.17187500
20.25976064
3.20312998
11.74218750
1.45735345
8.84863032
9.48862339
8.04687500
13.55867243
0.34122991
16.36425532
21.91341312
4.66764406
4.05859375
6.42968750
3.00585938
1.16796875
7.49673316
9.59311059
3.53710938
11.35937500
9.26562500
8.64843750
16.37141844
15.12564938
4.54590093
8.21875000
1.57128906
18.58658688
4.55566406
12.98795656
16.51920656
1.92773438
9.83365470
1.46517342
6.80133057
18.86359597
4.63640403
6.05891844
7.06217531
6.85448471
6.28223404
1.81152344
8.55468750
2.11750970
5.60026374
0.55029297
1.32877438
5.93326906
8.26139406
10.08560284
3.05502216
2.57226562
1.52148438
1.34082031
4.05078125
0.37713374
1.29492437
11.42968750
9.93750000
3.08203125
1.84863281
10.23209220
4.92578125
0.70833749
14.06476286
1.57586214
11.46940789
1.84831061
3.77929688
4.18359375
1.08430907
6.04687500
13.20865470
4.08008311
2.41015625
17.18750000
4.17187500
7.16406250
5.10546875
0.02127075
2.57226562
4.30044659
1.00033466
2.56116960
6.17514184
1.22070312
3.50195312
11.38281250
2.72851562
1.84195050
2.25619403
11.21875000
4.58593750
2.71760486
4.51335217
0.92919922
10.20312500
2.23242188
2.37109375
4.88377660
3.39356715
3.12695312
4.91821289
13.37341309
18.08040282
7.64843750
12.44108156
4.05468750
14.21093750
8.25585938
5.99951172
4.96895671
0.67672586
10.73860594
5.48616578
0.22713258
3.55859375
7.94497784
8.46713153
1.94140625
5.27343750
0.70239009
1.86035405
17.38346188
6.12988281
8.81185062
3.83789062
1.71240234
1.35937500
2.51367188
8.60057846
5.98535904
1.02050781
0.35070552
-0.03454341
13.00781250
4.44889157
4.46848590
0.23516719
6.93685062
5.57812500
7.31640625
0.01747131
11.71093750
1.89062500
14.75064938
4.32747562
0.15686035
4.15625000
0.54052734
7.62500000
9.10480940
10.48894060
10.12575194
1.65983156
2.46875000
18.17675532
5.72151610
7.47916999
7.12943459
2.39930066
11.10939494
1.88411375
2.60351562
2.41959718
6.50390625
2.77734375
10.30110594
0.40889558
0.10646576
0.18295758
10.81185062
1.24023438
5.86718750
4.15331782
5.08886968
1.53417969
0.90014586
5.10424867
8.46093750
3.55793440
1.32097185
6.03125000
2.05078125
7.73632314
8.36523936
15.31738032
4.21777593
1.48242188
9.26204344
15.84439938
5.55761968
4.90625000
0.89306641
12.94173094
9.32519282
6.93620124
4.19531250
4.82031250
19.01204344
5.39810284
2.01791278
1.19303468
11.54978724
5.96616245
3.49186281
11.43750000
2.39843750
1.83935547
20.43094140
17.12960548
13.67187500
1.92871094
2.00390625
15.79947252
3.50096909
8.60776152
3.34960938
10.13867188
11.26293945
5.27376219
12.86913564
4.60319592
8.43715537
3.07065713
14.11079407
12.43098626
6.27937141
7.50650377
3.55208998
18.45735594
18.54866578
0.08931519
1.61621094
10.21875000
5.71093750
8.16406250
1.60676003
11.26172872
16.20312500
5.04817376
6.23698249
3.83170656
6.88638409
4.33236591
11.13281250
20.12141844
7.32323970
3.81901374
16.30501219
21.01692376
14.11947030
5.51334220
2.82845467
2.61914062
7.37500000
2.80525633
0.72134752
16.79069592
8.19889406
1.54980469
14.82454344
2.07617188
3.55826906
13.88948360
14.10042110
13.92415780
9.27343750
9.73567376
11.06543218
5.46451906
14.46875000
2.62223141
4.17903812
7.32812500
11.22656250
3.36718750
2.20703125
6.54687500
12.35156250
1.62304688
2.92968750
15.96093750
0.59912109
1.61425781
12.34081782
0.90625249
13.03123650
1.36100593
17.86718750
3.57844969
13.73014406
5.96875000
0.69335938
7.55533688
5.30013187
10.18163564
1.34668467
1.37695312
1.85289407
13.23437500
2.64257812
8.04247673
0.59619514
12.16153369
0.08456006
4.52836560
3.20842863
8.46288564
13.77278812
5.87370124
5.65657469
2.04101562
2.20817140
1.40462157
12.58170656
3.58203125
8.02506095
7.03385749
4.40592531
4.73046875
0.11651611
7.31640625
2.02083001
3.08854499
12.29329344
4.08235594
11.56185062
8.85156250
12.44531250
16.77293749
7.35677748
11.08593750
5.62369626
11.47591312
3.83007812
0.00436401
20.75390625
9.79687500
3.38671875
1.81640625
8.95735594
7.43359375
2.73795656
3.34798094
1.71451906
1.51904297
15.68750000
15.67610594
1.03222656
2.76139406
6.86816157
6.42871343
1.67480469
7.55859375
7.83723626
0.33903327
4.82031250
7.08235594
14.67805408
1.58138685
7.30468750
10.72590814
8.09000983
6.26171875
16.35937500
8.43391844
9.36360594
4.65169437
12.78125000
2.30273438
1.36035156
9.96093750
2.27604001
2.64388187
10.21939938
4.33561281
7.43326906
11.76985594
2.15006593
9.13281250
2.12695312
9.40949939
2.59570811
4.07258533
1.65169935
1.35156250
11.89062500
3.94953846
0.27116467
2.52148438
8.82583971
6.35677748
1.58789062
0.70556641
2.41210938
10.34375000
17.66829344
8.05826906
0.76472649
12.67057624
1.46972656
7.29296875
16.44954344
7.96288564
2.60124279
8.96875000
6.91113281
17.18750000
5.34375000
9.55891844
14.01985594
3.30599124
3.52148438
4.90494127
4.18132092
5.73795656
13.68391844
4.42155031
4.04296875
1.14265930
0.07407654
3.48242188
8.57454344
5.39973875
21.79809570
10.49935062
11.58007812
6.73876953
3.39843750
2.23046875
7.54002660
5.95216090
2.60546875
2.07942625
6.97623781
1.21484375
1.38736813
0.72151859
0.77832031
3.46744626
11.82519282
3.27962655
4.92187500
10.82226064
10.95898936
7.89647939
14.42773936
1.76855469
1.03987547
29.48014406
2.31835938
16.43424313
2.71614749
9.60156250
2.17382563
2.37011968
12.49641844
11.64550532
14.37076906
3.01465093
0.27270508
4.92968750
0.81298828
6.25455563
1.78149414
4.03060062
15.21027815
5.67644060
2.09570312
3.51171875
5.28971188
19.70670656
8.46093750
6.69108156
6.25032469
0.83951906
1.86914062
11.93750000
5.13281250
1.38671875
16.94140625
5.53015137
8.44954344
8.47298094
13.97851562
9.32389406
0.98307375
6.80647703
6.17902815
1.61361591
9.63312722
3.13249778
14.89810284
10.93490497
6.01171875
7.70344969
3.70280031
2.52148438
8.19531250
0.47102782
3.63248781
9.58300532
10.00293218
2.54492188
8.75000000
3.51171875
5.94042221
52.43848404
7.16406250
2.68164062
5.49251219
18.42009588
7.64257314
7.31055186
8.12435062
4.00390625
10.71875000
2.94726562
4.49511719
21.78319814
7.57682624
23.74543440
10.40072030
14.05436281
5.24023936
7.64094969
9.37039786
3.70117686
4.43359375
4.08984375
6.13704344
7.08561281
1.69628906
10.26627438
10.17219969
7.12325199
6.73828125
9.32454344
8.90689938
11.48730718
6.69108156
11.65592282
15.77148438
3.78060062
8.50064938
19.65291507
5.24218750
8.38281250
13.70018482
4.03125000
22.19714781
9.43261719
4.29264406
6.54361813
0.93978031
1.29882812
11.18391844
25.22623781
10.22656250
3.61718750
14.50280512
-0.08703364
9.17252438
9.07568484
0.86702515
14.58919188
5.47498277
2.78157469
11.57454344
2.03645999
1.31738281
4.27244848
2.51856715
9.31941649
4.95280031
1.63574219
18.30403563
2.79803041
3.74218750
10.09439938
3.99967531
13.08073000
5.85156250
10.15266844
44.79687500
3.07403902
6.27766844
10.23079344
6.33593750
16.85383782
2.57064217
14.18814938
12.79112493
2.74251219
7.87858156
1.30664062
4.25390625
8.43359375
7.15087766
0.73535281
5.58593750
15.61132314
7.53971188
2.78060560
0.86767578
14.68001219
21.22883533
11.61882092
3.83561281
10.38834220
6.47916999
4.19042221
4.00847185
0.84375000
27.69335938
8.70247313
4.01139406
9.03548094
12.64420656
2.48046875
5.95703125
19.56070922
4.43538453
10.50846188
6.61914062
7.28841312
1.94433594
10.74120346
18.68132092
4.23014406
11.20312500
2.23990968
19.00585938
15.31445312
2.39843750
11.29036126
8.64713874
6.97656250
20.08267066
4.24154809
1.13378906
12.31867908
10.70312500
9.02930186
3.41243407
17.48372562
5.51562500
3.93359375
17.29329344
11.92252438
2.20215093
0.56689453
3.34179688
7.61783688
7.56900876
7.64355718
19.08854250
4.26562500
8.15820312
8.06045885
4.42741467
3.86620845
8.80338874
14.81227537
1.13932375
5.61328125
5.68391844
1.26920656
9.54817376
1.50716312
9.53841312
5.33203125
6.66080563
7.85611813
6.01823249
16.02408688
12.75000000
4.44563968
8.10937500
4.27343750
12.63476064
6.16144504
2.32488807
7.40625000
12.40689938
7.40560062
9.24347629
3.34278590
8.21842531
18.35937500
6.89062500
4.21093750
10.42187500
5.34765625
19.81250000
2.17773438
12.92968750
18.83007812
3.18750000
7.76171875
20.22818097
2.25195312
2.60385028
13.85221188
8.97167969
3.30794437
10.78627440
11.66764406
11.70898438
8.60937500
1.53710938
4.42219969
13.55793440
5.84017841
0.48046875
14.96484375
8.93130098
3.15463652
2.01562500
10.08593750
12.76001549
14.87646484
3.25813719
12.02343750
7.02701906
0.96923828
8.58593750
4.26106439
5.01432624
6.68359375
19.79343086
14.61357826
16.89111328
0.10760498
0.43774414
18.38317871
2.69335938
4.95312500
9.50096410
2.85059840
8.84277095
2.77246343
13.11848626
10.91276374
3.19287109
4.74609375
9.09016844
14.17506336
2.37044935
6.37500000
4.13671875
11.79425754
-0.42414035
6.68359375
10.49039672
5.57499145
2.52115968
11.62923094
0.97623532
0.61214359
8.12858156
8.09375000
8.94596188
17.31250000
5.45849734
4.25960328
10.65625000
11.98144282
8.16145999
4.76334718
5.26562500
7.83984375
8.39485594
7.42155031
11.40227509
2.79265403
1.85937500
8.88964096
2.81543716
7.12597656
14.60937500
2.83984375
17.28742908
2.81185311
2.65560062
13.21939938
3.06770999
5.62109375
8.90266844
11.54264406
8.16406250
1.49804688
30.45311503
9.22345302
6.11640070
13.68391844
1.64746094
7.17024158
14.21615248
20.66047845
16.51946596
7.76074468
1.63183594
4.67317376
12.07324468
15.56250000
12.49495360
10.17610594
2.45996343
8.76953125
4.65234375
2.01562500
18.29025269
3.65234375
2.24609375
15.27483031
2.08561281
3.74804688
11.06445312
1.94824219
2.84960938
10.04101562
2.79882812
2.67968750
3.77539062
9.31932846
20.41463881
5.07389406
1.69531250
5.47981439
13.83854499
9.73046875
7.22656250
12.87923094
13.83073000
11.37231383
2.80183899
1.90885500
13.51149412
6.59863032
0.67155280
9.00000000
14.83235594
9.72264628
7.37110372
4.97233156
11.97298094
14.90266844
2.61653812
5.98176751
11.41471686
10.60579344
4.49609375
10.32584718
3.60742188
9.08593750
7.20953291
0.12359697
9.25195312
5.30110594
10.22656250
13.85514406
0.64013672
20.34894504
18.60710715
8.75031472
6.28777371
2.24609375
9.33658688
12.01611255
0.93164810
19.45768063
5.45312500
1.14095218
2.69335938
6.01659907
7.95605718
6.87483267
8.32145639
8.41048094
14.04524158
13.61523936
21.02083499
3.66048094
3.19335938
13.96093750
0.45963625
8.57226562
1.91308594
6.73828125
18.56250000
10.34016844
0.66910890
17.12467282
7.92545656
5.96842531
3.60969471
5.86100842
4.21093750
7.67187500
6.64843750
10.71771240
1.93412106
2.10677249
3.15625000
13.76171875
3.74804688
14.93033688
4.30403812
19.84570312
20.99251219
3.91764406
3.04882812
7.30435284
2.22885028
1.27832031
14.69140625
13.18570922
1.05192016
13.89127687
10.80126953
10.22656250
4.14062500
5.28125000
2.13931627
7.04037123
4.63313719
15.19921875
14.81168703
19.33235594
7.89030031
11.12141844
9.34733156
8.58593750
8.11067376
15.65495124
19.45629384
9.00228280
1.52115968
15.46516844
9.83788564
1.13835217
3.81250000
15.31671100
2.68751994
14.92056274
7.23014406
14.22134752
14.62630873
9.35937500
3.33984375
11.40689938
1.68880374
1.13671875
12.29947252
0.41634779
7.69726562
1.46712157
6.16373781
13.38505217
12.01139406
2.56640625
27.97916002
4.59115248
4.46516595
10.05859375
3.72916999
12.48079344
5.00000000
2.14225343
5.57909907
7.95768063
3.43392342
1.96386719
11.46875000
10.69173094
10.25553468
3.60611813
11.15201906
3.90006593
2.85742188
4.81639628
21.57405765
17.82552748
6.78450687
1.42610594
6.26562500
4.25520501
1.71322030
6.98046875
10.14489746
1.25634766
5.09638112
11.80403812
8.82454344
1.63850081
3.78581560
1.58658937
12.68164062
5.17187500
2.46289062
9.88704344
2.72819093
19.61328125
3.84960938
8.44954344
9.78613032
11.99870124
10.49218750
4.31640625
14.27990723
17.30428153
6.80697030
3.03470856
0.26826996
15.03738755
13.33593750
0.84619141
15.49641844
24.85610816
3.31934840
4.01171875
16.54295878
7.91553731
4.54687500
7.66406250
1.00488281
11.98144282
4.58105718
8.65331782
6.65136968
2.56250000
10.66503657
3.22363530
10.11718750
15.19173094
19.50000000
12.06510500
8.19531250
5.39453125
3.05696532
2.75358156
9.22851064
16.23860594
12.96257092
0.73193359
8.39190382
11.14780806
7.56705563
3.21419437
4.33528812
9.19725067
2.24220245
11.32812500
6.70768063
2.25520999
20.31542221
5.90755873
24.52506593
23.25423094
14.92155031
2.92968750
10.95735594
1.81998781
15.23860594
1.78710439
3.16960217
31.24218750
8.84439938
1.50618656
19.47330563
5.20638187
2.03320312
9.38899158
6.90397717
10.25423094
9.42610594
9.94954344
4.23340093
16.43489251
1.69401374
17.08268063
4.10545878
2.40170434
15.66275876
11.24706782
0.83236092
15.30663564
8.64192376
8.83366716
4.94531250
6.66829344
4.94531250
12.77075133
0.55118960
0.75878906
31.02083001
0.47835577
1.29378297
3.55550047
5.10123781
1.81347656
21.99804438
10.87304937
7.46875000
0.85188719
19.83577391
6.47981937
14.39550532
11.53418218
3.23273660
1.32976340
5.76953125
4.76953125
2.05484985
0.03932740
4.69531250
2.39355469
16.34375000
1.68066406
12.97298094
5.17252438
3.05761968
2.47102782
7.49983641
5.70247562
7.06640625
11.97990843
15.73079344
13.19889406
5.43782469
4.80403812
15.55078125
10.81673094
11.86881593
4.61751219
0.85937500
4.64030031
7.54051862
1.31104388
8.43032691
1.66537621
2.71679688
5.14485594
5.46516844
10.88509281
7.18359375
12.91796875
15.27343750
9.76204344
7.60156250
27.92545656
0.18033688
5.81185062
17.63167110
0.34782109
1.37988281
19.38671875
3.47070312
8.29687500
14.61783688
3.56705563
5.17968750
7.66276374
8.66048094
3.52897218
7.29687500
21.06738032
14.80574710
4.45670656
16.41726685
4.16829344
5.59733156
14.21516844
8.69107159
6.38672872
12.64664672
2.98616578
14.68070137
0.04520691
1.87500000
9.08235594
8.00325438
19.44108156
15.83235594
18.66129640
4.66764406
11.10619619
19.76556518
9.86953012
16.02701906
21.24251219
10.46158688
10.97943364
1.21679688
7.68162567
9.75684840
12.51074468
0.53417969
8.76495568
12.46351508
30.70121674
10.75064938
6.88216312
1.25423094
5.99836658
1.84896498
10.99641844
7.48405031
12.35286126
2.46549811
2.91015625
6.19645016
3.88606937
3.75585938
9.30110594
6.70670656
9.59927970
5.53841312
10.20898687
13.91243407
3.01530031
12.44302970
3.86947030
11.45833001
3.64144171
3.48030640
10.91992188
6.61751219
1.79362062
8.95865470
1.60189217
1.22265625
16.24397703
11.43033688
0.30957280
10.57031250
10.84146720
12.52050532
9.41438968
14.55305408
16.17545656
15.27377216
0.77115968
23.66438719
12.33007314
17.26204344
3.53255873
2.95898438
9.54687500
2.07226562
17.70409907
13.36360594
2.47331061
17.14575133
0.16699281
1.83886719
9.71524899
51.64030031
5.73795656
11.08625222
6.76921653
2.36718750
16.11848626
8.74511968
2.97819093
9.22656250
2.23242188
6.78580563
1.93099124
14.17675532
4.63965093
0.67691891
18.64388187
7.14647939
15.83040780
5.77832031
3.26530031
11.52766844
0.46891359
7.79198471
9.59829566
11.82456338
2.83984375
12.54687500
12.17187500
10.96516844
17.21240234
7.42870346
2.81511247
9.07876441
18.94108156
10.11329122
1.71451906
12.24641844
3.37500000
3.77343750
15.63639406
4.98079344
26.22151360
13.21322030
6.46516844
4.37500000
2.09179688
4.57387911
3.31837433
18.73469969
10.62890625
2.94108156
8.18814938
6.26269282
2.05501717
2.68750000
11.65119238
2.05193262
7.54003657
3.20930408
18.63347185
11.77050532
3.57324468
8.00064938
0.34505374
5.87109375
16.45637190
4.44206560
15.08918440
3.46159685
11.53971188
3.70442874
0.66210938
27.92024657
7.12337157
3.71614749
7.56673094
8.00781250
10.09016844
3.23567874
21.76361084
8.23468972
4.70704122
33.11360594
12.31575687
3.06835938
9.89843750
0.41748047
0.90685287
0.82031998
12.52115470
0.88997811
4.08919188
7.63639406
19.92187500
0.28784180
5.04882812
0.44165039
7.78808594
7.47949219
3.30858877
4.98665780
4.60448471
5.00847185
4.91796875
3.76399657
3.89225343
1.98632812
1.32259032
12.93326408
2.18750498
27.54687500
1.37304688
17.59016346
1.17643811
8.40625000
10.35579344
0.96549562
3.09765625
9.27962157
6.56608156
6.54296875
7.07812500
0.13903809
7.10156250
4.01171875
7.70428358
0.18585314
4.01171875
12.16502660
16.20182624
10.63411126
3.32325465
13.65266844
6.47134752
6.87989029
12.68417160
3.71614749
4.84407469
2.38053468
9.26757314
1.29297373
12.19578458
0.70493073
5.30436281
4.21484375
17.89960142
4.12581297
6.04622562
3.32812500
1.28059813
9.08300781
13.15022828
6.06819703
5.94726562
3.92773438
9.41406250
2.21516844
11.00488032
2.83659186
13.62298584
2.18554688
2.73372064
1.76627936
2.39648438
6.16048094
11.07812500
2.10514406
5.03548094
2.06022218
5.31705563
10.56185062
7.12955563
8.77701906
14.53873781
2.00000000
13.65445922
2.31819703
3.70575729
2.04004654
8.92187500
0.20727539
0.90722656
3.54101562
8.09375000
5.89190382
13.80340868
3.94726562
18.75747784
9.45443373
2.71972905
4.50390625
1.02994376
27.23711985
6.97656250
10.39485594
2.23795656
20.17804785
2.37615137
4.29296875
7.72542110
3.86507203
2.93685062
7.63736813
4.89778812
10.45735594
6.03938719
2.50911624
17.99771720
13.00365463
4.00326684
10.47298094
8.21093750
14.95417962
4.09635749
6.50358156
1.79785156
4.26594969
2.48014406
8.72656250
2.88085938
5.53691101
1.57910156
1.03548094
7.66239472
0.08551057
0.55273438
6.23632812
8.01562500
2.35742188
5.26171875
2.41299978
0.38338694
10.96939938
10.40461658
4.48045878
5.80958776
1.71777344
6.39453125
4.58527317
13.87979023
8.01692874
10.52701906
1.96614749
7.93652344
2.23046875
5.35611813
6.72867797
4.41129765
2.45832503
20.38967756
4.24755984
4.17936281
9.43750000
18.55273438
7.20312500
4.44676364
12.35597074
11.75683594
13.05371094
16.31021969
5.47591312
9.26269282
3.70052249
2.49576906
6.40625000
4.43359375
7.48437500
2.79313110
0.11665894
7.18619626
3.46614749
13.65998892
12.29801640
5.12402593
7.75389628
4.32813497
3.98632812
8.35937500
16.66601064
2.70866218
6.39811281
7.20670656
2.60937500
6.05273438
2.30501219
4.31217531
4.77734375
6.80175532
1.04590093
11.27896720
2.79720467
5.18884277
3.78352782
7.19823471
5.71973404
8.10156250
4.75097407
4.90527593
5.11295656
21.15979168
9.20934894
5.00000000
4.14453125
15.08723626
6.43620124
13.15266844
5.84342531
0.66064453
1.78613281
13.19775266
0.76660281
3.82421875
13.36132812
5.29296875
1.70214844
4.44531250
12.44188830
13.81592420
3.61328125
6.77831782
8.92349347
4.80046653
0.06571535
3.20703125
6.64257314
6.05697030
6.22297596
2.10710217
8.81608156
0.14318848
25.74218750
2.79817376
3.49870124
0.86132812
9.91113032
9.81590426
3.92530917
1.22265625
9.74739500
6.70605220
3.82942376
3.96615248
3.64973626
6.26644171
0.74056031
17.24218750
0.56250000
2.55776333
9.89039581
5.46321781
12.42187500
19.97134752
1.61263685
5.65625000
14.87841423
4.10986702
9.42163992
8.48242188
6.35579344
1.83137938
2.67708499
1.21679688
5.29719969
4.76139406
4.08918939
1.74284186
9.66829344
17.95280031
4.72737423
6.81949579
1.93457031
11.33822030
4.46370484
0.80452515
2.07242797
6.83772828
8.89062500
15.06789017
8.40307617
13.27733378
6.37891622
12.45214096
6.82291999
11.79915780
0.53662109
12.14843750
7.01203347
16.31910177
6.49528078
15.03254876
1.57096686
10.12299406
4.07520279
0.60612062
9.04978724
6.78224401
8.22656250
7.29687500
4.08072751
4.17903812
8.75781250
5.75195312
7.79588099
4.88022495
3.58365968
17.69596188
7.58138187
2.61132314
6.17773936
5.80110594
11.20865968
3.63020501
4.63971462
5.07031250
0.82910156
1.66634032
5.95703125
7.18587157
27.88997562
2.37109375
2.26626192
4.97104277
9.19954344
0.02097658
0.84228516
1.51846313
6.27929688
5.39453125
9.67317376
7.87077155
13.06640625
6.57226562
6.96516844
2.73209718
12.22884032
19.98899416
4.83984375
11.76367188
7.36474609
5.30110594
10.59243130
1.71974401
4.51562500
3.19531250
11.75226286
4.93523714
9.95312500
5.20312500
7.09016844
6.24967531
12.04036126
5.32291999
16.62500000
8.85579344
2.45670656
6.46728516
2.41048094
5.73882202
6.10156250
1.50146484
2.76692376
3.36198249
9.90625000
4.19921875
6.39062500
18.98469969
8.58365968
11.04752438
0.02779300
3.39453125
9.80891844
7.31412843
6.09765625
4.18750000
7.66047097
0.52507590
14.32812500
15.22460938
5.24218750
6.65625000
6.04687500
12.11457004
5.99480496
2.66210938
10.75292587
3.67773438
3.31054688
1.36848875
2.18717531
7.71484375
3.96712157
11.83170656
5.35969969
0.66227297
1.29622313
4.01139406
3.78857422
6.32421875
3.59602782
4.99967531
0.57304852
3.95247562
4.10609007
3.97851562
16.51643673
3.83317265
12.09928219
5.21419437
10.84016844
1.21549562
1.65820312
6.92024158
0.82682873
2.70507812
7.33593750
4.45572751
3.95572751
2.30143561
11.16406250
3.53710938
7.34765625
3.60046044
8.14756650
6.29819370
8.83854499
16.53384752
5.35921764
16.87679078
13.16569093
4.03125000
10.80891844
7.08203125
19.30078125
12.97656250
16.19107658
8.77148936
1.96972656
6.64615470
10.51676640
18.42854610
21.58951906
18.60026374
14.49120845
4.08105718
6.54296875
8.83658688
12.95247562
11.27343750
11.37988032
4.13574468
12.70442376
13.47233405
3.15625000
2.94531250
9.62141844
9.94108156
1.98925781
14.79036126
0.68327155
5.92968750
6.56054189
24.19336436
2.66080563
3.26302249
10.76627438
3.44172845
3.20736092
10.87675051
8.11555408
2.52767342
9.80370346
2.54720966
2.17578125
16.12141844
5.36686281
5.73437500
5.06250000
3.70733351
9.84748892
10.57375165
9.46126717
8.89176640
14.65998892
15.38721077
4.25927859
10.23307126
6.48014406
10.53873781
0.28247070
1.89680907
11.98079344
3.16731937
5.94921875
16.24641844
14.23795656
12.40476491
7.70117686
13.12506104
5.27018063
3.48567874
10.18302305
0.13143007
11.49283688
8.46028812
2.84375000
12.50781250
12.72656250
8.96875000
3.24023438
22.37206782
15.87801273
2.65983156
8.84016844
2.98600343
17.69238281
21.08723626
5.96745124
13.77522454
2.91862311
15.82503172
3.30240968
5.71875000
12.29687500
19.09894504
8.10841090
8.50000000
8.21451906
12.28521729
8.79687500
7.35579344
1.50065187
1.77896720
15.06966312
21.97754155
8.79687500
6.07454344
2.72493407
2.22981937
20.61393063
5.86653812
5.84375000
1.33300781
7.29263409
10.82129654
4.42155031
1.56119875
7.44531250
5.98533910
4.10450465
10.26495568
9.46941932
3.80664062
10.68814938
11.93685062
0.73372313
1.73112062
1.94824219
8.16455078
1.87168915
0.53744902
2.73600343
5.29687500
6.54329344
3.43522218
8.97656250
7.17219969
14.18470524
3.76418882
12.67968750
3.18750000
10.49218750
0.79109119
22.31966312
14.33951906
6.78385749
16.05824912
17.14194370
16.37858156
2.81217531
6.91048094
7.26497562
7.41829344
9.50358156
2.51301502
4.49805186
4.09342531
1.94433594
6.68750000
11.24185284
4.85189716
1.77929688
9.04752438
0.76448734
8.15917969
4.84765625
6.27148438
12.12890625
8.62500000
12.58593750
7.05078125
0.87011719
9.42496454
0.76090702
13.24576906
15.29329344
8.55826906
2.48111813
8.23795656
1.69303468
4.28125000
11.33593750
3.57063719
5.73014406
15.20800532
2.25879155
1.66992188
11.30468750
4.58593750
4.24607880
10.34473653
20.13704842
3.67740968
9.51399657
13.41929201
17.56673094
2.69791501
1.35953984
3.97835328
4.31314440
5.87240248
8.55468750
3.50781250
6.51953125
2.77343750
7.15299313
12.86295656
3.30045656
12.84798094
2.66764406
5.89062500
6.69921875
3.67968750
5.10611813
3.13802249
11.25781250
5.34016844
4.86751219
15.21810062
8.18033688
0.69661624
8.25423094
8.57649158
1.01205092
9.75000000
28.48726654
4.31314938
5.18294437
13.75000000
9.28548094
5.81998781
0.72412109
8.31770501
1.49870124
7.60351064
4.83463874
7.41764406
23.01139406
4.99365234
19.23983323
3.44766677
14.89908688
4.53841312
2.30305907
9.92675532
3.47720690
4.91797872
21.90625000
7.16015625
14.86783688
8.20247562
6.51953125
2.85188719
2.69889406
6.71093750
7.74251219
10.13639406
15.90070784
7.84050310
11.91992188
18.35937500
0.64436766
5.92155031
1.51269531
10.82761471
4.30403812
10.28906250
1.70027183
2.28483654
3.08203125
7.09049313
8.06185062
7.39550532
13.37304937
10.68100769
2.90789090
4.62825687
5.98437500
8.16406250
5.44563719
3.04655031
15.48502438
5.25585938
3.02864749
11.50000000
27.30501219
12.14127438
1.41211187
10.55533688
6.74153812
7.33658688
1.01692874
8.75000000
16.92187500
10.11031314
4.74481991
6.57031250
10.14843750
9.81574690
5.28614029
11.66764406
9.64575133
1.94018368
12.19889406
5.76920656
11.48860594
0.92122562
5.23828125
3.16210938
1.08137689
5.48176751
2.42123060
1.35278009
0.30623601
1.93131593
4.08398438
4.57421875
6.30468750
5.03125000
9.55468750
15.09375000
3.57421875
15.63281250
11.66748047
10.79002660
4.03028590
9.33300532
8.58105718
14.50495002
11.35157247
3.99544437
6.93001219
1.65690187
24.53319814
5.17806405
10.95084718
7.33235594
0.97623781
1.80305907
5.24576906
1.69612423
0.06266484
4.17578125
5.47426973
2.67807402
8.25162594
10.33658688
25.07324468
18.03125000
8.75260500
10.32226064
10.10384530
3.92936281
14.77831782
8.03580563
12.01432624
0.19083742
9.10156250
20.66372784
13.87142841
2.09179688
7.90657469
5.58170656
6.43750000
35.92868468
8.90983156
0.31005859
4.92187500
3.42968750
9.06250000
5.54687500
26.39086914
28.64127438
5.25325687
34.78677970
18.46354001
1.66764904
12.21646720
2.82650155
1.09472656
10.84375000
16.01887190
3.43815935
1.48925781
12.29329344
3.43294188
3.20638187
7.43750000
11.94531250
9.51985594
7.87858156
3.93945312
1.29492188
3.19173094
11.71451906
22.91151810
10.42585417
0.85953859
6.77799313
1.72591312
19.46288564
10.50846188
10.43490248
17.92187500
8.45800532
2.05249273
4.67578125
7.70377438
8.94303468
5.76953125
20.06314938
1.30859624
0.06636620
5.83203125
0.64208984
9.42187500
5.16470191
7.13607934
6.82031250
8.11360594
8.80109597
4.68848653
8.79687500
8.05403812
18.21043551
7.89503324
11.01562500
2.90039062
3.91406250
14.40331782
1.27539312
17.46516844
6.34342531
2.97265625
18.57454344
2.57975343
16.96907469
4.40983156
10.92415032
17.83024421
13.62694814
0.97754405
14.11197252
1.86458998
18.35480940
6.23894060
10.62158203
21.23079344
4.00423094
10.52701906
9.81608156
3.83593750
11.12629876
17.56738032
3.47428967
10.39062500
3.39453125
4.22265625
0.00591660
24.47330563
3.31966312
5.67968750
23.25390625
7.11132812
19.90965426
7.43409574
5.25695801
13.96093750
2.91601562
16.96581533
2.34766123
16.43228502
18.66146498
12.19173094
2.99186281
22.73534907
5.03287843
2.95247562
22.76691379
16.35189716
8.56331796
1.22753906
6.82031250
4.96093750
5.98046875
6.12109375
1.49218750
5.91536126
11.49576906
13.43261968
4.43749502
1.11816905
12.80012689
9.86588874
2.64257812
13.30891844
10.66764406
2.16406250
11.14062500
2.42773438
15.24966534
7.60970966
3.86393063
19.98795656
10.55826906
4.98046875
0.06732178
4.44531250
8.39485594
7.29655031
0.00565720
11.72363032
18.02799562
3.52278812
3.39062500
15.53514628
8.75391622
6.85156250
11.44531250
9.80370346
11.27442154
0.23352051
19.02766844
13.92805408
4.98600842
9.00358156
2.30810547
6.73046875
8.91316711
1.09578430
0.08064820
15.22656250
8.08300781
2.26790282
3.22819093
18.54329344
8.98437500
1.08561281
8.02343750
12.67187500
25.89318264
1.19666111
3.02929688
10.95343972
14.72266622
10.67089096
1.32878435
3.99023438
11.88281250
0.19502684
1.54101562
5.20247313
4.15169437
6.93359375
5.54687500
1.28710938
4.21875000
5.83512079
12.14176640
18.01334220
1.96680186
7.25976064
6.84180186
29.03825804
2.88736813
14.56543218
1.66796875
11.34634752
2.16439217
11.64241578
0.42399296
10.25000000
4.74609375
2.50585938
8.58286514
0.12099228
11.84863032
0.33789312
2.30793440
4.75065935
5.98404782
3.15364749
3.44531250
3.59765625
10.48274158
5.44694592
4.80468750
14.55891844
2.04264406
16.96093750
1.50781250
15.73893063
11.85937500
3.40169437
12.89306641
5.77254211
1.25821961
6.92610594
1.87565187
14.34830563
5.58561281
1.86783937
8.39843750
6.70896942
2.37696808
1.00488281
0.94335938
7.07191893
10.76920656
7.10009766
15.91210938
3.36718750
9.23860594
6.46727532
4.60368905
3.65429688
2.83203125
5.15625000
12.89664672
0.02218628
0.82845094
11.99218750
5.09765625
24.75390625
1.73762938
7.72623781
0.76171875
1.36425781
8.05501219
9.84081782
0.96061530
0.62109375
7.02018063
8.35937500
0.58609486
7.95532512
5.54687500
5.72656250
1.88769531
14.93359375
4.05859375
1.68912594
12.61002438
1.72526374
6.15721410
7.15528590
1.46093750
4.25781250
0.47680664
6.40657469
1.02897218
3.91406250
2.67122064
7.83463874
2.05566157
1.34798343
1.73600343
0.03099060
1.83398438
2.37500000
5.19140625
5.93326657
13.78100399
0.32202460
3.06005486
3.97916999
4.15201906
16.24804688
7.12923094
20.02017315
4.33236591
5.32421875
5.12076906
1.65917969
9.34016844
0.88737062
0.23907346
0.43164187
1.77636719
2.66601562
1.56966063
6.44173094
12.46350067
0.12032261
2.33430907
1.30664062
11.23014406
4.85156250
10.99185284
9.82064716
7.15429688
8.68750000
10.85937500
5.02343750
3.93945312
9.51562500
9.71223626
3.12532469
17.05306405
0.85156250
5.94921875
14.63769282
9.25423094
8.99088874
2.59924316
7.03157469
9.44889406
0.74267578
4.23502438
6.03125000
5.48763187
4.42578125
7.19563719
0.19256670
5.05100510
4.08984375
10.60937500
5.90234375
6.31795685
15.11653812
0.32177734
11.11765958
1.97999667
0.45393181
1.61458250
0.45426515
3.44335938
6.54329344
1.99576906
2.31054688
6.12109375
2.08203125
0.38142821
7.75878657
8.20182624
2.66796875
12.93489500
1.33469728
2.04719720
10.93620124
3.83105469
11.28906250
7.60611813
13.65169437
25.49096680
18.24669882
13.73958250
4.16341312
6.09375000
1.23730469
3.75203918
0.29298951
0.72135251
13.59375000
10.28320312
1.86816406
7.42233896
4.57356937
10.21190160
3.97559840
4.90689938
4.06575687
7.60156250
2.28303704
10.99589362
1.19400876
8.98086170
12.37662843
3.99479001
7.06185062
2.27537069
5.15236369
2.35937500
18.71516844
9.30501219
1.86523438
3.34505374
5.27734375
4.67219969
2.27897218
4.66796875
1.54296875
1.34690182
7.75358156
7.82128657
2.16894780
8.12858156
1.96289062
10.07812500
5.74949080
3.94582170
5.77555297
0.18929078
9.37824690
10.15337527
8.20312500
0.99609375
14.28763793
1.71557493
8.35514406
2.20019282
4.93666735
7.93359375
9.29687500
0.85725828
1.36198000
31.41959220
1.03548592
4.73925781
6.02832031
1.02148438
9.63281250
3.24251219
6.13671875
4.78515625
1.74967531
1.99511719
0.42830321
0.61539797
2.63378906
3.69335938
2.18164062
16.17187500
9.57096188
5.78157469
10.55956782
6.72852061
15.64127438
6.76139406
11.41764406
15.82454344
5.85514406
5.18001219
1.38639406
6.23437500
3.50210498
4.32259530
7.49576906
30.37206782
7.97949468
2.68473390
7.97851064
3.08008311
8.38182846
4.38379654
3.50260251
3.60091312
16.59246826
19.18164062
14.31070922
2.43318726
4.93359375
3.98632812
0.62222892
3.38345191
4.50945589
6.97004876
9.95019282
5.17741467
4.46875000
18.90657469
0.73063234
12.56270864
0.74512217
8.78874588
2.53017932
3.57243295
3.17513187
3.53841312
7.54719969
4.14746343
12.95312500
0.03952026
2.12036133
8.14192376
4.00388631
2.37762743
2.21305172
9.53841312
3.46289062
1.73046875
4.00781250
7.71979185
3.84342531
7.51171875
3.31119626
12.32747562
0.77215929
6.64583998
2.50195312
4.68814440
9.26302748
2.55664062
4.10546875
2.42382812
0.47241211
5.00292221
4.64551529
5.26236813
4.30075986
3.77539062
4.53906250
2.91112534
2.28223404
3.59179688
6.94921875
5.92968750
9.04752438
4.16731937
6.83447141
0.29345828
4.14094969
7.24576906
3.40428691
4.78972185
3.58398438
2.81250000
18.03204925
11.56250000
7.23046875
14.58854001
3.32226562
5.27669437
2.96907469
15.70019282
5.82877936
4.37109375
9.41894282
6.56998781
6.73828125
4.26497562
0.82373047
20.10156250
3.93945312
6.17578125
7.81250000
2.41617672
6.49153812
10.08007812
6.23437500
5.90689938
7.44466312
12.64485594
3.94563221
8.59896498
5.61328125
5.59765625
8.98437500
3.98437500
15.42027371
0.85156250
5.49153812
0.81103516
0.93603516
11.51365692
6.06446808
2.84411621
22.52571033
7.73600842
8.27783203
33.75781250
12.71581782
3.62597905
17.85937500
1.17431391
6.79590093
2.33398438
12.02766844
2.31331297
6.48763187
6.97265625
10.19238032
7.07410108
6.19921875
9.25000000
2.96093750
2.10807126
6.03060062
5.01953125
4.59407469
4.68717531
8.56250000
5.13020501
2.39323249
2.86621094
3.77799313
5.90560062
1.01269531
1.63867188
3.45702627
5.01367686
11.51562500
1.81575438
5.67252687
15.37500000
7.86718750
5.94531250
0.27587891
0.39715576
0.73193359
3.52994626
2.23372562
6.70767066
7.50391622
9.57192598
1.89422151
8.89157913
9.79201462
0.56640625
0.91943359
6.29882812
2.01480954
7.99397953
3.84309564
5.32747562
3.03971188
3.58398438
4.99507823
6.57031250
6.39062500
6.57812500
1.82714844
3.77310783
1.61947030
3.81184564
6.18587406
2.24218750
4.03450687
4.77734375
2.70149657
1.10742188
14.03125000
15.13704344
23.53450687
3.05468750
7.12500000
6.68001219
11.40266844
2.14388187
18.71777344
3.91992188
7.00000000
1.49609375
0.93994141
0.02003479
2.81835938
2.47843258
7.18294437
2.99218750
6.87532469
3.67936281
6.96972407
4.51465093
3.90039062
1.30597878
1.33562278
7.51953125
15.33658688
17.14778812
4.47265625
7.41796875
6.53157469
17.00903320
4.73795656
2.76854721
1.87989029
2.42041016
4.31250000
9.03125000
2.30500970
4.28385749
7.33007314
6.62451670
15.92252438
3.44856937
1.98046875
7.37402344
5.50000000
11.89660645
8.70670407
8.78841312
3.88085439
8.84961436
1.73730469
1.99804688
5.56640625
6.80078125
9.59960938
4.94726562
3.11328125
0.85302734
5.94140625
3.84960938
7.54752438
6.38150876
9.88395390
0.39502078
5.75000000
5.34146720
5.28353280
2.72410365
1.41505651
14.34863281
6.58984375
1.86132812
3.54101562
2.26953125
5.97867797
0.02882935
2.65266096
3.84050310
6.98697252
7.43587904
5.12174313
1.50423343
33.95050754
6.15496121
2.33398438
0.56534665
18.08538818
21.16796875
5.26171875
31.94627660
10.89747340
4.69531250
11.04687500
0.01699829
19.21418440
8.68425310
17.97298094
10.50602172
2.19197134
3.82259530
8.80826906
6.60905031
23.05175532
12.44466312
5.10514406
15.87768555
4.62109375
9.86718750
4.27375721
3.89225842
13.90103502
3.29037123
9.48437500
9.76985594
2.27311281
10.66373532
8.32356937
20.68879876
5.72981937
4.94075687
8.67187500
19.14062500
7.54718972
2.69304465
4.32583223
1.21713652
5.38769531
4.91015625
12.26204344
7.30468750
10.76139406
9.26204344
7.51171875
3.38639406
1.96093750
13.45995346
5.77083998
2.59147218
12.29654533
6.94368905
14.84863281
10.83007812
7.78906250
2.41406250
1.82552000
1.06315187
10.59231920
5.77474623
20.88411126
2.59831061
10.72721188
13.74349124
3.85384032
5.44975761
14.50925153
7.10450465
4.06314938
5.91731937
2.88085938
7.40396720
2.85970467
4.57031250
17.19497784
5.55111591
4.54296875
14.26627438
1.12239749
5.92447252
8.15698741
3.72591312
5.29687500
9.16014628
2.18165059
18.86381956
2.86100343
9.97265625
9.97298094
5.11653563
6.13639406
13.98994020
3.57226562
1.37304688
12.59341534
0.80404560
8.46524048
9.70115692
5.93556183
0.42968750
19.95638275
3.72623532
7.99576906
13.94108156
6.13313719
17.98286864
9.78548094
21.35091063
7.10223389
4.65396720
8.19271498
12.32009638
7.05631095
3.82520279
1.38476562
27.14550781
34.29361813
15.49576906
7.62662594
3.00781499
22.23486328
23.41113032
12.72591312
2.71712157
5.51497562
6.71548316
5.26889184
3.77539062
6.27830785
8.95997340
17.61848626
4.10156250
7.69433843
17.22233156
6.35156250
8.51171875
9.37564938
13.79174805
5.01106937
6.21484375
7.12500000
13.86425532
4.45605718
9.68912594
3.24349124
17.68945312
12.10156250
3.10742188
3.98502438
8.65560062
5.62109375
8.99846914
7.94634452
3.30208499
21.18082516
3.11653812
12.74609126
2.66308843
13.02743237
5.16731937
3.88281250
4.52376219
35.83561281
11.20898438
10.23860594
5.58593750
1.72135500
9.84863032
3.61426030
7.68750000
9.06314938
14.02408688
14.94531250
1.99902344
1.90299811
11.07812500
6.54101064
2.25586436
10.30044410
4.89812278
10.19108156
12.78189938
3.77669437
0.35229492
3.20865719
19.05981929
8.88743684
0.69459441
1.79524657
10.32651857
3.87109375
0.47998047
7.32714096
1.13574966
7.33095213
3.18717531
1.63183594
8.07812500
12.54394531
2.67187500
7.55890847
9.15691184
1.28027344
16.30333182
7.93359375
14.64908688
5.80371343
3.59765625
16.85805630
2.66147495
12.76399657
4.89892578
9.26072973
13.89877216
5.08431405
4.90234375
0.77539062
10.45767066
6.51889184
4.51562500
2.02209135
5.39062500
3.41569093
4.28948923
8.70670656
0.63769531
10.80616203
6.09864029
1.25390625
5.42268174
1.45622451
15.04394282
12.76074468
21.35546875
3.17773438
7.03157469
3.47623781
10.76953125
3.73860594
5.75358156
11.56250000
2.22460938
0.57910156
24.36976242
6.61295407
19.92513187
4.74218750
5.42968750
1.75781250
8.43814938
0.49544437
6.01269282
3.65527593
14.21093750
5.54002660
9.76107934
4.71451906
4.07579041
8.80533688
4.15689440
4.06706560
5.91048094
13.77132078
12.21875000
5.63606937
15.67757078
7.77343750
1.16276125
6.58894836
0.15214051
10.75781250
8.58504211
0.08884705
3.05729001
29.23177249
4.66145501
18.04459220
10.34473404
1.84993157
16.18229499
8.46198034
8.73860594
7.80078125
11.62640459
2.61155197
3.93359375
0.52465571
10.91211187
3.35221188
1.75520999
11.56250000
10.37500000
2.79524657
20.53693706
0.48226950
6.64575133
8.40112367
5.16406250
1.41015625
22.18847407
11.73779634
8.93685062
3.43782469
24.92936281
4.23893063
2.55794437
13.01806641
6.21191157
16.44108156
27.63020501
3.36360096
2.96452903
2.19531250
10.73437500
5.90038564
1.76367686
13.67342039
12.14106536
6.51920656
5.45312500
14.02351680
0.23624882
6.20051751
4.33463874
0.95117188
9.57421875
3.74414062
8.07454344
15.90896606
22.98567376
10.34603280
5.11328125
2.10742188
7.19595191
4.54379418
6.21126219
2.80631593
13.95735594
12.89485594
4.22200687
14.07584220
6.58951906
5.47135749
4.31250000
13.98437500
6.83203125
15.36360594
1.38346437
9.53514628
16.83040780
4.04069592
9.21289062
5.89423268
3.37858156
12.75000000
5.34733156
4.63281250
10.25423094
4.47330563
5.40918218
1.06054688
16.84570312
4.68066157
11.25549874
11.56868905
10.58528812
7.19596188
6.89778812
5.16015625
1.04101562
1.27734375
1.06445312
4.78157469
2.41764406
20.10513409
15.69564716
5.14094969
6.14811281
12.00781250
8.96875000
8.38281250
2.30078125
9.55663564
4.86133311
3.79882812
17.15884752
21.76400155
11.36685284
4.63217309
2.04296875
2.65344083
0.05139316
5.52685547
3.58984375
6.82031250
5.14289285
2.40658466
4.78483156
6.79264406
3.27148438
2.91324579
2.56136358
1.97949219
7.37174313
12.75487534
18.08398936
3.77929189
5.46159685
6.68815187
8.76041002
2.65951185
11.98435506
1.85548869
35.68750000
8.59179688
3.64648438
5.13281250
9.91406250
1.02229485
9.34440436
6.75000000
5.28515625
7.38671875
12.87296383
13.28906250
5.49153812
18.09895501
2.64909186
3.83007812
8.83234597
2.92937278
2.51171875
7.56542969
7.53971188
3.97981937
8.24641844
2.12272218
10.14257314
1.87305186
18.34276596
11.75521498
11.22069814
13.91209941
12.43165558
2.18326906
3.82941379
2.55339871
2.97851562
9.85937500
2.35708722
1.99447528
11.14062500
8.09277344
4.05696532
2.89615968
3.27929688
6.57812500
2.78710938
6.84765625
20.98027039
13.65234375
5.70703125
3.14648438
5.46875000
3.00390625
5.46875000
10.24218750
17.19822474
15.81836436
11.45997340
0.00741959
1.69384766
12.10156250
7.52343750
11.96148682
2.06250000
9.15266844
3.48405031
4.05859375
9.23860594
2.10905031
8.72363032
0.57422124
8.21875000
2.87174313
15.54134281
10.23892066
2.48243184
2.93685062
20.67525453
1.64779310
1.93261719
14.49331665
2.54575394
2.90529587
13.50617908
6.65104499
20.90136220
2.37012466
5.24218750
1.65917969
6.72688719
19.86246828
12.38393065
3.23827128
5.08985372
2.57617188
18.03566405
2.78060062
11.40625000
2.18905640
2.01367188
16.54719969
8.20312500
0.51237062
3.55078125
13.97265625
12.75846188
29.26709109
6.11116578
5.85156250
3.76953125
2.20898438
11.87695312
11.46630859
18.24283688
10.20247562
3.45507812
4.20768063
14.28906250
3.33919437
7.62890625
0.90332031
0.61344360
0.03462769
5.88669383
16.08986369
6.52213874
7.24845523
0.69669617
19.00000000
15.78588618
10.40560062
12.08170656
9.83416426
5.38737810
16.07812500
5.72582084
5.90168440
18.26307399
5.08805172
6.61002438
8.93620124
5.62695312
32.99609375
8.10156250
2.61816406
9.11002438
9.96451906
1.50651125
5.65135971
12.30371841
3.06900876
13.49153812
2.97710641
2.61102836
0.06921387
0.91991938
6.44628657
7.74959872
10.26562500
7.54752438
10.21810062
1.87564689
6.04134530
46.31640625
10.05688477
3.41210439
3.59043503
7.78776374
7.50520999
5.83626219
4.23405031
7.45768063
14.53024602
13.07489804
3.31022218
5.55533688
14.74935062
11.81021720
2.25228280
16.23079344
6.33039783
6.66211436
0.80794437
2.12695312
11.46613254
15.79425754
18.73960992
1.96646471
1.47982435
27.43391844
4.98405031
0.97558594
3.38932126
8.86653812
3.37564938
3.79459718
13.60930472
11.87759752
12.92937278
4.85123781
5.94954344
2.69974855
6.00781250
10.86718750
4.85937500
0.27343750
3.88281250
10.18750000
14.46939938
0.56917484
3.01171875
10.39843750
0.07995605
11.10187224
7.55698027
5.18717531
3.74251219
3.37500000
2.22005374
1.32877438
3.00154789
32.97851562
5.49609375
2.55468750
3.42317376
3.49121343
8.27766844
1.46419437
7.99797821
9.79687500
8.40625000
4.37955563
6.99544437
1.52832031
2.39453125
11.53125000
3.84212157
7.11328125
5.89094969
4.82753236
9.71875000
4.02571532
1.67692140
6.83593750
3.00390625
0.28857422
16.28157469
14.90006593
3.50000000
17.07454344
0.88639406
10.60579344
4.83951906
3.97070312
3.91210938
0.11271055
7.56307070
20.56673094
1.68229250
0.69775391
9.66894282
13.12793218
7.23437500
18.22818595
4.95496010
0.09175629
4.04296875
17.91406250
12.50000000
6.18098626
2.44401374
16.55891844
6.77343750
3.76920656
9.34798094
0.55094484
16.81347407
17.27278812
9.97233156
0.33813477
10.67968750
5.59650862
4.61394060
6.68359375
1.76692625
7.15754876
11.33560284
13.17449246
3.23828125
8.05468750
5.58203125
0.33072751
2.30013187
6.14843750
16.08300781
12.63773434
3.91341312
11.48181152
1.00390376
7.24674313
9.52392952
2.55452515
1.99693298
6.92740719
3.45833499
4.91406250
3.59244626
4.89974124
7.99609375
0.79518631
1.31174728
1.77766844
7.17350094
5.48795656
0.84114749
6.24609375
13.90885251
15.59048316
1.23113308
13.92114196
0.28393617
10.94954344
5.23567376
1.00032967
10.91406250
4.38183594
4.01171875
2.89876219
2.18326906
10.31868407
0.24161867
16.37825438
7.20735594
3.55403812
9.01985594
5.11328125
6.64876219
7.69075687
1.78548094
4.53483156
6.22656250
5.85644282
1.96191655
18.29611969
4.67578125
14.16406250
5.25194814
0.22266123
8.45312500
1.29231688
4.99576906
12.20312500
1.86718750
12.04687500
2.28320312
11.56607907
10.33235594
3.38965093
3.49414062
15.76220703
4.21126219
8.02701906
0.36108398
1.06127930
8.06250000
5.02734375
7.76660156
13.19596188
5.36686281
2.50944093
2.11523438
6.29295878
10.14063497
2.87923094
2.42740968
9.03125000
7.02343750
9.67642066
1.22592309
12.57486813
15.47233156
4.44108156
6.30078125
9.20735594
11.51920656
0.20458984
1.96939938
2.91341312
15.43750000
3.30468750
10.02766844
9.64031645
13.09310062
7.29719969
7.82780031
15.37500000
7.87955563
4.05013187
1.03906250
5.89941406
5.07421875
5.33658688
4.46028812
1.07324219
6.46907469
7.19173094
10.36653812
4.38117908
5.80306405
2.67220218
13.61718750
0.43579102
1.83447266
10.14908688
3.42903812
6.42968750
2.28320312
1.05273438
2.09829317
0.46713652
12.24218750
4.70312500
2.05305907
2.32389406
8.53320312
3.04296875
8.19173094
23.23079344
15.48860594
3.00683843
4.55078125
7.80468750
1.28125000
15.44238032
6.70377687
4.44075687
7.34375000
3.51562500
2.80078125
10.55924313
8.25716312
4.60156250
29.04687500
21.04279644
1.64148822
8.01920656
4.79687500
11.49218750
0.83023922
5.09700687
1.89746094
1.97265625
7.62500000
14.27896720
7.75651374
15.58672568
11.05306156
8.69238032
15.19336187
5.34375000
1.72428219
5.52490234
4.40884752
2.89128435
1.22753906
13.00356162
3.51987588
6.03059564
8.34245124
14.22574579
3.89534796
13.42610594
5.96061281
13.44531250
5.17578125
4.28515625
0.55175781
4.35546875
10.37824690
3.34050310
1.48632812
3.83593750
5.33593750
14.25423094
10.46989866
15.36197252
7.53581560
7.26594969
7.29264406
11.38834220
2.98665780
8.20312500
8.21939938
1.03450687
2.75390625
18.15234375
1.29980469
2.43945312
18.51204344
1.33756593
8.42317376
5.28776374
6.82421875
8.04719969
6.16373781
17.47363032
3.95996343
18.45703125
3.23828125
11.17187500
1.97265625
16.58300781
8.45019531
3.44531250
9.51562500
3.67382812
1.99902344
2.95377438
7.19173343
2.24218750
11.25781250
6.12076657
3.56966312
7.15234375
0.77294922
10.20800532
6.63997562
1.74217753
5.68034934
9.08593750
9.48079344
10.15625000
3.55631095
9.65656472
13.28744902
8.92545656
12.43293440
2.19564716
7.23469969
3.08006816
8.62468528
2.85546875
2.70117188
5.50390625
13.19661126
17.62011968
3.07389406
10.57096188
3.58048648
22.23363697
17.23665780
12.01497562
7.30989251
2.70573249
8.37923094
6.22265625
4.30826408
3.57617686
12.47428219
6.29622562
10.85156250
8.32031250
3.07649657
3.18326906
13.27343750
9.93163564
7.92512190
3.47527371
8.80533688
8.31867908
7.02311779
4.80859375
7.59733156
8.48600343
4.07454344
26.05900148
3.26790282
7.25358156
13.97298094
3.19498781
18.91149902
2.06966063
6.24576906
2.97265625
7.50512633
0.27880922
20.31053192
15.65463403
8.49576906
6.98340093
15.65266844
0.90543703
14.64257314
3.79102061
1.76660156
9.08072252
4.95508311
7.51888187
14.91242908
6.56413342
2.00390625
7.51367188
12.18570922
1.48323609
8.88281250
9.62532856
14.38086436
3.05501219
8.21875000
3.89420656
3.45117188
1.01839110
20.53983644
5.36718750
9.57722961
0.11124695
1.92285156
11.12694814
8.65689938
4.07552748
2.85937500
6.99251219
11.73697252
6.98318207
0.09855148
11.95377438
18.92643063
1.84635749
13.39843750
2.26171875
15.57519282
12.55305408
2.14128435
5.89453125
5.24609375
0.02888489
3.79492188
12.45312500
5.79230940
9.46973404
1.58772703
8.13997562
2.97851562
2.62695312
2.61328125
13.70410156
11.14745346
3.96224623
3.50032469
15.68456782
10.27050532
3.41927748
9.32812500
5.62304688
7.11328125
13.87564938
1.99544437
1.41145750
7.52929189
3.26335217
2.66601562
13.64127438
1.14388187
10.05818176
13.21939938
14.11360594
1.66992437
4.14062500
3.34732658
16.34032580
8.02133200
11.65266844
11.40983156
3.66048094
0.98307375
10.66471188
9.97980940
3.85157247
9.70312500
4.13051973
20.97559840
16.35091312
10.43619626
2.39778812
6.18945312
3.87695312
13.20605469
7.39843750
22.95800532
11.46646720
4.12630873
9.28548094
0.27994875
7.97037594
3.33138187
14.66698720
1.87895026
9.17187500
9.47591312
9.26562500
11.05468750
2.67414783
3.54850842
15.64485594
6.69889406
4.17187500
11.48404034
5.52995124
10.27148936
14.44954344
12.62076906
1.17448000
7.37597407
6.51074468
20.90901947
12.17610594
10.16406250
8.38411126
3.93197030
15.14810284
0.86068622
7.08691406
0.42830009
10.65763741
5.22070312
18.60644531
3.53710938
16.94596188
8.90560062
22.49487305
19.89453125
25.24641844
12.03483156
14.89257314
11.43521720
16.69271747
11.92496579
12.71810062
10.42382812
1.75813719
11.07031250
4.07259032
3.33919437
12.19139628
6.22266622
2.08398438
6.47200189
8.97168218
13.65592531
9.46402704
2.61019171
10.08398438
1.61035156
7.70377438
0.05403812
10.97818595
4.18229499
15.15754876
2.41439217
3.95703125
4.15657469
0.64127687
14.91372784
1.91244403
1.80175781
10.72329566
7.79947252
2.09441932
3.90625000
1.57393060
13.33138187
7.12858156
3.56559328
3.27148438
4.79687500
5.37158203
11.97729492
7.38281250
7.97851064
8.16634530
2.18945063
15.00844060
1.76432375
12.54589096
16.80794935
11.41714830
12.93669326
14.28725427
6.12534214
6.30013187
2.34960938
4.53906250
11.94824219
1.77343750
4.05859375
7.64127438
2.95052249
1.89876219
9.94108156
5.01204344
6.15592531
6.18782469
3.92545656
4.26204344
12.26139406
15.15299313
2.77474124
4.40396720
2.45736092
8.14648438
0.94091797
2.00195312
12.25488032
1.87402593
3.53873532
2.43880374
6.53189938
1.72981937
9.07031250
5.37109375
3.75129876
2.86588874
11.61002438
3.94466312
5.71711658
5.85710217
4.58593750
7.03906250
11.43130493
7.92968750
13.66894282
10.23730718
4.48828125
10.19238032
11.40918218
9.13281250
8.34798094
14.67968750
6.44140625
5.75846188
0.54443609
2.24218750
11.17252438
13.40201906
2.36262938
9.94108156
11.05110594
4.45638187
6.55501219
8.87923094
0.90071781
0.56347656
4.57812500
16.57454344
1.18619626
0.61426030
4.75032469
1.11775633
6.20280031
8.70491578
0.07777955
1.21160889
2.50585938
7.98046875
10.64485594
13.64152039
1.17683899
12.65209535
5.39062500
8.02148438
16.21126219
8.61295656
10.33599854
2.81445312
10.74218750
11.81575438
2.86507203
5.59163453
4.23046875
0.93457031
0.77197266
10.15820312
2.75708008
3.50195312
6.86393063
6.76106937
1.44140625
2.63671875
9.89485594
2.42448000
10.24966534
4.69564716
5.48046875
1.98629737
0.27183556
7.27734375
15.58880615
7.90820312
6.09375000
7.51513672
4.24218750
7.76985594
3.00162843
9.51562500
12.84798094
9.54329344
4.16015625
8.33170656
13.73356203
17.32096188
15.51139406
3.02311281
7.98437500
12.73502438
1.43847407
2.93001717
10.07812500
8.14224845
5.40462655
3.55078125
4.30859375
0.07135010
4.93001219
17.34733156
7.40478391
0.26587039
5.48567376
7.20963874
10.00488032
3.01465093
7.20800532
6.85872562
0.13859984
4.11653812
8.57617188
2.07844969
5.55904144
0.61836824
5.32421875
3.82617188
10.85156250
3.48046875
1.48713985
0.06925663
1.63281250
4.48176751
2.46549811
1.45996094
5.42610345
12.35343757
2.27148438
6.09375000
7.87890625
7.01204344
0.90983156
12.96085446
7.25325687
1.36213362
1.03386247
3.02539062
6.98079344
10.91373781
2.05468750
9.34720856
0.82466644
11.75846188
5.48763187
19.60864258
10.19596188
15.81587219
4.01586063
0.47314453
7.45524047
2.00927361
8.23862312
0.66893312
9.00423094
2.72037843
7.82031250
0.04785156
1.03125000
6.03285850
7.01206338
4.56250000
5.53548094
3.88639406
4.24641844
3.28483156
11.67968750
8.21093750
0.62011719
9.18750000
10.90039062
5.73828125
8.64062500
12.09014850
0.63446087
9.12304688
1.35839844
5.90625000
7.02734375
6.93359375
7.56738281
2.43554688
2.00390625
11.38667443
0.63578651
1.82552000
6.32780031
0.44506462
0.48242561
12.81250000
7.76041501
3.79036624
19.04508422
8.85400266
7.69808109
6.29329344
2.57389406
2.24218750
6.57096188
0.79622562
3.96484375
8.00813719
12.15983156
6.70507812
5.54296875
10.42968750
0.74609375
2.95117188
6.61718750
2.37320922
8.38102172
5.57812500
14.32389406
9.02636719
2.16422485
0.65982782
0.73189425
1.39034214
0.26220703
13.96907469
4.25748781
11.01562500
6.75781250
2.64257812
6.45344969
0.11710695
11.85025377
3.25521498
18.08968016
7.37629876
5.06120124
5.57063719
1.83040531
10.44531250
4.55175532
13.47168218
14.39680408
7.29850842
0.56990477
5.76920656
5.79784907
4.44824468
4.29296875
11.05891844
11.27310284
5.73112810
1.96810062
10.89062500
4.16471188
0.38509281
1.67675781
6.45703125
2.55826657
4.31575687
10.41698471
7.96192154
19.44238281
3.54687500
6.48079344
27.24576657
8.93750000
2.43880374
6.96451906
7.08365470
14.57519282
2.45443373
9.10937500
0.31835938
2.76171875
4.88346188
8.85693484
0.90755250
4.40234375
4.69236537
6.54819370
7.24576906
0.61328125
14.32275266
0.07873660
7.30436032
12.25129876
2.36719248
2.06445312
7.19335938
1.86718750
3.73632812
5.81237793
1.04817625
11.87858156
4.25032469
3.66959718
3.11946532
9.22298094
5.46646720
6.80745858
3.45247562
9.67871094
3.70507812
7.33626219
8.70312500
0.41471437
0.21982663
11.78841312
10.20117188
10.02343750
0.46248289
6.19921875
17.09733156
12.03320312
13.13281250
1.36929923
5.72729056
2.55233599
1.91015625
5.50780253
6.59375997
1.06738281
13.27733378
5.68165059
0.84130859
9.17789672
0.56184937
0.10461426
13.36360594
10.89680907
5.52669437
5.68521720
2.61165780
7.72656250
11.57617188
4.48437500
2.16015625
9.93750000
11.17886082
4.43351507
0.52727255
4.18750000
1.85660641
5.47200687
8.56673094
9.17610594
0.51823000
15.96109486
10.69873670
2.11523438
6.62109375
7.35579344
24.22623781
1.30078125
10.90429688
7.93943817
3.16603058
4.63313719
2.67545656
10.86718750
1.94042969
18.22004876
8.41243656
5.94466312
2.88867188
12.35066711
0.08474669
12.58951906
4.01790282
6.45670656
12.28808594
7.94531250
6.73828125
3.40039062
5.90747008
0.04077211
2.66967773
15.03548094
3.50748781
5.02685547
10.39485594
14.00000000
6.33951906
1.86653563
14.74641844
12.96028812
1.37988281
7.05110594
15.64094969
2.71419437
12.14843750
17.15765381
8.30035073
0.94769614
5.23567376
0.95084968
13.51593972
6.68327903
1.96679688
5.49283688
3.41145999
14.53515625
4.39876219
2.04069093
7.07843972
1.38445090
7.66829344
1.80338625
2.57909907
12.73795656
2.13606937
7.12271720
3.29134530
11.27213376
7.55794437
20.51757812
1.08203125
3.41601562
12.22900266
0.64257937
3.25781250
9.13704344
6.54589096
11.85548577
8.94076684
1.86816406
6.01953125
0.03250122
11.39843750
6.72298094
0.99674562
2.22232907
2.42513187
4.03515625
8.16406250
7.27734375
16.20149657
2.60123781
17.93879876
6.11099845
4.48446365
0.77433289
11.10252660
4.38998559
4.63639406
13.73079344
3.96842531
6.84081782
1.01269780
14.36035156
6.41796875
6.92219969
4.43717531
0.49104735
0.50211672
8.33056641
3.45507812
9.28727172
0.79329469
2.06575438
14.49218750
5.59439938
0.72363530
18.83593750
6.12500000
8.97656250
4.98828125
9.12988032
2.94824468
10.02766844
6.68326906
5.47656250
4.68359375
8.82877438
11.01888187
14.24413564
4.32617686
2.39658744
5.26698678
7.04296875
5.13281250
6.94902995
0.02234456
2.27929688
6.40136719
8.34798094
6.44889406
1.39767456
3.18359375
17.09375000
4.53125000
1.53613281
7.21972407
8.57324468
13.21093750
4.41796875
5.68391844
3.79264406
4.18359375
3.57812500
14.76170878
1.24805684
15.67968750
4.93359375
6.09960938
9.56054688
11.58365470
9.59245124
2.12858156
7.01562500
7.70768063
7.71939938
1.34538093
12.95312500
0.98079344
6.81998781
2.28320312
1.09863281
7.09407469
14.94563719
4.90234375
5.10091312
6.49641844
3.93424313
15.60840093
9.89013423
14.94238530
7.69954344
5.31608156
0.11352539
5.46549313
11.99153812
10.17968750
1.81933594
22.56640625
12.01383422
6.23828125
11.11018174
2.03418716
10.59863281
9.03125000
3.19726562
6.39094969
7.38248781
1.96972656
8.48567376
2.19401374
6.90429688
5.05891844
5.87109375
7.56803468
5.94531250
8.21939938
18.03906250
3.57552249
8.11914062
5.58203125
3.80664062
6.78611038
5.04201462
15.26204344
0.43033937
13.99674313
4.18294437
9.27343750
4.44531250
13.04101562
10.88704344
15.70507812
1.03287594
0.04980718
10.53320312
3.25390625
20.01692625
24.69433345
17.50456061
4.51594969
0.78336672
9.33593750
0.46801758
3.00406860
12.02294548
7.66927000
3.98242686
14.78613281
11.03125000
28.05957031
6.22656250
2.44921875
6.60937500
8.54687500
17.01562500
11.17187500
13.02766844
8.34733156
9.46118164
2.31835938
6.83691157
11.63216312
1.86425781
9.34016844
2.77474124
12.38311871
6.44271498
3.80371343
16.51562500
6.29101064
16.96745124
4.30794437
4.14452627
8.98698249
9.03613032
5.48307624
10.45312500
1.36490968
5.07812500
8.35156250
0.52880859
0.22406857
5.65234375
5.97981937
12.27343750
1.29296875
9.94855940
7.36165780
8.88509530
1.98535156
18.17061278
14.96712157
9.48372562
12.55078125
14.23860594
1.93131593
13.08593750
8.26657913
1.92873337
11.96004211
8.28214539
1.79199219
3.31787109
7.76953125
1.17382812
4.53125000
12.84574641
7.20605718
3.43782469
13.68326906
4.50423094
0.89030031
11.08235345
14.16585328
6.53206671
20.04296875
15.80208250
5.62727782
5.53060062
12.71093750
1.98914146
6.08593750
4.96093750
0.95654297
8.42187500
16.10937500
5.30468750
10.55468750
8.59146720
1.10709968
2.96647218
2.11523438
8.00341423
7.00049202
2.43164062
9.46906472
7.38249778
21.07161126
