0.36067376
18.45963874
17.10221188
23.11067874
8.21093750
2.43554688
7.69986813
5.81770999
4.56070922
1.53694703
1.34082031
10.02050532
7.44433843
7.82096188
9.67903812
0.43994141
7.58984375
0.07366943
31.25195312
3.38118407
4.62858156
16.77538564
0.67383311
19.18456782
17.42105954
11.23665780
0.41040039
1.07519531
4.28125000
13.71516844
2.88444093
8.50781250
7.11328125
6.83626219
0.77994875
1.06510251
0.77327640
9.44173094
9.68326906
4.86328125
6.23828125
7.08984375
12.63281250
1.26757812
17.86864985
2.77051030
3.99804688
1.28125000
1.64094969
2.90787843
4.54296875
4.00129876
3.37565436
15.19173094
16.40922121
23.31054688
2.98046875
1.08007812
10.59977172
0.20735719
3.51171875
17.04687500
9.46418440
8.86718750
3.42253435
1.89257812
7.92968750
6.39094969
6.12988032
4.78776374
4.17968750
9.10805630
3.45444370
15.63281250
2.38004267
0.23519171
21.42089844
15.08152926
0.73097074
14.57128906
14.95865470
23.94563221
10.22868794
20.19742797
2.49381593
10.74283688
4.70670656
2.41569093
6.75227283
1.98112561
2.01953125
6.14127438
3.92122562
9.05891844
3.53320312
8.95637190
1.97885028
7.20328610
13.84900944
2.56510749
3.12500000
12.94238032
1.72754155
0.49877930
1.48632812
14.61751219
8.01162720
2.16403286
4.05859624
10.94726562
8.25781250
17.47981439
9.05891844
12.53189938
7.86523936
0.59065672
10.00716312
5.48437500
5.34765625
11.93831348
6.92578125
4.86718750
1.99316406
9.89485594
7.15006593
18.63297485
0.18391969
0.99532231
5.54720966
2.45507812
9.75064938
1.85677249
14.28125000
17.18293440
1.47559341
14.10612062
2.46679688
10.16348267
5.56282469
2.94140625
0.61735109
4.06250000
8.57226064
1.44531748
1.50488281
10.82569343
3.95653313
8.73437500
3.57812500
2.51757812
14.17268548
9.50651374
8.57746565
5.09603529
8.58528812
2.95117188
0.49829102
9.01383422
0.43733765
4.44986813
2.04069093
1.86100343
4.33203125
1.29785156
1.03808594
7.87521238
18.06005984
6.56379876
5.29590093
1.45637938
13.11653812
6.45312500
12.83625222
8.64275044
1.61897828
15.03548094
3.20084718
19.98697252
9.00293716
12.97916501
22.36132314
3.83333998
31.25976562
3.08593750
11.34927970
6.11979499
1.85822862
4.76839982
3.98632812
13.43521720
17.17220467
1.05566406
11.52343750
12.85709220
2.85221686
2.54882812
6.84476471
-0.04085203
2.79882812
12.18619626
12.37435062
4.30468750
10.70735594
6.76041750
4.63044739
7.40625000
11.04329344
15.59925976
4.30731493
5.99544437
8.88281250
1.84667969
1.36621094
6.43977283
5.47038342
10.58593750
19.11360594
1.99576906
1.54882563
3.23144780
4.25227283
2.31999279
1.13509032
18.20727041
5.86587877
3.24545434
4.09733156
4.36328125
5.26204344
0.86149172
1.15136719
0.46875000
4.07258533
0.75553967
0.58837891
10.54492188
4.00911126
3.60058843
3.11328125
8.98795656
2.85742188
1.93457031
14.89843750
6.61458001
5.04752438
3.66276374
3.03255374
8.36718750
2.65625000
1.30273438
13.34375000
2.09406971
2.75553967
1.20410156
11.42968750
3.68001219
9.75358156
8.94497784
8.51595966
1.59082031
8.36539672
4.18147828
6.03125000
0.87353516
3.84960938
1.55582641
0.10994508
5.40625000
2.90429688
5.69596188
3.94075687
7.48632812
1.09798094
5.11295656
0.77148438
3.07421875
4.66796875
2.60156250
8.43684065
8.36409796
0.49886608
2.53710938
10.11360594
1.84537843
5.41015625
5.76953125
4.95735594
0.82780031
7.29687500
5.75488032
6.41308843
19.01692376
0.91374030
2.53710938
1.87923094
18.58788564
5.19108654
1.55273438
10.03291778
0.26371308
3.09179688
15.66406250
0.72216797
1.34960938
10.07877438
9.95442874
3.75585938
5.23046875
5.12109375
1.21972656
1.05801869
10.56299202
4.08561281
13.03125000
6.19986813
6.55468750
5.79199468
10.76627438
2.23437251
1.67025155
13.94124266
8.55240968
7.68989989
4.92411447
4.74967531
2.34179688
6.62019836
0.00901307
18.62271720
12.29394282
2.72005873
8.32910156
12.96158688
1.84895999
6.79296875
1.98339844
9.89239979
4.72265625
12.14843750
3.93164062
2.66601562
10.69173094
5.77766844
11.69596188
3.32487311
0.21504211
6.35156250
8.87923094
16.87500000
0.75358156
6.02343750
2.60156250
8.62141844
13.24055408
13.12240248
1.06379627
4.88835217
2.00390625
7.67773438
7.33203125
2.28710938
5.69140625
6.64453125
13.02441157
5.21582280
3.89257812
5.42578125
5.70604721
1.59864029
5.32421875
0.71337891
10.99218750
5.98079344
0.97819093
8.53906250
3.47070312
9.19531250
0.24707031
0.07604980
0.14587402
5.34570312
2.65722656
5.54719969
14.24479250
4.65234375
6.13867188
16.34375000
4.74609375
2.68587157
5.90983156
3.36523438
7.92046827
0.33563525
0.71077391
7.60905031
4.79687500
4.16796875
7.04296875
3.35937500
4.80533688
3.87435062
10.86157227
8.00781250
2.45898438
10.58593750
4.68424313
13.61718750
4.35318595
5.26335217
1.55078125
0.86132812
3.64062500
10.21158688
4.44563719
10.12858156
3.49348626
2.02930186
11.15625000
3.05078125
8.11718750
4.16015625
5.40625000
4.85937500
6.22265625
2.40429688
4.80859375
3.15016174
0.25766842
3.04622562
11.08414672
0.11812379
8.33398438
12.47656250
0.74544188
13.17968750
3.13085938
7.03906250
16.98665282
2.83984375
3.27474124
8.52343750
4.62890625
9.42675532
8.08105718
9.03613032
3.61035405
1.40234375
17.39550532
18.40918218
9.78320535
11.67382590
0.16499754
3.05631593
13.07617188
10.43602394
0.34424950
8.16406250
1.75162594
2.62044437
10.61360594
1.76823000
0.72705078
2.70768063
12.01497562
1.49804688
0.01152802
1.03027344
1.09512858
1.16081560
1.71419437
10.92968750
6.73437500
2.34179688
5.27376219
5.31998781
3.71907469
10.12565187
7.01204344
0.95280031
1.45507812
12.30533688
19.83528812
2.43164062
4.60937500
6.01724845
7.49510971
1.31446309
8.95824068
30.33161647
1.88216312
5.56250000
9.51204344
2.87076906
8.47363032
3.70215093
3.85156250
4.54687500
6.17187500
16.30175532
9.72949468
14.00781250
1.32324219
2.49414062
7.26953125
8.09375000
1.65527344
0.02862549
2.04296875
6.38964844
15.80110594
12.75358156
1.79882812
11.91406250
0.03637695
1.84667969
16.25292969
0.98046875
22.43945312
16.89908688
6.15950687
18.48827128
7.01172872
0.64990234
5.88346188
6.67122562
3.46093750
2.44335938
20.14843501
9.98388921
7.05078125
0.10337492
1.82194093
8.87758755
6.76759308
1.26790531
2.07226562
43.12174313
10.38558109
1.97949219
2.24414062
11.40445922
0.10774781
3.97265625
6.30143063
0.49349124
2.64062500
12.27766844
19.80045656
8.68000222
12.73406028
17.40070036
11.69565214
8.65560062
0.21558468
9.78841312
4.12890625
8.86718750
1.60351562
1.67219969
7.63639406
1.17382812
7.58593750
0.47233031
0.90966174
1.54623060
1.64453125
2.92187500
1.51269531
7.66406250
10.52473626
2.82682624
0.58300781
6.62890625
7.52440160
2.16309840
0.41357422
9.31250000
0.78230088
1.53776748
2.60546875
13.68391844
2.68717531
11.30175532
14.77636968
0.61718750
8.80663564
4.56836436
2.25000000
8.93033688
3.70442874
3.28320312
11.04882812
8.44954344
7.21158937
6.39485594
1.37955812
3.81835938
10.05110594
2.44694093
3.59179688
5.17712402
4.56093770
6.51009530
3.07617188
5.96875000
11.15591534
13.55273438
2.07650653
2.98046875
2.35937500
9.27343750
0.16658446
5.21451906
2.28710938
0.99755859
0.01721191
9.29817376
6.55371343
6.74967531
1.82910156
3.51594969
6.68002991
2.66796875
9.20735594
5.10514406
1.17797789
0.26196351
2.71093750
1.21126219
3.41829344
1.63118656
4.27734375
7.50000000
4.59765625
5.91796875
2.66633533
2.07975842
17.42805408
3.76335217
1.63671875
2.28384004
3.50619902
9.97313830
0.66065076
15.65185547
5.23291016
5.41796875
5.76953125
5.92968750
3.40429688
11.22656250
6.85221188
1.10774906
2.13476562
13.21004211
0.22509703
7.12500000
10.89030031
22.41918028
5.34351503
10.27896720
2.89681405
7.62442930
4.97322695
0.79475828
0.10685304
5.00650377
4.12923094
5.36068373
6.17155031
6.72688719
3.29655031
5.68225067
0.08831818
0.70947266
7.38116911
0.82976839
1.39062500
7.82031250
31.79864584
5.53338541
3.67773438
11.80110594
3.69108156
9.53125000
9.78515625
5.15234375
11.66113032
3.94824468
0.61881344
7.61263187
6.06250000
3.25195312
6.28548094
0.20646242
12.00423094
15.35872064
2.00032967
17.72883533
2.73405529
3.17187500
2.45312500
13.08007812
13.37988032
12.48014406
3.19368656
19.78645750
5.99576906
3.20312500
14.29306265
6.54848848
3.07228058
10.73860594
19.77897218
4.45312500
2.53742908
3.24968029
2.65625000
1.35156250
3.01562500
15.05468750
9.75064938
1.67513187
9.65234375
6.96142080
2.08822030
8.62076906
10.22656250
8.53840315
9.71550310
2.57844969
3.67350343
2.63476562
5.21093750
14.51810543
1.76204593
7.40657469
18.15817820
2.38837211
5.53125000
10.69799805
8.49641844
3.33365968
1.74414062
5.42252438
14.32275266
13.36474734
1.27733503
5.40023825
1.65950438
4.85514406
10.42610594
7.92479721
2.98894060
7.40071033
6.12451421
2.21549811
7.25390625
20.18066406
13.82617188
2.56054688
13.35163293
3.94791999
8.99641844
15.53483156
0.88545684
0.44315644
15.18359375
7.08560284
8.30502216
2.98046875
2.20735594
4.26139406
7.62500000
0.69189453
3.90298316
4.27279809
8.85871565
2.73112810
1.43855462
8.79557624
3.19726562
11.39387190
3.96192154
0.05594972
18.76396371
10.28874778
12.35156250
12.90982907
1.76497562
3.00585938
5.01171875
6.96158688
20.64494236
19.68196532
17.19587136
3.16342309
2.92578125
12.63704344
0.14615968
14.31535978
0.45818262
12.02356808
1.20149906
3.27148438
4.49609375
12.52343750
11.70133422
0.14974000
11.54296875
1.37597656
13.57031250
14.75064938
1.69075687
21.27245346
13.72412857
0.49951172
17.79375388
13.74646829
1.89062500
5.87109375
6.94954344
3.50585938
4.84342531
5.15266844
5.35123781
6.49218750
0.04336548
3.04751441
3.07748559
13.47446281
15.07259530
1.63574219
3.11132812
9.91829344
3.16178468
6.99737533
2.87957779
5.25000000
7.66829344
0.21386781
1.93839539
15.34797845
18.01888187
4.42903812
8.81250000
4.18359375
2.00781250
6.75813719
12.12629876
5.89290780
1.77539062
9.25585938
5.83203125
10.91048094
13.21939938
3.81770999
12.09375000
3.21256593
4.37206782
0.14087163
1.63476562
4.85742188
5.11718750
4.41015625
17.08300532
6.06933843
0.08905029
10.37923094
2.76920656
19.07454344
13.19917577
6.33855496
4.25781250
11.72216797
34.39550532
8.53841312
9.23437500
13.95312500
1.72851562
14.22786126
8.24576906
0.04679694
47.76562500
4.52734375
3.12304688
10.76562500
3.23828125
1.22985840
9.23437500
5.03906250
19.14810284
1.83236591
12.13085938
2.24609375
27.16294788
12.80273936
1.86686281
19.04687500
7.93359375
12.63704344
8.11100343
8.29329344
23.42317376
21.96386968
1.83528812
2.45507812
6.40234375
7.74430297
6.78694703
5.47656250
8.33235594
3.86328125
5.12467531
20.38979179
2.64290780
13.70442376
10.37629876
6.22819592
6.13639406
17.64583001
5.65885749
23.81379876
9.01432624
19.71093750
4.40625000
7.93359375
5.72298094
4.58951906
3.79492188
4.33235594
12.67154034
3.89519060
1.19270999
1.20312500
12.22656250
4.94140625
6.56640625
21.36816157
16.63248781
13.84992908
15.05127452
6.68359375
2.43131593
25.17187500
14.06250000
10.87500000
2.01953125
4.87466534
18.07597962
6.60404254
12.70442376
8.43261968
15.98079344
9.34375000
9.84733156
5.28092531
0.77490234
15.50976064
6.16471188
1.87630873
6.68750000
5.29296875
1.10644531
8.42479721
9.45833998
14.71939938
15.76562500
4.31543218
3.21484375
7.06705563
7.12890625
7.16764406
0.50358156
3.14403798
4.30697030
1.12389036
2.96614749
11.20312500
7.25390625
2.50976562
2.90039062
17.85937500
0.91064453
5.19726562
10.47656250
18.34375000
6.52734375
8.69173094
9.00976562
2.76757812
14.30826906
1.18945312
1.21712157
9.40819814
3.90397717
3.78515625
11.74218750
1.27050781
0.87646484
14.19661126
13.87956061
4.69173094
1.76562500
5.92155031
8.56250000
21.75064938
7.82780031
4.77701906
2.36523438
14.99932819
10.69954344
3.76499556
3.94726562
6.79492188
10.21614251
2.09635749
2.52164298
12.11458749
3.46875000
1.50130125
7.00552970
3.55382750
5.62174313
18.71028812
4.61718750
8.21256095
9.24447030
6.99332392
3.60628546
11.55103816
4.42480718
15.80077128
8.67122562
3.66472185
2.69531250
6.00813719
1.78613281
6.97233156
4.80810547
12.08203125
6.11328125
2.66144504
7.24480496
1.19856688
3.50455812
10.76953125
0.44482422
8.49055907
5.51952377
3.27124727
16.40266844
3.10514406
7.48437500
13.60221188
17.30891844
3.58886968
1.07617188
1.93081519
16.34701684
2.47216797
33.01041501
3.12435062
4.79361813
7.89778812
2.87597656
3.58658688
5.11374099
7.19238032
8.83886968
1.15234375
1.86230469
6.36718750
6.57031250
0.80468625
0.14135867
2.07617188
1.94830835
2.43593084
10.21875000
2.69335938
0.73274532
1.48649296
9.60579344
12.27701906
9.94173094
0.94596437
1.20410156
6.09765625
2.17382812
13.43212766
0.20703250
2.69726562
9.50813719
8.44303468
13.69367908
18.75267102
5.64453125
1.89355469
5.03710938
4.72265625
5.31640625
6.59765625
5.54296875
16.54654034
23.68034685
10.93750000
8.12467531
5.17643063
7.77278812
0.58740234
0.64501953
4.51269531
2.73437500
0.33707516
3.35677249
10.29687500
12.19173094
2.78263429
8.37500000
4.23242188
16.45312500
10.59375000
1.68066406
1.43750000
2.19107408
3.01757812
3.47005873
5.48860594
0.84163328
3.86099845
3.29362561
3.62304688
0.17281004
11.35380652
0.90885998
4.76562500
15.37629876
14.91382085
6.64518312
9.12629876
5.18620124
4.53515625
9.75781250
9.57324219
13.94531250
0.72412109
12.14843750
1.40982907
8.81575687
7.40625000
10.45735594
3.37272218
9.30175532
8.02538564
6.54395279
1.32714844
7.42577128
1.99024434
7.24609375
2.26757812
2.80664062
10.55891844
7.24576906
4.47298094
5.33561281
1.46313477
13.20187950
13.79687500
1.08300781
11.99218750
3.82421875
9.63281250
1.19531250
13.16829344
9.61002438
9.13899158
4.18815935
12.80110594
2.03678468
9.12141844
20.57550754
3.81869902
0.75439453
5.11881095
0.43392342
1.36425781
10.66015625
5.70703125
6.62141844
7.84016844
8.52343750
2.47591312
6.73437500
11.36344235
4.96224124
10.65625000
1.98339844
0.59716797
8.66763409
2.92416278
3.55273438
7.16829344
1.22200438
16.87239749
8.70923130
8.41406250
5.09700687
3.34375000
5.03515625
11.42187500
0.48364258
9.54882314
1.16211436
7.20703125
0.81803219
8.75911624
1.38281250
0.09751936
8.33170656
0.56298828
14.18460083
9.88102172
0.62923219
7.92285156
6.31282469
5.35514406
12.29328537
5.16796875
1.68261719
6.34406472
12.07324468
12.56706560
1.04280516
3.17545656
6.38976288
9.28595302
4.14764073
7.39843750
4.26089478
16.55810547
8.15266844
7.30533937
4.83907597
9.21810062
1.56412594
11.27278812
8.10937500
5.34375000
5.87109375
1.19026111
0.58008311
6.55826906
2.00976562
6.04687500
5.90234375
2.68164062
12.02766844
8.12174313
10.33365470
2.22396498
7.53938719
5.27311281
12.18750000
15.01098633
5.38281250
4.85937500
1.92024657
13.88248781
1.36914062
15.60156250
12.39485594
6.60546875
0.71500734
5.06250000
0.36120481
0.27783328
0.26879883
3.56249502
4.81836436
8.34016844
7.63932375
5.65510735
7.21386968
5.27408937
6.60937500
6.05615234
15.19726562
6.57096188
2.67968252
5.64486342
3.11328125
16.10579344
6.76139406
11.53938719
3.54426253
7.35189716
4.86328125
2.11360345
16.65136968
2.32194093
6.04687500
7.49511719
4.06640625
6.15364251
3.78092780
2.94140625
14.89843750
1.91503906
0.62402344
10.79752438
3.96810062
4.53548094
13.78092531
7.42187500
13.67187500
4.48111315
3.63021498
5.91275377
7.36718750
0.26058607
7.50781250
5.51953125
10.66048094
4.48795656
0.58544922
3.45410156
14.62402344
13.25382996
5.35351562
16.27766844
8.45475343
16.29687500
2.42382812
8.42348848
13.32472074
1.76240570
16.12936921
13.50000000
8.14062500
3.14648438
13.16406250
4.36279722
7.21842531
2.28320312
11.09375000
6.62369127
15.00033217
18.72656250
2.82031250
5.38704344
2.71061281
1.83886719
6.81250000
9.66080563
7.95833499
1.05078125
6.35657430
3.16897273
13.82031250
7.36083984
4.89782715
12.84863032
2.89160405
1.02539062
4.26318359
6.81933594
6.02343750
4.17968750
5.35952239
24.19516511
3.65462157
7.37076906
6.48046875
1.82421626
2.07910405
7.23437500
2.98437500
12.52230453
5.43750000
8.43554688
5.74641844
1.06412843
1.30273438
5.01204344
1.97037843
15.11425532
14.96548815
3.95736591
2.18164062
12.96093750
6.34406472
6.46843528
1.99609375
1.64123535
1.66992188
7.91406250
2.92187500
0.96728516
13.21093750
8.42252438
4.12071259
5.45086214
1.09635500
10.20198360
0.21305546
18.65266844
0.90022703
8.79622562
3.44456482
17.28125000
5.03906250
9.09920164
8.89883090
0.38600066
1.99902344
14.40266844
11.75358156
0.00265312
10.82454344
2.42325929
9.75000000
4.23079344
1.85514406
3.66861813
3.17513187
2.69140625
11.10774158
3.66178967
0.85449219
7.22167969
10.74413066
17.64323498
5.12728280
2.20703125
6.23958001
6.18131843
13.27766844
8.86962766
2.01139531
4.07812500
4.19400876
6.58919437
11.50846188
5.45247562
1.86914062
7.45507314
3.99121343
3.39355718
2.35198975
10.35400266
1.08824209
5.24250866
7.08203125
1.92968750
6.06835938
3.44140625
7.91861813
5.75358156
2.11100343
9.12695312
0.51846853
4.68465647
6.15234375
8.17187500
21.19693595
6.70540780
1.50781250
14.64257812
2.68164062
2.06380125
7.55826906
7.71093750
15.78125000
0.45434570
4.75781250
6.08918939
1.83105718
1.60221437
4.45703125
16.19954344
15.34733156
6.41707336
0.05686463
5.16406250
13.42252438
20.11262938
1.51465093
3.55078125
5.36328125
3.51171875
21.03156472
3.77702903
7.21484375
19.88085938
17.32983398
0.97705078
10.31444814
0.97754405
1.83203125
8.11871089
26.80224734
7.81038453
2.42203859
8.06250000
17.70312500
3.17219969
13.59733156
11.89843750
4.43520723
12.11622340
13.68685062
5.30859375
2.23046875
20.16242908
1.76139904
1.30664062
14.90233378
0.78321309
16.19692598
2.98666777
7.67968750
7.87109375
9.86067376
4.10026374
5.24071767
4.27930186
5.92488586
0.47444516
9.42903812
1.90527344
7.37775040
6.10937500
5.96875000
4.28906250
0.33593750
11.42776608
2.91861813
4.52669437
7.69921875
10.40625000
4.32031250
11.88541501
13.71614749
9.57421875
3.43750000
2.95507812
3.49023438
5.55072021
1.22949219
1.86230469
11.49641844
13.70865968
8.33235594
7.24186281
5.89453125
5.10945306
14.04850593
2.83593750
14.28189938
12.69466312
5.45344969
2.78873781
4.82812500
12.66959220
28.22065826
13.08452126
24.88975844
17.06253988
4.95183621
1.60742188
24.77799313
7.94466312
6.56640625
5.33984375
3.31640625
3.93359375
1.98632812
1.65960693
1.90364500
0.32657961
8.17968750
13.17610594
2.18522218
1.59863281
0.99267578
19.51399657
1.61881593
1.94238281
6.80859375
0.00213051
8.26008533
13.88444592
3.13135026
0.14265992
11.57485816
6.13021498
3.54102061
11.17968750
4.43359375
2.59179688
9.58300532
5.23340093
3.54101562
0.11537596
1.39225343
9.43750000
2.61132812
5.50390625
3.03872784
5.21127216
4.18749502
5.66211436
14.20245568
4.30926307
13.61718750
3.04882812
3.60156250
2.60025876
2.13997562
2.80078125
5.03791985
10.74935062
2.35709718
19.25747784
3.94955092
3.72949468
4.30436281
14.10937500
3.82617188
6.60546875
0.06045532
7.04296875
2.79134032
3.44404081
0.90180957
5.38835217
2.73926030
5.18750000
0.09754988
2.72428468
2.15625000
6.12629876
3.22721686
8.89615470
2.05322639
0.12947633
6.85188719
1.37897683
2.55665059
13.57389406
1.30240968
2.38085938
6.46875000
18.23258297
7.16731937
9.60579344
4.30826906
5.74218750
8.20312500
10.09375000
11.70166991
0.28767945
2.28710938
5.38671875
0.32861328
2.43750000
15.19173094
2.36979250
9.09195922
0.50512571
1.41341312
9.39843750
12.43391844
0.25333742
2.52539062
6.68359375
5.82812500
13.70865470
10.33984624
12.08349734
0.96370484
6.46484375
3.55373061
0.21457994
3.54101562
0.00085306
1.33984375
14.66406250
10.90266844
0.77555422
2.20117188
17.60937500
5.37141844
2.03287843
4.01953125
6.93814938
14.74153812
15.13312722
6.26140403
11.11425781
4.78759641
4.99755984
10.98095080
12.65576795
5.10188719
2.12662843
7.24251219
13.59537843
20.64453125
4.35221188
2.86067874
6.32161126
0.77506843
15.46581782
3.40918218
10.95800532
3.32715093
4.39453125
4.18717033
6.86979499
17.84406472
15.52343750
7.53873781
3.26531028
1.86914062
4.15558567
4.52605496
8.18293440
5.96013201
12.82877438
18.46875000
8.24935062
1.80078125
0.03755691
0.06876633
0.09747314
10.25423094
9.41764406
14.87500000
3.35253657
12.82975343
7.07747562
13.22298094
17.49967531
2.23046875
7.25390625
4.32031250
16.00390625
13.86718750
1.27913079
7.68652593
5.46061281
6.07876441
7.32357934
1.76953125
8.80955785
2.35059840
18.25390625
10.94726562
5.10038596
0.05024881
0.63207220
13.61523936
1.89030031
9.73144282
3.63443595
6.15819814
4.53842309
1.54687500
0.16650391
5.19173094
2.15429688
7.24218750
2.34342531
1.24902344
1.28808594
1.04296875
8.17187500
2.63899657
8.26920656
9.19531250
4.82844969
4.56038453
0.18514039
8.40625000
1.78514877
4.22754654
10.99348875
1.84960439
5.56413342
2.81250000
13.34798094
4.21321033
4.89974623
7.19531250
5.37500000
2.74804688
3.50195312
13.36865234
0.09582520
8.76985594
1.92773438
4.01920656
9.41210938
4.91796875
6.01953125
8.11034907
5.47273929
3.89420656
8.90625000
1.65917969
4.83984375
5.79719969
0.05814699
16.28125000
10.84016844
10.65625000
4.01139406
9.49218750
3.73437500
9.47542235
3.89371828
17.59277344
13.48079344
5.39420656
3.05468750
8.32031250
9.26204344
3.29655031
6.54296875
10.08593750
3.78352782
20.84733156
0.69335938
5.30468750
4.02734375
3.23144282
0.98437749
10.27343750
6.87141844
6.96451906
6.12109375
2.10448970
6.61621343
5.47656250
5.28125000
0.02104187
4.21289062
17.46939938
3.04036624
4.18750000
0.94059079
3.38606937
1.25000000
9.26399158
1.80241467
1.33105469
10.16406250
9.80265071
0.33895085
6.14453125
5.93994141
6.15266844
6.60611813
1.78222905
4.61360594
6.12467531
4.60644531
2.26757812
4.00781250
5.28157469
1.92545656
4.08268063
4.29231937
3.62530974
3.97494902
6.72732630
0.38644324
1.86067874
1.28857422
3.52734375
12.63704344
8.62254271
0.19523257
2.92968750
4.41796875
13.16406250
0.06353760
0.29447262
14.22412234
0.36385133
3.25390625
3.02148438
0.12548828
3.20312500
1.20531479
6.07910904
4.09375000
0.79931641
8.24641844
3.89127438
2.71582280
2.97460938
5.94010251
3.44661624
7.76953125
5.99413564
11.69759530
11.01139406
0.54150391
6.47460439
1.79102061
16.69726562
3.37500000
11.22298094
5.85514406
10.02587766
0.23518922
4.50748781
8.92186503
7.61329122
18.01985594
0.85888672
3.21256593
13.87725581
0.41797124
3.60351562
1.04980572
2.31088153
13.13281250
5.96191406
28.18098626
4.05371343
9.41406250
1.88053468
3.55273438
18.95507812
6.60546875
4.52734375
1.54003906
4.42187500
15.22656250
6.92724609
0.67675781
5.21875000
1.70328735
1.43668578
5.39184508
0.10221500
13.20703125
11.44596188
14.95101078
9.56673094
3.60156250
2.50000000
1.86783937
18.34960938
3.50000000
3.18750000
1.36328125
7.57812500
4.86718750
7.34765625
10.63084442
5.61915558
4.75000000
6.43001219
11.66764406
10.85579344
3.49609375
3.32194093
14.42064476
6.30468750
9.31314938
0.38851078
7.29296875
5.24609375
4.75096909
9.50098404
7.08203125
9.05891844
0.18644289
11.53906250
18.64721430
8.68261968
1.46386719
7.91080563
9.77408688
10.41666999
7.00455563
3.80403812
14.35579344
11.98860594
6.19466312
3.81445312
1.74023438
10.67024158
3.23991467
0.94873047
14.91471188
17.19466312
7.04329344
10.96451906
0.76171875
8.24283688
4.15625000
4.21419437
1.45019531
22.95344969
10.20670656
11.32454344
4.47330563
8.44043218
12.00000000
5.02038574
9.11718750
6.40551758
21.11490470
3.70540780
14.76171875
10.44173094
0.48453859
13.80249023
9.65266844
6.58268312
10.95214844
4.07812500
14.40625000
8.95312500
2.48648922
17.69335938
1.55501468
20.72265625
8.96875000
4.03515625
2.03515625
9.03125000
3.88476562
6.88281250
8.97656250
9.94238032
2.76952627
1.25098404
4.69563719
3.78483156
2.30273438
37.51578361
17.61913564
14.85148943
9.06379876
15.05208749
6.60937500
0.75211422
3.70312500
7.24755984
13.75374390
12.57617188
4.15234375
2.36132812
19.21897888
12.20930408
5.43913342
3.57031250
2.24414062
8.34798094
3.32194093
2.74414062
11.19954344
6.67284907
7.71745124
10.03189938
5.43326906
2.90592531
14.14257314
7.27930186
9.42008422
1.02018188
4.06998781
5.75390625
2.87500000
11.95800532
8.66341312
5.42936281
16.61163786
6.14226839
10.32470703
12.74413564
8.33822030
8.20637190
15.64877216
4.61718750
7.73144282
2.35058843
15.16829344
4.84211658
3.25163342
15.96792177
11.95735594
19.47623781
10.35156250
0.07812500
3.45507812
5.91064453
8.37923094
2.03125000
1.99576906
14.15281105
3.26074219
11.94531250
3.57812500
21.80891844
8.50781250
2.21256593
12.78906250
8.47428219
24.61263187
5.34863032
7.34700687
3.19173094
1.73177249
10.60156250
1.20865719
1.76204593
2.66796875
3.10318595
1.85775155
9.50781250
1.92578125
6.73339844
9.36328125
7.00390625
11.10937500
2.31673094
8.11099845
10.91211436
1.06201172
2.34570312
7.70344969
3.57812500
14.18750000
16.56388636
0.88934119
5.48828125
1.69726562
11.77766844
11.86163786
5.47788120
9.65625000
8.80924313
4.23763187
4.72656250
13.23437500
4.89062500
11.25423094
0.69180900
1.68359873
16.14192376
9.94010749
8.43750000
3.25000000
3.65657469
3.95670656
6.66829344
15.27343750
13.12906984
12.84016844
7.85188719
1.80631593
2.46061281
5.26171875
12.71093750
7.25390625
5.76627438
5.52669437
16.04687500
1.75000000
1.24425273
7.15658466
8.87858156
3.38085938
1.89453125
10.17968750
1.05745360
1.15006593
8.65791778
0.70926972
9.72135251
3.18880374
7.72688719
9.42545656
4.73046875
5.45116689
6.13118905
5.53253879
2.42807402
4.34375000
11.00552970
7.23665780
5.36328125
21.29166501
11.21384974
23.69108156
10.05535682
10.71744626
6.32356937
2.64062500
9.40625000
1.83398438
11.77607654
17.11523936
3.20084718
1.41113281
8.55663564
7.36947030
4.28483156
8.16406250
0.11920166
9.56673094
15.83593750
1.04459718
12.73502438
2.75227782
13.72586309
0.80712891
2.16992188
9.37141844
6.53189938
6.63183843
5.89453125
2.35546875
15.43750000
6.07464095
10.84643617
0.15299500
7.99510193
16.73233172
11.25748781
9.01985594
10.21451906
8.31673094
3.60319093
4.27376219
3.27132203
0.09224488
18.62312742
16.25141450
11.29659183
4.08203125
10.17675532
5.89355718
2.86914062
2.45833001
5.46745124
6.51562500
13.52343750
6.52148438
4.60937500
4.89062500
1.33984375
10.30110594
2.64876219
8.74349124
2.48437500
2.50976562
5.34081782
4.39388187
13.51204344
2.35481937
1.86816406
10.58658688
2.09700687
12.18651596
1.10059341
14.80468750
2.51367188
5.24218750
10.77766844
1.48600094
10.43261968
3.45507812
7.25992797
3.38118531
6.40625000
5.09356772
0.16229166
8.32031250
14.57584220
8.35807624
0.47965578
10.03613032
3.92578374
7.58984375
5.98990470
4.13753671
2.05859375
7.62500000
1.83081055
4.29296875
12.10221188
7.55013187
3.91015625
13.06673094
12.16471437
16.27473626
22.32062722
4.38901152
3.63476562
5.66845703
1.22949219
10.61555408
2.83171154
11.68750000
7.37544676
6.71892122
2.24609375
8.20507812
5.40625000
5.24283688
2.55794437
3.16080563
3.87825687
20.48828125
6.07682126
20.05208499
5.68172646
2.36426588
11.90983156
6.10622978
5.66438470
6.40201631
4.33203125
0.92170892
5.49153812
2.26692874
5.09700438
5.29329344
6.58235594
7.68489749
9.20312500
3.87452272
4.90689938
8.02278812
3.55078125
0.00494385
1.59114251
4.67187500
6.92057624
12.73762190
3.00065935
3.58984375
3.84470912
3.30698027
4.38151374
5.18066157
0.41699468
0.41625977
1.85191345
10.63671875
3.38215814
11.42838874
6.67968750
4.32421875
1.56770501
1.19499030
2.44173094
3.46647218
5.53254876
2.68034186
17.09504876
8.90266844
0.59896249
4.10773161
2.78289339
2.44726562
7.20312500
4.25390625
9.57812500
0.35270016
0.41048343
8.35937500
6.05631095
1.36263436
2.09375000
5.35090315
4.43425310
5.10546875
9.99218750
6.70703125
1.12890625
5.51627438
3.94433345
1.31771249
3.05424492
2.36458499
4.47265625
1.84130859
0.79248047
5.02212379
2.22820090
2.07649657
3.09895999
8.28906250
4.15689938
4.30794437
7.39354721
4.57910904
4.07812500
11.23339096
11.35221188
10.61752216
1.62011719
4.14062500
4.17015792
0.50952958
3.52766844
4.93668703
3.09960938
5.49609375
8.21875000
2.30273438
19.62759752
3.26530529
10.62858156
1.55045158
8.47786126
9.28129944
7.39453125
13.61669548
0.34961311
16.36067376
19.01074468
5.34342531
3.16210938
6.60937500
3.00585938
1.20996094
7.47655253
8.92774434
4.12174313
10.90560062
9.21875000
5.27343750
15.47298094
16.45800532
4.13151374
8.73437500
1.74316406
16.38346188
4.04492188
7.29296875
13.98372562
1.78906250
9.17089096
1.31348404
2.44470024
1.48766412
4.41667996
7.89518063
6.71028812
6.64810284
7.05534685
1.60026125
8.80110594
1.99902095
5.68229499
0.43920898
1.20776367
6.51594969
8.29264406
12.03514628
2.81250997
2.34570312
1.26025391
1.52539062
3.47656250
0.37371577
1.54524906
13.22233156
9.16406250
1.68684813
2.41764406
10.41894282
4.50032469
0.73502936
14.95473848
1.86166777
10.54678345
2.71484375
4.54687500
5.22265625
1.32259032
5.91796875
11.83723626
4.74088874
2.42415282
15.35091312
3.06835938
7.61328125
4.32421875
0.00232697
2.99609375
4.83332503
0.81999529
2.21508742
6.07390403
1.64843750
3.43750000
10.95312500
3.18945312
2.49218002
1.95606216
12.37500000
4.82812500
1.00235836
4.33528812
1.09375000
10.57454344
1.75944093
2.47070312
4.91112035
3.58106715
2.70898438
4.81372070
6.92627048
0.24639412
5.37500000
12.62076906
3.71777344
14.09798094
9.82194093
1.84716797
4.96913147
0.07468915
8.80110594
4.79687500
0.23527101
3.45117188
9.36685284
7.94564716
1.80175781
5.72265625
0.59472407
2.14355718
17.68033688
6.80078125
8.21028812
4.10937500
1.93945312
1.32128906
2.56054688
8.53750776
5.57186724
1.05761719
0.41336911
0.03499515
9.28930664
2.93115234
4.94595766
0.25914137
6.48763187
5.03125000
7.81250000
0.02421570
11.86718750
2.78710938
13.66048094
4.74967531
0.20532227
4.00390625
0.56054688
7.66048094
9.09276596
9.94987810
11.28645750
1.82194093
2.14062500
18.66471188
4.58724124
7.63671875
7.23117733
2.31730609
8.06227393
2.17219969
2.40006593
2.55468750
6.40234375
2.77343750
10.24641844
0.35642564
0.12127701
0.18459790
10.06185062
1.63183594
5.54296875
3.50292720
5.15527593
1.59472656
0.91731688
4.55826906
7.86539672
2.65624502
1.20199108
6.02343750
2.32421875
7.74413564
9.15853280
15.39550532
4.05338874
1.85253906
8.93750000
15.79394282
6.08105718
4.65234375
0.83740234
12.51204344
8.83756593
7.57486813
4.14778812
5.20312500
18.83984375
5.83950909
1.73861591
1.49218750
11.35447474
5.64584995
3.75553468
11.89843750
2.44531250
2.10083008
18.54178373
16.87667330
13.56673094
1.75260500
2.06640625
16.12759752
3.54719471
9.08497340
2.93554688
10.43457031
10.72583008
5.15657469
13.29101064
4.81413342
7.53481162
2.84409463
15.33949280
13.38769282
6.41739141
7.45182126
3.68880374
18.07031250
17.94428981
0.09953343
1.86425781
9.03906250
4.64062500
8.78125000
1.54662089
10.80860372
15.18391844
4.79426751
6.01790780
3.69140625
5.64061503
4.08236591
9.43326906
19.33626219
6.24251219
4.08138187
14.88704344
21.07942376
13.37337655
6.45865470
3.00618905
2.77734375
7.28125000
2.98933836
0.72134752
16.79069592
8.19889406
1.54980469
14.82454344
1.98600343
3.64843750
13.88948360
14.10042110
13.96907967
9.27343750
9.64550532
11.06543218
5.55468750
14.49218750
2.60367672
4.15169437
7.35546875
11.25781250
3.33984375
2.21289062
6.54296875
12.35156250
1.61914062
2.96093750
15.96875000
0.59130859
1.60644531
12.31738032
0.91406499
13.05224023
1.36100593
17.83593750
3.65462157
13.67545656
5.97265625
0.69580078
7.50846188
5.28841312
10.22069814
1.43685311
1.23502687
1.94598862
13.19531250
2.54655031
8.03254876
0.65202155
12.16934619
0.08456006
4.52641248
3.20842863
8.40429189
13.72770390
5.93050421
5.58626219
2.04492188
2.20524172
1.39973875
12.61295656
3.59765625
8.06444814
6.95931405
4.32389406
4.73046875
0.12011719
7.32031250
2.02913079
3.03385749
12.25000000
4.16275876
11.56185062
8.86718750
12.44531250
16.86368576
7.26660904
11.23860594
5.62402095
11.25651374
3.90820312
0.09451719
20.64030031
9.75781250
3.45507812
1.77636719
8.92187500
7.57454344
2.79264406
3.42610594
1.70768312
1.57714844
15.70312500
15.53906250
1.14778563
2.76725343
6.81705563
6.46419437
1.65820312
7.55078125
7.81770501
0.33854499
4.78515625
7.06282469
14.57226064
1.65007092
7.32812500
10.70735345
8.13664069
6.23828125
16.42187500
8.43391844
9.15983156
4.84765625
12.73437500
2.32226562
1.38964844
9.95312500
2.30729001
2.51497562
10.50129876
4.12402593
7.35905031
11.75423094
2.20280031
9.16829344
2.03092531
9.35277822
2.57031748
4.06867908
1.76335217
1.30273438
11.86718750
3.94953846
0.27116467
2.48632812
8.82583971
6.44271498
1.56250000
0.70556641
2.38867188
10.34375000
17.77408688
7.93685062
0.67529048
12.76074468
1.45800781
7.32031250
16.50846188
7.91959220
2.54655529
8.90625000
7.03417969
17.15234375
5.32812500
9.58235594
14.06673094
3.30599124
3.50195312
4.73274158
4.29102061
5.75358156
13.57812500
4.46875000
3.99804688
1.11043274
0.07236756
3.60742188
8.50423094
5.63671626
21.80696781
10.64778812
11.58691406
6.94482422
4.03125000
2.34375000
7.43878879
5.19792996
2.53125000
1.89257812
7.09407469
1.21549562
1.39615719
0.92806156
0.90576172
3.37174313
12.00488032
3.63151374
4.84342531
11.29524158
10.60319592
7.49055408
14.56413342
1.74804688
0.88037109
29.41406250
2.40820312
16.82096188
2.73958499
9.71516844
2.02864500
2.82356937
12.14843750
11.66536126
14.21451906
3.11621343
0.25195312
4.64843750
0.90820312
6.32307735
1.66471562
4.41406250
15.22769393
5.82699357
2.30859375
3.70507812
5.20312500
19.64062500
8.40689938
6.30013187
6.17610594
0.94694093
1.80859375
11.88281250
5.14453125
1.45214844
16.91015625
5.10595703
8.29687500
8.95377438
12.45507812
10.08593750
1.08235843
7.62760251
5.34341534
1.70281028
9.57973848
3.38510527
15.98533910
10.61622340
6.09375000
8.33593750
3.91015625
2.76367188
8.62923094
0.51131102
3.37239749
9.88215814
9.63932624
2.66048094
8.42545656
3.43750000
6.24934065
53.62598404
7.80045656
2.66796875
5.77408688
18.91174265
8.04849845
7.08008311
8.29264406
4.31217531
11.38281250
2.92773438
4.14062500
21.78319814
7.57682624
23.69855940
10.40853280
14.07747562
5.28353280
7.64876219
9.27821526
3.95573249
4.33170656
4.06640625
6.15266844
7.05436281
1.75585938
10.43456782
10.08593750
7.00732671
6.91471188
9.18326906
8.99706782
11.48730718
6.81250000
11.60945555
15.78125000
3.75325687
8.53189938
19.60738285
5.22656250
8.35937500
13.69653702
4.07812500
22.11434937
9.54329344
4.28873781
6.54361813
0.94075687
1.30566406
11.23502438
25.21028812
10.14062500
3.55859375
14.46743100
0.09330324
9.09798094
9.07568484
0.88460328
14.57259032
5.47871736
2.78352782
11.44954344
2.00325687
1.31835938
4.30760473
2.52247340
9.31038328
4.90592531
1.63671875
18.33430907
2.79773668
3.73632812
10.10221188
3.85091312
13.22167969
5.83984375
10.17610594
44.87988281
3.08344606
6.24251219
10.23079344
6.25390625
16.79329095
2.46484873
14.43879876
12.86130010
2.55045656
8.01562500
1.30664062
4.28938719
8.37076906
7.14697141
0.75586062
5.58203125
15.56444814
7.51236813
2.70443373
0.92187500
14.66796875
21.78384752
11.58757092
3.86686281
10.34927970
6.17025155
4.20214096
4.16895279
0.87792969
27.93196532
8.63085938
4.13281250
8.97656250
12.69108156
2.54296875
6.27376219
19.59554078
4.36116578
10.21158688
6.30436281
7.34733156
1.86523438
10.09699690
18.66927748
4.20280031
10.83170656
2.37695312
18.06445312
15.23828125
2.53515625
11.86848626
7.39323249
7.96126219
20.77212379
4.33529809
1.15494875
12.45149158
10.96093750
8.75586436
3.56673094
17.17708499
5.19531250
3.97656250
16.86360594
12.06314938
2.32536015
0.56722047
3.31835938
7.69791501
7.94400876
7.31706061
19.25292969
3.47070312
7.89648438
8.25552721
4.54069592
3.95344969
9.05403812
15.03548094
1.24088625
5.66438719
5.82031250
1.33073000
9.37662345
2.04785405
9.46126468
5.39453125
7.26236813
7.75064938
5.84310062
15.54622562
13.04329344
4.55924562
8.66048094
4.10123781
12.37271720
6.75551973
2.52410682
7.67187500
12.50064938
7.42936281
8.98468972
3.44467309
8.85241699
19.31835938
7.00000000
4.29296875
10.33235594
4.24576906
18.30273438
2.95117188
11.83593750
17.04589844
2.48437500
7.63671875
20.24087877
2.68066157
2.51400653
13.25488032
8.67871343
3.61718750
12.16154906
10.68326906
11.75781250
9.40266844
1.47623781
4.90266844
12.62531472
5.40561059
0.60205078
14.66406250
9.06020723
3.40073027
1.93847656
10.04687500
12.88041687
14.58007812
3.28320312
12.57844969
7.61295656
1.01269531
8.79329344
4.44107658
4.69727061
6.25585938
18.45928414
14.83246391
17.27945922
0.07588746
0.50976562
18.75817871
2.99023438
5.07421875
9.82485816
3.05795434
8.77441406
2.93554688
13.57161126
11.23584234
3.49479250
4.73828125
8.71093750
14.73017810
2.63835217
6.44531250
4.33593750
11.74136082
-0.24917332
6.67187500
9.96695922
5.31233765
2.95898438
11.87923094
1.02424798
0.57943124
8.03816711
7.65356383
9.28548094
17.98079344
5.47949468
3.98242188
10.90266844
11.71939938
7.83724124
4.79459718
5.22656250
7.66406250
8.36360594
7.20312500
8.02451090
3.09343528
1.83203125
8.67870346
2.88770279
7.02734375
12.84798094
2.88444093
17.73339096
2.53385998
2.69466312
13.79752438
3.45442874
5.92968750
9.23079344
11.68131593
8.07812500
1.59375000
30.48680519
9.61977505
6.06529476
13.73860594
1.31901125
7.05012190
14.44597185
19.94563470
15.75263126
7.58919437
1.71646969
4.92643063
12.25293218
15.57812500
12.70621828
10.02831782
2.79004155
9.16796875
4.75390625
2.04296875
17.57464600
3.87695312
2.24609375
13.34048462
2.25976562
3.93945312
11.49218750
1.83007812
3.02343750
9.82519531
2.99218750
3.11328125
3.83203125
9.10416002
20.46720959
5.05826906
1.67968750
4.96386719
13.49804688
9.84375000
7.16406250
13.19954344
14.63346437
10.90356383
2.50268617
1.97949219
14.08791014
6.79036126
0.64779061
8.92968750
12.18391844
9.12108378
7.11329122
4.52701906
12.39485594
14.28971188
2.73958499
5.11393312
12.65625000
11.28971188
4.44108156
12.34147218
2.08593750
9.48860594
6.67667664
0.09021058
7.39257812
5.67610594
10.59375000
13.03906250
0.60074953
19.68602394
19.36247451
8.24559176
6.30356604
1.89355469
8.36002438
10.44644268
1.22234153
12.72753906
5.94173094
0.92936281
2.70507812
6.20019282
7.59277593
7.97818595
9.93978280
8.49641844
12.81444814
13.68197030
19.32747562
4.23079344
3.32421875
14.64062500
0.53125000
9.90983156
1.86718750
6.92187500
18.97656250
9.38704344
0.65983156
17.27701657
7.71419437
6.44173094
3.02310783
5.77539561
4.21484375
7.82063719
6.38639406
10.85321045
1.54980469
1.99511719
3.50195312
14.49804688
3.74218750
14.41406250
4.15625000
20.81835938
19.19368407
3.56803468
3.45507812
7.34764628
2.22657247
1.38671875
13.44970703
14.13102172
0.89876344
15.18066406
11.04785156
9.57031250
3.99804688
4.65625000
2.81509503
6.91049091
6.89908688
14.37044437
14.03271484
19.06673094
7.65201906
11.74641844
8.65983156
7.01171875
8.21679189
13.53711436
15.65558947
6.74121343
1.93750000
15.41829344
8.07193595
1.00977061
4.28906250
15.61130320
2.40074024
15.96769289
8.10937500
13.68293440
14.16667497
9.17610594
3.61490968
11.43879876
1.92252936
1.29882812
12.64924424
0.46143201
6.74576906
1.47558594
6.53125000
12.82565352
11.06608156
3.53320312
25.71744127
4.93490248
4.68863766
10.33658688
3.61035405
12.04687500
5.06250000
2.17936281
5.64941157
7.75976064
3.28223404
2.66796875
11.89290282
10.50781250
10.29166750
4.08300781
11.39127438
3.86881593
2.58170656
4.57941878
21.29785405
17.96712655
7.47981937
1.19563719
6.23437500
4.12434564
2.03353280
7.31640625
9.12719727
1.85693359
4.21558142
12.10221188
8.83528812
1.77342753
3.84408466
1.90104250
12.67578125
5.12923094
2.26171875
9.12858156
2.86914062
19.77343750
3.93359375
8.67610594
10.97004876
12.50488530
11.01497562
3.93164062
13.94371884
16.90341744
6.88086436
3.46891235
0.28572633
14.20366573
11.32454344
1.06901125
15.16829344
24.94172097
2.53256371
4.20312500
16.84764628
7.60010763
4.30468750
7.52734375
1.22949219
11.03254876
4.47916999
8.12629876
6.58659186
2.93945312
10.49120845
3.16504155
9.96289062
13.98681516
15.46272828
12.28580812
5.10546875
4.48437500
2.71712157
2.64420656
9.02961658
15.39453125
13.88867686
0.82340578
8.06898383
10.48179742
7.69270501
3.63151374
4.64062500
8.94301973
2.22104277
11.26204344
6.07486813
2.38379155
19.02277815
5.30925310
25.38671875
6.80664062
13.07812500
3.17187500
12.37500000
2.08528563
15.41048094
1.83690908
3.34896498
31.34375000
8.50846188
1.49869875
18.20670656
5.35156250
2.23242188
8.58788564
8.81348155
10.24641844
8.99641844
10.39485594
4.28808843
16.34895501
1.54655280
16.60188719
4.28774879
2.58920434
14.71451906
11.59569814
0.82812998
15.60953236
8.53075798
6.61654560
5.45312500
6.35579344
5.13248781
13.47721188
0.46956546
0.95751953
31.62239251
0.42252936
1.48046875
3.31640625
4.98046875
1.72265625
19.31282469
11.02506593
8.17187500
0.80371094
8.05991217
3.34147218
14.14127438
11.64599734
3.49266457
1.00717309
5.87890625
4.60156250
2.18977782
-0.02571532
4.64843750
2.42529297
16.45312500
1.97949219
13.36360594
5.19205563
3.28613530
2.15820312
7.41715329
5.81185062
7.52343750
11.33447266
3.74446532
11.23795656
6.07909907
4.62402593
14.41015625
10.49641844
12.08268312
4.54687500
0.94531250
4.69563719
6.91258644
1.24333887
6.50193817
1.53321808
3.98632812
5.70019282
5.52457765
11.86556156
7.22656250
12.60156250
16.55891844
9.10156250
7.36718750
25.98079344
0.18033688
5.81185062
17.63167110
0.34782109
1.37988281
19.41796875
3.47070312
8.29687500
14.61783688
3.47688719
5.44042720
7.48242686
8.63281250
3.66015625
7.30468750
21.11425532
14.86466554
4.43685062
16.42779541
4.16438719
5.60514406
14.21516844
8.69107159
6.46517841
12.55647828
2.98616578
14.68073856
0.04526795
1.90917969
9.08235594
7.97591063
19.33724124
15.88346188
18.65934328
4.61295656
11.02750236
19.85573362
9.84186168
16.22688719
21.17187500
10.47721188
11.10866458
1.10416750
7.82257536
9.62338652
12.56966312
0.51708984
8.84340537
12.35772164
30.75590424
10.82877438
6.88216312
1.18066406
5.98274158
1.99577404
11.01985594
7.56217531
12.37629876
2.46354499
2.87500000
6.15348141
3.88606937
3.74414062
9.25423094
6.75781250
9.48567376
5.46419437
10.30664312
13.84016844
3.02897218
12.52538564
3.74414561
11.37239251
3.51627936
3.54101562
10.86523438
6.60969969
1.79459718
8.91177970
1.64876717
1.21679688
16.24397703
11.41471188
0.32373296
10.57812500
10.89615470
12.47721188
9.28613530
14.96418440
16.05403812
15.24252216
0.76725343
23.69466063
12.30663564
17.35221188
3.59896498
2.86100343
9.51562500
2.08398438
17.75129876
13.36360594
2.37532967
17.00512633
0.16186586
1.73144531
9.80655758
51.58951906
5.10123781
11.19562722
6.78093528
2.49804688
16.39615470
8.57454842
3.14648438
9.31250000
2.23242188
6.66080563
1.88411624
14.36067376
4.69222296
0.62060422
18.78841312
7.00585439
15.87728280
5.77148438
3.39225343
11.58593750
0.63264891
8.11946033
9.38377660
12.21518838
2.82812500
12.46516844
11.95670656
11.04329344
17.04852295
7.59699690
2.62142841
9.38312722
19.45312500
10.16374778
1.74511719
12.37564938
3.47623781
3.79492188
16.24609375
4.78483156
27.59163079
13.33463874
6.62564938
4.39811281
2.56640625
4.68911348
3.28712433
18.68424313
10.75748781
2.91959718
8.28189938
6.75520501
2.19141123
2.81640625
10.40542332
2.03988918
7.61425532
3.29914783
18.52800310
11.22363032
3.68880374
8.16829344
0.44275058
5.66841644
15.80370346
4.58724623
15.38182846
3.51237810
10.64908688
3.64974124
0.77669188
27.58593750
6.85351562
3.85937500
7.08951906
6.56640625
8.98860594
2.46256593
21.50183105
8.04686503
4.41439716
31.31217531
12.07031250
3.29687500
9.94531250
0.53759766
0.91739244
0.87044935
12.45572252
0.73503186
4.64518312
7.60937500
19.29907227
0.53222656
5.36035156
0.40869141
7.55387328
7.77669312
3.68749502
4.92057624
4.01041002
5.05534685
4.60546875
4.34407469
4.42936281
2.07617188
1.38378906
12.80338376
3.19889406
27.02701906
1.65429688
19.03938221
1.41569592
7.73046875
10.29752438
0.91145999
3.60351562
9.01399657
5.58203125
6.02311281
5.73828125
0.37528317
8.16341312
4.16406250
8.15548620
0.19363489
4.03906250
12.53579566
15.77995124
11.26334220
3.19044215
13.23437500
6.15949690
6.63737810
12.34138958
3.63802249
4.92219969
2.39615968
9.35351064
1.15625498
11.35138520
0.64080230
6.28906250
5.08984375
17.55557677
4.65690187
5.47656250
3.55891844
1.34147218
9.67187500
13.99039672
5.95491578
5.70898438
3.65429688
9.90625000
2.40820312
10.89908688
3.44661624
13.29304930
1.63151125
3.13638908
2.09993905
2.79296875
6.64876219
10.85905031
2.02343750
5.24609375
2.52148438
5.32519282
10.34310062
7.89094969
9.21028812
14.03839111
1.98535156
13.73142455
2.71858765
4.22632614
1.70410904
9.58593750
0.24121094
1.11816406
3.44400876
8.58528812
6.30141069
13.31968306
4.21093750
17.22622784
10.22054950
2.88867188
4.62500000
1.14452627
24.88414214
6.74609375
9.54329344
2.25781250
18.93814190
2.62891622
3.82421875
7.69205563
3.62955812
2.99186281
7.53971188
4.58528812
10.13704344
6.08268063
2.03808843
18.81379876
12.21394026
3.99154809
9.92789672
8.40804078
15.52091056
4.22493905
6.37500000
1.75292969
4.35644531
2.36328125
8.28125000
2.66796875
1.55737686
1.85449219
0.99267578
7.23649047
0.09419801
0.72607422
5.53710938
8.55468750
2.00976562
5.38671875
3.09496510
0.51245678
11.16894282
10.43586658
3.85773660
5.76596963
1.80371094
6.59798094
4.74738254
13.31444607
7.57519282
10.58528812
2.09700687
7.90722656
2.18164062
5.26659907
2.55468999
3.93554688
2.05109597
19.09413168
3.81266235
3.97233156
8.54687500
18.34375000
5.50781250
4.18553192
12.50978058
12.12109375
13.07714844
16.42122313
6.06998781
10.18098626
3.97168218
2.44108156
6.47656250
4.27164672
6.51350953
4.55379211
0.15922059
5.55273438
4.33203125
13.72004876
12.72656250
4.88151374
6.63703347
4.56609153
3.10742188
8.62500000
16.39615470
2.24935311
6.33593750
7.06640625
2.58203125
6.39453125
2.53352782
4.44531250
4.36295656
6.42284907
1.01074468
10.85286126
3.00862921
4.59086059
3.96842531
6.27277815
5.74675310
7.14485594
4.41926751
4.78743905
5.11328125
20.73661792
9.78681958
5.05078125
4.32421875
15.25292969
6.73046875
13.23079344
5.58951906
0.80810547
1.40722656
15.27408688
0.65999515
3.51171875
12.85546875
5.25000000
1.70605469
4.28906250
12.17626330
12.84717420
3.12304688
8.02490234
9.24022191
4.37012965
0.15185547
3.25423094
5.85709220
6.91992686
5.64290282
1.65299562
9.54329344
0.24601320
26.58593750
3.20377438
3.95638187
0.89453125
9.18456782
10.47687722
3.26433621
0.89892578
7.89843750
7.34081533
4.20767565
4.31186059
3.07812002
4.98454233
0.51643922
16.14453125
0.68164062
2.02017066
9.21396020
5.93847656
12.30468750
19.74901596
1.39160904
5.45312500
13.09016844
2.78873781
9.00606489
8.89794922
6.31250000
2.24869626
2.61849124
1.18457031
5.45735594
4.49576906
4.32877438
2.38085938
9.58951906
17.51530031
4.40592406
6.65933954
1.87564938
11.48242686
4.42871094
0.42944336
2.33609985
6.07991578
8.11718750
14.60175536
8.19344117
13.12824690
6.31706560
11.87401596
7.12760749
12.72103280
0.52001953
11.35937500
6.81249003
16.05433126
6.71191406
15.25911126
1.69987311
10.38200526
4.00033466
0.59489015
9.79132536
6.83172151
8.25781250
7.51627438
4.09635251
4.04948249
8.67187500
5.84179688
6.89126441
5.00326684
3.33593750
17.27408688
7.09700687
2.39973626
6.57291999
6.04296875
11.16015625
3.72200189
4.64363709
5.13671875
1.02506344
1.38346437
6.11979250
7.28938719
28.11783937
1.35644531
1.98599097
5.26498559
8.89062500
0.11853027
0.60351562
1.77978516
6.86035156
5.50390625
9.96223626
8.01432624
13.07617188
6.77539062
7.11328125
3.01594969
11.59179688
20.22758484
3.26530031
10.04394531
7.65885251
5.12435062
11.38637412
2.07846963
4.24218750
3.09960938
11.40005098
4.86166777
9.05533688
5.12044437
7.16796875
5.28906250
11.67317376
4.39746343
14.90006593
8.62923094
2.52701906
6.76220703
2.15266844
6.30528072
6.32812500
1.24414062
2.66471188
3.23567874
10.01562500
4.03125000
6.36718750
18.60221188
8.63997562
11.12564938
0.03816898
3.48046875
9.97298094
7.08365968
5.91015625
4.15625000
7.89639074
0.62997645
14.67187500
14.51953125
5.06250000
6.98828125
5.88281250
13.21190160
5.92481715
2.97851562
11.39573669
3.89094969
3.22428468
1.37792969
2.38867188
8.01367188
3.96093750
12.13704344
5.23828125
0.50211672
1.16699219
3.99218750
3.77148438
6.73046875
3.56250000
4.27343750
0.40355587
3.92773438
4.48894358
3.83007812
15.31900876
3.75130374
12.05126829
4.46630984
11.03548094
1.01627687
1.45410156
7.59211658
0.85612561
2.58984375
6.59375000
4.23339844
4.35221188
2.30989749
11.07031250
3.18359375
7.32031250
3.40883034
8.17074081
6.86313386
8.12174811
16.57893174
5.31413342
16.78662234
13.25195312
4.01953125
10.71875000
7.17219969
19.29296875
12.95312500
16.13443595
8.74805186
1.98339844
6.60318595
10.48551640
18.41292110
21.50358156
18.69824468
14.44400876
4.11621343
6.60546875
8.78189938
12.93685062
11.41048094
11.28971188
4.18652593
12.68879876
13.46354499
3.08593750
2.94531250
9.54687500
10.17610594
1.94108156
14.79817376
0.69596686
5.91015625
6.58788564
24.29915780
2.49023438
3.40397218
10.71158688
3.50552970
3.11914561
10.87006716
8.27212877
2.26302748
9.90168440
2.70769060
2.17578125
16.13704344
5.31217531
5.88281250
5.11718750
3.70440382
9.84748892
10.57668134
9.55111092
8.93082890
14.65217642
15.34033577
4.26318484
10.31119626
6.46810062
10.66845703
0.28369141
1.78515625
12.07454344
3.25162843
5.94140625
16.12500000
14.28906250
12.47149967
7.67773936
13.09269289
5.26627438
3.49935062
10.17521055
0.13155215
11.58300532
8.39551030
2.91048094
12.53483156
12.70312500
8.94531250
3.24804688
22.34863032
15.92488773
2.68326906
8.79687500
3.13671875
17.72149658
21.06379876
5.96745124
13.67382563
2.95215093
15.63330078
3.32812500
5.72656250
12.29687500
19.09894504
8.10059840
8.44531250
8.16764406
12.37562987
8.71451906
7.30501219
1.56119875
1.88671377
15.06347905
22.04199468
8.78906250
6.03548094
2.73079344
2.22981937
20.60025876
5.88216312
5.90234375
1.34179688
7.29263409
10.82129654
4.35514406
1.68261719
7.34733156
6.05565160
4.07325465
10.19464318
9.50848182
3.79882812
10.70377438
11.91341312
0.66748047
1.82128906
1.97949219
8.15917969
1.87278778
0.52768339
2.77311281
5.23437500
6.60969969
3.51171875
8.91764406
7.21875000
14.32777040
3.84801085
12.67187500
3.02148438
10.90625000
1.01561752
22.04166999
14.39420656
6.74088874
15.82208334
16.42498448
16.37858156
2.93880374
6.84049313
7.02669437
7.74251219
9.44108156
2.58202627
4.24805186
4.38281250
1.97656250
7.02343750
11.75324690
4.86003435
2.06054688
9.83723626
0.51139655
8.54687500
4.60546875
6.14843750
11.58105469
8.63704344
12.80045656
6.97265625
0.84179688
8.40787345
0.78874030
13.39420656
14.88704344
8.53906250
2.18326906
8.17968750
1.90332031
4.08984375
11.47656250
3.26009032
5.69108156
15.06738032
2.41308843
1.72265625
11.63281250
4.71875000
4.28709442
9.89503449
20.73616453
3.48209718
9.32454344
13.78123049
16.76171875
2.42838376
1.12337406
4.10546875
5.26854721
6.07129654
8.52343750
3.86783688
6.43685062
2.73242188
7.38313719
13.55045656
2.17024657
12.59733156
2.73242188
6.82031250
6.79687500
3.50195312
5.33398438
3.04882812
11.41796875
6.42610594
4.92187500
14.84733156
8.05143063
0.80940921
8.23079344
7.82258533
1.18587904
9.73437500
31.35974693
3.88281250
5.61718750
13.90689938
9.22233156
6.19531250
0.95573000
8.03254876
1.47916999
7.00748532
4.44466312
7.52376219
22.70280031
5.69775391
18.54873449
3.29892176
14.77408688
4.46451906
2.23828125
10.34927970
3.68358877
4.83985372
21.10937500
7.05371094
14.46223626
7.37543052
5.66233322
3.62337157
2.92740968
5.61718750
8.00423094
10.31608156
15.19596188
8.03841312
12.10546875
16.70312500
0.75927734
5.69531250
1.97558594
9.89530270
4.26709109
10.04866578
1.79195951
2.63444592
3.17773438
7.54036126
7.71745124
7.16682735
13.22965702
11.34246651
2.82163120
4.33203125
6.00325687
8.01562500
5.31640625
3.24609375
14.74283688
4.53450687
2.81445312
10.18750000
26.83593750
12.02831782
1.53320562
10.54752438
7.08919437
7.62597407
1.24804937
8.32031250
17.19335938
10.65397757
4.85761911
6.39453125
10.46875000
9.04036126
6.01465093
12.30045656
9.88704344
1.82779782
11.66764406
5.32389406
11.10937500
1.58365968
5.96875000
2.83984375
1.37564689
5.24609375
3.27767342
1.22086298
0.27523077
2.11523438
3.49202391
4.75748781
5.76953125
4.83984375
8.82812500
14.95312500
3.70263672
14.42968750
10.99121094
10.45767066
4.44499778
9.67610594
8.67122562
13.63750782
9.35092309
3.27669437
8.98079344
1.69498781
24.00976064
4.52962655
11.27115968
8.72298094
1.02994875
1.87695312
5.83984375
1.61181516
0.09472781
4.01562500
5.77082004
3.01042996
7.25976562
10.84081782
25.09310062
18.37500000
8.80729250
10.19726064
10.29915780
4.11295656
15.34081782
7.43456782
11.54134530
0.21573976
10.04687500
20.55077128
13.90430684
1.87988281
7.51204344
5.34342531
5.47656250
34.54979706
7.92187500
0.32568359
4.58626219
3.47428468
9.07812500
6.44140625
25.91609617
29.03548094
5.67513187
34.05631095
17.79134032
1.88477061
11.17317376
2.85416999
1.13867188
10.26562500
15.58495346
3.20410904
1.11816406
13.14485594
3.96647218
3.04101562
7.49609375
11.51562500
10.09798094
7.75358156
3.34375000
1.80761719
2.62109375
11.53906250
23.10705185
9.91639035
0.94563968
6.73469969
1.86295656
19.79849845
11.63411126
10.14942154
17.77945922
8.39729610
2.18261968
4.73437500
7.86783688
9.22460938
5.42903812
19.93489251
1.03971686
0.04291725
5.76171875
0.65771484
9.44531250
4.76854223
6.74903590
6.91406250
8.47298094
8.61001441
4.34986598
8.72721188
8.20247562
18.59064052
7.79217198
11.98079344
2.68522218
3.96484375
14.42317376
1.40202155
17.69954344
6.61783937
2.72265625
18.10579344
2.48014406
16.45198485
4.46451906
10.38085938
16.54650879
12.10839096
2.13965591
13.42024158
1.87468029
18.37401596
5.79395279
8.57031250
21.09798094
3.37337157
11.04264406
10.09733156
3.56250000
11.33365470
16.40266844
3.90072030
10.08593750
3.37272218
3.91601562
0.00573349
22.44596188
2.98763187
5.94140625
23.50423094
6.15397218
14.79718972
5.61296653
5.00732422
13.13281250
2.86523438
16.08202627
2.91602061
16.13834220
18.91048592
12.51269282
2.95019780
21.96581782
5.28776125
3.05208499
23.36294659
12.75879654
8.73714359
1.46386719
7.13281250
5.17187500
5.63671875
6.13281250
1.88802000
6.54133533
11.16634530
13.41341312
4.61425532
1.47135749
13.20475094
9.96028812
2.76757812
13.32031250
9.50423094
2.57194093
10.55859375
2.70117188
17.31867908
6.00163342
3.92447751
15.90983156
10.37858156
5.50211547
0.04048707
4.71093750
8.61360594
7.51139406
0.00497818
8.25423094
17.66341063
3.15364749
2.92187500
16.41372784
8.70345966
6.44531250
10.74218750
9.08072252
13.23177748
0.29052734
17.98925532
13.23567376
4.73210217
10.21875000
2.14160156
6.48828125
8.61629211
0.51009094
0.08113648
15.66406250
7.74316406
2.55859375
3.32421875
17.10579344
9.12500000
1.02343750
8.76139406
13.41048094
25.37348406
1.02462875
2.97460938
11.87043440
12.96192154
9.75552970
1.71680186
4.74609375
10.86718750
0.07037354
1.86848875
4.03678468
3.59212157
6.72265625
4.68326906
1.21484375
4.48469969
7.37027704
10.35986702
16.86555408
2.49382092
7.04524158
7.13444592
25.12898254
2.75488032
14.21386968
1.42968750
10.83495346
1.46875498
12.27522828
0.46354374
10.33593750
4.49251219
2.46256593
7.79943817
0.12121613
12.16536126
0.44889655
1.25129378
5.44206560
5.03027344
3.65429688
3.15820312
3.92187500
10.94432846
5.60840591
5.14094969
12.89062500
2.20865968
16.92219969
1.56803468
14.85351562
10.59016844
3.06022218
7.92024657
5.29264406
3.82226562
8.51562500
2.30078125
15.78222407
5.24511968
1.99218750
8.99641844
5.92707004
2.05144558
1.02018312
0.80664062
6.23529053
9.88281250
5.93249512
15.56054688
2.48437500
9.13102172
5.56813553
4.74542283
3.24804688
2.64843750
4.96093750
11.33593750
0.01467133
1.28320312
9.90625000
4.84765625
24.40087891
1.66503906
7.83203125
1.08984375
1.12890625
8.34375000
10.01692376
1.08073249
0.72998047
9.14127438
6.49153812
0.58609486
7.95532512
5.54687500
5.81673094
1.79752687
14.98046875
4.05859375
1.88899407
12.55468750
1.72916999
6.15330785
7.21778590
1.45019531
4.17968750
0.66568844
6.22623781
1.00065187
3.91796875
2.87694814
7.77995124
1.91308594
1.35091312
1.80175781
0.03134155
1.83886719
2.35937500
5.26562500
5.97721188
13.78100399
0.27645210
3.10318595
4.04166999
4.15201906
16.27734375
7.12923094
20.11302714
4.23047872
5.33593750
5.07780031
1.85025876
9.12076906
0.89274172
0.23882932
0.43066531
1.75000000
2.67578125
1.51562500
6.53189938
12.59131843
0.11701657
2.33430907
1.25065187
11.29687500
4.80859375
10.95279034
9.79720966
7.12695312
8.72656250
10.78906250
4.95703125
4.01562500
9.47656250
9.74348626
3.08040282
17.11947030
0.83740234
6.10188719
14.49641844
9.32096188
8.92838874
2.60400391
7.03157469
9.49576906
0.75000000
4.30956782
5.94791750
5.67936281
4.36295656
7.15266844
0.19132570
5.05664062
4.03906250
10.76985594
5.84928468
6.19628668
15.40625000
0.31738281
11.05695036
2.03094026
0.45632362
1.61555907
0.44401125
3.48860594
6.46484375
1.98014406
2.39094969
6.13671875
1.95670656
0.37605711
7.76659907
8.29199468
2.59342531
12.96370360
1.32178835
1.86979001
11.15560062
3.81054688
11.23437500
7.68033688
13.65950687
25.51196289
17.97750326
13.71321532
3.78125000
6.19466312
1.49348875
3.74416139
0.32332398
0.74820797
13.80891844
9.49316655
1.90494626
7.76623821
4.60872562
10.46190160
3.87794215
4.79752438
4.40169437
7.96875000
2.19059079
11.34578617
1.13541501
8.59024814
12.65006593
3.54947751
6.59310062
2.06944056
5.41505651
2.34765625
19.18391844
9.05598875
1.79589844
3.64388187
5.05078125
5.00390625
2.40039062
4.78906250
1.26562500
1.31272213
7.77278812
8.72069814
1.95703623
8.24218750
1.76953125
9.59375000
6.10150100
4.17974900
5.09016844
0.15726808
9.65233378
10.57471223
7.71875000
1.14648438
14.12174438
1.65185422
8.13639406
2.07649657
5.07402403
8.03906250
9.33593750
0.60400391
1.31152344
31.77538564
1.16504405
5.04931641
6.21093750
0.96435547
9.67968750
3.32844969
5.99609375
4.32031250
1.89257812
1.99772218
0.42000242
0.70914797
2.09570312
3.75000000
2.56640625
16.45312500
9.72721188
6.16080563
9.99283688
6.85742686
15.85644282
6.41731937
9.81608156
15.96093750
6.16406250
5.20735594
1.34537843
6.34375000
4.54537979
4.04004654
7.89485594
30.45475343
8.03125000
2.66552734
7.68163564
3.38672373
8.74543440
4.37565935
3.54166501
3.65950687
16.30383301
18.84106445
13.77343750
2.49666258
4.75748781
3.97265625
0.53242669
3.31085910
3.53647495
7.43131095
9.81673094
5.29883311
4.50390625
19.17643063
0.91536624
12.72882682
0.62239999
8.29980850
1.95189939
2.95622451
2.97070312
3.36067874
7.40429189
4.28711436
12.60156250
0.03427124
2.39233398
7.93310173
4.06638631
1.93410571
1.65380859
9.93391844
2.98405031
1.76562500
3.41210938
7.83963013
3.72851562
7.62890625
3.01464844
12.72656250
0.94910872
6.81315935
2.26562500
4.89777815
9.27019060
2.71679688
4.26171875
2.37304688
0.56884766
4.93651596
4.17285904
5.12564938
3.77908118
3.94205563
4.28450687
2.96548815
2.14974623
3.36523438
6.91796875
6.04719969
8.89420656
4.56250000
6.54329344
0.29467773
4.06998781
7.58984375
3.22655253
4.67579122
3.06640625
3.11002438
16.66135693
10.78841312
7.26953125
14.34765625
3.95019282
6.70215093
2.95312500
16.08430408
5.75553967
3.80468750
10.60286126
6.65625000
6.44075687
4.24153812
0.79736328
20.39648438
4.64843750
6.26171875
8.66406250
2.24625485
6.15560062
8.24414062
6.40234375
4.83984375
7.97265625
11.27799313
3.07226064
7.98275404
5.67968750
6.21484375
7.83789062
2.71679688
13.08217709
1.06542969
5.55794437
0.73828125
0.87841797
11.48533910
6.59278590
2.61755371
23.65950189
7.95963874
8.23681641
10.62310791
11.61848626
3.83105718
17.25358156
0.96484126
6.78027593
2.60937500
11.18814938
2.44433594
7.42155031
6.34733156
9.30533688
7.48431976
6.82031250
9.81738281
3.66406250
2.32486813
6.01888187
4.78906250
4.14094969
4.62858156
8.47656250
4.46223626
2.23112311
2.99316406
3.64876219
5.78873781
0.96289062
1.67968750
3.49869127
4.43099623
11.66406250
1.62011719
5.77539062
15.25390625
7.80468750
6.13671875
0.41552734
0.44879150
0.78173828
3.39908688
2.39583499
5.94465315
8.10677748
9.99608378
2.02670434
8.16762412
10.62925088
0.67626953
1.10774657
5.89225343
1.43261719
8.24047852
3.70182126
5.05468750
3.08137689
3.47981937
4.85446587
6.55859375
6.25390625
6.47656250
1.77636719
3.72818595
1.37337655
3.78905752
6.56738780
2.49283688
3.85872562
4.70312500
3.54134032
1.22819093
13.76204344
14.41406250
22.41373781
3.39257812
7.32812500
6.62141844
13.21939938
2.45215093
16.48632812
3.77343750
7.40625000
1.36035156
0.82568359
0.03686523
2.50219727
2.72216797
8.27539062
2.77734375
6.71907469
3.73990968
8.23534907
4.50683843
3.97265625
1.34724104
1.72526872
7.75000000
15.92252438
15.80045656
4.27311281
7.57031250
6.51985594
16.82812500
5.10123781
2.94270003
1.65886247
2.07714844
4.04296875
8.62141844
2.57519282
4.02604499
7.55663564
6.89502452
15.28125000
3.96679688
2.18164062
8.59667969
5.47265625
12.95971680
8.39160156
8.57031250
3.84699690
8.69206560
2.86751219
2.10514406
5.60546875
6.71875000
10.11230469
5.10546875
2.89062500
0.95947266
5.91015625
4.01562500
7.87141844
6.21744875
10.56917110
0.67122437
5.76497562
5.27083001
5.47135749
2.79132536
1.79265901
6.28417969
6.59765625
1.81933594
3.71679688
2.33398438
6.16015625
0.04412842
2.51594471
4.37663342
6.26399158
7.64714123
3.71875000
2.16406250
34.60610816
5.57748559
2.69140625
0.41857910
18.08538818
21.16796875
5.26171875
31.85610816
10.98764184
4.73437500
11.10156250
0.01708984
19.19855940
8.62175310
18.05110594
10.39843750
2.21947744
3.84993905
8.93750000
6.47591312
22.98925532
12.53483156
4.99153812
15.87768555
4.60546875
9.85937500
4.27961658
3.90788342
13.86197252
3.29037123
9.42187500
9.76204344
2.21647218
10.82063470
8.11881843
20.67317376
5.72591312
4.94075687
8.76204344
19.18750000
7.46092753
2.69695090
4.27309786
1.15073027
5.43554688
4.93750000
12.20735594
7.33593750
10.75358156
9.25423094
7.46061281
3.41015625
1.92578125
13.55012190
5.66895279
2.58561281
12.26627189
6.95540780
14.77050781
10.86523438
7.78125000
2.41796875
1.82747313
1.01920656
10.67837877
5.73568373
20.89192376
2.55534186
10.78971188
14.01367188
3.66959718
5.27788166
14.52912893
7.03875027
4.18814938
5.94466312
2.85156250
7.34146720
2.78353280
4.59375000
17.18716534
5.50424091
4.52343750
14.31314938
1.09017093
5.83430408
8.29842538
3.89225343
5.20280031
9.16014628
2.18165059
18.87837645
2.84342531
9.89843750
9.98079344
4.94498781
6.31673094
13.88755373
3.61328125
1.37402344
12.56997784
0.93653091
8.47549438
9.42316379
5.86134308
0.42822266
20.00524139
3.72037594
8.04264406
13.94108156
6.19954344
18.17895259
9.45247562
21.48502438
7.09866333
4.65364251
8.19271498
12.36697329
7.26399158
3.80534685
1.33886719
27.28173828
34.32519282
15.59277593
7.62890376
2.96679937
22.39160156
23.87174313
12.99576906
2.82844969
5.35677249
6.68390847
5.46062278
3.79524657
5.95164894
8.75505762
17.79784907
4.16048094
7.89778812
17.48437500
6.18294437
8.37500000
9.03971188
13.98954347
4.41373781
6.66829344
7.10514406
13.31379876
4.20963874
9.51989497
2.92676030
17.89453125
11.84375000
2.67578125
3.78189938
8.92903812
4.79296875
8.83623769
8.07502482
3.33007812
21.19156735
2.93685062
12.89094720
2.71354499
13.00603955
5.28450687
3.90234375
4.34407469
35.19108156
10.86621094
10.52766844
5.82812500
2.07584718
9.31738032
3.79980718
7.93391844
9.12141844
14.06917110
13.57145390
1.94596188
2.13541999
11.10156250
6.89745346
2.40723404
5.98338598
4.56934840
10.19173094
12.96939938
3.13379155
0.35180664
2.34863281
19.11230183
9.22703458
1.05616854
1.70182126
9.49456787
3.41731937
0.85937500
6.58072252
1.08626967
6.79016113
2.92773438
1.72558594
7.10937500
13.90722656
2.38281250
7.16372784
10.23763935
2.61718750
5.69914389
7.81250000
13.34863032
6.00683843
4.10937500
17.69301973
3.27182402
11.44091797
4.93164062
10.40460910
14.86394060
5.27930186
5.03906250
0.67236328
9.03970191
6.53842309
5.30859375
2.38521239
5.70312500
3.59537843
3.80263710
8.98437500
0.57470703
10.31921739
6.36068373
1.52441406
5.04377549
1.51677138
14.24706782
14.48535405
19.15869141
3.16992188
7.85156250
3.39453125
10.80859375
2.23828125
7.03125000
12.48079344
4.08772828
0.43074586
23.01863480
7.62304688
21.62304688
3.96516844
6.10905031
2.01757812
8.90689938
0.48616703
6.12955563
3.56770999
14.21516844
4.84959941
9.64031028
3.71875000
3.17678261
8.69596188
4.13345690
4.01237810
6.30110594
13.16731688
11.97298094
5.39778812
16.31119875
4.52929688
1.20507812
6.84195922
0.12849976
10.97298094
8.84643617
0.12064637
2.95800781
13.42329407
5.14192376
17.70865470
10.23535904
1.71158688
17.47200687
7.38503214
7.88834718
8.01562500
12.40970856
2.53381317
3.36507203
0.47338618
11.92968999
3.28515625
2.29492188
11.63281250
10.47298094
3.57389406
21.11376330
0.44190076
7.63749114
7.93086824
5.05078125
1.01074219
22.64583001
11.62898078
9.08593750
3.34960938
26.25781250
4.20312500
2.66796875
12.69531250
6.53189938
17.08170656
27.30566157
3.21842033
3.34864029
1.88769531
10.80664062
5.10676751
1.62174811
13.26513672
12.26256987
5.81217531
5.97265625
13.60973934
0.26245304
6.60676751
4.19222296
0.77718140
10.13085938
3.60351562
8.29329344
15.61359743
22.22851064
8.70898936
5.39062500
2.18391844
6.43781472
5.18393090
6.24251219
2.91373781
13.34798094
10.89876219
3.97200687
14.11132314
8.01074468
5.77246343
4.99218750
13.01953125
6.48046875
14.94173094
1.38346437
8.95214096
17.63574468
4.11133311
9.01953125
6.82856648
3.53255374
13.10937500
5.51757812
4.70703125
10.31673094
4.43391844
5.22200687
1.08300781
15.76953125
4.70377438
11.39828668
11.40837045
10.43929078
6.96939938
6.74967531
5.19108156
0.96777344
1.13281250
1.08593750
4.74641844
2.43522218
19.60545878
17.57422872
5.17187500
5.78125000
11.61914062
8.92968750
7.71484375
2.38476562
9.33788564
5.00195811
3.81054688
17.03742908
22.58105718
11.03449690
4.30795434
2.09375000
2.29719969
0.03971437
6.04589844
3.88476562
6.79687500
4.71060284
2.23731216
4.85905031
7.53483156
3.73632812
2.68245235
2.59879765
2.42773438
7.35791016
11.53319316
16.59473404
2.25845939
5.56803967
6.92350343
8.53677970
2.72493905
9.16274380
1.42905307
35.25781250
9.03710938
3.74804688
5.37890625
9.51562500
0.87971673
10.13737311
7.72851562
4.64453125
7.32812500
12.32454095
12.44466312
5.54622562
13.96093750
3.15039062
3.73632812
9.12563941
2.90951684
2.80078125
7.23144531
7.60644282
3.33301030
8.55468750
2.33984375
10.70930408
1.74382092
19.15884752
11.98177748
11.15461658
14.20702128
12.55242464
3.11914062
3.69334442
2.63510527
3.11295656
10.45312500
2.69920878
1.98047872
10.82812500
8.66992188
5.39876219
2.90983156
3.13085938
7.48437500
2.85937500
6.22298094
16.83482704
13.74218750
5.98437500
3.13281250
6.62109375
3.11914062
5.92968750
10.24218750
17.08884974
15.45182624
11.66244902
0.00986481
1.67871094
12.70312500
7.29296875
12.03569456
1.99576906
8.63704344
2.83658937
3.97265625
8.95312500
2.17773438
8.37206782
0.57503421
7.51139406
2.97525876
14.58821781
9.94985816
2.32748559
3.28515625
20.33254976
1.69076185
1.97363281
14.07060730
2.54042374
2.70998337
13.37694814
7.04590093
20.74674064
2.60319592
5.15234375
1.61198000
6.89876219
20.29020265
12.34120604
3.42023660
4.88640403
2.67350343
18.23986816
2.95117188
11.14062500
2.38360596
1.96972656
16.61783688
6.98828125
1.01009281
3.22070312
16.22265625
13.14436392
29.44157358
9.24218750
5.76953125
3.55664062
2.61523438
14.89648438
11.41821289
17.67187500
7.83398438
2.74804688
4.55924313
14.59375000
3.38606937
7.48469969
0.88346437
0.47062133
0.04799439
5.77048538
15.58172650
6.03450687
5.47867797
0.39388062
20.35937500
15.05191642
8.04557624
11.89420656
8.93101018
5.15137965
15.85937500
4.53238517
4.59895501
18.59711441
6.63801751
6.01171875
8.56901374
6.20117188
32.27343750
8.14664672
2.86751344
11.61783688
9.70670656
2.04459718
5.82323471
11.20606216
2.42578125
14.35156250
2.20770470
3.09441932
0.08581543
0.68717282
7.03254876
7.15946601
10.60937500
8.28189938
10.69889406
2.01887689
5.50618905
5.59426880
10.66210938
4.00715315
3.11598220
7.05729499
7.89388187
5.59765625
3.76757812
8.39843750
12.93846410
11.35059840
3.12695312
3.43750000
14.83984375
11.02408688
2.25716312
14.91048094
1.39843501
6.36621343
0.94303468
2.00781250
11.03091534
15.49395834
19.76418882
2.02635971
1.38965591
27.19173094
4.68033937
0.33740234
3.64973626
7.59635749
3.18489251
3.40104499
12.95725940
11.59439938
12.66927748
4.72526125
5.64453125
2.56604004
6.31640625
11.05891844
4.57735261
0.19429535
3.49055907
10.33170656
14.64127438
0.54085453
3.16992188
10.14062500
0.08636475
9.11197751
6.79557126
4.49511968
4.18521720
2.55534186
2.82584718
1.64420407
3.48486577
35.04882812
2.64648438
2.26660156
3.49983392
3.49349124
7.48437500
1.29329593
6.56860352
9.55761719
8.21093750
4.73893063
6.65560062
1.52343750
2.32421875
12.00423094
3.61686281
6.16048094
5.26985594
4.32773311
9.87141844
4.36686281
1.73291016
6.88281250
3.11914062
0.27758789
16.17219969
14.86523438
3.64811281
16.82096188
1.02571781
10.55891844
4.89030031
3.86328125
3.17285156
0.11271055
7.56307070
20.65689938
1.59212406
0.69775391
9.66894282
13.16308843
7.23437500
18.22818595
4.97449135
0.09175629
4.05273438
17.96875000
12.56673094
6.09081782
2.47135749
16.51562500
6.89908688
3.75325687
9.39485594
0.54996828
16.84504876
17.20996343
9.97233156
0.34375000
10.67187500
5.58430159
4.62956560
6.75000000
1.75423094
7.16145501
11.35904034
13.19988308
3.19531250
8.08593750
5.63671875
0.32425778
2.29036624
6.15234375
16.05957031
12.61661618
3.93685062
11.47811890
0.97900141
7.21939938
9.52392952
2.56038453
1.93735886
6.96402829
3.44856937
4.91406250
3.55533688
4.86067874
8.16471188
0.62266193
1.31565353
1.74121094
7.29101313
5.45280031
0.87728031
6.40625000
13.82259032
15.76658910
1.19402371
13.95239196
0.28442445
11.00423094
5.14583001
0.96224374
10.86718750
4.36621094
4.07031250
2.76757812
2.29296875
10.38509032
0.24186281
16.40510985
7.23469969
3.51106937
8.99641844
5.16015625
6.58821532
7.57356937
1.71582031
4.62500000
6.26171875
5.86425532
1.91113530
18.31091309
4.62500000
14.12500000
5.24804189
0.21143077
8.47949219
1.27083250
4.92545656
12.29329344
1.70768312
11.99039672
1.98030640
12.01806641
10.59504876
3.20963874
3.50781250
15.77587891
3.93001219
7.86295656
0.34838867
1.15795898
7.76562500
4.96875000
7.70312500
12.94954344
5.67610594
2.56966312
2.02539062
6.20702128
10.05860372
3.30305907
2.39030031
9.03125000
6.87500000
9.75812722
1.35320090
12.34960938
16.11002438
4.26497562
6.28189938
8.96451906
11.81518617
0.19315613
1.86783688
3.01302249
15.24218750
3.38085938
10.20735594
9.55411867
13.03906250
7.21484375
8.05468750
15.47656250
7.73111813
3.63216312
1.05273438
5.96386719
4.91406250
5.38346188
4.46810062
1.13378906
6.33626219
6.94954344
10.50716312
4.36132314
5.70931405
2.71158937
13.04492188
0.48120117
1.72949219
9.56900876
3.40169437
6.44531250
2.31640625
1.10058594
1.75942847
0.67221215
12.39843750
4.99609375
2.24837157
2.25358156
8.90917969
2.99804688
8.06250000
21.78971188
15.46581782
3.03939217
5.23046875
7.15625000
1.30175781
15.57519282
6.31445562
4.58984375
6.96093750
3.24023438
3.00000000
10.35058594
8.40625000
4.76562500
25.32812500
15.72688594
0.38821110
8.42187500
4.64843750
11.13281250
1.15128415
5.14453125
1.71321781
1.61132812
7.60156250
13.90819814
7.95540780
6.77670840
11.68554688
9.61425532
15.57519780
3.78906250
1.62158203
5.74381344
4.24087877
2.54362810
1.18066406
14.24574912
4.04721963
5.86197751
8.92903812
18.38281001
2.75097905
12.85156250
6.09375000
11.33203125
4.59375000
4.65234375
0.64160156
4.32421875
10.77245346
2.66504654
1.62304688
4.35351562
5.12890625
13.60156250
7.73624508
15.98339096
7.19987810
7.11718750
7.44498781
11.81802970
3.24251717
8.60156250
8.56314938
1.03841312
2.70117188
17.97265625
1.40820312
2.28125000
19.35579344
1.49772218
8.68163564
5.50977061
6.36360594
8.45312500
6.30045656
17.35221188
3.93294437
17.95312500
2.88085938
10.32031250
1.83203125
17.23632812
8.68750000
3.21875000
9.69531250
3.99609375
2.03125000
4.52376219
6.67448000
1.94726562
11.23079344
6.21093750
4.50358156
7.30468750
0.84472656
10.07161126
6.58886968
1.72687722
5.67514184
9.01985594
8.99576906
9.87564938
3.24967033
9.40949690
12.08823027
9.48079344
12.59276596
1.83659685
6.72298094
3.53156472
8.80014184
2.13476562
2.15625000
5.28125000
10.68456782
17.33886968
2.98046875
10.66471188
3.86263187
21.73697252
17.26758311
12.04622562
8.10286126
2.48893561
7.86002438
5.78841312
4.14680408
3.40007092
11.13574219
6.34375000
9.82031250
7.80468750
2.65104001
3.37044437
14.31250000
9.42805408
7.83722629
3.07098182
8.65266844
7.51073471
6.25131122
4.84765625
7.63704344
10.44108156
4.31640625
10.45029831
2.41406250
8.49641844
11.45312500
1.22623781
21.05926514
3.29687500
4.82421875
2.43164062
7.84285461
0.09495057
19.22394504
14.09685574
5.67968750
5.99641844
14.85156250
1.31119875
13.07649158
3.99382092
1.57519531
6.03449690
4.62175310
7.62109375
13.90461658
6.80632092
1.97363281
6.20605469
11.60937500
1.14257812
8.04329344
9.47473385
14.21257092
2.90039062
8.14485594
3.67740968
4.60579344
0.76725343
20.65313721
5.06250000
9.91316711
0.10233582
1.87988281
10.13476064
9.14908688
3.84505873
2.91601562
6.40266844
12.35480940
7.09408466
0.09490967
11.58203125
20.21614251
1.78971686
13.92968750
2.21289062
15.66894282
10.50259752
2.38314716
5.67187500
5.42578125
0.02664185
3.39453125
11.16406250
4.66926253
9.11560837
1.09134980
8.21875000
2.51757812
2.95735594
2.63834718
13.97851562
11.83625222
3.01921653
3.57877438
15.54817376
10.91894282
3.65332779
9.47493407
5.31998781
7.01171875
14.55891844
2.16764406
1.27246094
8.13182846
3.37598404
2.78320312
13.60644282
1.28613530
9.41897011
13.50064938
13.89485594
1.88965093
4.50032469
3.55598626
15.92691268
8.05616356
11.47656250
11.44889406
3.84016844
1.07682375
10.78613032
10.38247784
3.80014184
10.16406250
4.67120568
21.85288120
16.91341312
10.01074219
3.15234375
6.16210938
3.82063719
12.81608156
7.09375000
21.84863032
12.11490470
3.68880873
9.68814938
0.19979007
7.75976562
3.18782469
9.31184937
0.52297512
11.90983156
8.79622562
9.02766844
11.32812500
3.21516346
4.11491467
14.78483156
7.25390625
4.33203125
12.30988254
5.04069592
10.73177748
13.90201906
12.12923094
1.03873781
7.51659907
6.29980718
20.04232025
13.57877438
9.90983156
8.59927970
4.22103280
14.67218972
0.78256371
7.24283688
0.42830009
10.65763741
5.22070312
18.59741211
3.53710938
16.94596188
8.90560062
22.49291992
19.89453125
25.15234375
12.12500000
14.90819814
11.47427970
16.77735247
11.89062375
12.70833499
10.48144531
1.67480469
11.20735594
4.12923094
3.26106937
12.06997784
6.38314716
2.13671875
6.44807610
9.01855718
13.58170656
9.43277704
2.68473515
9.93424562
1.63281250
7.60969969
0.13737062
11.00162345
4.08822030
15.18521720
2.42025155
3.94140625
4.19173094
0.61930422
14.96841534
1.91830341
1.74121094
10.71548316
7.77603502
2.09051307
3.90234375
1.58491692
13.23144780
7.20312500
3.54899172
3.26953125
4.79687500
5.38330078
12.11801147
7.40625000
8.04101064
8.25651374
2.03157469
15.04321964
1.76823000
12.64387190
16.63379654
11.41421861
12.93669326
14.30727380
6.30665558
6.36621343
2.28287843
4.55078125
11.97998047
1.77343750
4.09375000
7.65689938
2.96224124
1.81054688
9.94531250
5.01204344
6.21061281
6.24251219
3.91569093
4.14843750
12.51204344
15.07796141
2.73372562
4.45084220
2.45345467
8.12500000
0.95947266
1.98046875
12.21581782
1.83105718
3.58805172
2.50130374
6.52408688
1.79655031
9.15201906
5.51383422
3.58902704
2.96386968
11.54329344
4.01497562
5.61946033
5.84538342
4.59765625
6.98828125
11.75520413
7.65169437
13.36425532
10.55761968
4.33203125
7.12174313
12.00716312
9.04687500
8.34016844
14.49755859
6.09342531
5.99706782
0.53955327
2.27734375
10.62988032
13.42480718
2.49283688
9.60872562
11.46158688
4.45638187
6.64876219
8.77343750
1.02018312
0.53027344
4.42578125
16.02766844
0.99983392
0.72005624
4.17219969
1.47753657
6.14355718
9.31429078
0.10555055
1.25109863
2.75000000
8.03906250
10.81673094
12.77779144
1.12618074
13.14105225
4.87890625
7.81152344
16.01953125
8.92415282
10.77665285
2.75390625
11.22298094
11.70800781
2.86507203
5.97835328
4.44140625
0.92822266
0.81445312
10.72070312
3.40000916
3.82031250
6.69986813
7.31608156
1.37467531
2.79101562
9.85937500
2.60571289
10.12108378
4.38282247
6.51953125
1.76082336
0.34028901
7.39453125
15.36730957
8.21939938
5.83170656
7.80997804
4.03743407
8.18750000
3.20865968
10.25423094
12.32812500
10.02701906
4.47330563
8.37076906
14.82682375
16.86425532
15.65918218
3.41601562
7.57031250
13.07161126
1.94726313
2.95671154
10.34375000
8.58007314
5.11523936
3.50781250
4.70377438
0.09411621
4.50748781
18.75000000
7.69140625
0.32202148
5.64420656
7.61328125
9.98925532
2.70019780
7.14159907
7.10750554
0.41540216
3.94401374
9.01757812
2.19954344
5.29642731
0.68518160
5.07031250
4.01562500
10.71093750
3.62695312
1.92561641
0.06754765
1.50195312
6.11848626
1.90495124
1.48632812
2.69059079
13.83374023
2.11523438
5.87044437
8.06282469
7.04329344
0.84895999
12.81154295
7.22623781
0.90372306
0.94173592
3.49414062
6.71223875
10.35612062
2.15820312
10.23347961
0.92374695
11.89127438
5.81966312
19.77954102
10.59863032
14.65954839
5.02264404
0.51708984
7.06852172
1.55452266
7.53620900
0.91008255
8.66048094
2.59733156
7.30468750
0.05895996
0.76660156
7.12156583
8.35532136
4.65592531
4.93782469
4.14811281
4.52376219
3.64615968
12.40625000
7.65266844
0.65446047
8.78906250
10.56250000
5.75390625
8.67187500
11.88035240
0.49269447
9.60449219
1.17122313
6.43717531
5.78906250
7.12500000
6.10058594
2.52539062
2.02539062
11.29101064
0.64453623
1.99055907
6.41764406
0.36304437
0.36360968
11.68750000
6.50976562
3.58398438
19.09375000
8.99641844
8.38395265
5.58593750
3.13867188
2.04296875
7.06673094
1.09537843
4.16015625
7.58593750
13.33593750
4.76367188
5.65657469
10.39420656
0.77294922
3.16666501
6.42903812
1.96575881
8.86757369
5.67610594
13.29622562
9.29687500
2.69368407
0.50699704
0.54166750
1.46810062
0.23034668
13.76204344
4.06998781
10.70735594
6.56608156
2.89453125
6.05110594
0.08390383
11.85448471
3.29004654
17.67561766
7.36034907
5.37191046
6.27197141
1.86035156
10.75716312
4.57519282
13.82747562
14.70572252
7.29004654
0.49031492
5.90201906
5.10676751
3.90495124
4.14062500
11.04329344
11.32779034
5.15658466
1.91959718
10.66406250
4.75097407
0.33545171
1.72167969
6.10937500
1.86376953
4.68750000
11.44139628
7.87533466
18.98502687
3.26953125
7.58626219
26.89908688
9.08235594
2.36784186
6.71875000
6.57649158
14.81542720
2.37175310
9.14062500
0.23876953
2.71679688
5.54361813
8.97412234
0.97737672
4.58593750
5.14223350
6.39910682
6.73405031
0.73469969
14.42968750
0.11356691
6.73144531
12.08430408
2.66016123
1.89225343
7.70507812
1.91796875
3.56640625
5.11230469
1.03482907
11.83528812
3.99869626
3.56185062
2.98469969
9.12500000
5.32974845
7.08862803
3.69140625
9.91699219
3.41601562
8.08626219
9.22656250
0.46989015
0.30152644
11.61230718
8.66992188
9.96875000
0.29956055
6.48079344
17.11295656
11.89257812
13.56250000
1.18863517
5.67984486
2.38884419
1.69238281
5.96548316
6.22112145
0.78849305
13.19920878
6.14502950
0.91455078
9.87500000
0.46516906
0.09202088
13.13346188
9.93001468
5.72688719
6.07681627
2.46192154
6.96093750
12.29785156
4.58984375
1.80761719
9.49218750
9.50519504
5.41681017
0.60826822
3.57617188
1.42822266
5.48046875
8.55891844
10.02408688
0.56331546
15.30435284
4.14454122
2.49804688
6.76953125
6.54719969
23.28092531
1.17871094
11.23437500
7.62368130
2.73959995
5.50781250
2.69759032
11.32389406
2.13085938
18.84146720
6.83529061
6.44531250
2.28710938
11.91406250
0.09991881
11.89420656
3.85253657
6.33496343
11.95507812
7.35742188
6.11328125
2.91992188
4.55501219
0.04471926
2.97357178
15.17187500
3.53710938
4.75854492
10.01204344
14.80891844
6.41536624
1.85156250
13.56673094
13.57031250
1.15494875
6.73437500
16.04296875
2.83984375
12.36783688
17.54344852
5.04817376
1.01627936
4.26301751
1.14420905
14.83202128
6.67969747
2.14453125
5.09960938
3.70312500
14.98339844
4.40234375
2.25585938
6.89093972
1.65463153
7.70247562
1.84277344
2.31510251
12.32031250
1.94466312
7.04817376
4.16276374
11.03125000
7.43359375
24.05468750
1.30078125
3.54524657
12.48079344
0.64534671
3.15820312
8.63704344
5.54849845
11.16556139
9.00326684
1.70898438
6.19921875
0.03646851
11.90234375
6.76171875
1.31152344
2.30664062
2.79492188
3.60416501
8.58951906
6.93326906
15.81372070
2.91406250
17.61783688
4.98958001
1.48739084
0.37345398
11.18065160
4.08106715
4.48828125
13.24641844
3.55631593
4.83691157
0.65234624
13.29296875
6.19921875
5.66048094
4.33561281
0.36206055
0.55810547
7.72167969
3.33984375
9.27766844
0.99576906
1.82910156
11.77766844
0.83512204
0.81347905
17.12955563
6.22233156
8.57389406
5.27734375
7.42675532
2.59277593
9.29687500
5.91796875
5.56640625
4.32031250
8.64192376
8.18034186
12.53279477
5.29142398
2.42763576
4.00107518
6.46484375
4.39876219
5.75524933
0.03617402
1.91503906
7.63687985
8.23014406
6.46842531
0.87979889
2.98632812
15.98079344
3.69498781
1.03808594
10.44596188
8.10091312
13.76204344
4.12467531
3.73437500
4.42578125
3.95703125
3.82031250
13.09764628
1.33008809
14.85351562
4.38281250
6.27465820
7.92187500
11.52831782
9.47591312
1.98990968
4.18359375
0.59244626
6.05110594
1.33593999
13.71875000
0.54150391
6.86360594
1.92936281
1.04882812
6.86360594
13.76204344
4.55859375
5.37076906
6.10937500
3.93456782
14.78776374
8.69024409
14.34082280
7.57454344
5.11295656
0.11193848
5.48502438
11.80403812
10.47851562
1.58317016
21.59554078
12.95312500
6.14453125
12.19791002
2.43718029
10.20670656
8.64843750
3.16796875
5.63736813
7.38248781
2.12467531
7.11816157
2.45605718
7.23828125
4.94140625
5.28938719
7.05436281
5.79296875
7.64876219
17.82844969
3.57942874
7.79882812
5.53515625
3.70312500
6.99314163
5.10451462
15.56494016
0.47216921
13.49023438
3.71875000
8.25000000
4.61360594
12.88053468
10.32812500
15.71783323
1.19278868
0.12972234
9.70849609
3.38509032
19.71842531
23.37988281
15.79174805
3.75976562
0.82861328
8.97656250
0.99593016
1.86995484
10.58853502
6.48421764
4.28060062
14.37597656
10.50000000
27.00976562
5.51171875
2.98437500
6.14453125
9.71093750
15.82454344
9.79264406
12.45735594
8.05045656
6.37963867
2.21679688
7.98567376
11.83105718
1.85384032
8.92610594
2.67676030
13.68428568
7.05990248
4.26888187
17.58170656
5.93131095
15.05697030
4.38248781
3.72427970
7.80501717
9.99348626
5.62370124
10.55891844
1.25065187
6.05859375
8.07812500
0.63623047
0.21576779
5.89062500
5.97265625
11.84310062
1.60742188
10.70637190
6.97526374
8.84961436
2.14062500
17.40909665
14.55599124
9.46875000
12.00000000
13.85579344
1.89908937
13.00423094
8.71669327
1.62673204
12.29508422
8.05647828
1.64453125
3.20556641
7.18359375
1.28255125
4.34733156
12.97399316
6.79557624
3.15234375
14.64062500
4.85221188
0.94466312
10.73209469
14.43456782
6.23665780
19.09765625
16.00130125
5.60123781
5.56640625
13.42187500
1.87243271
5.50781250
4.17578125
1.37239500
8.33170656
14.94531250
5.16796875
10.29687500
8.58853502
1.25358654
3.17773438
1.60612062
8.23388298
7.25439827
2.42187500
9.06704566
7.52670434
20.63281250
