0.33813165
1.24931128
7.05468750
14.29399300
1.15527344
7.52331450
3.07088320
6.73046875
14.51908356
1.68404144
14.99246787
6.46924202
5.47383699
5.47643950
3.50598238
2.91979887
3.45715425
15.80468750
3.36914062
13.38627106
5.28958389
3.29094193
6.12751884
6.30310278
2.88476562
1.62597656
14.32779034
1.94174091
3.52050781
2.53515625
5.34452239
0.21777406
2.77974457
2.73437500
0.59960938
4.55859375
2.72851562
3.48042443
2.65389350
0.65132660
3.57665393
4.12785350
0.33589754
11.32120789
0.19991059
1.61621094
1.97395501
4.28348847
1.68884558
6.78470856
1.93404144
14.18216202
2.31694259
5.70417775
0.48031139
2.66015625
3.18639856
0.27050532
5.48205784
1.83874543
2.74218750
8.92879211
13.67008422
5.51049867
9.39847653
1.97200687
15.17879211
1.48820008
16.22566711
13.62353391
4.37654477
5.61800421
3.30228668
2.55736370
2.35234485
0.68595398
1.95170074
4.05122894
1.13387024
3.15519226
0.10699463
7.04597961
12.23950133
0.12101320
12.55379211
2.84798094
5.34041445
5.51249114
2.91186586
5.41451019
0.81835938
15.97286665
1.90112865
13.24560547
6.05859375
1.08467434
3.82792331
0.91068512
19.85477505
12.42040393
6.25098404
3.43329345
8.10544436
0.81201172
13.96093750
0.83105469
10.74564606
0.57710785
0.25415039
6.47074247
1.83980441
2.12259918
0.73775238
2.67634697
0.35294991
12.06253436
0.46211326
9.40547761
2.34245124
15.80558289
13.44384641
3.34791232
0.78954010
0.05984497
0.07017517
0.73722227
5.98449800
0.94384766
2.44771332
11.65189606
4.07750998
0.92879709
9.57779034
6.21473071
10.55814606
0.57999695
6.92886082
1.20590480
7.82812500
5.76171875
3.99723017
1.87748448
5.32796265
7.00602172
2.25614472
1.11238586
0.64937348
2.31880707
9.08837766
5.65356383
5.98462101
0.38110352
12.62410461
0.98820008
3.40625000
6.65970856
0.06917328
4.46262966
3.22487034
9.85419936
7.16337876
5.41992188
0.52986633
0.15486664
3.66601562
6.02945922
1.44657441
8.61091977
7.83439273
3.02612305
6.15535461
7.01652039
5.33548981
7.59753075
13.07571920
2.68750498
5.58593750
2.42232269
5.69140625
13.07617188
9.06595856
3.70898438
1.91503906
16.03125000
3.90279144
14.69006317
7.95293390
3.84200354
1.61328125
6.84765625
1.06009918
5.46484375
4.16841644
12.17097961
5.52823914
11.08548981
5.55513519
2.11132812
15.98831810
7.86422096
3.98693817
1.38415558
10.05619293
3.00435394
20.22558594
15.85746122
12.08658439
2.61267619
6.92744903
3.83711824
8.76908356
1.37792969
2.46333832
2.64648438
5.78080231
4.73872894
6.77376219
0.60815492
0.22688812
4.51953125
20.86189384
5.72449135
1.14257812
9.09198361
4.99395389
0.82425934
7.73286957
5.40055297
6.84899933
18.85119349
2.54769171
14.68855275
0.78621399
17.73923538
17.32505041
2.94246897
8.30379211
2.51021332
2.27193207
4.29373864
4.56030585
0.40966797
15.14497894
6.12569644
2.19494847
3.79492188
4.61568207
1.56799285
4.21618683
6.10233489
0.65210023
16.56523651
0.11431885
1.71842157
6.65661901
1.35937500
15.86649047
6.25557403
0.84244875
4.50976562
4.81250000
1.08593750
10.93033688
0.49788578
0.70092711
1.36844941
1.90234375
6.53125000
6.15234375
1.60700137
7.25050199
2.87215149
2.38716644
2.85396332
0.01795959
5.39037899
7.98657413
4.90970856
7.48514739
7.02913453
4.24788453
0.84969055
1.79191101
2.07617188
8.63972961
1.62996399
10.00151000
2.19002382
1.66743583
0.05635528
13.18725399
9.30672429
10.42549092
8.08232158
5.25152982
7.19227725
0.30639648
6.38124779
3.18125221
13.11783688
9.07116855
3.00976562
12.87500000
5.00044769
2.76757812
17.67843542
6.00016733
10.61718750
5.30423981
3.24308289
0.44848633
3.07974845
4.07169991
4.34029144
0.50695770
3.84330231
2.66495789
1.73571808
12.75475856
1.30627659
5.28804411
1.07230746
4.31506348
3.69038786
10.45145722
16.27176972
8.96785461
2.86657746
12.13846521
6.25561835
10.61718750
15.50781250
0.62593598
1.64798981
10.55333445
9.00151540
6.22880097
5.86238586
12.54675200
1.78617464
6.25398493
5.79289007
3.77343252
7.22852061
3.03515625
9.05708334
13.05586326
6.01577401
10.15152704
1.66361730
6.81864472
3.96093252
5.07275266
13.44023221
2.27634529
4.00781250
9.03470856
16.66105164
5.37320922
8.32556183
0.84765625
10.35628048
10.95862034
0.82132965
11.05444149
0.73262730
0.79052734
10.02945922
14.75398493
5.43139960
8.75935727
7.69944503
1.48621509
5.48482269
2.56205231
9.10150821
2.21489804
4.40376801
0.73490387
5.77689606
1.34957207
2.31400543
3.81490082
20.33202627
3.56836436
6.00781250
0.98856286
1.09298011
4.74609375
5.91503906
1.62988281
6.09285461
5.70088653
1.66133699
2.22265625
0.71158626
4.81701878
3.84871399
1.92862976
15.82748257
5.91292110
4.05908577
20.15245928
0.01127106
10.86885528
3.57092254
6.82588653
13.92724734
6.31730164
2.51953125
3.07181793
6.99910461
0.11169465
5.05664062
8.35937500
3.09765625
2.39843750
10.19698028
1.00374390
10.24987700
0.13399355
6.18705231
3.03816462
9.42635195
13.04097628
6.99397828
1.44531250
2.34960938
10.44006317
2.71964539
0.05116791
2.39318817
9.70690186
4.44006317
0.40295441
9.31302638
2.42134862
9.33939606
2.49680810
10.87912787
4.68145657
2.09716423
4.97705452
2.42382812
2.50455563
3.41536624
8.03733282
2.28851174
7.66239472
9.47477172
6.10335328
3.27347684
2.22261691
5.95511747
3.58500277
5.55936614
2.29683068
0.08227975
3.22159851
3.38569599
0.80024491
2.29891677
2.43599457
17.00817778
11.45377687
4.47656250
2.93570922
12.44339872
9.99654144
3.80403812
25.11843247
13.43660461
8.43013519
7.17232269
1.13085938
0.16471344
0.67578125
12.71400971
0.15006500
4.35201019
17.78584746
7.98591977
0.35030308
8.38627106
6.42809591
7.46879432
17.96081450
4.82536015
0.93261719
0.79541016
0.75911375
6.47969636
5.87154144
1.35497237
4.10132646
5.08203125
7.69742797
7.44440714
7.36756150
2.69177526
17.72436337
5.11218417
4.80558289
8.61283356
0.43721527
17.98872894
4.01517731
12.67622894
2.19095856
7.93603391
2.59130984
2.51802582
9.25077239
6.16498228
3.72921930
0.68753436
16.95601846
13.26436060
2.71049479
5.92150848
5.14396180
5.00903258
1.84395418
8.78906250
5.55468750
2.77501974
5.48800088
5.66841644
2.16601562
5.89888519
0.37475586
5.84240692
1.68884308
6.78125000
16.14062500
6.15502930
10.14017731
12.69217864
2.67651429
3.24414062
2.26367188
3.13370789
5.19954344
0.99389711
7.44576019
1.08247894
2.86328125
0.31494141
0.02534485
0.99414062
9.76472961
3.25797485
4.78348847
0.54292816
5.53125000
10.76908356
8.60310727
5.38908023
4.50634641
0.73197543
5.34419769
8.49654144
7.99218750
4.56762633
1.94755097
1.72753906
4.09029144
0.48828125
12.56159973
2.13525806
0.27050532
1.80326573
20.06461547
1.32352036
12.31889073
2.84017841
12.98828125
9.51997894
22.98486141
0.87870456
1.97949219
17.20568817
1.04597961
8.24487367
0.05526733
13.66914700
3.48636747
4.22827460
2.73498504
6.88627106
12.30558289
1.44816101
5.32767731
15.26582669
7.33182956
6.19880541
2.52730939
6.21138519
4.91974956
3.35804188
1.59863281
10.31640625
8.86641138
2.61019171
9.69571587
1.46053413
4.46516844
3.85559175
4.70267731
4.44832336
2.81774933
7.03125000
13.61718750
10.42768507
3.07337267
2.52974457
15.89843750
11.05904144
0.80232727
3.38175476
8.03470856
0.85005707
11.23758941
12.77941490
0.03381317
10.85502106
2.90511109
10.54675200
14.45071920
6.61190381
5.20959442
8.71263963
1.06604720
14.76127106
1.62740082
3.93949247
0.98238253
0.26708984
2.61065476
4.15875442
1.49316406
12.72477172
0.23030640
10.85652025
1.99756482
8.23527039
0.92773438
2.88476562
7.57783467
7.62919658
1.07584345
0.88289616
3.78755707
2.68973847
3.63236481
5.40279144
5.65234375
5.73199857
4.97067874
2.78710938
7.84029144
4.73437500
5.10502106
10.03588730
2.64994293
1.27575715
10.30468750
1.01224762
1.82271332
0.90087891
2.80468750
0.39770508
2.52159492
2.80360039
3.87215149
10.74901596
7.85144323
0.43957115
10.56531167
4.89062500
12.34977172
17.27343750
1.34444121
16.72875665
9.07225067
3.54286568
8.19095856
12.31852172
5.54671265
12.93611259
18.22619349
10.80006872
0.87967864
3.11971132
11.89928857
6.99894226
2.14731051
1.45800781
8.24263519
1.66796875
0.01873779
3.80423981
1.84375000
15.00154477
0.82201962
14.83118018
3.33353668
2.73242188
0.02348847
1.93465149
2.76066101
0.02250152
5.78755707
0.64506012
2.90660718
10.21448221
13.99971963
1.81009918
5.60111481
6.35156250
7.22004876
19.06990913
5.17533356
19.51082367
5.73828125
1.43599208
8.90743230
1.41406250
6.14396055
17.58260195
0.03381317
14.93212766
7.32702792
7.57519531
11.50602172
4.69710328
11.55431849
3.54484319
7.24263519
0.85009766
3.09687390
1.86601673
6.48046875
15.11283356
14.19877106
11.11637391
7.72611481
2.45357269
4.42533356
3.21484375
0.33711762
10.21439606
0.03569550
5.91015625
5.02217310
1.04476202
2.75842254
7.64402178
5.47939161
7.42281098
4.36328125
10.61270370
7.34994279
8.33504211
1.42960633
9.00781250
2.37304688
0.07346557
0.30403687
2.66796875
8.30033356
4.09419769
1.58060699
0.08858246
8.13627106
9.68750000
5.41605497
3.22306460
3.29162567
5.34676086
2.06038453
2.94380707
11.53660739
1.25108711
10.51258477
13.69095856
2.02929688
5.70703125
6.31180630
5.31754765
1.27929688
2.49951172
13.44441711
4.72912567
4.72168710
3.30806239
8.59232823
15.10156250
3.45161957
2.53165337
3.37654975
3.71699108
4.86406360
3.73425200
2.50402925
1.43318540
2.33048648
8.40970856
6.24263519
1.97070312
10.09887633
11.04956117
7.20893507
5.51762743
10.25000000
0.32177734
5.72340745
13.33392065
2.32890237
2.88041168
9.03560394
6.11859930
1.49272883
4.36328125
7.51035553
2.39659990
5.03646498
13.82198028
8.49833222
0.24060059
1.93097878
3.26140403
1.59863281
8.64843750
0.58740234
3.05950748
1.52159243
21.67139793
2.67179632
13.29060727
2.93054355
3.17533356
6.96529144
0.04904175
9.13191711
11.65535461
1.41585328
0.63037109
7.07421875
1.82324219
4.74173981
12.50781250
0.28808594
11.78983489
11.35517842
1.24268201
12.11629211
8.09464539
0.52144379
5.30468750
5.29369556
3.08622783
5.68705231
1.81632508
10.45312500
0.01704407
7.47420102
7.82177859
1.23677582
11.11372894
6.20634917
5.74389462
1.69389073
5.55289672
7.60725953
10.54687500
6.96394836
1.69913758
8.05847075
3.85717587
4.77380651
3.45703125
9.30842642
3.31026651
9.08593750
3.27388519
6.77127272
13.77854888
1.51592530
7.30513519
8.85631982
1.41569343
8.69505652
15.66387078
7.28816711
14.75329621
5.35778591
1.23738835
6.55423981
9.37154144
3.84375000
4.03816711
11.25889961
20.65011524
11.43864140
3.24112976
12.51127106
4.00781250
12.89497894
3.46093750
3.00931793
0.02315277
14.44921875
28.73738586
7.87559446
14.72545837
1.83304964
1.96919769
8.16662567
12.65897644
6.73872894
8.95556516
8.27176972
2.21016511
2.99804688
0.16434723
0.44624848
5.31338542
1.12020833
5.67187500
16.97823028
2.79597961
9.17456117
2.62500000
7.59541778
1.11507203
0.02985657
6.58019116
0.01127106
5.31294769
1.53613281
8.56250000
15.14843750
8.86718750
1.26562500
12.80033356
0.80318207
1.56640625
1.02442257
4.27624667
8.67533356
1.35713653
4.27657136
0.35270141
9.59118683
3.38716644
10.87845856
6.94966644
1.30761719
13.53983489
4.42500886
0.22363281
3.34765625
2.44726562
5.52396388
2.04785405
4.66577148
6.09720856
3.46866883
0.81058746
4.91361481
6.00826019
0.56787109
2.25044769
2.42354278
0.26249238
9.14396055
1.00959954
0.80404061
2.21300428
4.31796099
8.75244016
5.76530031
13.65714539
1.80859375
0.11999543
17.24518839
0.46627798
6.10866634
0.08728027
2.19726562
14.09195922
16.27644836
17.72489472
2.30183899
11.05993683
0.01913452
10.04028258
3.32690492
0.07939806
7.91537485
8.51562500
5.41406250
1.10742188
19.77343750
3.21158688
9.71028812
3.68643728
6.20028147
4.42533356
15.39843750
10.49768035
2.06411499
3.17277039
3.77583832
0.63525391
1.13378906
10.36885528
0.03135224
1.93065534
12.25110704
9.91483489
6.65637300
6.91406250
6.08247894
1.70898438
1.43509918
3.38130707
4.79687500
6.37801086
0.61759461
6.54280142
5.34346963
13.06685394
6.44921875
0.40116363
4.38298672
2.34116245
6.09720856
1.82138414
10.37726286
4.90821808
1.25419160
7.50089539
6.34960938
2.34375000
1.22115082
13.54687500
9.30793440
6.03327682
4.29550753
1.40136719
8.46875000
8.75000000
8.53470856
0.16796875
5.11449884
4.39144171
1.01261414
2.47070312
15.19972836
4.43640292
18.59631317
4.52522828
15.66967773
11.61411205
7.37133976
2.88838154
10.91134197
8.15881317
6.49743683
3.04280391
6.17692265
5.44140625
1.31009918
2.72639517
7.94157358
5.02762412
2.72432901
14.44698028
7.70536347
8.74263519
17.11193817
3.25720246
7.80468750
1.79597961
7.31506317
0.49051972
4.92720426
0.02254211
7.37691254
17.61193817
1.34021027
7.55904144
0.00849915
5.83939606
0.39184383
1.31176945
19.23574247
4.56882202
7.37276153
15.34427887
8.26062167
2.91060394
8.96875000
1.59525543
1.07617188
6.03560394
7.36279297
3.25195312
8.23783356
2.31099457
4.13281250
3.65384918
0.37959809
5.54899047
9.26037567
7.61250886
0.43261719
7.96394836
3.88236481
0.94132508
3.09090149
8.55558289
1.97701019
0.79248047
7.53470856
6.53125000
7.73783356
1.83683289
11.58544548
4.44971077
3.69726562
5.95885639
0.43469830
2.20117188
6.18598959
5.40413578
0.21415005
3.50459995
17.80049092
12.15173869
1.09240567
0.37528660
8.15763243
4.28829011
8.07902039
6.99865692
14.47595246
3.43697113
9.11629211
8.95914672
17.31583555
4.41731937
2.49609375
8.00301086
5.42939717
2.05392010
2.80664062
10.74982769
0.96802692
0.57364930
3.93359375
15.45222961
12.44233911
3.47090979
12.87040005
8.20068484
16.84986696
1.94734680
4.30232602
16.03405917
1.32076019
20.35428303
3.26050365
5.86673981
5.70206228
3.65510860
2.22335494
7.58024047
2.57059785
10.37219083
1.01257480
0.13806152
15.45442376
7.83077183
0.01127106
5.60982269
16.58760528
7.59163453
5.79341644
6.83984375
2.23392731
17.61335993
9.67097961
16.88672320
20.28617020
8.92598294
10.43842975
5.00302083
3.33988309
2.32710910
1.30957031
14.24564606
3.58203125
11.34631317
6.88024933
7.07153258
0.59159394
7.38761414
4.17789672
3.20747894
18.99515404
22.17493018
0.89034090
3.76713043
14.15625000
9.13911957
4.46439606
0.97753906
8.25256317
4.00663176
6.28360151
3.65568927
8.41674867
6.65490692
2.57751496
1.03222656
10.60758422
3.84403535
6.18290191
8.55495790
0.49041167
1.68598772
4.91434287
8.34655917
4.02816046
3.34179688
14.67093529
4.95784796
4.73840425
16.55379211
4.89888519
12.53042332
0.85434230
6.98828125
10.49129211
2.48527039
4.93305741
1.70801529
2.04838043
3.43794769
3.92578125
2.87682514
1.58997174
6.59285461
2.30948914
5.33235345
2.66219304
4.75012300
12.30468750
4.06628325
5.28918550
9.63281250
8.12064606
6.31250000
2.33638519
0.75679535
14.05814606
7.74918329
11.50907690
0.04379272
0.00219297
0.02597915
3.55078125
16.68750000
7.11900319
8.66406250
7.31640625
2.49804688
3.69995117
2.36491537
0.01127106
13.73828125
9.58414672
3.76981660
8.61283356
19.89021496
15.15649601
4.55980885
5.18868572
2.86576324
9.80122894
6.33593750
18.29252106
0.11494965
7.04439052
6.96157691
3.80262632
3.18164062
10.63627106
8.62500000
9.92085661
3.18310671
7.14453125
1.43570922
9.74254499
13.30879544
20.71888297
3.46830231
0.64644379
17.30078125
3.48588043
12.64318817
16.22745789
4.85245789
14.61999481
3.07360871
2.46244293
2.72115082
7.70955009
2.39005928
2.84350586
0.83207184
10.83158356
9.26216644
5.53271484
10.00695147
1.61849623
2.82738448
0.47338431
7.37504432
13.17956450
7.26497562
0.41068512
0.52876801
6.03080231
0.98677582
2.15775543
17.93750000
8.44441711
8.28995789
2.87304688
4.85457336
9.00524933
10.53498892
5.05485483
1.17675781
5.11453070
6.04757867
0.57714844
8.45898438
3.04838043
16.03125000
3.59224457
15.58308899
3.22656250
3.45519615
7.85038674
0.18859863
12.75781250
1.70072418
9.94966644
0.90576172
3.57031250
4.04544327
3.22408798
0.83691406
4.71093750
0.55664062
6.28426086
31.25068969
3.95707059
10.66837710
19.59134918
2.56435014
0.10143950
12.08951906
2.02539062
8.89062500
1.58451324
11.49654144
0.78413910
0.63671875
9.73002106
3.94966644
19.03381317
5.44901457
5.66809175
5.10156250
20.12214401
2.72107712
7.29703236
6.03499889
0.74511719
0.53149414
7.88236481
3.53365082
5.06986481
6.71093750
3.08581450
4.97713320
1.71289062
10.88871122
8.73616578
1.49328707
8.90625000
8.06250000
3.98079344
7.60905031
7.67578125
4.51851286
0.93221132
5.54732269
11.19877106
4.80513519
1.88700036
6.08060948
3.65417387
23.94782974
5.55078125
0.76786098
0.68753436
10.33936170
5.29341644
7.55244903
3.31864472
2.07918274
3.59855164
7.79329344
9.48795656
2.90677638
5.12402593
11.45312500
0.39839691
7.76562500
5.27734375
4.85502106
0.28951019
7.99828541
9.03540600
2.60937500
9.32275391
2.80273438
0.62060547
7.54642731
1.29154449
16.14396055
8.15983156
3.21468140
8.35066711
2.60636414
2.36673981
5.71093750
4.93013519
0.63671875
9.32812500
2.26908356
0.38179535
6.61989806
1.99444093
8.91841644
6.87154144
0.93750000
2.50150543
2.77779144
0.12524414
2.72903951
0.01127106
13.04854278
10.63895722
4.27343750
9.89408356
0.69431580
7.00345856
13.06250000
9.77510528
8.91841644
1.69071504
11.38525266
0.62207156
3.24023438
1.41210938
0.01074219
11.78125000
6.54687500
2.60620117
8.06351715
0.76167816
9.92227962
5.98494570
1.09521609
5.30078125
8.37066047
2.02777703
6.18554688
2.45267731
8.88716644
9.77254211
4.21394836
6.97054078
0.47692840
4.05993683
3.95658356
6.78535794
0.79126163
12.51460661
5.60000776
0.24333638
17.48623449
3.95561945
7.99776153
2.03470606
14.19803303
4.63061835
7.11275487
3.16796875
8.03906250
11.39318817
6.41149933
3.98632812
5.69698028
13.22835328
13.66255707
5.94486481
12.41841644
3.76713043
8.69966644
1.38138824
11.81070922
0.48661347
3.62140162
3.55132756
1.44974762
3.78409851
7.32466644
6.65625000
6.83658688
2.56815769
0.94628906
1.72488974
3.51355385
6.76350953
9.96093750
0.02691650
2.13085938
10.35579344
2.58142121
8.16275092
0.01052856
6.58158356
9.02919327
12.97516067
0.87060547
9.77550865
0.05823159
3.18446609
0.01127106
12.81160461
2.95642121
10.07454344
3.21492243
3.25110206
7.96919769
2.60216506
2.59412400
5.79296875
13.24475067
1.40332031
15.41931183
4.36673981
2.44380707
14.22566711
11.00837323
0.74292553
2.22029975
0.75537109
7.19486481
2.79443359
5.58939606
7.20747894
3.90474457
3.41992188
4.15234375
4.66361481
14.31612090
0.16516176
6.39822585
9.26929521
6.50333555
16.82914339
6.01127106
8.97310394
4.79207336
6.69620789
0.13846832
2.30708832
1.08105469
4.97432403
2.57684813
12.64624709
0.11271055
10.51485261
18.09118683
17.61022856
15.10387966
4.68095190
5.50044769
7.78861481
1.56933594
4.24173981
7.81745900
1.33382701
0.94824219
3.35231744
4.77365912
4.38671875
3.55790005
16.92033023
0.79374238
2.75946054
2.08970633
20.79832614
6.13331449
10.95179248
4.21653353
1.52974457
11.54764739
17.02071199
7.91861813
12.51037567
2.86246952
1.86523438
5.16406250
4.37365692
1.84606965
2.09570312
0.14404297
0.02087646
1.62544769
3.09179688
2.68420379
2.01696808
20.00625278
0.01127106
16.22993988
4.47220856
18.91841644
4.74955231
7.60156250
4.76171875
9.85412567
7.51652039
7.54972351
12.10758422
1.34997590
7.61416667
0.53915364
9.58939606
2.62003601
10.04219756
12.03360650
9.00883089
10.00704011
7.21297429
4.74955231
11.30570403
10.06172761
2.06640625
9.24654144
1.80874426
5.51767176
1.40039062
1.90576172
0.81298828
5.26562500
1.57226562
4.16015625
8.19095856
1.79536957
3.58789062
11.51171875
6.34686279
0.07254028
3.42382812
8.02587891
3.26480455
0.59736592
12.86357158
13.65100067
4.12190548
2.94975011
4.86271055
11.93582226
3.82211325
14.96952239
9.08892842
2.49489361
2.29040558
12.31595856
0.84663910
6.00736481
0.58732117
13.30440215
10.32902039
5.08850067
4.60928635
0.25330369
17.39644379
6.01159575
3.49571975
2.87745013
13.35835661
14.50807802
7.40913786
11.61039339
0.22530121
10.41277816
8.55597184
19.84610151
6.43502548
10.62552638
10.73563940
12.30712766
6.57792331
5.66227172
16.87141844
13.83332503
0.01127106
15.98425200
8.09387300
3.67622894
13.85502106
15.26216644
0.37027891
0.59826754
5.01171875
1.21919769
21.01969360
14.73225953
12.23783356
0.18611664
7.39843750
5.78336547
1.00231965
0.02562470
15.02420989
6.33238033
0.74061834
3.97505707
14.35882869
8.92319370
14.16019061
2.80151928
1.52437472
5.15669769
7.31551086
9.64575133
15.61987367
0.51753754
1.94576019
12.91320147
2.56922041
9.27578901
5.58553911
22.01127106
7.04874446
15.69266069
21.49353557
1.84845302
13.92730163
6.96643284
5.19877106
5.67622894
0.03549194
15.22851562
9.62373560
18.64964761
5.96119348
1.46907718
4.69978820
4.60636414
10.96492243
6.00114140
0.80098543
13.77136137
7.35241357
1.21020944
3.06835938
14.85835661
0.18485629
7.15673205
25.51233377
9.34566378
3.27359985
7.42651429
3.13085938
9.10579344
4.49111980
6.22311391
14.00602172
4.85123781
6.93794769
2.22460938
2.73002106
1.76195230
8.36597739
1.20064301
2.72744481
0.25923427
12.80203569
6.48068040
12.63114472
4.79174867
15.02338321
2.80474179
11.25996731
2.06575687
2.77884918
13.35620935
1.00687777
2.48872894
7.99194149
8.17903812
3.17622894
9.87500000
0.00702423
12.63130209
2.43510416
1.37890625
13.70303635
1.66866744
4.78214539
10.69531250
2.06099457
0.82910156
7.08935173
2.01957557
15.75781250
14.53906250
0.22912598
6.31674037
4.02851506
5.82120789
2.45898438
0.06744385
0.20011383
3.00703513
0.31558954
6.03617464
6.16341312
11.51383422
3.95597351
0.57653840
4.25781250
0.92036708
4.82234929
14.94266069
17.35856826
10.21875000
4.71507481
17.66924312
4.91015625
8.03906250
0.51318359
4.71150571
4.64973128
2.72763020
10.18570922
4.03694703
4.43794769
0.02749634
10.55200133
0.19677797
13.70658356
6.49084442
4.11462433
2.86925865
4.59993905
4.60778591
0.05945042
3.15775543
2.75581879
1.82474762
11.99564606
4.97310394
2.01216644
9.95308068
1.19433594
4.72342864
6.65157136
13.44787567
5.89978058
6.58158356
2.86763519
7.86283356
1.92293274
8.49450466
3.48926030
1.53125000
0.95458984
9.63574219
1.66279810
7.97001440
15.39408356
3.85554743
12.56677526
3.44531250
5.02343750
11.88191711
5.14497894
4.92476410
11.45658356
7.17834442
14.47009308
9.93750000
0.79931641
11.05033356
5.62784851
3.67399047
2.06102955
5.29370678
3.64827515
6.22912567
11.70402039
9.42138298
4.84034635
5.55481050
3.78161154
0.10143950
6.76965425
9.29496122
4.19722628
12.65791778
0.54581726
4.33292664
15.87264008
17.94086991
10.84025709
0.54113863
8.97477172
6.89147607
10.19234596
0.03710938
5.57767731
7.14408356
1.41105164
1.06933594
4.83024047
0.14257844
5.24654144
8.66125333
3.67041171
12.44083555
2.69726562
6.11454866
2.58443207
2.98588043
5.79296875
1.42626205
3.31783798
4.32031250
5.81986481
3.66039229
19.25611037
2.80676363
8.02868683
4.77734375
5.31093067
6.53080231
3.78755707
3.68314606
13.10030121
1.36523438
9.41107603
0.38321587
12.98743018
1.06640625
4.96919769
8.54943817
13.79597961
11.30700466
12.88293550
5.47636081
1.56250000
6.74584774
18.63159242
5.75537234
1.07617188
4.98828125
13.46384612
5.72355164
1.62040254
2.49690049
6.70532912
5.62980164
1.80891096
16.40877881
7.30237034
4.25781250
26.94083306
3.06645057
13.09761193
1.69250831
9.76216644
9.02241911
8.02010195
12.20531915
2.75065436
11.13191711
9.94966644
5.95747894
11.88191711
6.19449579
1.11853308
4.49353058
1.36523438
7.98046875
0.63623047
16.06188747
2.22108683
0.33813165
13.82593085
4.25390625
0.10577393
0.07214355
4.74609375
18.16573028
2.63566101
11.48860594
0.62699496
1.98828125
3.18750000
14.05545989
2.12512051
19.49153812
17.37723847
6.66841644
3.64062500
9.80814606
9.98579926
1.60990387
3.80318207
0.06250000
15.81506317
14.49271388
1.38794879
1.18168993
11.57377106
11.04066818
5.18471076
2.63520834
17.75547823
5.52388519
0.05770874
7.06640625
4.57825038
2.85422428
3.30859375
5.88716644
17.29252106
2.40339650
2.81295268
8.10591644
1.72993988
5.15657457
6.47482601
9.30911140
9.64065936
11.87011968
5.20015846
4.92968750
3.61718750
21.24072141
2.69482546
3.96231494
12.66659131
3.09179688
8.85912899
3.93383976
6.74987700
6.24967531
2.78365082
8.88627106
0.91088805
5.67891511
13.00345856
10.10502106
4.28560394
4.41752106
0.28190125
4.74609375
3.86921931
12.08784879
6.69728981
16.43750000
10.78125000
2.24218750
0.81030211
1.97729554
1.64453125
0.42333984
0.65490692
1.36950715
5.54687500
13.88281250
6.25736481
3.17565825
5.59822695
8.16739805
0.68318789
9.21875000
2.64453125
7.64843750
4.41361481
6.40701740
0.01127106
6.40926086
4.92309508
2.99035738
8.31941711
2.42834442
2.31864472
10.00345856
1.64302582
6.81986481
0.08620209
6.83203125
4.09997341
17.22401375
3.56663784
10.96093750
5.21093750
6.09842864
3.40743074
8.82812500
6.74039672
0.08435090
1.28267426
9.20568817
3.29972351
9.92187500
0.04787201
1.31933594
11.29471521
2.82698858
3.21573914
4.94140625
4.13093806
0.16491980
0.83349609
8.87845856
6.25195312
4.08158356
3.51411957
3.66243407
4.89811281
6.07031250
5.29938387
1.76897550
8.29474956
0.31312001
7.69962337
0.15779477
8.35367922
3.44661126
9.08732491
6.40625000
12.79496122
0.58207308
4.72355164
0.11779785
0.14941375
8.15714539
0.06783051
1.78808594
4.75577571
0.09993718
5.32377106
2.81740720
0.64690768
5.16498228
1.10410128
3.43131344
3.41776706
9.62845856
3.15384918
2.90791778
8.81172761
0.24601227
24.89334106
6.31697446
3.51452792
7.87109375
6.61616911
9.75883089
0.10679107
2.26802582
14.07633422
2.66540558
7.55769836
4.70056183
5.75992797
0.08528687
4.80240470
12.40853280
1.96777344
5.90580231
1.56685394
0.82722961
0.20902527
4.02778646
0.09016844
17.78665670
12.74383483
11.25086103
0.02442413
1.29048676
15.03856331
4.21048981
0.02213562
5.91877228
1.34829815
4.23125110
0.06781006
0.58133941
12.52343750
6.82466644
8.30289672
5.46663453
12.23437500
12.75239085
0.12997395
5.03906250
4.85201019
2.46187223
2.77566974
2.82402205
9.75781250
3.85111481
0.34374938
15.25325504
8.35700501
7.03320312
3.35066711
5.12980164
1.04076778
1.25427277
6.82381632
2.48434064
8.24218750
6.70478281
1.60291555
2.16495789
1.03979305
0.08158542
5.64497894
0.07394866
3.59802028
2.35013201
0.30273438
6.93750000
6.58203125
9.61975067
13.29190603
3.85819924
4.18058289
6.70825258
5.47656250
1.53275543
9.48872894
0.11352508
1.49938996
0.91162109
3.55049590
2.37633935
4.15763741
3.33850067
2.44816101
6.83984375
0.77290863
4.62186869
9.73478834
5.00736481
0.23304749
5.70133422
1.37333222
0.00097752
3.91406250
6.87914229
3.66382646
0.96728516
9.30425422
4.26125664
2.11417664
7.66015625
3.02148438
0.63134766
5.10546875
2.18415573
8.24138076
1.97798676
6.52567597
6.02811614
7.11763519
0.14209047
0.27543121
0.09010834
11.38812507
0.09016844
7.10681183
1.77620484
5.61763519
0.22180176
20.73258422
12.73437500
5.24788453
11.31595856
6.97656250
0.72017426
0.28694641
0.27775086
4.69877106
9.80342310
3.64624335
7.74955231
0.02471924
8.26127106
0.95454926
5.37841423
16.04346077
5.18359375
0.34033203
6.50711880
6.22713320
9.12947695
11.10502106
0.92895446
4.61987367
5.00435394
0.61376953
0.03170776
0.53222656
0.20161832
1.28377382
2.18599457
2.53322876
1.07813995
0.20918793
1.08984375
0.00360107
2.67382812
0.10653105
0.19136629
2.64869980
4.64793106
3.51562500
4.16406250
1.92401984
0.06762633
13.03442445
12.56839872
3.32808566
3.81160461
2.16691101
0.92919922
9.83158356
0.14253754
0.80859375
1.51109999
17.77917885
2.65507424
10.42187500
0.00664139
8.89082762
17.24462766
1.20373753
9.70658356
8.16060394
0.54052734
0.68086699
0.71659394
3.46679688
7.39408356
9.26216644
0.27319336
3.37552887
1.40279144
14.75512633
4.53002992
4.60156250
1.74707031
7.77766844
3.88639406
3.43180297
11.05993683
10.37154144
4.63627106
5.07857269
2.20267731
6.83638519
4.50948028
3.95145722
9.58593750
4.39453125
5.57767731
3.80318207
9.49218750
0.38208008
6.00422845
0.01127106
2.96093750
7.71439606
9.30033356
3.61612976
4.31685394
7.15021831
6.05290669
0.68216949
5.33593750
1.47603363
9.99662262
5.72989805
2.71976839
15.56640625
10.66511525
7.96875000
0.49992381
9.23583112
1.45467974
4.40909851
2.22371399
9.92879211
0.23645051
2.10201019
6.00736481
1.89941406
7.77155807
3.53748337
6.08367909
1.35577404
6.88627106
1.89770446
7.51326352
3.02262577
12.07108489
1.36198000
4.44482422
6.41406250
4.56595856
3.90039062
5.72261566
2.41316711
4.85201019
11.58593750
5.67743906
0.87920157
2.92578125
7.64575133
2.62227449
1.61914062
7.54719969
1.49165739
0.13525266
11.19111592
8.06771498
3.18164062
6.58369903
4.87670961
0.38065582
16.76127106
5.12589539
4.60021942
7.19230164
13.61718750
1.31978363
6.33939606
5.45161957
4.81986481
3.57002715
17.46875000
14.88895722
9.31941711
12.21118195
5.14017731
0.03163666
9.19603558
5.33191821
8.66298981
2.66257202
4.52119903
11.14676972
1.63529449
0.03813690
7.44877106
1.04927582
1.18200466
2.44645390
4.04732269
7.32499114
2.78625333
0.23445866
1.00683594
5.75390625
6.64843750
0.02628570
13.70914672
11.17277039
4.03868352
3.10629543
4.03560394
10.97603363
1.69628906
9.18611259
0.38957100
0.01052094
9.64549784
8.99144947
2.36747783
3.49654144
11.01000665
5.83247894
0.46561987
6.13883422
5.80948914
0.03586853
4.62064606
6.20389739
4.25777067
9.19596188
5.06805709
2.04536957
12.06200798
1.86918495
2.52388519
8.00736481
7.26602837
0.28129432
7.58486481
2.52361480
4.13487368
3.01836546
4.04687500
7.56250000
0.34326172
2.95877771
3.82637854
6.48002106
0.98473778
13.04036126
0.94413924
3.25240082
19.57275266
2.77295046
4.69531250
4.39408356
0.43819184
0.01853943
3.07905973
5.14164339
0.56738281
0.57934508
1.81225648
2.04056793
8.20747894
1.17089844
0.24353027
0.00899506
1.41894033
8.44938608
8.06237700
0.01127106
4.89965758
0.70776429
0.05208344
9.35937500
1.70507812
10.15100067
6.52433289
6.28169769
1.53027344
12.10233489
3.80977449
2.45239196
1.38798066
10.32466644
7.48303192
0.46667512
2.17578125
7.96875000
0.12558959
1.03304078
8.56026028
1.96480441
3.53694703
0.48925781
0.34265106
3.71618683
0.25345824
5.89583375
1.76765930
8.43839539
1.29162567
0.34497070
2.02762412
1.77002327
1.57518534
2.43954551
3.26610565
3.46244293
1.42488212
3.81388741
9.56685394
0.97216797
1.15429688
1.16137633
2.72790558
0.03222687
5.63494873
9.51472961
1.30708832
8.35591644
8.59195922
3.21858765
5.33455009
0.63712960
2.86185252
0.10143950
1.83313082
3.69632093
3.93258532
10.13883422
12.12410461
16.08426972
11.22733489
0.62760500
1.29101562
5.84061614
3.33907136
7.48437500
8.62756317
2.50524622
4.14624335
15.66552734
5.90580231
3.66841644
0.04675293
6.55423981
2.52925629
1.34916168
5.82332336
8.27087433
1.88671875
35.82856771
2.77014627
7.03206173
3.18367741
7.51383422
2.65368683
0.16585297
4.23828125
3.52587766
7.80810671
1.11336242
2.41841644
5.64408356
6.67667664
9.52306849
0.17053503
14.86629211
7.49169673
2.75578069
4.09195922
8.05712766
2.16837710
8.98091644
5.60201019
4.08984375
3.61840758
1.70926972
2.66646332
5.70703125
3.52412373
14.91539562
10.76160571
10.54520722
11.24856274
12.50534351
5.46260528
3.14676972
1.03645750
15.50303224
8.69877106
8.78035461
12.21228058
5.16707336
1.54243988
6.57511414
6.32377106
7.04341644
3.76065105
4.33460438
3.46333832
4.08203125
0.00244713
12.40218078
4.45418024
14.31583555
22.29370304
2.13155308
4.57857269
5.89017731
2.73392731
1.83195008
8.61014739
1.20837433
0.48177125
7.30769836
1.60050476
14.90093050
2.53907247
2.55318207
11.30716202
2.51856216
7.79927582
7.22656250
0.02390533
4.72611481
0.70556641
8.05558289
0.02566528
1.62988281
0.33251953
15.02689606
0.63960785
10.28906250
7.25931655
0.22172059
8.59362700
8.43326906
9.89408356
4.05948914
11.87184525
9.36132812
11.21211326
