0.32686060
1.43689245
7.06685394
13.70325714
0.96484375
6.46427305
3.88773714
6.21529144
12.45312500
0.60742188
7.31610595
3.26983155
5.53710938
5.61706450
2.94152925
1.25528868
3.22713320
10.60156250
2.72611481
12.62154144
3.05256705
3.46305795
6.29573360
8.67367634
2.26953125
1.43945312
9.03303081
1.38058399
2.82124848
2.29447418
6.09842864
0.52465883
2.32120789
2.39843750
0.77685547
2.95312500
2.95117188
3.34993407
1.56412843
0.25878906
5.06745900
4.74312721
0.51326601
11.70837433
0.37451172
1.49609375
1.62349208
3.61519503
0.72615664
5.70703125
2.43359375
12.92805408
2.68718029
7.21850399
0.33227726
2.04687500
3.61738794
0.15779477
5.27535128
1.57979340
2.66210938
8.88102172
13.17533356
5.29130097
3.27951932
4.13863253
6.13236481
1.34667969
17.71439606
10.67716368
2.86136747
8.16353612
1.39941406
1.07079580
1.70764627
0.55655945
2.80273438
4.87935394
1.43802887
2.19531250
0.14294434
7.31490082
9.36962766
0.15380984
9.40189606
1.70796598
4.59521609
7.12967864
3.01485261
6.35111481
0.56001801
10.10598080
2.64388187
12.35363770
5.74609375
1.04524532
2.75504765
0.23681641
20.30716202
12.68038120
6.81925975
4.85313166
8.12912787
0.59814453
13.06250000
1.02539062
8.18481383
0.62622133
0.14868164
6.98970302
1.70072667
0.90238434
0.27608246
3.33003380
0.30619667
16.52774463
0.43957115
9.98860594
2.13928690
15.01847351
12.38403258
2.40445880
0.98659407
0.05570221
0.03315353
0.78706754
6.19197695
3.03125000
1.97993988
10.42968750
3.17772939
0.25928233
7.32558622
4.70086214
11.21875000
0.26700867
7.74404699
0.75595301
6.72265625
5.56250000
3.70715176
1.51619570
5.00712129
6.36629211
1.46769226
2.20072418
0.35469574
2.24804688
2.76265348
5.08561281
6.14978058
1.49316406
11.38627106
0.18721527
4.03125000
3.55664062
0.08854156
3.17580314
2.75726174
2.23266041
6.29325908
5.11372894
0.31620270
0.05258179
6.96093750
6.36718750
1.79341644
1.45194426
8.12422761
0.61203003
5.86673981
7.75435394
3.73046875
5.48909298
13.72517509
6.45406471
5.74218750
2.92968750
4.78906250
11.76171875
7.91316711
1.35831726
2.19531250
15.60937500
4.50435394
12.81416778
8.51595758
3.68664893
1.48820008
4.80033356
0.96732574
5.11027039
4.80423981
12.32722961
6.50915558
9.30468750
5.29642731
2.22505707
15.73795064
8.74459330
2.89603668
1.05273438
6.20650238
1.24218750
15.82963043
13.88960661
12.04886497
2.55904643
7.09452239
3.53438386
8.11283356
1.36914062
1.88521332
3.00976562
6.79252106
5.82076019
5.85400266
1.14615968
0.16707398
5.18359375
4.43206963
2.32682624
1.81054688
9.47325134
4.27239472
0.68306488
9.91503906
5.55244903
6.55257203
17.97208555
0.96195589
11.88508533
0.66263824
15.60724956
16.50952460
2.69181959
7.45703125
2.22656250
1.92134613
4.61250388
4.52181405
0.38916016
16.69185394
3.94360253
2.06209663
3.65730774
4.40812195
1.02412871
4.22489472
5.74385528
0.66288301
15.67011505
0.05428070
2.35766165
6.58130319
1.45560699
15.18613487
6.00691711
0.57942750
4.91601562
5.67578125
1.01615387
10.42354278
0.30395570
0.66141692
1.95039949
1.87792969
4.71484375
7.07767731
1.52800205
7.36109707
3.85111481
2.22115082
3.16451019
0.00857544
5.79451352
7.16837710
4.09285461
6.65100067
6.40022828
5.00044769
0.41874176
1.13228363
1.34667969
9.19531250
3.34167387
9.18073242
1.41845828
1.79963705
0.05635528
14.14562833
13.62959995
10.10567044
7.33227726
4.03595302
5.49920323
0.24076324
8.20969748
3.59934396
12.87141844
8.60905031
3.92142731
8.94877106
5.36027039
1.72460938
15.25521690
5.74402260
10.23872894
1.53959137
3.14693207
0.17639160
1.99491176
3.67798038
4.16361481
0.75020293
3.47176086
1.52478058
1.89917054
10.46408870
1.38191960
4.69787567
0.78991730
4.93090820
4.46126219
10.57902039
14.76395722
10.58068817
2.24593140
9.61156915
5.83329565
11.32466644
11.43314606
1.43111176
1.29740387
11.58992243
9.82161624
6.34432070
5.41796875
12.92866911
3.34130984
6.18635860
5.25114140
3.63219748
7.23108377
2.60892731
10.73331228
11.94445396
9.71033417
8.60391900
1.56136358
6.97188386
4.28604666
4.60790891
12.68336712
3.24347184
4.34330231
8.55814606
15.11808289
3.86299590
8.33772828
1.07271332
9.01883755
12.12959995
0.70214844
11.47631649
0.82739445
0.56542969
9.53254876
14.88793883
4.32951241
10.20377438
5.81858753
1.05957779
5.71439606
3.42622894
9.84552956
1.93673758
2.97408051
0.87357574
5.50781250
1.90850682
1.85404449
2.95552582
18.81216908
3.32992076
4.26953125
1.36612727
0.58410863
5.22310394
5.28125000
2.56205231
5.13236481
6.13627106
2.19274933
3.58398438
0.80049465
6.00761081
3.00646942
1.63610871
15.73659085
6.89635639
3.60344193
15.29735331
0.02254211
11.29073028
3.19201629
4.19966644
5.54655031
5.57466644
1.30761719
3.08007812
6.79252106
0.01946015
7.52343750
7.44921875
2.51367188
3.10156250
7.00122008
0.24585023
8.56595856
0.02550263
4.06986481
1.92073485
6.96581782
12.12447362
6.64030031
1.40429688
2.86914062
9.78727172
1.84554078
0.00935364
3.61254821
8.22822633
3.92293274
0.30582703
6.29304743
2.03117132
9.75781250
1.98940458
11.39707003
3.05010223
2.04312860
4.80550421
2.09960938
1.14424465
4.96854831
4.02586199
2.59242685
6.85815492
6.34375000
5.49218750
1.01375305
1.87247742
3.75626275
3.17598792
4.39798981
0.74999626
0.05802803
3.60441101
3.39053822
0.77770280
2.31364638
2.43404144
16.80016965
11.83011996
2.81445312
4.15535461
12.53649933
3.64363586
4.49308289
20.70416641
12.13972961
9.50870789
6.55814606
0.69331879
0.10894775
0.83105469
9.74096680
0.05692535
5.01607269
18.98282774
6.99763852
0.31498448
7.99609375
5.11755153
8.50024601
16.93546321
3.96431737
1.06445312
0.62886566
0.83711699
8.74743683
4.48136414
1.29619271
4.69935172
4.94921875
6.77856383
4.93464152
7.66590259
2.71028812
16.77380215
5.36173648
10.19596188
3.68912843
0.33211367
12.54296875
1.70756012
10.57812500
1.40962738
1.74104610
2.30538120
2.63716644
8.63358489
4.74754987
2.87293104
0.74388963
17.08325694
13.79381982
2.48572307
6.14762328
5.51497437
4.56327239
3.09688386
6.16406250
1.55273438
2.59014820
6.32406139
5.07946808
2.30273438
6.13671875
0.54683441
7.37320922
2.32210328
6.91796875
11.44095856
7.07098389
8.55513519
9.79028258
2.03348847
2.49820922
1.39933289
1.96280945
0.76131164
0.69425476
5.43750000
0.31270355
2.89648438
0.13781738
0.02458191
0.78662109
6.01668274
3.68481383
4.73270722
0.86661805
4.87500000
8.26908356
8.45121122
4.90861148
2.11405364
0.72054078
4.71618683
5.77779144
7.07421875
2.88057403
4.60290558
1.96431488
1.30611176
0.24572754
7.92285538
2.07194322
0.21415005
2.02173038
20.30309841
1.55557563
7.26172872
0.65087891
6.87011719
3.22998047
16.08636011
1.54549257
1.75585938
16.23437500
0.50651000
7.90067597
0.05798340
10.19303219
2.77941988
4.07344636
1.40234375
4.65625000
7.70222961
0.86515320
6.35546875
20.37186614
8.06954011
4.96666889
2.36882092
5.99654144
4.52273881
2.69015181
1.22949219
4.17435699
7.86050768
2.14193373
8.32621122
3.34220523
3.76114805
2.26619570
5.69140625
5.81640625
3.08007812
7.21484375
12.65625000
6.00316822
3.22310893
2.91434785
13.86283356
10.13716644
0.55334442
2.21964539
10.82466644
1.48242188
10.80143219
10.11870684
0.03381317
10.37410461
2.08842012
10.50423094
14.19392509
8.17249002
5.64798981
9.36376330
0.90275709
12.82377106
1.85396332
3.76204344
1.06412843
0.60156250
2.60707475
3.22983931
1.20214844
12.36193817
0.47888215
8.56575189
1.87626440
8.38806183
0.66113281
3.23828125
7.97505209
6.90385416
1.30024989
0.77612492
2.57316101
1.89099152
3.49414062
6.26171875
5.08984375
3.66116468
3.65133532
5.57377106
5.14107269
4.37845856
3.63716644
4.58493477
2.21561614
1.63541750
11.38281250
0.44970703
3.11718750
1.51757812
4.78861481
0.30269379
0.99617243
2.83976507
4.67923981
11.84720856
9.25280294
0.49592642
11.75212045
3.41752106
11.98437500
14.91556793
1.93029754
15.47131317
5.82303303
3.47742353
8.53035461
13.22298094
7.91072695
7.24271388
19.77535128
10.83463984
0.52636719
0.81201172
3.62519919
3.69799867
1.98306659
0.99849457
7.09375000
0.34187805
0.00080628
3.13911957
2.04101562
5.77197141
4.77249779
15.61568705
4.44140625
2.41992188
0.02052551
1.95454926
2.30664062
0.00563431
6.13867188
0.49414062
3.06957634
10.01310242
13.39022163
1.32963043
4.36621094
7.02734375
7.75007868
17.11950964
4.85502106
9.86694855
3.91947418
0.97062071
7.94100039
1.74316406
8.04284575
13.20324800
0.04508422
15.32800200
6.67378878
6.83398438
11.15881317
3.68493683
10.98311060
3.55009253
5.59375000
0.80712891
4.67776375
1.26559563
4.36718750
12.91752106
12.82377106
4.42911805
6.12064606
2.75826019
5.16796875
2.82617188
0.40722656
9.82812500
0.09208160
6.46529144
0.83874294
0.71159062
2.62080840
6.65297070
4.87998891
6.98852539
4.87500000
9.82681119
7.58166660
7.49519836
1.37394226
8.99218750
2.91316711
0.04692046
0.24808808
2.82617188
6.98392731
4.74654144
4.12890625
0.07263184
8.64843750
6.98649047
5.87967864
2.82719027
2.82722961
5.52343750
1.09081657
3.47404366
10.90899865
1.62303192
11.81987976
14.93404144
2.76367188
6.14408356
9.14741911
4.04834109
1.50000000
1.65136719
14.52689606
3.93961547
5.20278855
3.34981106
8.05057956
13.71875000
3.88867188
0.43200434
3.92090093
3.25336991
4.35209884
4.82242797
2.10921265
1.26053801
2.25508699
7.79207336
4.66451019
1.66255707
10.62206782
11.54980718
8.04186171
5.00065935
8.80122894
0.17883301
7.71104057
4.31556515
2.74097240
4.35502106
8.33247894
5.71487811
0.97652814
3.85742188
8.65150940
2.95434010
3.82975842
13.01472961
7.80558289
0.06811523
2.49355497
3.36191378
1.11523438
9.10937500
0.22106934
1.84398856
2.86284797
24.06850356
2.62532967
11.53548094
4.38248781
3.21724457
8.93750000
0.08239746
8.65535461
3.84916168
1.68253601
0.20320648
3.97265625
2.21830231
5.05904144
10.24218750
0.50370270
11.99552305
8.22704455
1.29110427
12.81250000
6.41841644
0.46411133
3.01517731
4.73009849
3.14441323
9.74129211
2.30407746
7.77734375
0.01449585
6.84798094
5.38594636
1.08345551
10.07421875
4.60764007
5.93286071
1.35941683
7.38448028
6.71317597
9.55468750
5.40144836
1.34517426
8.37398161
3.22965204
4.32259530
2.79492188
7.51199912
4.06132424
7.75480164
4.29642731
6.70478779
12.86530807
3.45500443
6.90970856
8.05700466
1.13875554
7.14643507
5.29016954
7.93013519
6.66646332
6.06372008
1.48315492
6.84765625
8.51562500
3.73828125
3.41707336
10.17052195
21.47929798
11.13435727
1.95499944
8.66796875
3.74414062
7.41796875
4.82031250
2.91015625
0.01983643
11.88671875
27.84330231
9.55257597
7.08670943
3.12553136
0.47998047
7.67053192
9.27022721
6.84765625
10.01472961
0.27726258
1.46830231
2.98091644
0.01678467
0.58056641
5.81252439
0.39645999
2.98339844
8.64843750
0.55078125
8.38281250
2.77343750
5.49910461
0.18204773
0.00841522
4.46438235
0.01127106
5.14107269
1.66699219
8.11283356
13.64009613
8.53470856
0.41109223
12.81595856
1.76367188
2.02583832
0.76585020
4.39164339
8.09375000
0.50825957
3.50765015
0.35921203
10.68493683
3.53906250
11.83158356
7.49654144
1.34720856
12.46606383
4.71797761
0.23120117
3.12304688
1.44388824
4.06363143
0.52666001
1.34863281
6.10502106
2.55806488
0.41996246
1.56941711
4.37589539
0.64400238
1.87500000
3.25752715
0.39554902
11.54239805
0.78466548
0.56404975
2.00414229
2.43095689
5.92130430
4.37992464
9.94531250
0.28271484
0.07419830
13.18972851
0.41325825
5.77130209
0.11191803
2.10351562
13.94352172
14.01615387
18.47924867
1.49023438
7.30468750
0.03707886
8.54453459
2.49727449
0.14685917
7.29909449
5.24654144
4.96875000
0.85502106
20.78560394
3.56937279
9.55517952
3.55224236
5.07711159
4.96093750
16.00768950
6.37357668
3.12917053
2.23962433
4.53515625
1.20410156
1.40287262
13.39843750
-0.00178009
2.54898175
13.27942736
11.15893617
5.21138519
2.16361481
6.03169769
1.93261719
1.19095856
2.46484375
4.48482269
6.06506317
0.44694031
4.24067709
5.91211436
12.83203125
1.46728516
0.23954254
3.56860872
2.41542552
3.12695312
2.12779827
11.77826353
12.03757202
1.14563082
7.69877106
6.15909851
2.18164062
1.79597961
12.82902039
8.23908799
6.46248227
7.03280474
1.73295074
11.59029144
7.75390625
8.22220856
0.11494965
5.86441767
4.46476507
0.81103516
2.20011414
11.55105732
6.44462253
13.66316711
4.73527039
13.74316406
6.99243463
6.30135195
2.04866080
9.08219858
8.67968750
5.01997894
2.36067625
5.88204011
6.09810394
0.91650391
2.24344692
4.23071476
3.55016623
1.96200022
11.57543883
7.28784242
8.58203125
17.00691711
2.51456726
4.75781250
1.62410461
6.65100067
0.27323457
7.13195770
0.00000000
7.19925934
16.40445922
1.35140015
6.71138519
0.01013184
5.92968750
0.18261594
1.77783328
18.63609376
3.45842863
5.60156250
15.44901457
7.99410128
2.70161957
8.50345856
1.76704926
0.87695312
7.14062500
6.18994141
3.63822418
8.28470856
2.39152039
4.24955231
4.26607269
0.16235352
5.48738586
7.81026153
8.50704011
0.45117188
7.46093750
2.41271942
1.45499695
3.09134918
9.24308289
1.34277344
0.62500000
8.44531250
5.72611481
6.48002106
2.21964539
11.86694149
3.55102726
3.51668274
5.52709774
0.41764531
2.21289062
8.88720080
2.90576421
0.28177638
3.09908300
19.93830674
11.40711103
1.53747341
0.49650335
8.31974180
3.74772218
8.05558289
5.15490692
15.61958832
6.03507508
9.28816711
9.18314606
16.80200133
5.18371675
2.18750000
8.76639739
4.71280696
1.72933233
2.13911957
12.09307725
2.27236036
0.63423676
3.60351562
14.02343750
11.00740290
3.09171819
13.28881649
8.31148161
14.41913153
1.55777953
3.87487700
14.31441378
0.67578125
18.24926197
3.12573803
6.09330231
5.40185173
4.58064384
3.38815048
8.00301086
2.24353058
10.32800200
1.16658632
0.08909088
16.21516844
6.11059508
0.02254211
5.05904144
15.62410461
4.93884308
8.69531250
2.48632812
0.44970703
7.18798805
4.63664007
8.54008089
8.44698028
1.50601674
11.31787234
4.78621897
6.12886193
1.40625374
2.43554688
14.44095856
5.41438719
10.45222961
4.96195589
6.60412567
0.22916687
6.75044769
2.70178192
2.13130707
19.41446587
18.83988807
1.56250000
3.49654144
15.62064606
5.34615082
2.90429688
0.81152344
8.25679411
3.11645446
8.24489806
3.68446475
8.66764406
6.86283356
1.96573914
0.74804688
8.65970856
0.35884613
3.92297363
11.46646720
0.55404061
1.50459310
3.85990138
8.10591644
3.54785405
3.25781250
14.20080535
8.04028258
4.24621675
11.05379211
1.29732269
13.22082115
2.59167885
7.32076019
9.58158356
0.78413910
5.80361481
1.87607269
2.03906250
7.32031250
4.26171875
0.95397607
2.17883643
3.79642731
0.59370941
2.06156153
3.70568817
3.98865026
7.13326019
2.22346798
4.06229831
10.25524933
5.55769836
6.41796875
2.52823914
1.01078277
15.31595856
5.49584774
9.08707890
0.00349998
0.00026351
0.02621757
3.25826019
9.55033356
6.58378733
5.10156250
2.02148438
5.22265625
0.15341663
2.51409488
0.02254211
13.68448914
9.32454344
1.66231355
7.26562500
18.72069469
13.59143284
2.40184924
3.92920545
1.72778320
6.73046875
0.85009766
15.17097961
0.13724793
6.69071255
7.67609597
3.84803523
3.34375000
8.83939606
8.12154144
4.76896055
4.06697695
7.81250000
1.48543274
7.14330494
13.69343307
18.58163785
0.90824371
0.50191254
14.83398438
3.87109375
8.26037567
14.80904144
4.85636414
9.00052887
3.62154144
4.44877106
1.42720551
8.59244127
2.22005873
3.07670074
0.39965820
9.44787567
9.55212433
4.30367035
10.28844748
2.29749002
3.89411542
0.41702904
7.01432624
12.29508422
5.58215425
0.11114502
0.40502930
5.98046875
1.78320312
2.31640625
17.10937500
7.99519836
7.91105164
2.03320312
3.39798981
9.11372894
10.18969415
4.72046210
1.35839844
4.38097241
6.10144946
0.94384766
8.50585938
2.93119293
13.27343750
3.81490082
14.51908356
6.56461547
7.04414451
8.39559397
0.25415039
13.17533356
1.73189301
9.95312500
0.95117188
3.12695312
4.43565991
2.78113696
0.93212891
5.86718750
0.81449371
6.53861481
23.95169247
1.73534907
10.25488530
16.24068207
2.55828784
0.11271055
11.32478945
1.59525543
9.32466644
1.29642731
13.45943207
0.89062500
0.67822266
9.33939606
4.10982269
16.46004211
7.93420379
5.69319703
6.09029144
22.12295823
3.41805740
4.81318374
4.29619126
1.12597656
0.59057617
7.48392731
2.56685394
6.01863586
5.89888519
3.48229887
4.88728945
2.17773438
8.85925200
9.33593750
2.75598238
8.44531250
3.53906250
0.95385680
6.33862367
6.24564606
2.26249114
0.10123781
7.61328125
11.19531250
2.58593750
1.67419153
7.80237034
4.40893119
22.01532862
4.32421875
0.59822352
0.74388963
11.87931959
5.22054078
7.36751219
3.90787843
3.35607879
4.68493683
6.20422208
9.69030917
1.81294271
3.53186502
10.39497894
0.53609223
6.69921875
6.25000000
5.06205231
0.60738129
8.38342005
7.60144323
2.91992188
8.39086914
3.59179688
0.56835938
6.23392731
1.59232574
16.90881317
8.02087433
2.74894226
6.69531250
2.64257812
2.40625000
5.24218750
4.42578125
0.69189453
6.96093750
4.41361481
0.38838715
5.67555963
1.87477393
9.44966644
6.74609375
0.55029297
2.01562500
3.28906250
0.13818359
1.77306662
0.02254211
12.72566711
9.16149933
4.83638519
11.45914672
0.73225953
8.00781250
15.06160461
2.22265625
10.18135528
1.71309480
10.45031583
0.83484042
3.50781250
0.99804688
0.00521851
11.80033356
6.20357269
2.29077148
6.76318359
0.72705078
8.16560789
5.79675200
1.21757175
4.41796875
7.39206118
1.99465757
2.35693359
1.58797180
7.08292664
10.64754211
1.05708832
6.78125000
0.43603516
4.74263519
5.39843750
7.18969415
0.88647772
11.85656583
6.49307292
0.38038231
18.06976619
2.73536901
7.56115692
1.86234403
15.43305741
3.66557291
5.27592198
4.60937500
7.06294769
9.12129544
7.67557956
2.65039062
5.64062500
4.35502106
1.46142578
4.88716644
9.95312500
3.11376953
3.09179688
0.74267578
12.11718750
0.04586792
3.20977077
4.13201573
1.31453430
3.61897828
9.28125000
6.51562500
7.46215758
2.11401429
0.57421875
0.46003931
4.23429632
7.29431183
12.20312500
0.00838470
3.25195312
13.37666778
2.18644226
6.57563318
0.02073913
2.97265625
6.33693596
6.53460549
0.67578125
1.97822778
0.00834448
3.29988139
0.02254211
12.08247894
2.70747894
11.00512633
2.30358544
2.43542885
7.00000000
2.71927139
2.32516220
8.23783356
13.30802305
2.29113863
14.63370789
3.26908356
2.06880707
12.48783356
11.16548427
0.49873746
3.11332557
0.69433594
5.02856383
3.87768617
5.03381317
6.91495789
3.92036957
3.52298981
3.39843750
5.85982269
10.98543274
0.10453309
3.89289534
5.82833665
1.50602172
12.16239472
2.39843750
11.14453125
5.27298981
6.77388519
0.12109344
1.79528840
1.09570312
4.04943817
1.74441725
11.68094817
0.11271055
10.21797761
17.49308289
15.53613281
12.03625333
5.28796542
5.28169769
5.06205231
2.41796875
4.09977172
3.68090758
1.25643007
1.00923676
2.49681433
3.23463098
4.75390625
0.57523465
14.06441378
0.02980042
3.21393433
2.78339538
22.54015459
5.33289228
14.55491152
3.52856508
1.69380707
8.83158356
12.02490234
6.17187500
16.01293883
2.33081117
5.87935394
3.68750000
0.46850586
1.09863281
1.74316406
0.09484863
0.03308593
2.04581726
4.83203125
7.34330231
2.69771332
19.73916667
0.02254211
15.03462738
4.35546875
17.15474457
6.60546875
5.96830231
0.09096283
0.05895996
6.04162567
6.97399933
9.83158356
0.68355316
8.08739362
0.29887743
9.49796321
3.99076573
6.43475399
9.41060394
6.60977837
8.32694924
5.93461214
4.71093750
1.57305571
9.75358156
1.70019531
7.97957336
2.16519144
5.76441489
1.01855469
2.00390625
0.56986481
4.28755707
1.70898438
5.23046875
5.82812500
1.47949219
5.96875000
10.82415771
8.65074158
0.06900024
3.53125000
10.07914215
3.39008928
0.52973959
11.59871897
9.85066711
5.60310727
3.42362644
3.94579954
11.74690049
1.57638353
10.04906915
8.13776153
1.89430518
0.97106965
7.71439606
0.44942230
1.84863281
0.04307037
5.10599762
8.67277039
0.60107422
0.32871303
0.06050816
0.95300293
8.63972961
3.75572391
1.80864804
14.30364917
9.57336499
5.69563719
7.21842531
0.21875000
4.55360609
6.71934313
14.23827128
3.77946919
0.54431183
4.16060394
5.41752106
6.02388519
4.05033356
4.93872008
5.14146734
0.02254211
16.02677305
6.14990359
2.06250000
13.75256317
6.92712433
0.23575774
0.47530183
5.48437500
0.58496094
19.09720856
15.43013519
11.89062500
0.08728027
7.58939606
5.43615692
1.80603058
0.04353852
16.07377106
7.23313498
0.66965646
4.14062500
8.40844415
5.29545323
15.08267565
3.14421154
1.26452792
2.85937500
5.21439606
11.94966644
16.33939606
0.34594727
1.31099457
6.22646388
2.69886967
5.99324025
4.75330119
17.40625000
10.61413232
4.34252992
12.22435340
1.60048981
12.87928523
5.98462101
6.16060394
4.70658356
0.03053803
15.68705231
6.76997894
11.87080342
4.25932291
0.06945863
3.52929688
5.81640625
11.16227172
2.89196808
1.04146332
10.26908356
5.10400266
1.25972628
3.76171875
10.31225399
0.11792179
7.59838431
25.99442597
14.11243018
1.81933594
7.01741578
3.44140625
10.68135528
2.85415753
5.39486591
12.92789672
3.88098238
9.13281250
1.53320312
1.71777344
2.16388769
8.93474512
2.23437500
2.05675491
0.23669216
13.15538897
9.67261303
14.03328679
2.83951906
15.45112257
2.85747118
8.02815548
1.76241245
3.14558899
10.00949281
1.35526706
1.64160156
7.20768063
7.71374667
2.89302582
8.18750000
0.01308441
11.29141401
1.90975786
1.39746094
10.80809176
0.77695035
3.71875000
10.55904144
0.72115082
0.55957031
5.08455009
1.26469276
12.50870789
10.02779144
0.70214844
5.40719915
4.75747339
6.83728058
1.86230469
0.01708984
0.55322266
6.66808802
0.34940271
6.24890292
7.38952792
10.97387633
4.23315492
0.60249848
3.38431793
0.78458430
4.42826573
13.64037899
14.73026706
7.78169769
4.22060949
15.09445367
3.86027039
8.08593750
0.79541016
3.74454649
4.19522884
3.02124335
6.66105164
3.32271332
0.76806641
0.00872803
7.48815825
0.30651949
9.52689606
4.38582336
2.00284851
1.43871759
3.32202460
6.75256317
0.03969361
7.35892731
1.83247894
2.40384918
12.66752106
6.34073914
1.75585938
6.02741994
1.35111481
5.12967864
6.46407136
13.24129211
5.49743683
6.13281250
2.59179688
7.57287567
1.18314606
2.37634308
2.50630707
0.46484375
2.49023438
12.16076660
0.84444121
4.02567597
13.42443817
3.86124446
11.04634862
4.46830231
5.72701019
4.44173094
4.30000886
2.25268555
16.06685394
5.67488586
13.73331726
7.66015625
0.43115234
9.71875000
2.74511719
4.54162567
1.77367479
4.87675642
3.60140015
3.85457336
4.03800476
7.54752438
3.39616311
5.29341644
5.63223682
0.10143950
6.41809175
8.63435727
2.34220523
9.83939606
0.08437103
0.86718750
9.81970215
0.10625152
2.45926972
0.02383423
6.74564606
5.40376552
10.51855718
0.01210022
7.74218750
6.10156250
1.34375000
2.48046875
2.47416168
0.12996430
6.94921875
6.80143063
3.62935550
4.42968750
2.66634032
5.56713728
0.54882812
1.52734375
3.82421875
1.68488254
2.83855496
3.12500000
3.54101562
4.99021070
21.13564161
6.98942265
9.41406250
5.98091644
7.21951294
4.23437500
5.00390625
2.29101562
4.78727585
2.29927582
3.80174286
0.42830009
12.43453346
1.19531250
5.20703125
9.33850067
14.60758422
11.28637633
17.57633422
4.94946476
1.74804688
7.30387079
10.66326084
6.29309175
1.58203125
2.30033356
15.16061783
1.43164062
1.47212738
3.17398549
8.83142619
1.78951019
1.02412497
1.97733987
8.95312500
9.96093750
21.13601757
2.97042774
6.10729389
1.96887799
7.02734375
5.88871122
2.02441531
1.47341991
0.55396442
6.94396942
4.68538453
4.37935394
12.06160461
8.44185394
1.04349637
5.61173648
0.50927734
3.31400543
0.72359223
15.22049895
2.45302384
0.32686060
13.50126440
3.54252106
0.08601898
0.02421570
5.70703125
17.74641844
2.51680574
10.18558622
0.44327945
1.18261719
4.27298981
15.62064606
1.56082942
19.60705784
13.92277039
4.85156250
3.02974457
12.87064606
9.47749848
1.43412262
3.42036957
0.05035400
15.98079344
13.91662567
0.98933369
1.50973127
10.62935394
10.07969447
4.81239693
1.97928552
17.03304537
5.35201019
0.04209381
6.19966644
5.37746423
4.50233709
3.19771332
5.23437500
17.72566711
1.84256677
2.06315436
7.39888519
2.58984375
6.57939420
5.80344303
9.25361342
6.54862146
10.46195589
4.56754765
6.24609375
3.12304688
21.77677305
1.91027925
3.35591146
11.81055186
2.81835938
9.28458555
4.64119570
5.32153258
6.85424867
2.74804688
7.04252106
1.09411528
6.46932070
12.48783356
9.47220856
4.76216644
4.81986481
0.35929383
3.93945312
4.92598294
10.71655087
7.23853920
16.50000000
9.82031250
2.52929688
0.68501676
1.77250277
1.54252106
0.47945160
0.33219360
5.19274933
2.63521332
9.83789062
2.58398438
2.22371399
4.47745789
9.27473626
1.11686530
4.12890625
4.51660156
3.62304688
3.34960938
2.84789167
0.02254211
5.99173981
4.75557403
3.30045656
8.25345856
1.18570922
2.65067597
9.89408356
1.37251801
6.13236481
0.10396332
6.54296875
3.55863309
0.41845828
0.33345551
11.66406250
6.30078125
5.38012633
3.84643617
8.20312500
7.35847961
0.08347596
1.31250000
9.63883422
3.41149933
8.66406250
0.03075165
0.97558594
8.19518950
2.70430574
2.84224457
3.20658356
6.85131649
0.15812382
0.68750000
5.83203125
5.21093750
4.73002106
3.05513519
1.33361785
4.11372894
5.06730164
4.70853170
2.21139018
5.75662678
0.10421307
4.45137356
0.18033688
6.55652011
0.94111965
14.87524601
6.25390625
9.51025266
0.12410586
4.55558289
0.10369873
0.13928192
5.99698914
0.05690521
1.63476562
1.64042082
0.04060945
5.39754211
2.40786223
0.61162843
4.13841590
0.87179742
4.50085356
3.09147218
9.65625000
4.31896942
3.00870789
8.72745789
0.25065094
24.74945068
4.20662290
3.47741855
7.03125000
7.83972075
10.00793550
0.05596924
2.78906250
15.18469083
1.72546542
7.15824247
4.57613253
4.36840758
0.19067445
5.99348626
14.38497229
2.16210938
6.16015625
0.90816254
0.59676086
0.09495057
1.90848474
0.13525266
16.94188830
10.94544567
5.66192264
0.00815582
3.34765625
8.46192169
5.08593750
0.01045990
5.65808058
2.21283633
1.91802304
0.03491211
0.27416992
13.26908356
6.47701019
6.49865692
8.34899933
5.71289062
10.53612655
0.17955506
3.04536957
2.44531250
1.71618434
3.77489861
2.82044049
8.71093750
1.13688110
0.86877410
7.13557264
8.33344788
3.34082031
3.16662567
5.39152039
2.79196066
1.16503906
3.47211176
0.95740026
2.12845856
2.94077876
0.70082280
2.48482269
0.15759277
0.02000427
3.07421875
0.01559448
0.37447051
2.05105663
0.44848633
6.60892731
6.54341644
9.97912567
12.86067376
3.11320257
3.27612367
6.42077668
4.80859375
0.97216797
5.91015625
0.12013732
0.86564148
0.72119141
4.17789672
2.03417720
4.37581671
2.91556793
2.14888519
4.73437500
0.36914062
3.55446870
7.30669492
4.37890625
0.19494629
8.71337766
0.91748171
0.00313377
4.96484375
6.41079566
3.34311059
0.98339844
11.81235706
4.14288341
1.53987672
8.80859375
2.02783203
0.62601715
4.87154144
1.88313096
8.89238142
2.82137024
5.04911347
5.95780364
7.15189606
0.13346437
0.08968078
0.03153504
10.94503869
0.13525266
6.53348847
1.90157136
6.32812500
0.22013336
15.55033356
7.11328125
4.22701019
12.28906250
5.29341644
1.12402344
0.12650543
0.29756684
4.78861481
7.11034907
3.73730718
1.37740082
0.00482559
9.65189606
0.70845551
3.11856868
16.91565159
4.60591644
0.26220703
3.09391235
1.10953735
10.73795656
10.95568817
3.56099457
3.37784851
6.39062500
0.36840820
0.00557327
0.45581055
0.07321624
1.10237672
1.18111176
2.99270391
1.03463984
0.14428711
1.31152344
0.00471497
2.59871399
0.04785888
0.19535371
2.33575459
5.75872783
2.84960938
3.35546875
1.55936079
0.07889739
11.41524324
12.51973294
2.50911624
3.12740082
2.25390625
1.06640625
8.63281250
0.10449219
0.31396484
1.07718279
7.05465314
7.28080231
12.30904144
0.00468445
5.15483550
15.49552305
0.82902164
9.92968750
5.82076019
0.13537598
0.30554137
0.73905488
7.10591644
2.93062223
1.04594027
0.06378174
2.25073242
1.36621094
12.77254211
6.02433289
4.12845856
0.88472504
7.25288786
3.33109652
3.29899047
10.91149933
8.69185394
5.11523438
6.73437500
1.58353668
7.17968750
3.41438719
3.69889406
8.12154144
2.35546875
4.91796875
3.78906250
7.01171875
0.58691406
2.92537040
0.02254211
3.11027039
7.46785461
9.25691711
3.33923371
5.11372894
3.87995402
4.23873891
0.52827973
5.44832336
1.11124695
9.87211090
4.66060394
1.65580231
6.06054688
10.52449025
3.55485483
0.14123597
6.51488697
0.82247479
2.25610352
2.02555297
6.95357269
0.16442902
2.24023438
5.80468750
1.29935699
7.73908799
2.97620345
4.15643175
1.05450575
6.28906250
2.36165282
7.59741024
2.80460882
11.51806516
0.40429812
3.28186035
7.01127106
3.29882812
3.94771332
2.84057617
1.02551238
4.63716644
10.08247894
5.60839096
0.46680435
3.43208832
6.40189606
2.39497894
0.68457031
0.99043731
0.98152617
0.15779477
11.19546986
8.01392287
3.50781250
7.10713653
3.79130097
0.27201324
17.29687500
5.35201019
4.12711547
1.74300172
10.02343750
1.10599762
6.45312500
5.59908051
6.96439606
2.97326629
4.57210328
12.12500000
8.04252106
12.21736664
2.51562500
0.01629639
11.75450632
5.26172872
6.99249225
2.11822583
2.09016844
12.38639406
1.15917969
0.02209473
8.34375000
0.80810547
0.39379727
0.39148105
4.10937500
7.79374114
1.99397828
0.12268098
0.64457184
5.16841644
5.60156250
0.00329399
10.68916778
10.15535461
4.49693485
3.16936613
4.01997894
12.68745941
2.04101562
7.82295435
0.07011206
0.00396347
7.31517620
10.36543108
3.71224623
2.05904144
7.60412567
0.16605621
0.19165070
5.82812500
3.60156250
0.02718109
4.57031250
10.24218750
3.05285177
6.05115026
4.33746048
3.44140625
6.85803192
1.49601258
2.07857269
6.75781250
5.14147607
0.24621925
3.57242299
0.71566295
1.79230192
2.04656526
4.71830231
7.11763519
0.21781402
3.33149491
4.42676529
4.55078125
0.48762813
13.16458888
0.68571420
4.15279144
23.18904477
2.67618960
4.44486481
3.93164062
0.49214691
0.02073669
0.51680449
5.72489472
1.22070312
0.64868102
1.49877992
1.96582031
5.57812500
0.80371094
0.29687500
0.00959778
1.47887966
0.08541050
3.83447110
0.02254211
4.62141844
0.52498476
0.07016998
9.48091644
1.78080231
10.72912567
4.92366578
5.31250000
1.82816559
12.58670989
4.28438386
1.85420684
0.96903535
11.20747894
6.27254211
0.41324891
1.83593750
7.93314606
0.20747863
0.84948762
7.04548946
2.21329898
3.30151429
0.40332031
0.34171508
3.66931183
0.31213348
5.86604859
1.67045074
6.46529144
1.29882812
0.40657531
2.07502798
3.16349678
1.74246039
2.72938289
2.86325073
3.91992188
1.17764946
3.35852393
8.06250000
0.80863434
0.47526062
1.24963348
3.43554688
0.02990754
5.51002502
5.17968750
0.77001953
6.31054688
10.77831782
2.50293218
2.78067930
0.38313906
3.03634466
0.13525266
1.67529421
3.55671432
4.14641068
10.84977172
11.65189606
13.24051972
9.98258422
0.20979859
2.27343750
7.56160461
3.41886414
6.01953125
7.73213653
2.38777649
3.85424867
13.50386566
6.14843750
2.52734375
0.02825409
6.49654144
1.93847656
0.90039062
6.79117797
6.99788453
2.24804688
34.53230275
2.42969248
4.16483489
2.30481050
8.03592864
4.16329011
0.11700439
2.89408356
0.24230895
5.80000886
1.49662262
1.10982269
7.28771942
6.82556183
8.01558068
0.16947792
3.62455231
5.59309688
2.19299534
2.22611481
4.69909575
2.74231050
4.53560394
3.90820312
4.48392731
3.71093750
2.34810394
4.07812500
1.86230469
3.31579123
12.62584608
8.09794658
9.34066046
10.96901043
11.76882313
5.59195922
2.46512910
0.24886016
10.53166749
5.32857269
4.98002106
8.47656250
4.76774047
2.12483765
6.51562500
7.28560394
4.24218750
2.37174313
4.72937167
4.71529144
3.51953125
0.00379944
12.69339996
2.76143091
10.65022828
5.76505450
1.00801917
4.40234375
4.83984375
1.19291168
1.34016937
8.05033356
0.39864043
0.67362519
6.84720856
1.63468445
12.70954137
2.71868129
1.25878906
7.89379322
2.44861369
6.25817902
5.53125000
0.03941833
5.02254211
0.80944855
7.69966644
0.02221680
1.82421875
0.41870117
14.10937500
0.80859375
8.60156250
6.50937134
0.22932953
9.86283356
5.24609375
7.76171875
5.45703125
12.00217957
7.89453125
6.91580771
