0.32686060
1.43689245
7.06685394
13.70325714
0.95357269
6.47554411
3.88773714
6.23437500
12.44185394
0.60742188
7.32737700
3.26983155
5.52583832
5.62097075
2.94152925
1.25528868
3.22713320
10.60156250
2.71093750
12.62500000
3.04866080
3.47628213
6.28446255
8.67367587
2.26953125
1.44238281
9.02131206
1.37277149
2.81441254
2.29447418
6.09842864
0.52319398
2.31925476
2.39798981
0.76997894
3.08593750
2.98046875
3.25467864
1.59297761
0.29663086
4.85753740
4.33565713
0.35429050
13.03214539
0.35860199
1.11425781
2.02058649
3.73148714
0.90612949
5.99609375
1.77343750
9.46443041
2.49064771
7.25142177
0.34525792
3.02929688
3.60009454
0.15779477
5.27535128
1.57979340
2.66210938
8.88102172
13.18660461
5.28002992
3.28061795
4.15035128
6.10937500
1.34863281
17.72566711
10.67370512
2.88045102
8.16353612
1.39257812
1.07128408
1.71545877
0.55558289
2.80273438
4.88326019
1.43607574
2.20703125
0.14294434
7.30708832
9.36962766
0.15356570
9.40189606
1.70015348
4.59521609
7.12186614
3.01485261
6.35111481
0.56197113
10.13391422
2.82942874
11.93452973
5.61328125
0.90014462
2.92798038
0.38260895
21.62661348
10.60844525
6.52051529
3.61424535
7.80986812
0.58931488
11.91406250
1.14160156
8.45479278
0.57255097
0.17333984
6.88492797
1.86116578
1.00390625
0.23673492
3.69628159
0.64010361
14.30610677
0.43957115
9.98860594
2.13928690
15.01847351
12.38403258
2.40445880
0.98659407
0.05500031
0.03303146
0.78316129
6.19197695
3.03515625
1.97798676
10.42968750
3.17968252
0.25928233
7.32949247
4.70086214
11.21875000
0.26774109
7.74404699
0.75595301
6.73437500
5.57812500
3.72232907
1.50297152
5.00614472
6.36629211
1.47062195
2.20853668
0.35542816
2.24804688
2.76460661
5.08170656
6.14978058
1.56835938
11.60937500
0.19653320
4.35156250
3.93945312
0.08945709
5.35842033
2.89007424
6.70401167
6.11438829
5.31099457
0.34403473
0.08502197
5.37109375
5.85111481
1.59952820
2.04300809
6.77535128
0.57673645
6.68314606
7.73828125
3.62349457
5.44807735
13.72517509
6.45406471
5.74218750
2.92968750
4.77779144
11.77298981
7.91316711
1.35831726
2.19726562
15.60937500
4.50044769
12.81416778
8.52181695
3.68664893
1.48331726
4.80619293
0.96732574
5.12544769
4.79296875
12.31595856
6.52433289
9.29101562
5.29642731
2.22505707
15.73807271
8.74459330
2.88822418
1.04927582
6.22167969
1.24316406
15.83353668
13.86271055
12.08153798
2.98690381
7.16227172
3.54130097
8.70222961
1.58931488
1.99849457
3.51171875
6.69531250
5.85502106
7.76114805
1.27213625
0.22058137
5.33203125
5.03261436
2.16695534
1.94042969
10.70229832
4.36020168
0.85498047
9.88964844
4.29553192
6.79821808
17.55354610
2.06168827
6.22985373
0.66263824
15.60724956
16.50952460
2.69181959
7.44576019
2.22656250
1.93261719
4.60957419
4.52962655
0.38842773
16.69185394
3.92347375
2.08463874
3.66121399
4.39587433
1.02364043
4.22098847
5.74385528
0.66141816
15.66923004
0.05421967
2.35717337
6.57694924
1.45117188
15.18612533
6.00691711
0.57405640
4.90625000
5.68750000
1.00488281
10.43481383
0.27075258
0.64868102
1.77807679
1.79199219
4.96093750
7.18359375
1.45183080
7.00294215
3.62951629
2.10831726
3.41841644
0.03129059
5.93513852
7.00378574
4.12365692
6.69006317
5.87723847
4.39107269
0.30057770
1.02876801
1.64941406
9.98783356
3.36466368
11.93229400
0.93941378
2.49812306
0.05635528
14.14562833
13.62959995
10.10567044
7.33227726
4.02468197
5.51047428
0.24076324
8.20969748
3.59153146
12.87141844
8.60709718
3.92142731
8.94877106
5.37154144
1.71724457
15.25525504
5.74402260
10.23872894
1.53275543
3.14693207
0.17578125
1.98954067
3.67798038
4.15234375
0.76147399
3.48498504
1.50223847
1.91044160
10.45214626
1.39026097
4.69787567
0.79480012
4.93084717
4.45735594
10.55558289
14.99051972
10.34977172
2.05887910
10.18534021
5.64278479
11.40970856
11.56250000
1.58736176
1.27832031
11.73131982
9.22994237
6.45235261
5.35937500
13.05277372
3.00040835
5.37206782
5.32715093
3.28470357
7.38131205
2.92578125
11.08564717
11.94445396
9.71033417
8.60391900
1.56136358
6.97188386
4.28604666
4.60790891
12.68340527
3.24693040
4.32421875
8.56941711
15.09118683
3.86299590
8.32991578
1.07271332
9.00268368
12.14087101
0.70214844
11.47631649
0.82934757
0.56298828
9.53254876
14.88793883
4.32560616
10.20031583
5.82906513
1.06055435
5.72176086
3.42081726
9.83381081
1.93673758
2.92134613
0.89794922
5.81205231
3.49029774
2.14648438
2.99218750
17.50536486
3.99170545
4.87845856
1.45524047
0.87430879
5.65234375
5.08984375
3.35892731
4.84285461
6.90234375
3.12243683
5.15625000
0.66402004
5.44120456
3.13297485
1.71175172
14.27976315
8.35008644
3.63709773
19.61787124
0.02254211
11.29073028
3.19201629
4.19966644
5.54655031
5.57466644
1.30761719
3.08007812
6.79252106
0.01944489
7.53125000
7.44921875
2.51171875
3.10156250
7.00122008
0.24585023
8.57377106
0.02547211
4.06986481
1.91829344
6.95409907
12.12447362
6.64030031
1.41556793
2.85786957
9.77945922
1.84749390
0.00936890
3.61254821
8.24778047
3.92293274
0.30582703
6.30476618
2.04093694
9.75781250
1.99872251
11.38579897
3.23567486
2.25479790
5.27303413
2.56445312
2.18709165
4.80704898
4.41688999
2.31137854
7.25704011
6.05423981
5.40669769
0.92830383
3.43204773
4.27457392
5.51164007
4.72912567
0.65091638
0.12455604
3.28906250
4.01191607
0.77770280
2.31364638
2.43404144
16.80016965
11.83011996
2.81445312
4.15535461
12.54777039
3.62845856
4.49308289
20.68423462
12.14754211
9.50480164
6.54687500
0.70458984
0.12003570
0.82222504
9.74230957
0.05710846
5.01607269
18.98282774
6.99373227
0.30078374
8.00345856
5.12341091
8.50024601
16.93546321
3.96085882
1.07963043
0.57222504
0.89766387
9.27087433
4.51261414
1.09992628
4.92387743
5.20703125
6.70479278
4.87796155
6.40763990
2.63558233
16.89160032
5.73885195
10.61091977
4.35079011
0.39758394
12.49023438
1.40429688
10.92533356
1.33300781
2.27933622
1.91011691
2.73677582
9.08414672
6.83168662
2.68124785
0.74388963
17.08325694
13.79381982
2.48572307
6.14762328
5.51497437
4.55936614
3.09688386
6.16406250
1.55273438
2.59033130
6.31624889
5.06774933
2.30273438
6.12154144
0.55810547
7.37320922
2.32015015
6.92923981
11.42187500
7.06329346
8.56685394
9.79028258
2.03544160
2.49430297
1.40226258
1.95446808
0.77209442
0.69376648
5.43750000
0.31050629
2.90429688
0.13696289
0.02725220
0.81933594
4.95027649
3.97928801
4.72143617
0.78259308
4.82812500
8.43660461
8.37744016
5.17378878
2.35624114
0.74833222
4.52042664
6.46919769
6.74609375
2.79463653
5.11853058
2.41646332
3.20161957
0.19689941
8.57821655
2.97159893
0.21415005
2.02173038
20.30309841
1.55557563
7.26172872
0.65087891
6.86425781
3.23022461
16.10111726
1.53422152
1.75585938
16.24564606
0.50968383
7.90067597
0.05761719
10.20182126
2.78332613
4.08862367
1.38423676
4.66752106
7.69095856
0.86417664
6.36328125
20.39876219
8.07389406
4.93586658
2.38009197
5.99654144
4.51492631
2.68038619
1.22949219
4.47806793
7.88846271
2.14767010
8.52587766
2.98433566
4.19173094
2.76485261
5.21138519
5.53861481
2.12154144
7.03906250
12.34375000
4.77147939
3.41768838
2.63114472
14.60156250
10.38281250
0.92004363
2.39587433
10.42533356
1.51607269
11.47369385
11.93875599
0.03381317
10.37410461
2.08842012
10.50423094
14.19392509
8.16121897
5.65926086
9.36376330
0.90275709
12.83504211
1.84269226
3.76790282
1.06412843
0.59960938
2.60707475
3.22983931
1.20214844
12.36193817
0.47595246
8.56526360
1.87431128
8.38806183
0.66064453
3.24414062
7.97505209
6.90385416
1.28409602
0.79325535
2.57120789
1.90075715
3.48828125
6.27689606
5.08247894
3.64794050
3.66455950
5.57767731
5.14107269
4.37845856
3.57271332
4.48144584
2.31282469
1.44445894
10.96875000
0.55273438
2.84960938
1.46289062
4.91361481
0.37788910
1.94734181
3.13371287
4.69095856
11.73091644
9.52371787
0.49592642
11.75212045
3.41752106
11.98437500
14.91556793
1.93029754
15.47131317
5.83475178
3.48914228
8.52254211
13.20735594
7.91072695
7.25443263
19.78662234
10.83118224
0.52734375
0.81201172
3.61002189
3.70926972
1.98696998
1.00781250
7.07271332
0.34212219
0.00085968
3.14693207
2.03710938
5.77197141
4.79158134
15.59074412
4.45658356
2.39888519
0.00923920
1.89746094
2.08007812
0.00523758
5.13281250
0.55615234
3.29873885
10.91007757
13.38957225
1.61140930
4.16210938
6.69576019
6.71056849
18.16878546
5.04687500
19.70538330
4.89408356
1.70723294
8.51182224
1.28169769
6.70678524
13.83679355
0.04508422
15.32800200
6.67378878
6.83398438
11.15881317
3.68493683
10.98311060
3.55009253
5.60892731
0.79829926
4.67971687
1.25583000
4.36328125
12.93660461
12.80122894
4.45483398
6.10937500
2.75826019
5.15625000
2.82617188
0.40795898
9.83593750
0.09208160
6.46919769
0.84020778
0.71012577
2.62862090
6.65101757
4.87998891
6.98071289
4.87500000
9.81746274
7.58958072
7.85066711
1.37882508
8.95658356
2.90580231
0.04718749
0.23514863
2.57617188
7.27689606
5.09029144
3.63431793
0.05525727
8.19095856
6.98693817
5.66829344
2.65922152
2.98347961
5.55033356
1.21174923
2.02832280
11.25409547
1.62303192
11.81987976
14.93404144
2.76367188
6.14408356
9.14741911
4.04834109
1.50000000
1.67045074
14.52689606
3.92834442
5.21406056
3.33658688
8.06185062
13.70747894
3.88085938
0.43249262
3.92090093
3.24848709
4.35209884
4.82242797
2.12048371
1.23604278
2.26635804
7.78816711
4.65323914
1.66503906
10.62206782
11.56107823
8.01931960
5.00065935
8.82031250
0.18005371
7.71104057
4.32683621
2.73946697
3.99804688
8.50781250
5.64802416
1.02971021
3.82421875
8.50720184
3.12125111
4.23165447
13.17879211
8.04777039
0.05639648
2.65879821
2.42909241
1.21582031
10.08939606
0.18172211
1.90459052
2.86284797
24.06850356
2.62532967
11.53548094
4.38248781
3.21724457
8.93750000
0.08239746
8.64408356
3.87215149
1.68351258
0.20186371
3.97806793
2.20703125
5.05904144
10.24218750
0.50321441
11.98425200
8.24612811
1.29891677
12.81250000
6.41841644
0.46411133
3.01171875
4.75752341
3.12728280
9.73783356
2.31534851
7.77734375
0.01449585
6.84798094
5.39721742
1.07316101
10.07421875
4.59643767
5.89379821
1.39607851
6.07633422
7.51696808
9.68404144
5.53035461
1.35982269
8.44339872
3.12988032
4.29044991
2.45898438
6.90518728
4.36344858
8.61808289
4.39843750
6.63724263
12.86530807
3.45500443
6.90970856
8.05700466
1.13875554
7.14643507
5.29016954
7.93013519
6.67036957
6.05981383
1.48315492
6.83984375
8.51562500
3.75931793
3.40970856
10.17052195
21.48125110
11.12654477
1.95304632
8.67187500
3.75585938
7.42187500
4.82031250
2.91406250
0.01985168
11.90970856
27.82812500
9.54948362
7.11360883
3.13139073
0.48071289
7.66316711
9.33584626
6.73046875
10.17097961
0.38077820
1.45410156
2.96679688
0.03179932
0.50878906
4.65317986
0.24135139
3.09960938
9.67187500
1.09375000
8.56250000
2.80078125
5.61527372
0.51705050
0.02086120
4.66327890
0.01127106
5.14107269
1.66699219
8.11283356
13.64009613
8.53470856
0.41109223
12.81595856
1.75142426
2.02929688
0.76487363
4.38773714
8.09375000
0.50801543
3.51155640
0.35945617
10.67712433
3.53906250
11.83158356
7.49654144
1.33593750
12.47733489
4.73706117
0.21858734
3.11914062
1.43261719
4.07685561
0.53349595
1.34863281
6.09765625
2.57519531
0.43074524
1.55814606
4.37198914
0.65527344
1.86665863
3.26924590
0.35575410
11.35489805
0.79475704
0.58667304
1.97566026
2.47966201
6.09228391
4.45068484
10.04687500
0.28784180
0.07657867
12.28770945
0.42420462
5.03127937
0.11191803
2.10351562
13.94352172
14.01615387
18.47924867
1.49023438
7.30468750
0.03707886
8.52890959
2.49922761
0.14685893
7.30300074
5.25044769
4.98046875
0.84228516
20.80468750
3.58064384
9.54390846
3.55614861
5.06929909
4.96093750
16.00768950
6.36979250
3.12961303
2.23962433
4.53515625
1.20312500
1.39160156
13.40970856
-0.00185638
2.54849347
13.23611284
10.51395722
5.12154144
2.07767731
5.93794769
1.96972656
1.22851562
2.16556793
4.52779144
7.88582336
0.73335785
4.58100787
6.16703900
13.61958832
3.19335938
0.33207184
3.78138791
2.25250442
4.56640625
1.77399917
11.77826353
12.03757202
1.14563082
7.69877106
6.17036957
2.17036957
1.79597961
12.82902039
8.23518174
6.45076352
7.03280474
1.72070312
11.60937500
7.76562500
8.23002106
0.11580414
5.87320673
4.45349401
0.82621246
2.20206726
11.54338024
6.44559910
13.66316711
4.73136414
13.74316406
6.99244607
6.30135195
2.04866080
9.05876108
8.67187500
5.26216644
2.53694578
5.73795656
6.08203125
0.88330078
2.30098294
4.20292331
4.05529256
2.48181682
10.09106383
7.51831117
9.19628906
17.36193817
2.19230164
5.56172699
1.71199524
6.74129211
0.25618531
6.90157012
0.00000000
7.19925934
16.40445922
1.35140015
6.71138519
0.01013184
5.92968750
0.18261594
1.77099734
18.63609376
3.45842863
5.60156250
15.44901457
7.99410128
2.70161957
8.50345856
1.76509613
0.87792969
7.15189606
6.18660492
3.62695312
8.29252106
2.40474457
4.23828125
4.28906250
0.16198730
5.49084442
7.80680297
8.50704011
0.45117188
7.46875000
2.41271942
1.45499695
3.08744293
9.25089539
1.34375000
0.62597656
8.44531250
5.76908356
6.89798981
2.30948914
11.65087766
3.57568484
3.38431793
5.26537899
0.52559605
2.12109375
8.81111259
4.10811433
0.28177638
3.09908300
19.93830674
11.40711103
1.53747341
0.49650335
8.31974180
3.74772218
8.06685394
5.14363586
15.61861176
6.03409851
9.28035461
9.17187500
16.80200133
5.19498781
2.18750000
8.77420989
4.71280696
1.73519171
2.13911957
12.09283311
2.28407911
0.63081879
3.60351562
14.02539062
11.00754542
3.09171819
13.30008755
8.30366911
14.40579535
1.50895141
3.47448637
14.99410128
1.11816406
19.38130209
3.11283854
6.04597961
5.61714318
5.00284353
3.74329454
8.07377106
1.88610871
11.01114805
1.15486757
0.07403564
16.17521055
5.88464262
0.02254211
5.05904144
15.62410461
4.93884308
8.69531250
2.48632812
0.44970703
7.18798805
4.61365026
8.54353945
8.44698028
1.50601674
11.31005984
4.78621897
6.12886193
1.40381233
2.43554688
14.44095856
5.40657469
10.46004211
4.97367464
6.60412567
0.22916687
6.76171875
2.69051086
2.12003601
19.43700798
18.82861702
1.56640625
3.49458832
15.62500000
5.36035156
2.90820312
0.81152344
8.26460661
3.11299590
8.24099181
3.68401706
8.35168550
6.85111481
2.04536957
0.78955078
9.06506317
0.78063996
4.20642090
11.24503103
0.59383616
2.15172374
3.85990138
8.10591644
3.54785405
3.25781250
14.21207641
8.02901153
4.24621675
11.04597961
1.28312195
13.23209220
2.60685616
7.32120789
9.58939606
0.78316254
5.80361481
1.87411956
2.04101562
7.32031250
4.26171875
0.95885888
2.17297706
3.78710938
0.60302734
2.06253809
3.70568817
3.98865026
7.14497894
2.22346798
4.07011081
10.25524933
5.55769836
6.38326019
2.53951019
1.00195312
15.34285461
5.48803524
9.08707890
0.00351334
0.00024313
0.02521049
3.01562500
12.62500000
7.06371063
4.30904144
2.65039062
5.10937500
0.17686081
2.70789414
0.02254211
13.68448914
9.32454344
1.66231355
7.26562500
18.70940265
13.60270390
2.42190936
3.91402814
1.72607422
6.71875000
0.84960938
15.16316711
0.13712586
6.68290005
7.65701242
3.85930629
3.35937500
8.83939606
8.12154144
4.76896055
4.06697695
7.81250000
1.48640930
7.14330494
13.68562057
18.59095578
0.89697266
0.50142426
14.84720856
3.87109375
8.26037567
14.66495789
4.77042664
8.99477111
3.76411957
4.24218750
1.38130707
8.81407913
2.54094193
3.16939301
0.63476562
9.50512633
8.80737367
4.63085938
8.35696920
2.02193705
5.03010237
0.41702904
7.01432624
12.29508422
5.58215425
0.11114502
0.40502930
5.99173981
1.77193207
2.31640625
17.10937500
7.99519836
7.91105164
2.03320312
3.40189606
9.11372894
10.19750665
4.72782690
1.34712738
4.38487866
6.09754321
0.94384766
8.51171875
2.93119293
13.26216644
3.81445312
14.51517731
6.56506317
7.05541556
8.40340647
0.25439453
13.16406250
1.74316406
9.94531250
0.95117188
3.13281250
4.42394116
2.78113696
0.92968750
5.96875000
0.90091949
6.76908356
24.40525038
1.91434536
10.53194370
18.41361481
2.96343765
0.11271055
11.32478945
1.59525543
9.32466644
1.29642731
13.45943207
0.89062500
0.67871094
9.34720856
4.11763519
16.46004211
7.93615692
5.69710328
6.09810394
22.14444260
3.41805740
4.80927749
4.31527482
1.10982269
0.58959961
7.48392731
2.56685394
6.02990692
5.88370789
3.48620512
4.89856050
2.16646332
8.84798094
9.34720856
2.75402925
8.44531250
3.54492188
0.94307403
6.34989472
6.23437500
2.27962157
0.09598879
7.58984375
11.09375000
2.51171875
1.77717642
6.47359596
4.54625998
23.28571987
5.35156250
0.77048487
0.74388963
11.87931959
5.22054078
7.36751219
3.90787843
3.36734985
4.67366578
6.20422208
9.69030917
1.79678884
3.53532358
10.38716644
0.53658051
6.69921875
6.25000000
5.06205231
0.60738129
8.38342005
7.61120886
2.91601562
8.38952637
3.59179688
0.56445312
6.22611481
1.58451324
16.89754211
8.04341644
2.74353058
6.70658356
2.63130707
2.41015625
5.24218750
4.42533356
0.67964691
6.96484375
4.38281250
0.39965820
5.77724513
1.72381260
9.72310394
6.83638519
0.52001953
2.13085938
3.13281250
0.12829590
1.57567923
0.02254211
12.72566711
9.16149933
4.83638519
11.45914672
0.73225953
8.00781250
15.06160461
2.22265625
10.18135528
1.71309480
10.45031583
0.83386386
3.50781250
0.99804688
0.00524139
11.81595856
6.20357269
2.28906250
6.75585938
0.72705078
8.16731688
5.79675200
1.21952488
4.41796875
7.40333224
1.98338651
2.36132812
1.58601867
7.08292664
10.64754211
1.06001801
6.76216644
0.45023590
4.74654144
5.53470856
7.14460993
1.08240026
12.50154477
6.83547984
0.38420739
16.53375887
3.25920988
7.23738586
2.11226161
15.43305741
3.66557291
5.27592198
4.60937500
7.06294769
9.12129544
7.67557956
2.65039062
5.65970856
4.35892731
1.44132508
4.90234375
9.95312500
3.12353516
3.09179688
0.73974609
12.10156250
0.04571533
3.20891627
4.12465092
1.33459442
3.61897828
9.30033356
6.50435394
7.46215758
2.11596742
0.57714844
0.46113794
4.23820257
7.29777039
12.19185394
0.00839233
3.25195312
13.38102172
2.20552582
6.57172491
0.00983429
3.19832336
6.89475732
7.15691932
0.65576172
1.42496454
0.02401007
3.00561263
0.02254211
12.08247894
2.70747894
11.00512633
2.30358544
2.43542885
7.00000000
2.71927139
2.34131607
8.23437500
13.30802305
2.29113863
14.63370789
3.25736481
2.06880707
12.48783356
11.17329677
0.49727262
3.11332557
0.69384766
5.02119903
3.88407441
5.03771942
6.91495789
3.92036957
3.52298981
3.39888519
5.88236481
10.96146637
0.10416687
3.88801253
5.81706560
1.50797485
12.17366578
2.40775543
11.13326019
5.27644836
6.43448914
0.11218231
1.91735871
1.17578125
4.16617797
1.60212448
11.81217406
0.11271055
10.21797761
17.49308289
15.53613281
12.03625333
5.28796542
5.28169769
5.06205231
2.41992188
4.10713653
3.67744903
1.24515902
1.02148438
2.49193152
3.22681848
4.75390625
0.57547879
14.08003878
0.02998352
3.21396485
2.78339538
22.53722490
5.33289228
14.54241500
3.53977510
1.69185394
8.83158356
12.02001953
6.18359375
16.01293883
2.33862367
5.87935394
3.68554688
0.68851715
1.23091644
1.38085938
0.08642578
0.02929412
2.20987976
4.94486481
6.56986481
2.54581726
19.98155586
0.02254211
15.03462738
4.35546875
17.15474457
6.61673981
5.95703125
0.09096283
0.05905151
6.04162567
6.96228058
9.83158356
0.68306488
8.08739362
0.28662982
9.50923427
3.99076573
6.43477688
9.41255707
6.60977837
8.32694924
5.94588320
4.69576019
1.57895323
9.75358156
1.70214844
7.96439606
2.17646249
5.76441489
1.01757812
2.00537109
0.57035309
4.28658051
1.83841949
5.87154144
6.07377106
1.67187500
6.43404144
10.50366211
8.36808777
0.07966614
3.52734375
10.79838043
3.92357526
0.52973959
11.59871897
9.85066711
5.60310727
3.42362644
3.93452848
11.76944260
1.55384142
10.04471521
8.12649048
1.90166998
0.97106965
7.72220856
0.44942230
1.84960938
0.03176880
5.11673981
8.67622894
0.59863281
0.32871303
0.06124058
0.95007324
8.63972961
3.76007785
1.82968472
14.28802417
9.56430127
5.68391844
7.21842531
0.21813965
4.55507093
6.71739001
14.37250555
4.13306848
0.49686738
4.06986481
8.12064606
5.93839539
4.08158356
4.06087157
6.01133727
0.02254211
16.02677305
6.14990359
2.06250000
13.75256317
6.92712433
0.23575774
0.47530183
5.48437500
0.58642578
19.12019836
15.42036957
11.88716644
0.08734131
7.57812500
5.44352172
1.80993683
0.04353852
16.07377106
7.23358268
0.68092752
4.15234375
8.41971521
5.28764073
15.08312334
3.13294049
1.28804660
2.84810394
5.20267731
11.94531250
16.32812500
0.33467621
1.33548981
6.21909908
2.71058842
6.00886525
4.67517619
17.42187500
10.36079677
4.48437500
12.11616412
1.60048981
12.87928523
5.98462101
6.16060394
4.70658356
0.03053803
15.67578125
6.78125000
11.88207447
4.24805186
0.07019105
3.54154449
5.79732269
11.15445922
2.88024933
1.03951019
10.27449524
5.08882536
1.25289035
3.76171875
10.31225399
0.11792179
7.59838431
25.98661347
14.09680518
1.81933594
7.00179078
3.43750000
10.68916778
2.86392315
5.37578235
12.92789672
3.88834718
9.14062500
1.53417969
1.72167969
2.15680824
8.74455895
2.76367188
2.12381116
0.23669216
13.15538897
9.67261303
14.03328679
2.83951906
15.45112257
2.85747118
8.02815548
1.74235234
3.15686004
10.00603581
1.38464511
1.63130707
7.19640958
7.73283023
2.90429688
8.16841644
0.01307678
11.28014296
1.91712267
1.39648438
10.80027926
0.76718472
3.71724457
10.57031250
0.71773285
0.56298828
5.08455009
1.26078651
12.50089539
10.03125000
0.68843598
5.41501165
4.75747339
6.84073914
1.85103363
0.01712036
0.58398438
7.15868891
0.34940271
6.24890292
7.38952792
10.97387633
4.23315492
0.60249848
3.38431793
0.78458430
4.42826573
13.64037899
14.73026706
7.78906250
4.19371344
15.10572473
3.84899933
8.07812500
0.79589844
3.73673399
4.19522884
3.02124335
6.67232269
3.32120789
0.77294922
0.00870514
7.48815825
0.30578707
9.51908356
4.38582336
2.00284851
1.43969415
3.30880042
6.75602172
0.03938844
7.36673981
1.83431000
2.40189606
12.68314606
6.35201019
1.75683594
6.09789478
1.35111481
5.12967864
6.46407136
13.24129211
5.49743683
6.13281250
2.59179688
7.57287567
1.18607574
2.37634308
2.51757812
0.45332855
2.49414062
12.16052246
0.84444121
4.02567597
13.42097961
3.87251552
11.05416112
4.45703125
5.74609375
4.44909575
4.28873781
2.24019379
16.07812500
5.67488586
13.72745789
7.67187500
0.43066406
9.71875000
2.74609375
4.53771942
1.77538377
4.85376662
3.50329621
3.97371399
4.10636414
7.77018063
4.57409156
5.27388519
5.40315298
0.10143950
6.41809175
8.63435727
2.34220523
9.83939606
0.08437103
0.86718750
9.81970215
0.11736998
2.43823304
0.02392578
6.74564606
5.40767177
10.51855718
0.01219940
7.73828125
6.10892731
1.33736176
2.49369293
2.45703125
0.12972016
6.94921875
6.80143063
3.62154300
4.42578125
2.67610594
5.57450685
0.53804535
1.51855469
3.81250000
1.68573703
2.83074246
3.12500000
3.55273438
4.99265210
21.15081892
6.25940159
9.38281250
5.48482269
7.65302181
4.29296875
4.78906250
2.33984375
13.81162506
5.82857269
4.09259115
0.42830009
12.43453346
1.19531250
5.20703125
9.33850067
14.60758422
11.28637633
17.57633422
4.94946476
1.75000000
7.31514185
10.64442143
6.28918550
1.58203125
2.28906250
15.18309509
1.42622894
1.48091644
3.17789174
8.83923869
1.78267426
1.02412497
1.97733987
8.94531250
9.94531250
21.13504101
2.96456837
6.09948139
1.96887799
7.02734375
5.87744016
2.04398714
1.47341991
0.56621204
6.93269836
4.69710328
4.39107269
11.78816711
8.18314606
0.99833098
5.39119570
0.75736481
5.34419769
1.02050781
16.68098875
2.22740535
0.32686060
13.50126440
3.54252106
0.08601898
0.02421570
5.70703125
17.74641844
2.51680574
10.18558622
0.44034976
1.18164062
4.26171875
15.62410461
1.56095149
19.60705784
13.92277039
4.84765625
3.03560394
12.88627106
9.48531098
1.43412262
3.42036957
0.05068970
15.98079344
13.91662567
0.99938404
1.49650709
10.62935394
10.07966252
4.81239693
1.98123864
17.03109236
5.36763519
0.03723145
6.87500000
5.21899590
4.08750221
3.02388519
5.09863281
17.98002106
1.61274989
2.12313054
7.03169769
2.43013519
6.10475550
6.23121675
10.10614875
6.54862146
10.46195589
4.56754765
6.24609375
3.12304688
21.77677305
1.91027925
3.35102865
11.82182291
2.80513519
9.28458555
4.64900820
5.32153258
6.85424867
2.73828125
7.04252106
1.09411528
6.46887300
12.47656250
9.46439606
4.76216644
4.82031250
0.37129730
3.93164062
4.92598294
10.72045712
7.23856972
16.51562500
9.83158356
2.52388519
0.68599332
1.78377382
1.51900238
0.49023438
0.33243774
5.16975953
2.68359375
9.96244293
2.64888519
2.35066711
4.61808289
8.55187833
1.28112949
4.76562500
4.20312500
3.08203125
3.50585938
1.81212600
0.02254211
5.99173981
4.75557403
3.30045656
8.25345856
1.18570922
2.65067597
9.89408356
1.37251801
6.13236481
0.10396332
6.53125000
3.56253934
0.40669894
0.34472656
11.66406250
6.30468750
5.39139739
3.83516511
8.20312500
7.35847961
0.08426941
1.31640625
9.63883422
3.42126496
8.66406250
0.03087372
0.97998047
8.17956450
2.70430574
2.84029144
3.19531250
6.87430630
0.15714726
0.68847656
5.83203125
5.21093750
4.71484375
3.06054688
1.32678192
4.16451019
5.34419769
5.07514850
1.95654920
6.02168108
0.08085799
5.33841700
0.18033688
6.55652011
0.94111965
14.87524601
6.25390625
9.51025266
0.11283480
4.56685394
0.10369873
0.13928192
6.00826019
0.04612244
1.63476562
1.64042082
0.04060945
5.39754211
2.41274505
0.62485261
4.11933234
0.87179742
4.49792387
3.09928468
9.65625000
4.33068817
3.00675476
8.72745789
0.25113922
24.73766083
4.22033536
3.46960605
7.03906250
7.83972075
10.00012300
0.05606079
2.78320312
14.20902372
1.73974734
7.42610594
4.77746675
6.45133422
0.16524293
5.81693263
13.62793218
2.06685394
6.89408356
0.78413910
0.56799285
0.13977082
3.66304161
0.13525266
16.94188830
10.94544567
5.66192264
0.00815582
3.34765625
8.45752144
5.08984375
0.01045990
5.65800452
2.21283633
1.91411679
0.03488159
0.27423096
13.28816711
6.48091644
6.49129211
8.34118683
5.70703125
10.55476241
0.15505983
3.06640625
2.43404144
1.73038509
3.77729943
2.82044049
8.70312500
1.13590453
0.86633270
7.11258403
8.24065399
3.28417969
3.33850067
5.47399933
2.09622574
1.34082031
4.98916399
0.98030890
2.24023438
2.62754696
0.61175143
2.46724457
0.19059234
0.00720734
2.95507812
0.02084351
0.20768188
2.13463421
0.44848633
6.60892731
6.54341644
9.97912567
12.86067376
3.11320257
3.27612367
6.42028840
4.80859375
0.97119141
5.92187500
0.10868316
0.87788910
0.72119141
4.16617797
2.04589595
4.37972296
2.91947418
2.15669769
4.73828125
0.36889648
3.56243426
7.31255429
4.37500000
0.19604492
8.71337766
0.91748171
0.00313377
4.96484375
6.41425422
3.33183953
0.97851562
11.82798206
4.14288341
1.48323609
9.04101562
2.31250000
0.70117188
4.62500000
2.07892987
7.63481493
5.89428524
6.05237034
5.82588653
7.02164672
0.16223238
0.10355621
0.05470795
9.61591083
0.13525266
6.53348847
1.90157136
6.32812500
0.22013336
15.55033356
7.11328125
4.22701019
12.27343750
5.30468750
1.11177582
0.12668854
0.29829926
4.78861481
7.11816157
3.73340093
1.36372894
0.00483322
9.65189606
0.70845551
3.12638118
16.88875554
4.61718750
0.26196289
3.09631317
1.12080840
10.73014406
10.95568817
3.56490082
3.37589539
6.37890625
0.36938477
0.00557327
0.45849609
0.07321624
1.10237672
1.17525238
2.98240941
0.97559840
0.13281250
1.21679688
0.00485229
2.41121399
0.04146301
0.12752320
1.98330044
5.91538120
1.04589844
1.41992188
1.66237832
0.07889739
11.41524324
12.51973294
2.50911624
3.12740082
2.25390625
1.07767731
8.62154144
0.10479736
0.31396484
1.07718279
7.06246564
7.26953125
12.32031250
0.00468826
5.17398009
15.49987700
0.82902164
9.93750000
5.82857269
0.13415527
0.31522551
0.71651277
7.11718750
2.92866911
1.04301058
0.06408691
2.25646973
1.37748199
12.76908356
6.02042664
4.12845856
0.88423676
7.25288786
3.31742464
3.32198028
10.90022828
8.84029144
4.57812500
6.52734375
1.39603668
7.60201019
4.18782469
3.16178468
8.54252106
2.45747894
4.57812500
3.72851562
7.38281250
1.19095856
3.19058829
0.02254211
3.11027039
7.46785461
9.25691711
3.33923371
5.11372894
3.86868296
4.25000997
0.52827973
5.43314606
1.12154144
9.85937500
4.68314606
1.63867188
6.05708832
10.54703236
3.54358377
0.12959871
6.53006428
0.82247479
2.25720215
2.01871703
6.94185394
0.17411316
2.22701019
5.80468750
1.29935699
7.73127549
2.96643783
4.15447862
1.05450575
6.28613281
2.36165282
7.60131649
2.80070257
11.52587766
0.40234500
3.18402100
6.81250000
3.46679688
3.79882812
3.17919922
1.04553192
4.11372894
11.24654144
5.45079788
0.68201462
5.09765625
7.72656250
2.99218750
1.61079926
6.84285461
1.76920344
0.15779477
11.19546986
8.01392287
3.50781250
7.10713653
3.79130097
0.27201324
17.29687500
5.34810394
4.13838653
1.73173066
10.03125000
1.10599762
6.45703125
5.59908051
6.97220856
2.96936004
4.56038453
12.12500000
8.05033356
12.21748871
2.51367188
0.01629639
11.76231882
5.26954122
6.96950245
2.12949689
2.09016844
12.37858156
1.15917969
0.02212524
8.34375000
0.81152344
0.39379727
0.40275210
4.09810394
7.79374114
1.93538453
0.14477570
0.64257812
5.05078125
6.18359375
0.01378876
10.88537567
10.21785461
4.40078403
2.99448027
3.81835938
12.25708008
2.01953125
7.45710993
0.09293890
0.00454712
6.43993268
10.36543108
3.71224623
2.05904144
7.60412567
0.16605621
0.19165070
5.82812500
3.60156250
0.03857422
4.55513519
10.23437500
3.04650412
6.06242132
4.32228317
3.44140625
6.86584442
1.49601258
2.07076019
6.75781250
5.13020501
0.25700202
3.57242299
0.71956920
1.78096983
2.05783632
4.72220856
7.11470551
0.21744781
3.34276596
4.41549423
4.55468750
0.48982540
13.16458888
0.67737284
4.16015625
20.73156583
2.68835605
5.38281250
5.52343750
0.51806641
0.05184937
4.14094969
5.35514406
1.06933594
0.68139586
1.56962129
1.88964844
5.76607269
0.89457184
0.31343598
0.01606613
1.78792110
0.11881718
1.37276412
0.02254211
4.62141844
0.52498476
0.07016998
9.48091644
1.78080231
10.72912567
4.92366578
5.31250000
1.81787109
12.60233489
4.28438386
1.86352477
0.96903535
11.20747894
6.27254211
0.41276062
1.83691406
7.92187500
0.21887176
0.84948762
7.04597774
2.21329898
3.29370179
0.40332031
0.34122680
3.66931183
0.31237762
5.85530640
1.67045074
6.46529144
1.29296875
0.40706359
2.07698111
3.17912178
1.73928656
2.73035945
2.80459595
3.56250000
1.16499474
3.52498725
7.84419769
0.86629211
0.49410004
1.45275848
3.21830231
0.02781221
5.93455505
4.71484375
0.69580078
6.13085938
10.57442044
3.14778812
4.30366911
0.61621218
2.42627802
0.13525266
1.67529421
3.55671432
4.14641068
10.84977172
11.65189606
13.24051972
9.98258422
0.20979859
2.27734375
7.56160461
3.42862976
6.01953125
7.72823028
2.38777649
3.85424867
13.51216644
6.15234375
2.52929688
0.01696777
6.50781250
1.94042969
0.90673828
6.79117797
7.00569703
2.24804688
34.53425588
2.42623393
4.16585203
2.30285738
8.03202239
4.17500886
0.11694336
2.88431793
0.30269285
5.81359957
1.50594055
1.11515320
9.00256317
7.46228058
7.60631982
0.19836768
12.75691711
5.95047817
2.32340702
2.66015625
5.22989805
2.69783632
4.48482269
4.73828125
4.80033356
3.62650543
2.03995789
4.95703125
2.58984375
3.48860096
12.62584608
8.09794658
9.34066046
10.96901043
11.75755207
5.61450133
2.45385804
0.24898223
10.50893708
5.34375000
4.98392731
8.47310394
4.77901153
2.12483765
6.50435394
7.30814606
4.23091644
2.38301419
4.69901706
4.73046875
3.50781250
0.01506286
12.68505859
2.76436060
10.65022828
5.78023848
1.01094886
4.38716644
4.83984375
1.19291168
1.33876557
8.04597961
0.39542602
0.67700258
6.94787567
1.68396027
13.22218935
2.41680296
1.18554688
8.53063498
2.70870401
6.70402039
5.66361481
0.02027893
5.11584442
0.85530640
7.68314606
0.00417084
1.95507812
0.37186676
13.48091644
0.79882812
8.85156250
6.95075470
0.20711273
9.80814606
5.09029144
7.68314606
5.16060394
12.54660034
7.39257812
10.48632314
