0.11271055
17.28963320
11.48002106
7.70805305
10.09029144
1.13574219
8.11718750
0.96868896
3.93171931
1.00533300
0.58150238
9.46594083
3.61564273
8.36539672
8.31083222
0.05865479
0.84375000
0.02307129
16.54716682
2.33459442
7.43404144
13.16324828
0.57641664
18.27693540
18.71947432
11.67745899
0.58785004
1.28959137
6.60892731
9.85847961
2.72249390
9.25691711
5.14933289
7.94449579
0.41752355
0.68155821
0.58191074
6.00691711
8.05033356
4.44763215
3.63972961
1.82413758
12.80379211
0.79239930
11.49218688
2.54911347
1.50923676
0.72123199
3.72538176
1.69303468
1.32812500
1.79820936
3.01868517
15.86706450
43.64444914
19.42370761
2.24654144
0.63138824
5.37890625
0.04771942
2.07031250
16.16752106
6.51500001
7.50456560
3.48645611
1.00907441
9.31160461
6.22745789
0.53767883
1.77974457
4.89888519
3.65367687
5.60022938
14.42533356
2.66739805
0.12308871
19.49975586
6.40138410
0.09470965
9.49314737
12.66739805
13.41812144
13.82089317
6.87131447
0.71688080
8.10847961
6.05904144
1.61763519
7.54597961
0.97965516
1.60660766
6.45312500
5.21272828
7.44051086
2.77388519
6.75214983
1.72095412
5.21549251
27.36969501
1.41455950
2.41149933
6.84228391
0.21106050
0.29085328
0.99609375
10.75087463
4.04591751
1.96165223
3.81609153
9.96919769
8.18660461
12.58585384
11.08174092
6.55791001
8.97375333
4.10758422
6.75069370
5.49173981
4.26863586
4.79697026
9.24564606
5.63716644
1.87642426
5.15970856
8.20943207
20.91137633
0.65112367
0.51832632
3.70675088
1.83203125
7.40075466
0.77156804
8.83850067
11.98404034
0.19894337
11.79508422
4.99129211
9.94602510
4.71875000
0.93282012
0.02362123
4.27343750
6.76423759
0.85640846
0.56001801
12.23783356
10.89302582
7.46875000
4.35156250
3.12304688
16.66266948
3.98259419
9.76729278
1.98868587
9.64099401
2.24609375
0.56445312
8.83939606
0.71386719
4.47131317
0.54732269
1.35245789
3.03470856
0.73970551
1.18111176
11.40437774
12.01200410
5.50736481
3.84960938
1.09240692
3.25374390
3.52148438
8.80456450
3.04626496
0.03013154
6.38492797
1.79813691
19.04329344
6.00976625
12.19954344
22.58625222
0.54668328
27.98677582
1.95703125
11.78172208
6.03423647
0.49250907
0.41638589
1.40917969
9.71878436
17.28121564
0.20874023
4.36035156
16.60656583
1.97066378
2.08487976
6.71126281
0.01337708
1.05175781
8.49483184
7.71285004
4.45446808
10.40266844
1.52209566
6.01361084
0.59285461
6.69620789
16.12124114
7.32638851
4.19690159
10.26472961
1.21333832
1.27929688
5.06489584
6.40820811
4.79296875
22.00345856
0.48706055
2.61328125
3.11958832
0.73547332
9.31941711
3.67757203
19.51142592
2.85917331
6.10498670
4.66451019
6.50736481
15.67968750
0.67285156
1.89660240
6.84212655
6.57636858
2.14075299
7.20625886
19.57934508
20.31379876
2.63224678
2.13281250
6.29117797
2.96903535
0.55908203
11.80468750
5.61673981
0.68973287
3.32304299
2.52701906
4.31205231
2.15714539
0.48950195
10.89408356
0.79691434
5.14689273
0.90332031
10.90791778
1.02559231
5.15438054
8.89358157
1.94947473
0.86841007
6.35758422
3.30859375
5.86161347
0.89261871
1.98384613
0.61718750
0.02616882
4.05078125
3.84134918
3.45250998
7.43856272
4.61083984
0.45759946
4.54923648
0.25488281
1.72558594
2.89062500
1.34960938
7.04996454
8.76973294
0.09631815
0.70406004
9.74141511
1.24873809
4.77176972
4.62544769
1.85644531
0.84814453
5.61328125
4.02901153
5.90022828
5.63883422
0.09370973
3.19185394
1.69388824
15.10542443
3.81836311
0.30517578
7.99039672
0.22884156
2.71830231
6.54418883
0.36812410
0.73685699
9.42533356
10.63224180
4.02490359
5.70312500
2.10111481
0.27852387
1.30793253
0.66744985
0.18127441
9.69531250
2.86763519
0.64925047
3.15397218
9.90625000
0.15073608
0.13008668
11.54813385
4.55668121
7.45019531
3.09006590
5.68705231
1.63130707
5.40970856
-0.00528961
18.03869349
5.98050311
1.63705341
8.81152032
14.18864140
1.84529726
6.12988281
1.71492492
7.42812241
3.75390625
10.16316711
2.96138519
0.95894379
7.82633422
5.00040399
9.49938498
3.73369126
0.19541931
7.43705231
8.37666778
10.26049867
1.00781250
2.44335938
1.77929688
5.03234708
13.35900599
12.91724069
1.16560104
4.63424423
0.86035156
4.88521332
2.91015625
2.15189606
2.39546723
5.17578125
12.23445617
14.36718750
3.81046570
6.30468750
5.05394947
2.40263408
4.98872894
0.66162109
11.26908356
2.41121399
0.51843293
7.48437500
3.16947418
4.92142731
0.23775207
0.10888703
0.12129730
3.90698242
3.87890625
6.93705231
16.92097961
6.02042664
6.17476410
18.24129211
8.95747894
11.66971521
4.86979499
2.47460938
11.09285461
0.39298523
0.59028739
8.12984596
4.26171875
4.21919769
4.33548981
1.76025266
6.69364472
6.01485261
20.67476410
8.95658356
3.59179688
11.21081450
1.71308608
7.51298315
2.68900543
4.72953900
0.21997070
1.40283203
4.61966949
10.48563442
19.00435394
10.36385195
5.83397939
2.59420268
10.11641511
4.29732269
3.42895072
4.29256538
5.97233156
3.57767731
3.37935394
1.45585051
4.85469636
15.57523590
5.09338099
1.02636968
7.99397828
0.02108765
6.84765625
9.89408356
0.18473297
13.75089539
1.01216520
9.19095856
15.38281001
18.60091312
3.28780308
6.28906250
3.34224457
7.40946255
8.03918550
12.69469748
3.71602947
1.13378906
15.62475399
6.15018894
3.86647884
13.95533909
15.87206782
2.41984319
11.85742188
10.85703791
0.99212377
7.39701324
1.86096160
3.43147828
12.52164672
2.05061890
0.88423676
4.02046598
8.19018617
0.78759766
0.07230683
0.92545531
1.20275827
1.34192985
2.45206726
8.13627106
7.20747894
2.58593750
2.77058899
4.84855164
5.87064606
6.27278625
6.71695922
1.16870179
1.70996094
13.85221188
25.53637633
4.58362034
3.46769226
8.53010860
4.28555962
0.40751690
4.88831172
23.75147160
1.90633117
2.69185394
11.20222961
2.07015015
7.68680630
4.35136081
5.87845856
2.95056183
3.71289062
15.93725399
7.49153812
13.40787781
0.76765930
2.12198914
6.51908356
8.60937500
0.40938324
0.01395416
1.11230469
8.37158203
15.39562833
5.89493960
1.66076629
9.99397828
0.03091431
1.98490387
17.77681488
2.31986481
11.16503906
5.15627439
0.09575991
8.32407581
2.37648603
0.44846557
6.75000000
6.68538453
1.42578125
1.79492188
15.34328448
13.97257508
12.52254211
1.23335661
1.37744265
13.10900599
3.62011968
0.28894074
2.18013519
20.85158445
8.31384308
1.45100953
1.19628906
13.88716644
0.05055756
2.93900543
6.06205231
0.12666840
2.11958832
14.49564606
13.69197446
6.74084442
13.70337101
24.34925976
14.09312056
10.86141179
2.40885251
11.25805851
2.39257812
7.86226286
13.09940271
3.10539007
7.01106937
0.72562652
8.20312500
0.21203613
1.09720014
0.54790087
1.13671875
2.32031250
1.14062500
9.05379211
9.51537899
8.76676640
0.26757812
13.45658356
6.05411680
0.59525668
0.27172852
7.67968750
1.65750444
1.17887640
2.58040780
10.82812500
3.84375000
10.32738697
8.44169658
0.43741883
5.83174092
4.17216533
0.97709137
10.57710661
2.02791445
2.87784851
9.44368407
7.00659242
4.30289734
5.21215758
0.96708222
3.41451019
9.91483489
2.06172761
2.70853668
5.57547910
5.67874318
5.16353612
4.10111481
5.63326019
4.64062500
0.29312081
1.39017980
2.11177582
4.03560394
8.23002106
0.08679168
2.60140015
0.57958984
1.54394531
0.01115417
9.93750000
0.80468750
0.22766113
1.55858627
3.94246399
7.48982672
4.39107269
11.90970856
12.95914672
0.14347351
0.12817414
4.77209442
0.61474609
3.93074524
2.49397828
4.16060394
9.18750000
1.67968750
7.31115692
5.07950244
3.39449689
12.12450798
3.63965093
0.50488406
5.74120346
4.75489029
15.94115027
0.88306848
14.09867340
5.85644407
5.66373781
5.64107269
6.40804078
3.57812500
13.86283356
15.60977837
1.44836768
1.89054383
11.05814606
0.17500793
7.45011414
12.69140625
11.57225990
1.55768394
8.02376219
3.27115968
10.08325133
3.47188386
0.66963653
0.10982301
3.47525876
1.56497701
2.62089705
4.67622894
7.14408356
3.21875000
3.66601562
0.07246918
0.45166016
11.00831894
1.46193649
2.04101562
9.55533626
18.77725199
2.39588430
3.50435394
12.36527372
3.15966921
9.34452239
3.78483156
5.88281250
13.60746122
4.42769503
0.10286894
5.83862367
6.12154144
2.55228668
5.76908356
0.03068055
10.25512633
15.92769254
2.38065769
17.64570701
3.04016456
3.82930574
2.84810394
13.33593750
12.57071587
12.63318151
1.85274324
15.41499785
4.59944703
1.73339844
11.02791557
6.61029478
1.51344580
11.87935394
18.81986481
5.14408356
0.64607602
2.43294437
1.69095856
1.16699219
1.64986176
13.34720856
3.79508422
0.49784394
8.79687500
5.38537068
2.02645334
7.19710328
9.11629211
3.67064495
11.64275044
6.83760528
2.77221742
4.05468750
3.05484985
10.88534058
1.94034851
1.30371094
5.90580231
0.88667816
2.22867797
3.36074139
1.21634918
1.07466644
1.56933594
1.91332946
11.73091644
7.54597961
1.37344308
0.43010582
2.38928192
5.64152039
9.73091644
10.47285794
0.87435062
5.57147829
3.76241869
1.89421154
8.18916778
14.72623781
14.10693359
1.86433899
11.93407182
4.50305518
6.68872008
11.04174867
0.60754363
0.13024933
10.56473785
4.03441324
7.00481161
3.84855164
2.57120789
3.83203125
5.48482269
0.22485352
2.71995263
1.07940436
7.86848626
0.84875831
3.93936510
8.72396498
4.17187500
11.06472851
1.95826130
0.02037567
16.95837698
3.68721963
14.84029144
13.97468806
1.71041112
2.55574524
5.17712433
4.26037567
16.28783204
19.48184619
16.65170784
2.53276540
2.26021332
14.46350067
0.08524598
16.50954999
1.57751994
12.08058893
1.29626745
3.60742188
4.28560394
8.46439606
15.33939606
0.09037293
13.23828125
1.72611481
15.30468750
9.24039672
0.20121308
15.94183401
7.65386912
0.08996582
0.37935363
4.04805512
1.49369293
4.98917664
7.40702239
3.30033356
3.62032136
5.58593750
6.28906250
5.64107269
0.02790833
5.14051641
2.51483820
12.85906827
14.08923371
1.23824191
3.42578125
9.76562500
3.97281860
5.75524933
2.85245789
2.66406250
8.57287567
0.27038605
1.23144531
14.92838251
16.07393589
1.57682375
9.47220856
3.71183289
0.78320312
6.82999446
20.17583999
6.64215535
3.60201019
7.16796875
4.73783356
10.56250000
14.95735594
4.52657136
15.11527372
4.43249667
2.67354278
0.39213105
4.29296875
11.94921875
6.10457336
5.36763519
13.94725566
3.64498891
0.12888580
12.30468750
2.36763519
17.92443817
9.58329326
5.15581227
3.73046875
8.15958555
37.37398161
8.41776706
5.20446808
11.37650543
1.69327820
13.75948028
6.40242243
0.02877112
47.20613586
3.55289672
2.43538453
6.23579926
2.01802582
1.50812774
10.68660461
4.26696808
13.82714096
1.74317154
10.46484375
6.36629211
22.37707997
6.63294547
0.23718667
17.29687500
5.94576019
13.57377106
2.01123047
1.89400238
19.48258422
8.68704981
2.13362921
1.76940825
5.43212766
8.14957890
7.07857269
3.49263519
8.08504211
3.07421875
6.25390625
19.15648921
2.80416112
11.18994016
5.32636858
3.68636857
3.16451019
10.78771630
2.85221686
21.98884198
2.44670489
10.47505707
3.91015625
2.96093750
3.00362090
2.95882203
4.15234375
3.84090149
7.60475511
3.92950575
0.42264863
1.33886719
8.40535461
4.74894226
4.47265625
17.07522718
12.82524213
11.79474956
16.32463458
7.74385528
2.32133089
16.42879211
14.96964539
12.24975399
3.48071476
9.92324247
3.02207003
1.95951324
11.13936060
6.44311835
17.18391844
7.86763519
7.72188386
4.21875000
0.15307617
12.79508422
1.65205217
1.34143783
3.47460938
5.17187500
0.36673981
6.12666279
9.74203014
15.47273493
19.34545961
1.66707585
5.22265625
6.04073028
19.18904477
5.31319370
0.04440308
2.27882188
5.09570811
4.88192441
4.48718417
14.81250000
8.23091644
0.68359375
3.26953125
0.59033203
0.20837402
6.27636719
8.71875000
10.28906250
0.59130859
8.30379211
3.24743434
2.17256870
12.75968445
0.96232117
1.67675781
10.75349291
2.85392896
5.08984375
14.06250000
0.86425781
0.09332275
4.21784713
12.92916611
0.61047332
1.48909547
7.09330231
6.33593750
23.44352172
8.14139739
3.42334109
0.91992188
15.24096751
13.55823470
1.72740912
3.47656250
6.51029449
10.86770827
1.73503435
4.72565714
10.63278188
3.48828125
2.25707946
6.15974291
4.67640365
3.87141844
15.10168550
3.60156250
10.37796654
5.50049202
6.25491966
2.69865303
9.66382922
3.24654394
14.30012190
6.04149269
3.61932291
3.82617188
15.25858489
7.94620789
6.72444703
3.55196074
12.05749543
5.05603058
4.90700245
7.36208111
0.71691863
1.72033723
9.44966644
0.27709961
11.91243407
4.15371994
2.76864671
15.26908356
0.35571289
4.62935394
17.83504211
11.40279144
1.20552582
0.23937988
1.32705543
4.42469414
1.70654297
27.60880181
4.23051307
10.41739805
8.29353945
7.64876219
3.14241578
5.35782941
9.20454677
5.76074468
0.42838500
0.61315949
3.44531250
6.08593750
0.98368005
0.19938483
4.15648604
4.07219024
0.37677636
9.78214539
2.53080231
0.75235899
3.50492464
12.56485151
8.36829454
9.00345856
2.56009918
0.61462433
3.95898438
1.72460938
6.67879211
0.03513611
0.44091797
6.33569274
7.27567597
12.73465537
22.90769716
5.22265625
1.98046875
9.50097656
4.37064606
5.87935394
5.61673981
2.73002106
19.40203348
27.74685172
7.43582973
7.65035128
2.84924036
4.38196143
0.03047699
0.23408996
4.46236176
2.17036957
0.04218017
0.70597351
3.52490234
12.76037567
0.35184754
7.58027981
2.80892093
13.87980164
11.17533356
1.93306488
1.59916168
2.69245651
2.01045933
3.26095135
1.30273438
0.05360900
1.45190243
1.17118503
14.58569149
19.11987367
10.25997533
0.63013381
5.27734375
12.63182846
8.77632370
6.91288238
8.58109154
6.52047096
4.25870789
10.26757812
11.14506012
11.63281250
0.99560422
10.86910128
0.68289942
4.20715301
7.19612921
7.65401153
13.31429078
9.07608821
12.63358489
9.40316046
1.72452820
10.54332780
2.30823470
3.08789062
1.99173981
3.03169769
11.27420989
8.31172761
4.56250000
9.00781250
12.06815520
26.76583162
11.80468750
1.01725219
11.70837433
5.91361481
8.47399933
0.97998047
10.82198028
7.52359486
4.63577904
2.06312001
11.31250000
0.96285004
7.24039672
16.91287678
1.85844525
0.07958984
5.16503657
0.10180913
2.06250000
5.70524047
4.55993683
3.20853668
3.96529144
8.11356162
1.42159463
1.50585938
9.67354184
3.49845523
8.96875000
2.05318207
0.88525391
6.73485705
6.69047650
3.46289062
8.92533356
1.34224457
15.84098266
23.89607496
11.11653812
5.92488586
3.71423371
9.70312500
10.57031250
0.35111481
9.66153369
0.94499279
8.52868683
0.21842438
4.22798676
2.84375000
0.01912170
7.44576019
0.21093750
9.65047180
4.82902039
0.14990234
8.12853973
5.70011414
8.00345856
11.79819954
5.89453125
2.70703125
11.65001663
8.71439606
12.72152482
0.08833801
1.54288758
24.40872002
10.65737146
4.84262854
17.12954566
18.12680200
15.04500305
8.24654144
6.83060699
25.10285794
8.03495456
2.91947418
10.00240082
8.65970856
6.37935394
4.93359375
0.91940567
0.42241134
5.85982269
3.34375000
5.02343750
4.04304992
3.04386414
12.24898161
6.80867243
10.08670989
1.43278452
6.22310394
3.53922485
6.86311890
12.13847226
4.89990359
0.41092864
5.39286347
17.80558289
1.52441406
9.47871731
11.79866578
6.72847628
0.28369141
3.63281250
0.12192748
0.06374146
0.04920440
2.02839650
1.89978557
5.16707336
6.08638519
5.90046744
6.17594858
2.69527191
8.70336727
8.38403507
13.59375000
5.88179411
2.70100205
5.26476335
3.44576019
17.81506317
3.57316101
13.85323028
8.38504101
6.59375997
7.10111481
2.21313165
13.81811835
1.29597587
4.73230385
3.50593930
2.98087710
5.37475399
3.63057652
2.72611481
11.76383422
2.04325410
0.10760498
5.74507536
1.39066683
3.14200743
2.78417969
6.62243683
6.16719636
4.89684841
1.48791722
5.84850732
1.40372618
0.11503518
6.55948914
5.64062500
9.24475067
2.78454621
0.44702148
1.52006012
12.24800629
26.02880859
6.56835938
14.33369903
9.84118683
8.05362976
1.91992188
5.50185949
19.12342087
20.09930409
8.40921015
12.48783356
8.21964539
1.91992188
9.32722961
21.29055946
7.74833222
2.48437500
9.15189606
6.58275931
13.50704385
16.45117188
2.19140625
3.87996399
2.12784851
1.58789062
3.93509918
8.87943512
8.66300476
2.21875000
21.42493310
3.64557955
10.09375000
2.03588867
4.97448730
12.51460661
1.86775820
0.64143735
4.91980136
6.54687500
5.37455231
3.91646332
15.26451796
25.12220079
7.86954649
7.46106050
7.38627106
1.84033079
2.32658023
9.45300200
0.98449800
24.74831557
6.53125000
8.28125000
5.06571255
0.92940464
1.25195312
5.72248892
2.09391733
8.12654477
1.92510301
5.41036790
3.46529144
11.88191711
7.53368019
4.35002770
2.36132812
1.77941895
0.76171875
4.76562500
3.08203125
0.26831055
17.45312500
11.18648161
5.20929536
5.88266511
0.95886262
5.05065825
0.08951906
17.31941711
1.14119477
8.52408688
6.20678898
16.83939606
5.51607269
5.72713195
6.82107492
0.42546653
2.46199524
15.92277039
10.11372894
0.00514603
10.15625000
0.26340729
9.91406250
3.58715758
1.75118074
4.09472407
2.89160405
2.53906250
13.36681849
0.55314398
1.31001801
8.76692625
9.56814772
19.72307623
5.68612256
0.89453125
8.78421654
6.41740303
12.06250000
10.36376330
15.27197889
2.90873199
10.55806488
6.90970856
10.68123227
3.39493960
1.63716644
9.55898715
4.50969193
1.51530529
1.83815246
12.81135860
1.88643340
4.21643835
6.54341644
1.91992188
5.98632812
2.37455231
6.36193817
6.50915558
1.12837738
7.53999723
0.24796321
3.24031804
6.03470856
7.39843750
20.80927749
7.06617021
1.59525543
13.72896332
3.81009918
2.17834442
8.00524933
7.71484375
15.19441711
0.58386262
5.31595856
5.44526693
2.61841256
1.62341340
3.65368683
15.37385860
15.28584995
8.93314606
1.08292664
2.56506317
19.89831450
18.12580799
1.14238142
5.17667664
6.75781250
4.68750000
18.27192709
4.40039561
7.15234375
16.50781250
15.95312500
0.71879059
7.69074690
0.83802111
1.24121094
11.57643179
18.32906471
2.48856660
2.26203431
5.44531250
17.99385528
0.39701387
3.64603668
3.84029144
2.98284278
10.75433953
8.66931183
5.79296875
0.36376953
22.60070147
0.23621260
1.07128906
10.08498782
2.21384031
5.76275655
3.19232158
8.17968750
8.65356383
7.51338653
2.29984652
2.68668204
4.04480385
15.20096521
12.03405917
14.24629544
2.52694038
22.20019531
4.46875000
5.75166778
3.19169160
0.38330078
3.94098270
8.52343750
13.34720856
7.85738129
11.53906250
7.11283356
17.50040337
16.36849311
11.41406250
3.27388519
3.16947418
4.49263519
21.90454102
2.02254211
2.12784851
8.78816711
9.23136414
8.09631317
7.56730164
9.52241911
12.16153743
14.01436683
3.02103668
15.67598294
15.89957890
4.67195368
4.35193151
6.02343750
9.10993573
27.21262414
8.35232599
21.30620236
10.11801418
4.13091865
0.88765473
16.71895169
8.14343417
3.62605774
6.57812500
1.98225953
4.52689606
14.50386193
13.38721077
3.87064606
0.24511719
3.73632812
8.63012633
1.67968750
1.51155640
1.16495789
17.97249266
1.47961519
1.90580231
5.12935394
0.01087952
8.20913675
13.20883200
1.09322972
0.27373033
11.64443263
6.17639627
2.79066156
10.40714539
2.09073914
3.10306793
12.04678635
4.46538009
4.57421875
0.14707365
1.13301668
8.28125000
3.05423981
5.52343750
3.32448665
3.76092198
2.39603668
4.96093750
12.77085440
1.68812998
9.83593750
1.48490387
5.82902039
1.92053192
1.24646027
2.39994293
1.79902732
9.49255651
2.08890902
20.01794216
5.18281638
3.04549756
4.93627992
13.48091644
3.39888519
11.89408356
0.08601898
6.75602172
5.87980164
2.91783703
0.38723931
4.96956671
3.32991578
5.11328125
0.10424742
2.25028535
0.63671875
8.18923649
1.68185726
11.25849624
1.16777205
0.15010714
9.48156583
1.59622140
2.74545434
12.85094748
1.11755901
1.87402344
8.66316711
16.15034755
6.27893284
7.45446808
4.65669769
6.51908356
6.46484375
8.96350067
12.18992646
0.03984589
1.15917969
6.99519836
0.19510926
1.96439606
10.96248227
1.62101382
13.95312500
1.58240389
-0.64748782
5.72265625
7.30423981
0.36783875
3.43794769
5.50301086
3.47505707
11.13797319
7.51273964
12.45438940
0.76643922
6.04207336
6.06461547
0.18627992
4.04296875
0.00479507
0.98832184
11.74564606
12.45275599
5.27380651
1.84419769
10.74820922
3.45808899
1.87422761
7.83939606
8.77563165
11.64534796
15.35298427
6.87101507
13.58939606
8.93239806
6.23211214
6.70501885
15.55507147
3.80737367
2.98347961
6.52433289
10.28438137
19.97111148
3.52437223
2.44856937
4.65933954
12.58016179
11.82120789
3.80061890
9.52140071
3.55867741
2.73828125
5.39326685
7.32157690
20.04589096
14.69914007
10.58862367
6.34603280
2.15580231
7.93452350
11.45359708
12.29412012
8.09974110
7.11853058
16.13883422
8.12422761
3.53951019
0.04684417
0.14591492
0.12325043
7.43705231
9.93750000
7.98872894
2.34830563
11.66898714
7.14676972
12.20568817
19.94665558
5.47611481
8.56595856
2.56925476
16.49414062
13.70658356
2.53938719
6.63985261
6.95947141
5.40746011
7.53976617
1.44673676
13.03282913
3.13709275
13.75288786
9.16215121
5.79296875
0.08428955
0.39671852
8.95272163
0.95161957
7.67968750
0.97000942
5.07218196
7.25663674
0.86576324
0.13171387
2.62801086
1.74112976
7.41015625
1.30415863
0.85160309
1.90181488
1.42142731
9.09541778
2.50150543
3.31323304
11.74654144
6.83548981
4.30680297
0.17106141
7.75435394
2.57734763
5.42550088
11.55899048
1.36107962
4.88163674
2.01021332
8.97835266
4.91421986
5.84794658
5.21777344
2.60697418
2.47025543
3.20446808
13.49251281
0.03272522
2.29056793
2.88704344
3.21451906
7.63130707
5.60502106
13.95222961
8.83939606
12.19148805
3.27734375
7.30814606
0.15238434
4.63716644
4.95613586
0.07425965
16.38627106
6.45792664
8.16829344
2.21647218
5.62410461
3.56730164
9.40287262
2.53951019
9.50097656
10.68225067
4.90323914
4.10937500
8.24564606
1.89229278
2.02522828
5.82902039
9.36372894
1.03194121
17.55301972
0.07043457
3.96679688
1.99609375
3.12487700
2.07584718
5.24654144
5.91401818
5.14066932
0.96240234
2.96864764
4.68373669
5.17622894
2.58007812
0.00470734
0.88700348
14.44006317
0.26232941
4.39107269
0.55794125
3.92679964
0.97595246
19.11962766
2.18896609
1.16503906
9.55033356
4.00345856
0.12198914
4.99218750
5.12357574
6.58113586
7.92809841
2.84969304
4.59407469
12.24922761
11.28605164
2.28186004
4.20011414
6.50736481
2.48482269
5.16841644
5.35982269
4.44276874
4.59779919
3.53035461
0.12784820
0.39729859
1.09110504
4.18750000
12.01472961
6.46550923
0.40035128
1.95935090
1.98392731
11.89933289
0.05233765
0.10766570
6.12589539
0.02554321
3.01216644
0.41308594
0.04645782
3.61177582
1.43415386
4.35714649
5.67097961
4.45056183
1.69779449
5.64192376
2.29602393
4.32812500
3.98172817
3.21553745
6.36283356
3.19469249
3.03036458
11.34720856
1.48339844
5.13537567
1.05354859
8.28515625
1.59480774
12.00667110
5.47078679
12.36283356
0.05788178
1.59082031
3.50341423
0.68213264
14.12285339
0.13846863
1.67187500
15.07167541
0.13907898
5.53816711
0.67838095
1.53532358
8.46529144
6.44331754
22.96492243
0.52112159
11.73514739
1.61625277
2.21289062
17.96875000
6.84765625
1.38627106
8.38716644
0.63818359
11.78125000
6.56498199
0.12143951
1.98889129
2.36161347
0.70556641
5.24039672
0.06355836
15.02209442
10.91841644
11.49092621
11.79162567
1.44893340
5.24743683
1.33524629
24.38537567
2.40714539
1.74564606
1.12980164
8.40625000
4.61283356
7.99776153
10.81809841
6.38771276
2.71724457
0.46358059
3.52128269
8.86283356
3.38911957
2.82031250
11.08151913
0.80859375
0.11985229
0.10603883
7.87109375
0.90234375
9.65530032
4.26388914
2.75390625
0.06994598
0.06628449
10.80033356
12.20821650
8.52278812
0.63794008
3.01188110
7.56941711
10.07377106
8.80468750
3.23209718
17.12577239
8.59118683
6.80793440
4.90133532
3.19726562
10.67573693
5.59770057
1.58203125
16.06911681
16.61166777
5.78271609
10.04341644
0.44034851
6.54117797
3.05098294
3.94299534
0.76660156
14.80061704
6.50927859
13.21183289
1.40551446
7.13452460
9.00781250
4.08515411
7.12845856
5.33723969
19.20955009
4.51310616
9.64843750
6.64453125
0.39986176
6.57490540
7.63627106
4.09395355
11.26367188
3.85546875
16.47823028
10.82210328
5.05814606
17.46126219
0.51619570
3.48990844
6.34944703
3.48588043
1.15287262
6.81730164
3.47521942
13.37589539
11.51550200
8.05122894
4.40242243
1.96549811
8.60502106
5.25915558
1.98091644
33.59028958
17.69522385
12.62150958
8.49087877
9.66048842
7.69698028
0.83345551
4.22375333
10.23116245
1.18920836
13.23360261
4.74564606
1.60884613
17.55360900
3.96402704
8.77816046
3.71333832
0.44335938
3.16752106
1.58097351
2.16796875
12.38476064
4.38464760
5.66809175
1.76574551
5.85437167
0.46801758
0.16206848
1.97550476
0.92923981
0.42107874
2.40901983
6.41796875
1.81445312
13.45658356
1.07213826
0.19666057
12.52984265
5.26748004
16.94803676
4.26541833
4.05202552
20.62682514
13.25163342
5.00044769
6.96561614
0.80733308
15.97029477
2.52859819
6.77800310
18.57759613
14.63960661
18.53715121
8.50000000
0.03231812
3.30468750
3.19580078
5.16406250
3.67789672
0.87438996
16.56923432
1.68314606
11.31250000
2.77734375
5.05225677
6.93016510
3.48482269
8.83593750
8.08584885
19.94885970
9.83133755
7.09008976
3.31176696
1.45963625
8.34631317
1.13020750
0.81010043
3.08007812
1.93904228
1.46631233
9.08683289
0.35229492
7.75646942
6.09899933
9.29687500
7.16271942
0.86271180
7.27656140
8.85970966
0.84659851
0.42724609
11.47131317
2.22009308
16.37320922
17.04404625
0.29978279
2.01261414
1.30566406
10.44173094
13.17605165
9.06536347
8.18750000
2.43208707
4.07389406
4.56774933
13.88972961
3.76517731
10.67712433
0.33496000
0.48449800
8.87064606
10.21573914
12.61515071
8.99520085
3.44848571
4.22835328
7.51953125
14.16829344
12.20853668
10.95918606
6.18872008
1.26782413
3.30045656
4.54911347
5.36763519
6.00736481
5.26550200
3.92679964
14.16637966
6.58695589
7.12295324
6.69780695
7.42590425
3.94576019
2.04101562
11.49129211
1.45637938
3.47127382
4.95035018
0.88168107
4.09895376
2.77466256
8.72477172
8.32645722
2.74654144
6.81314938
2.55599124
2.12588542
6.33460438
7.68570922
11.95043883
7.40637300
3.78995789
21.67183317
10.27757979
21.56709995
6.14665420
9.34981106
7.44421542
2.27433289
9.82902039
2.43554688
15.71223439
18.33834330
1.02681488
1.10599762
6.58930741
5.07866134
5.24295989
7.63594636
0.04562378
9.38537567
12.47721188
4.20849734
12.44429411
1.85937500
14.36088230
0.91153992
1.18652344
7.67008422
4.31807403
5.51139406
5.09765625
2.88326019
13.88358489
4.31470634
7.87410461
0.21073457
9.56805908
29.78515625
12.96529144
17.41014628
8.52299977
10.24015071
3.82715093
3.52152372
3.50447695
0.06404633
13.97831145
10.96575333
10.46744844
4.37801086
15.24116911
9.53316378
5.35847961
6.78458555
5.98091644
5.40547761
14.94710328
5.23046875
2.85847961
2.85262024
1.15445984
9.91662567
2.48738586
8.73360261
2.01127106
1.48339844
7.56807403
3.45776429
14.48258422
1.74397828
1.35644531
12.37398161
2.04939882
14.37843862
1.11810283
13.57812500
3.14925109
5.05122894
8.82812500
1.18074150
5.09513741
3.29642731
7.19140625
4.63859070
9.82377106
3.99218252
0.05172221
9.19095856
14.60489805
11.82478945
0.15193695
8.35318595
5.28218971
7.92187500
4.85624114
2.31311129
3.02058899
7.33939606
0.51595094
5.76908356
15.86795989
5.54655031
2.92187500
7.81738032
3.32356937
17.75768950
20.66360484
5.81531914
2.73181183
0.76245117
0.45166016
9.98298759
2.40133034
12.48002106
4.51281707
6.40582200
3.89213043
4.33443207
6.04553192
7.70344969
2.68176363
4.89017731
3.31925476
18.94502715
6.53055630
24.81152593
7.96162934
19.09228391
9.13037234
4.31098335
5.44099540
7.12630605
1.82312167
0.43021325
5.85603945
1.68375859
4.87215149
5.71895169
3.70910738
4.10551058
6.19531250
1.58685303
3.08805297
8.03304078
3.24804688
0.01051331
0.89766262
6.05228170
7.07642287
14.59740027
6.35572473
6.44095856
9.63791889
3.26283576
3.80672429
3.62996399
0.13431824
1.46838348
1.44247468
9.19921875
3.19018119
6.88554299
7.61372894
5.71260528
7.12500000
1.17313691
0.75492340
1.35201019
5.27530696
4.22469304
21.54048427
7.82133089
0.76172000
6.73305630
2.22006870
0.29012024
5.83548981
3.79191101
11.39843750
0.15230285
0.29650910
7.58593750
6.05753103
1.00008616
0.72412109
10.14671543
3.36064937
6.04207336
10.21756926
6.38684175
0.38179535
5.80155364
3.35876496
1.01704926
2.37884278
0.27408875
1.68945312
0.49157715
0.18066406
4.61237589
1.62216145
2.20552582
1.24849457
5.34464539
4.54553192
4.72790558
7.49572474
5.42615026
5.28906250
9.74157248
17.24543440
8.10674312
0.52685547
6.82287567
5.56582558
0.26470024
2.20039451
2.61072182
3.90022828
3.19726562
9.15970856
0.67187500
19.89705009
3.53699135
3.57377106
1.16454829
10.92391179
7.21938355
5.15535461
12.46748560
0.21509101
15.23514739
12.84200105
3.82031250
1.82324219
6.28515625
3.90820312
1.22310394
9.28875223
4.21320090
0.65242492
4.53214539
10.44877106
2.24849457
12.88012633
11.40254544
0.96439855
8.92968750
4.22265625
5.23644615
1.66780952
13.23246122
13.37524601
0.98632812
11.82250665
1.20581366
7.75997162
19.81363143
1.90707169
2.01338653
2.70145722
2.69208251
4.46815491
0.29825867
7.16271942
0.64160032
4.34655917
0.74804688
1.69144684
6.05635528
7.00659242
11.18830674
2.87419326
1.21777344
1.87597656
2.84570312
2.97460938
0.66025258
0.82166057
11.30859375
7.93359375
1.93428496
2.26786347
15.93342642
2.12187112
0.31746461
10.48481273
7.93962544
18.31266235
2.51831117
2.90865082
6.01171875
0.15136719
4.84720856
10.98681516
4.03617464
1.99759918
13.26652039
1.71040863
7.24218750
1.79785156
0.01775223
2.88521332
8.44233600
2.27596631
10.20856803
9.29659463
1.38236481
2.12740082
12.20658356
1.60201019
0.94144434
2.00728612
10.91406250
3.71093750
0.90962458
4.27335882
0.74316406
13.56070922
0.33992555
2.93705231
4.57303303
4.97428967
2.49023438
13.45654297
11.57572937
18.99719083
4.73283023
11.98437500
4.32242797
13.07722961
15.79492188
1.44478426
9.38941437
18.80244903
9.42175200
7.51062167
0.04879761
2.85742188
7.98135417
4.50497395
1.41271942
7.07165558
0.34991206
2.01660405
17.48848294
8.66638215
9.28918550
4.27958222
3.09960938
1.12064606
3.15669769
7.54417886
6.46363364
2.43359375
0.48103509
0.01872077
17.66129547
2.34989348
12.31664095
27.75988365
7.46322030
6.24609375
5.35156250
0.00980377
13.48002106
2.14843750
15.58467310
2.49975897
0.25512695
3.63191711
0.93705231
8.11808289
14.69775266
9.60693484
7.49714048
1.61429964
2.49023438
17.18957115
11.20760320
9.80916445
12.84976259
5.37079648
11.12282579
5.84419769
2.39375886
2.74218750
7.07421875
2.58638519
7.22611481
0.05464691
0.00972748
0.07177703
0.89196808
2.79882812
5.94531250
2.58296598
15.64257314
1.11430463
2.13028868
3.57629488
6.04687500
14.82506982
0.37614265
7.17533356
1.98181183
7.47261193
2.56360206
16.41573028
2.39135804
1.22896332
12.15779477
18.39831450
4.10571476
0.49589082
1.14416473
12.61360594
5.46936004
5.79821808
4.21875000
6.72233156
14.90421570
3.35395834
0.32768229
0.79443359
14.31427084
4.24452459
2.35136081
13.14408356
2.59464539
15.99812805
13.15111992
21.23579232
8.41406250
0.89062500
1.27156555
17.20365138
1.19234098
8.52828346
2.04296875
12.52539062
10.07051605
5.48347961
10.74820922
5.91674867
5.45950577
3.79440048
6.10846573
17.59582115
6.07711159
13.52034298
3.58060948
13.19246399
5.82812500
0.00876893
0.47412109
9.40970856
9.38627106
6.59810394
2.16083251
2.66391511
4.96093750
0.86523438
0.19376648
0.26000977
2.43465075
1.60907025
6.25960328
10.10262024
2.16870055
2.76770113
3.56811523
13.80468750
4.30273438
5.64668108
1.61308455
1.76074219
2.73588043
1.63207883
0.74388963
15.13355053
7.89164339
2.55513519
11.79329344
0.74580965
1.43599457
10.82405142
9.45015846
9.30977449
4.87890625
3.62100012
0.65837793
1.11124695
3.34375000
1.21361931
2.78369514
5.03125000
12.07287567
2.55212433
2.85082946
7.63505097
9.53125000
1.53169769
1.80664062
7.17923981
0.20540375
2.45658356
9.55728502
0.81035017
5.18947394
0.67777745
8.23031616
3.04687500
10.10156250
1.92480469
0.32397461
0.89054134
2.66219304
6.94116024
1.51302249
0.81241883
1.56460953
10.08593750
1.80175781
6.00691711
0.13907898
3.42955951
0.03333111
1.61599371
7.90760305
3.27148438
7.16271942
4.97790558
6.62890625
0.11753752
0.81579683
0.57377106
13.34810394
1.54101562
8.35528148
7.04315602
0.13000488
2.69921875
0.01937866
8.06250000
1.33672597
2.35547373
11.76908356
3.58414672
7.52522828
8.01216644
9.58939606
9.66950947
5.38355053
8.04597961
4.11128380
11.27047096
3.54101562
0.02763367
16.78125000
7.93314606
0.80318207
1.76660156
10.20312500
3.71891235
0.79964234
0.07201079
2.72835328
8.31490082
13.58158356
11.42610594
0.25236086
2.43404144
8.86014739
6.42456117
2.01411957
8.46093750
8.00085107
0.06702003
7.78861481
7.29687500
8.05944482
3.03430518
4.39107269
2.01712295
7.71871689
4.22611481
16.80122894
2.58158356
1.16446836
5.44978945
10.47656250
2.09029144
1.19335938
7.53080231
0.69897399
1.71895418
9.76448360
4.74332890
8.93750000
12.72656250
2.24804688
5.33113586
2.96769226
6.13728384
2.73604776
4.82449413
0.85564106
1.03222656
8.82031250
3.14363088
0.09855662
1.87500000
3.51553697
6.60677748
1.44726562
0.22985840
1.85937500
7.87455231
5.96695922
6.19364472
0.41826012
10.51522163
0.70601410
9.77689606
9.46875000
0.27811645
0.69901582
7.59574247
6.08986545
7.41367584
4.71138519
3.13012633
14.65458222
0.54097504
4.45703125
2.74568041
1.20068982
4.51261414
4.11718750
1.58203125
0.00489426
0.32055664
0.00953674
3.41796875
8.57812500
3.90555630
15.14010989
4.95235261
15.08052582
1.14164215
2.77583832
1.49218750
6.99889296
4.99915392
4.78125000
1.76224762
6.76908356
1.50773133
1.12951629
0.50134308
0.95166016
3.50056572
13.16511525
3.40133532
7.85591644
12.88179411
6.41162234
8.56379876
23.55765404
3.65633865
1.89638825
20.50160156
4.73783356
14.76777981
2.57491245
10.44787567
1.01574551
2.06185062
14.65535461
16.66548427
12.92916112
0.33121766
0.08367920
0.70410156
0.78808594
6.34977172
1.52628446
4.13651706
14.21047984
3.95358266
1.68774352
2.57885804
3.98380430
6.53182070
4.79687500
4.47265625
5.52465758
0.65608765
1.00533051
11.98872894
7.42578125
1.00488281
13.91137695
5.99816895
5.43660461
3.48815825
8.73051058
7.69921875
0.05865479
4.91198699
3.97195258
1.10360926
10.41132204
2.62338652
17.70340537
2.19572210
4.01196476
3.90445922
3.03259308
2.35591644
10.41752106
0.96504668
5.03784242
8.91723571
5.76049867
1.81054688
4.78470856
0.91796875
3.77103170
58.86959330
6.33247894
2.39843750
6.45222961
16.52272776
10.13052970
4.21976839
4.82426307
1.38326019
11.84631317
1.27575715
3.71292747
18.14481162
2.62862983
21.09020280
6.12764185
8.35734818
3.69490913
7.04508422
12.67557551
5.04724401
3.09330231
4.28169769
4.92700133
1.96272828
1.75675476
11.60156250
1.96939813
7.33158574
5.12813386
7.19640958
8.30643396
5.21981272
1.35005707
11.17093840
11.88704344
3.03796542
8.45568817
13.99476655
2.19726562
2.29012024
7.60509098
1.38574219
12.55541468
4.05033231
4.25101839
5.78023161
1.31636691
0.58939606
10.36014739
21.59688386
9.82031250
3.75240082
16.66224089
0.43335023
1.42565825
6.76786347
0.76639863
7.64509946
4.72933047
3.16646332
11.96964539
1.46138519
0.52539062
2.76520418
0.56735593
8.96690857
5.42321808
0.69238281
9.41903655
5.26036591
2.10441101
8.86885528
4.50960328
11.88033051
3.28906250
5.58203125
40.88431793
3.22458893
4.37198914
8.54418883
3.77510528
17.93131593
2.73356078
12.80456450
8.28747271
2.44905640
7.57946808
2.03906250
2.82572418
5.27697723
5.28881649
0.47176335
3.23828125
15.27986259
4.42870346
1.70549645
0.95507812
11.90234375
15.61860013
5.77836214
2.61808289
10.61938165
2.85546377
3.51646610
2.00673536
2.22851562
21.14896637
7.64945465
2.68839539
8.13390958
12.25191378
3.70206726
3.91031860
14.31774933
3.38716644
9.94929743
6.35449468
6.82377106
0.66345246
8.49950798
18.30326573
2.22562777
11.59029144
1.64595551
10.42000305
14.18599457
1.93892426
16.46646720
6.18197030
0.70458984
9.35322342
12.95142287
1.30985566
14.15863587
5.65732269
12.33325133
7.58605054
5.81942708
4.08113586
3.16060394
17.17582184
10.52331450
1.41312777
0.60595703
5.17578125
6.04976286
8.83312833
7.72062444
12.89257812
1.40039062
9.01127106
7.39403985
3.10433233
3.50244016
9.02624667
16.61799954
3.23283023
6.77433289
4.12410461
0.91345246
7.68863891
1.25862423
2.39258062
5.14843750
8.28100399
9.06441378
8.27172540
9.07401706
14.36271055
3.87634558
7.38928192
5.55212433
10.57034686
8.17146166
2.68311668
8.73283023
11.08068817
5.92801972
10.38006207
2.89337543
6.97605377
20.33833832
7.62500000
2.94982879
2.89888519
3.12784851
16.82812500
2.19592254
12.32902039
15.41410309
2.38716644
7.15669769
18.34655668
1.53876967
3.91740802
16.33146055
8.31066988
3.01216644
13.01460661
9.56429078
10.13204011
10.76127106
1.99654144
11.33723626
11.70087656
4.83688718
0.43627930
11.86193817
9.75905697
3.71884862
1.84179688
13.28906250
11.26609358
10.35038301
3.38716644
10.38268950
4.90201906
0.56787109
8.61718750
3.76517731
1.77921570
3.06009918
19.72538122
11.65137873
15.21036742
0.28865601
0.53417969
18.04225159
8.66483489
2.29219636
9.35553746
1.33932734
7.94885223
3.88806183
16.42132869
10.94292881
4.33337433
4.45357269
8.42879211
8.85514665
2.22530806
5.76953125
6.11283356
13.08091424
5.52846076
4.44966644
10.72131317
4.34320100
2.47460938
11.86759087
1.54402399
1.62211713
8.19787567
5.07946808
7.02330453
18.63135638
2.63289616
1.09916168
5.76953125
14.14318817
3.94934051
4.15645418
2.61132812
6.52734375
8.13972961
4.33247894
7.13457599
1.13347683
1.85404449
7.32551751
2.29557624
2.96480316
3.77884918
1.87935394
17.60740692
2.07183288
2.45747894
12.99462766
2.32959109
4.06205231
5.57031250
11.90865082
12.28816711
0.94230164
26.48868462
9.35515848
5.61229276
13.49910461
0.43961609
5.18872008
11.35514406
21.48140192
12.57243879
8.82080452
0.28784180
3.15502494
10.02677305
17.51099069
12.68566988
11.90575798
3.45166389
14.65083832
3.48002106
2.11177582
13.72763062
1.52832031
0.12658691
5.26192957
0.93550629
0.12268066
11.48046875
1.19726562
0.24967438
6.53511566
4.25646942
2.03063996
0.31225586
12.99896167
19.98420208
4.70971742
0.85640473
2.78796293
12.34680269
10.95703125
7.02343750
12.28906250
9.69877106
11.71093750
0.62402344
0.88911957
12.80244903
5.71178857
0.80314522
11.41752106
15.54073028
13.75408800
3.06846298
3.14497894
9.84541778
11.31774933
0.17032898
3.11193380
11.43030252
9.75244016
4.47924867
13.74877992
0.87894684
9.81506317
6.81986481
0.05320283
13.60111481
4.77766844
12.90714539
12.09208222
0.37471527
22.07794770
22.06255429
7.73362700
5.66538120
0.58105469
6.78914118
3.08584756
0.18575853
14.91609431
5.28796542
0.72912691
3.09659851
8.77563165
5.78686835
21.86797430
9.34589289
2.21679688
7.50589872
0.58492160
18.78515625
5.77465758
4.65022828
13.98783356
0.19018586
13.22460938
2.56896942
4.32902039
16.14843750
5.97176086
0.23645051
16.28238642
7.42090093
5.72790558
4.69840204
8.00126440
2.88822418
8.67264739
5.99186281
19.49271637
2.41939052
1.76269780
3.97957336
16.56294769
4.03771942
11.61091977
4.16430851
21.22265625
17.29276457
3.06368074
3.12304688
5.15065604
2.48952127
0.37398285
9.79431152
14.74218750
0.35766602
13.95092773
7.34692383
17.60502106
3.27193207
7.20312500
1.25947155
4.65658466
14.77945922
12.11027039
14.68444855
10.54540891
7.97758089
12.79239805
6.54398714
9.23783356
8.60746122
14.10168550
21.87707239
4.17403479
1.45365387
11.98258422
10.82787899
1.93066655
5.58984375
20.44016623
2.19565713
12.22909546
5.59855164
14.32189163
13.89295212
10.75000000
2.63627106
10.39180076
2.47778756
0.48999023
9.51692376
0.12638679
4.20166016
1.05379211
3.00675476
5.95597320
0.13228363
2.85351562
25.49820922
4.13460328
5.92752957
9.38793883
2.38936558
13.39920989
2.01350953
1.17810090
6.84106383
5.33926308
1.75326684
2.78861481
12.24947113
22.64139739
6.28145418
2.06164520
6.32421875
0.99698914
0.69087738
5.51215149
10.12179337
10.73238752
8.11808289
14.88972961
5.87634308
4.28767509
2.42851174
7.37500000
11.13011169
1.92578125
21.76013028
7.48327792
10.50345856
9.09601286
2.80633089
1.74263519
9.33593750
4.37231383
1.90022828
4.06730164
0.05966187
19.28515625
5.16406250
10.31917110
7.68314606
7.77327640
12.84899933
4.25089539
10.56842773
17.84741470
5.11605607
1.22070312
0.03533417
13.54731715
11.79252106
1.49068207
13.37756317
27.08575023
2.23155141
1.43599457
14.26667775
1.68644725
3.20072418
7.78125000
0.51265473
6.71154256
10.06580119
12.09313498
7.29460092
3.94140625
9.28015043
1.45369570
7.15771484
12.36193817
10.34899933
16.93558746
4.07031250
5.35546875
4.81986481
3.55122894
8.77640404
7.26416265
12.74410128
0.93745941
5.82097630
13.19782191
6.73937833
2.71989140
3.56640625
6.50804854
3.58614915
13.40970856
5.71093750
0.92427582
12.84875083
7.02047096
21.43741883
18.02689606
15.07722961
2.93013519
8.45747894
0.72261566
11.82722961
0.55248650
3.44865303
20.49407959
10.36885528
1.50329621
13.44966644
6.03515625
1.34029144
11.90254544
5.10136081
9.01293883
7.16214872
10.38024933
3.53060062
11.88972961
0.09598816
18.43180297
5.14573638
0.58607546
11.68554688
12.39627771
0.21647468
18.19673427
6.10070147
8.48088458
5.53080231
7.27510528
1.35327211
8.79597961
0.45157898
0.41528320
15.77445403
0.36958894
2.82812500
5.96777344
3.02103668
1.72701019
16.76399657
13.73067293
7.53951019
0.51029387
18.17415344
1.73698000
8.61283356
6.70222961
4.64126940
1.70036513
5.63867188
5.23437500
2.16861813
0.04260410
4.60982269
2.83862305
13.04252106
0.41939301
12.06852172
4.50886525
3.00659740
0.79886871
5.68920712
5.09399601
6.71004211
11.08573945
16.49820922
12.71183289
8.65588099
6.95048315
15.91947418
19.77338321
13.36378324
5.14709442
0.83699524
5.87154144
7.36490470
1.12712045
14.83625222
3.67847739
3.71573914
4.94929743
10.50207613
10.85526706
7.04296875
10.48828125
13.07287567
6.81270169
5.34399601
20.96641478
0.21415005
3.70487644
17.73697252
0.39380568
1.27832031
17.75683594
4.73783356
8.37935394
14.94441711
5.54296875
12.20198360
8.34745456
6.20882203
3.49898285
8.26908356
20.31237700
13.26666322
2.49983765
10.54755370
5.17968750
3.41540558
14.52742243
7.12707115
7.71615248
7.78080231
3.11612976
5.33994335
0.02427673
0.84619141
7.93436614
4.53902191
20.21305297
12.24116911
14.73721913
1.62890625
10.20502103
13.63836214
9.12243683
10.83292664
15.65197598
5.30411680
11.81236791
0.81201172
2.04027012
0.91924312
9.59029144
0.31054688
6.44699469
1.30646386
19.42232269
13.59273161
7.49711214
0.69189453
3.59394172
1.56621453
11.37500000
5.07421875
10.58325133
1.87475648
0.12414551
3.14318692
5.54834109
3.92517121
10.07877438
12.11731050
10.37117243
3.99198581
6.40169437
12.70796598
1.97562777
9.87682514
2.08997174
9.98302568
2.22547041
4.44095856
6.82271332
4.16137633
2.52958222
7.51147274
2.54952183
1.02201324
14.37141844
10.02319149
0.46472448
10.22131317
9.26386858
15.11156915
11.88297983
12.58760528
19.05839206
13.02661569
0.54589844
26.37027953
6.46801197
3.74036236
1.30859375
3.32226562
9.76997894
1.08789062
18.25373892
5.04268838
0.93257660
14.72298094
0.15006593
0.99316406
12.42502682
49.37198914
4.90380984
12.01109376
6.95073913
2.65820312
16.04755874
8.23369126
1.35697418
10.36718750
1.55415863
8.31583555
1.89705507
14.93469083
3.06921542
0.29052734
17.35156250
6.77086437
14.11137743
6.31705688
2.85152316
10.69966644
0.76513672
8.26041002
4.22787123
5.81640625
1.63964844
13.33504211
7.20312500
12.88281250
14.62857157
2.79447418
3.40173371
10.51878325
18.10628546
7.08241023
0.46777344
12.54003782
1.93794769
2.66463320
13.92399047
3.92020722
20.11580071
8.29813940
7.97745789
5.21138519
1.65234375
2.43057541
3.64852615
15.18016955
9.14722240
1.99637910
8.04854278
7.09517177
2.22001440
0.86035156
10.72829899
0.97588375
6.71683622
4.80830342
18.01481826
12.86360594
1.43326906
8.47298094
0.69547609
5.57812500
14.21390404
4.12593971
13.05468750
1.99804688
9.04101064
1.22266123
0.17565918
20.46012359
4.77429106
2.84236757
9.00948028
5.98872894
13.65010528
2.34191988
12.56428772
5.09915670
5.00675975
26.98543274
8.28202239
1.38053468
9.08247894
0.58447266
1.56379004
3.15304742
12.29792775
1.36072307
6.10579344
7.07735261
17.86478668
0.33243836
4.90336090
0.17610687
8.78417969
6.30328369
3.69787068
2.37785350
3.51305187
5.79375110
6.41239472
4.70312500
0.38989258
0.68554688
2.06009918
11.20983544
2.13782081
20.62935394
0.61083984
15.86714068
0.54167248
7.07120789
6.76851286
1.34228640
3.37500000
9.21455840
6.23962433
7.11027039
7.35937500
0.19067383
8.00781250
3.02689606
4.49328458
0.03475101
4.53906250
14.08646388
15.58396942
6.64025599
2.70448802
12.65970856
7.81228835
6.68470079
2.64728156
2.89331117
6.47977505
1.07393589
8.89448693
1.80322639
11.10993573
2.00635638
4.34073914
3.11088043
13.46259489
2.07320160
5.18884308
1.66487672
1.11914062
9.90877133
12.95324800
3.67216035
3.18359375
2.94486481
9.98437500
1.55025238
13.45108821
2.71297429
16.78405762
1.77050781
2.76794216
1.66565159
1.49316406
6.50903258
20.92097961
2.51680574
4.73872894
1.53417969
3.77811614
13.16841644
7.57242797
3.78918550
6.25467953
2.31758699
13.00579315
1.85591644
14.25015487
2.90857712
6.35201019
0.28348785
0.86861176
3.85937500
7.47220856
7.74985706
14.30828900
5.82902039
17.02733378
9.95940021
1.66906832
2.41646332
0.95438317
13.91575881
5.74218750
9.39831450
0.53678468
23.21651153
8.86206117
2.63627106
12.07217199
16.40471520
2.58801363
5.50565271
3.65210272
10.75345856
3.70463043
1.27335633
20.03804411
7.75920167
2.50990358
8.81160461
5.52433289
10.84869086
4.52962655
2.74654144
0.63476562
3.25964262
2.21106050
7.90625000
1.86816406
13.12117492
2.04191101
0.31616211
5.52689606
0.01035065
0.37084961
14.40775543
10.57466644
2.17488586
5.43839539
2.87556572
0.15617257
14.50858489
9.96134087
6.23993906
6.71201019
0.95898438
6.22611481
6.79027261
10.73466951
7.16320645
9.77380651
3.73645113
7.53755707
1.35990387
2.27030364
4.06046570
4.40458222
4.21800699
21.39981007
4.11385195
2.93404144
8.23091644
14.31054688
4.22656250
4.06047638
8.58104276
9.08455507
9.49951172
12.98649047
5.50134308
10.23233821
2.40291445
1.98628878
6.96484375
4.00390625
6.46875000
1.32279449
0.03877777
6.49324524
3.35591644
14.03112700
16.26896055
1.65499058
6.84617022
3.97804853
3.45747894
9.85937500
11.30068263
3.86297276
4.84765625
7.56339539
1.73535156
4.12695312
2.20043883
4.61942597
3.03169769
10.20825133
0.36206117
13.68033688
1.94856937
4.90173340
3.22656250
6.23464540
3.83932734
3.43774601
6.09101951
5.52226174
6.23437500
16.14952461
3.88909020
4.19140625
4.87500000
12.29561309
6.62723847
14.72041778
5.38940492
1.46289062
2.05228668
11.25691711
0.40637238
0.65917969
13.43119293
3.82857269
0.97220856
4.25044769
12.31435949
12.98251551
2.90535461
8.23925781
6.26418953
6.38083000
0.30729125
2.96634918
3.49486370
7.46831227
7.75646942
2.09554078
10.35591644
1.20996094
18.69083555
2.06290586
2.41520390
1.49902344
10.74450466
6.91783578
1.69703457
1.96093750
5.85306793
6.39411791
3.11548038
3.93811502
2.97427970
4.26746010
0.78873656
9.38895722
0.37548828
1.89830453
10.06417899
5.67679840
13.42622894
18.96341202
1.15857712
4.49173981
10.33939606
1.80362976
6.67476707
9.17297301
5.37768617
0.44209809
2.54492188
1.56933594
4.47566711
5.87980164
2.76891623
1.31966561
7.41451019
13.06819703
2.97818969
7.18330342
1.70963874
9.73295323
4.43058289
0.45288086
2.28910309
7.05513519
8.67097961
14.20693482
10.27075195
12.28246011
5.86207114
9.45930408
3.64623837
9.74797318
0.09106445
11.35310727
2.64797111
13.73720287
6.21000152
15.69917443
1.35205452
11.53052105
3.20000110
0.80859375
6.73589983
8.07615247
7.78169769
7.74820922
4.09378934
2.86307956
6.36718750
6.70898438
6.79970856
5.00888519
2.85546875
16.27229610
5.74332890
1.25829954
3.81201296
6.58203125
2.57080078
3.58345302
4.81302755
4.69140625
0.49251281
2.34224457
5.96651153
5.63122590
26.77136262
0.65087891
1.68659838
6.49260084
5.04252106
0.02446503
0.50732422
1.15283203
8.85986328
7.86718750
8.07287567
6.86560090
13.15625000
5.47656250
6.97265625
2.11328125
11.51533965
14.58048936
2.14017731
11.42382812
7.33430782
5.06799534
8.32535018
1.15857712
5.32421875
3.57857269
12.50294660
5.55084551
10.51806516
4.70939273
9.76774047
6.88069703
13.18444482
4.71354499
12.13281250
8.26037567
2.71468140
5.32958984
1.73132231
6.18843220
1.14160156
0.47819000
2.91715204
2.70589483
10.67622894
5.21439606
3.65234375
16.89607602
8.74890292
12.24129211
0.02971405
1.89497894
11.28548094
4.21647218
5.19921875
3.57617188
3.65490692
0.09326203
10.69262633
9.49877992
7.60937500
6.75736481
3.85742188
7.94741800
5.22490469
1.88964844
9.38877350
4.08203125
2.01997894
1.35351562
1.64746094
4.61673981
2.24173981
12.83593750
4.81294769
0.69038910
0.18733703
3.93839539
3.57592773
5.25345856
5.02734375
1.54829926
0.29225933
4.75044769
4.16515923
3.45703125
16.55004821
6.09297761
13.04508422
6.15022828
9.56070922
0.53548219
0.37866211
8.82686060
0.74931128
2.43119293
6.18404144
4.40429688
3.92883145
1.20105136
8.55468750
1.56986481
8.01216644
3.37930962
7.57446476
1.54964234
4.11279421
10.76647607
2.60852393
13.98693817
3.41984070
1.61718750
9.89843750
9.29073028
12.29032410
10.12935394
14.00671044
8.87549202
1.36673981
4.54048427
11.40739140
19.47651818
27.94152925
17.24467198
11.81355774
5.18326906
5.67968750
9.86681849
11.29724401
8.21875000
9.49218750
0.54931641
14.11234154
12.25822335
3.61283356
1.49947113
8.50333555
12.71451906
2.11222351
11.27792887
4.51894613
1.63183594
4.90378492
18.67584551
1.19380707
4.44921875
6.21492243
2.15994709
2.05477615
9.22065340
6.15628436
2.35889295
9.29230940
1.97181017
1.91796875
12.44352172
3.47115082
4.60681183
0.09545898
3.26006259
10.20983046
7.72993045
10.43184729
3.35359929
11.39769947
18.37638741
3.80057956
8.29577294
6.06856604
10.78141297
0.08856201
1.23986785
1.53267426
1.11515320
2.70312500
15.55200133
9.67366578
14.76417021
7.27616799
8.72852113
6.86527372
2.55900210
10.10156250
0.01148987
13.25654810
8.87191046
1.94531250
12.78125000
7.73738586
9.55558289
4.14107269
12.16157988
13.74548371
1.79093445
6.01171875
1.80371094
15.84796143
13.09403037
5.67550088
1.01993649
2.98372562
16.84602782
2.86295656
3.09960938
11.03125000
26.07689495
3.73906360
1.11112395
3.88639406
5.69106537
8.52689606
6.42968750
0.01969422
0.30416621
10.70894503
18.25687777
7.68705231
12.56941711
3.42883145
1.96899601
21.28067930
6.96708222
4.46708222
0.58544922
7.78230275
12.71590647
6.17655364
0.62113558
8.94095856
5.15717476
2.57178856
6.08526818
12.08302526
2.51920656
5.76082336
7.56730164
0.05842071
0.88814301
1.33398438
2.71057129
0.29414731
2.98193484
5.14933289
9.12410461
9.61360594
3.63985261
12.02343750
9.77087433
14.78583002
3.31528479
10.92968750
2.52388519
10.91406250
0.36611627
15.84574496
11.41752106
9.47334995
12.26016401
15.35885361
16.59989472
2.73075410
1.90860899
4.66463320
4.32031250
7.37500000
1.49587898
2.76124168
7.66060394
1.05078125
3.02689606
4.27847020
4.83676418
1.14497894
4.46439606
0.44380707
7.15600586
1.32812500
6.35502106
9.05122894
3.42293274
15.24218750
2.92472351
0.26932770
11.95698693
1.86605108
10.51237062
9.53470856
4.07979278
3.89786680
11.30314273
1.26900238
4.38716644
16.05814606
2.68375610
3.78934785
16.47619349
13.58976507
0.56978363
11.18314606
8.50000000
2.22077433
13.47807790
17.99833067
2.23478335
12.51716977
12.51485590
9.50292938
3.09387300
0.11905914
3.77929688
14.11144615
14.99357491
10.75691711
5.77644836
7.50268617
1.31693512
12.27575466
1.49377659
1.87695312
11.86104278
2.33231660
4.22701019
4.63749114
2.43282136
13.48551391
3.27132203
15.58939606
8.14664672
4.50378325
15.82389406
10.36067376
3.74312721
7.88358489
6.62112811
1.10999252
10.01127106
23.97251511
4.84765625
5.78951019
13.82812500
12.84720856
6.93570922
0.07499238
2.83850067
0.24597199
4.68941129
3.62618074
9.20837433
23.75435394
22.56250000
8.01300754
0.25509945
2.71504544
3.17016788
0.89896637
7.67927416
1.24715647
1.51054050
12.91796875
7.08398438
16.59452239
3.36792054
4.55468750
8.29162567
3.04821808
5.94140625
3.80094360
9.48181183
10.62577239
8.77701906
15.85253906
17.46004211
3.83565215
4.41719636
1.20357269
8.25089321
4.72534242
8.33695589
8.19467854
1.65593029
2.10546875
11.33556849
4.74601507
8.93741135
13.93022384
13.36942272
1.32118404
2.33548981
6.67277039
10.04341644
1.47403868
2.65246675
9.86372894
3.35119598
3.07946808
8.86718750
25.53808594
12.79317044
0.64331242
9.75768950
4.19108156
6.88268950
0.99035738
3.30513519
11.13330078
2.73017660
1.90450479
7.29732269
11.61027039
10.38722519
0.86012798
8.63651706
9.65714539
0.22900297
12.54341644
2.12723847
11.20222961
0.52323457
3.10306793
2.87740082
0.91638090
7.04992022
3.27442154
1.98387675
0.61382009
1.13814301
8.54296875
6.52530696
7.33117022
4.42477282
10.06941711
10.81685394
3.69673676
19.75256317
18.41593445
11.50426530
4.33557845
8.07063719
7.82043550
13.40266791
7.86817902
3.33711824
9.22733489
1.74092060
13.61588874
3.83007812
11.70682956
5.89856050
1.13716644
1.92720551
7.54732269
0.75992797
0.07686402
3.16210938
5.70230829
2.17464483
3.97619598
16.91959220
28.86450133
8.12740580
4.42338043
11.82571920
7.92684397
3.85140015
16.10066711
0.83915005
11.61051640
0.05183930
7.21830231
14.48091644
1.40070534
3.79838043
8.69352172
3.37483765
7.92968750
24.67591691
11.41841644
1.11922180
7.17309508
1.90201906
9.72656250
7.05423981
19.54601957
19.08166597
8.14062500
24.80268631
12.73861217
2.77022495
9.06327239
1.81022218
1.57128906
10.55033356
9.54308179
3.27767841
0.94189453
10.04162567
5.67488586
3.05497285
6.82421875
6.74173981
5.19909575
6.65682070
2.29296875
1.26420074
1.43037871
9.97835328
29.37994385
9.87076479
0.13460577
4.58203125
0.54927582
22.84606716
9.48277594
9.10865691
14.11283356
5.68257536
1.83105593
5.03125000
6.61226286
10.96472075
5.55794437
16.67081726
1.61417664
0.03604286
2.19966644
0.27832031
6.79642731
2.04791903
7.97059507
7.55078125
8.13102172
4.43562057
1.12301377
10.48502438
6.61096409
14.23167886
3.24488364
12.75602172
4.80257203
1.48242188
13.62949137
3.97207113
17.08939606
10.33833832
1.26908356
12.01383422
2.51591035
11.56408286
0.71472573
8.61979125
16.36657746
14.10054411
0.48047000
15.10440603
5.14124002
20.46211326
6.98319924
7.61324066
17.00948028
0.99881926
9.45926972
7.16719636
4.30033356
11.40010528
3.39252882
1.09078845
7.34944703
2.35351562
2.97806793
0.00735993
17.30383145
2.24304355
4.56640625
19.06941649
5.84537843
18.27127771
4.63887854
0.60183716
13.75345856
1.69059203
10.62938201
3.88387522
17.09659353
12.34090647
10.71109486
4.94906139
21.38403258
2.37784851
2.49397828
28.07724403
18.00653368
5.69067694
1.58939606
9.92622894
5.32466644
3.54402649
5.07902039
0.28002930
4.27799313
4.75671542
8.80468750
3.44843640
0.74830036
13.72582946
10.30301972
2.21333832
13.29597961
9.32377106
1.65661652
7.66601562
1.84375000
15.32942376
8.65059729
7.67162899
16.61551972
6.30704898
8.28470856
0.04213471
4.26517731
7.11629211
6.43493683
0.02231842
10.38871122
9.75537234
6.39453125
2.86673981
18.99645280
3.66114029
8.31595856
9.84375000
8.76204344
9.78137300
0.46805816
15.21785461
9.90998892
3.70854166
12.52343750
2.60868316
6.13146942
5.93538453
0.47086329
0.37207280
13.89843750
4.85839844
1.62996399
3.98962433
13.68314606
9.55545989
1.90294881
7.23690381
10.59375000
25.47510086
7.07523270
2.11417664
10.29422319
13.60063275
5.45433511
1.76409020
4.77734375
9.28816711
0.01294708
1.58744044
5.66414616
5.40824247
6.79533023
6.24397828
1.55371094
3.90039062
2.29943817
2.06579621
13.53381317
2.25675476
6.88281250
3.27779144
25.74800598
2.72843196
10.93261968
1.06498199
12.20372009
0.97702515
6.85892731
0.16817262
7.12845856
2.23632812
1.83736176
6.22041778
0.12003633
11.71890736
0.19373088
1.06656174
9.52788009
4.29955992
4.81083222
3.98783356
4.76216644
7.42923981
3.04630555
3.36629211
10.98002106
2.17081726
12.86580414
0.96146637
10.23771055
13.28727172
2.46179355
13.40580231
5.89888519
0.56066895
9.47566711
1.98136414
11.90287013
4.75293218
2.19380707
9.22823028
1.37564938
0.24646214
0.01490021
0.04132080
6.27444946
8.32031250
5.35152191
16.46089691
3.99759918
8.13716644
3.20312500
5.79567199
7.81205231
2.80753601
4.60847961
7.73136414
0.00236320
0.11224365
6.67968750
5.07128906
19.29868561
0.75297027
8.25532802
0.19893652
0.28222656
4.95267731
10.61360594
0.23571871
0.42187500
13.04267842
15.83504709
0.43957115
4.31237679
5.36763519
6.19441711
1.44087738
15.34497008
4.47355164
1.49116911
12.77754544
2.90149268
2.52301918
9.22893395
1.58203125
7.21830231
0.60607879
5.86507203
0.98046875
2.19238281
1.23372313
1.83251829
3.13069703
0.29793460
3.42968750
0.03274536
0.43290191
1.78267426
3.88822418
2.40205466
11.90047429
0.08952031
2.92492520
0.92085910
2.75284851
9.42968750
7.48783356
11.61128473
3.93518284
5.40490692
5.46106050
2.78515625
9.73437500
0.58691406
0.02095032
0.09226471
1.54439301
1.52006012
1.76704926
6.80476867
1.55362976
0.03762817
0.02076202
0.06567383
7.22656250
3.81835938
4.72260694
8.95512743
4.71236176
8.93750000
6.45312500
3.61328125
4.82812500
6.92488586
8.71594083
1.64969692
6.81079475
0.44628906
6.16406250
12.15869016
5.91617797
3.56380374
2.54333496
8.16662567
6.82556183
0.12365723
2.22432403
4.75736481
1.59794160
2.30513519
5.50199247
0.55220675
2.63796997
3.22851562
7.37845856
1.94649262
11.35838578
12.36462433
0.18636078
5.88467199
2.12509363
0.61988431
2.12752382
0.49357117
2.43106993
8.49666445
0.40006531
0.69990996
6.24353058
1.24796570
0.11181641
2.65103502
8.02775709
2.41105164
10.68037658
0.61345429
0.80712641
12.50191378
4.89164339
9.15970856
6.58158356
10.42667664
23.18193054
12.83847578
12.25760832
4.61084109
3.00960328
2.85982269
9.54654938
0.59608978
0.30814512
12.65958555
10.80562223
2.26993960
9.36898936
4.35949800
15.74559176
3.70195921
3.04658965
1.36657746
0.25528992
0.75452355
12.24699226
2.52905087
7.60276934
12.80664062
2.79886747
6.22847628
2.77864146
5.23155141
2.54687500
18.68570922
2.53356965
2.32909658
3.39213541
3.31925476
3.72265625
1.76127106
1.45943207
0.63134766
1.42616729
5.92366578
14.54996454
1.56258366
7.81563386
0.67093902
9.30904144
8.90189606
4.41451019
0.96004211
0.10294617
8.38504101
2.87578892
9.83158356
2.85347130
11.21012733
2.26399657
8.52433289
2.34081782
4.91664149
7.60982269
7.64798981
1.50797485
1.82450410
26.98298759
0.19767647
3.41406250
2.08154297
0.41804992
9.98872894
3.79341644
5.79296875
8.73604278
1.49084442
1.50162843
0.18727506
0.90877382
1.87939453
4.08593750
1.23685699
15.23693817
6.18412013
6.05244903
9.33532248
5.26750443
18.12401596
4.12720412
8.43762300
15.09464539
6.12154144
6.41963653
3.08186890
6.06294769
4.63399754
1.08977504
3.21138519
20.31205231
6.71138519
4.92529297
8.83572585
3.60568040
5.23672651
4.20333665
3.85461270
2.60571476
16.68064361
16.33131928
11.41752106
2.50084442
1.75000000
3.51713043
0.86088043
2.70253685
3.30625221
6.82987146
10.46850399
4.21680186
4.34029144
12.82384974
0.63603003
29.79459220
0.77181405
4.42801285
1.58889091
0.99435726
2.87923094
3.75341921
6.23224956
3.49476063
7.87890625
0.01170349
2.05057770
9.82262966
7.68677639
4.33088540
5.13404296
9.79777039
5.73917664
1.61425781
6.38972961
31.02075133
4.15157136
6.52734375
2.20495512
13.31262300
0.77754170
6.14917553
0.96484375
2.96711658
9.80977947
1.41353363
2.54882812
1.98657164
0.36425844
4.87796654
11.73051307
2.23588043
5.00592316
4.14107269
5.55769836
2.67891013
6.97628213
5.45658356
12.68750000
5.92309508
10.74397828
3.84269226
5.39497894
0.20605469
5.03771942
12.91841644
3.16731439
1.10600011
3.92020722
2.57348571
11.96433489
9.43570922
5.41674867
17.14957641
3.73339595
7.98730718
2.81384308
12.46529144
3.25858551
7.77254211
9.76627438
7.64843750
4.13171542
4.73571808
1.08300781
10.19966644
6.53861481
6.19921875
3.30318207
1.48710933
5.79756870
6.91210938
7.58593750
4.40779477
4.24499667
4.93212891
1.58796307
3.26457599
5.73046875
8.56941711
6.81294769
5.17789672
27.48425200
1.23539339
6.64933289
0.64937348
1.32527649
7.94044660
3.72451129
3.13159180
21.42906910
7.98421764
8.17378754
29.13085938
9.39115138
6.22815159
10.94710328
1.55227796
4.94430407
0.30664062
8.33532248
1.35954233
5.72656250
9.09631317
10.98067044
7.34951672
1.36035156
7.30122894
1.00687652
1.81160212
8.35974401
3.02343750
1.69388824
4.65669769
7.08203125
3.25170712
0.96118351
2.75691711
4.25032469
5.40682070
1.11185699
0.92826324
3.92260306
5.73275155
10.06774933
1.44885223
4.25618531
14.69095856
7.51607269
2.36914062
0.02648407
0.19341034
0.50683594
3.21244293
1.59224457
2.64676474
10.47974069
6.69335439
0.96529643
5.46702793
4.51344082
0.49975586
0.73250305
5.96378601
0.39182525
8.81734223
2.90856716
3.65649601
3.32438110
3.25125942
4.51600271
6.42622894
8.03125000
6.78515625
0.46459961
1.29613510
0.44629654
2.51143340
3.69657441
2.72708888
3.51570866
4.29821808
8.00768950
1.20332918
12.42879211
14.01114805
21.81486148
3.28861481
8.63716644
8.59977172
15.20812833
4.21163120
18.05716949
1.62207031
4.81685394
0.07214355
0.01714950
-0.00456863
1.86724854
1.48636871
7.66841644
2.54882812
7.44441711
2.88566101
14.97542110
3.63786015
1.48242188
1.72707735
1.60658078
7.26485261
16.48311060
12.64445257
4.28605164
7.43750000
6.18135528
15.06738344
2.90234375
1.73863780
2.68030751
1.92045074
4.89005430
9.77010195
2.70804466
4.10685616
4.27620235
5.16764531
14.89050200
3.12707613
1.96972656
6.76074219
3.91601562
10.75341659
7.51420074
7.08292664
3.37601341
7.78174202
10.55033356
1.47505707
5.40189606
5.12980164
4.62841797
5.70507812
2.21679688
0.54345703
4.78861481
4.74609375
8.44531250
1.91621669
9.62357823
0.07313019
2.50435394
4.04019393
4.67509751
2.35207268
1.70993904
12.57344512
6.18973847
2.83548981
3.15083832
1.88476562
2.85306793
0.01730866
2.08771208
4.11492464
8.41934619
4.55676861
1.92830258
0.91003574
30.21039119
4.31304631
0.95117188
0.17192015
16.37369750
11.03645875
2.15189606
16.57282636
7.67566821
4.56640625
11.61181516
0.02404910
13.93916778
12.09208222
13.47806793
6.36673981
1.73233759
6.64798981
7.47782690
5.10636414
21.44482048
12.90661901
6.73059175
16.33764648
3.45703125
8.93570922
3.09676086
2.66674867
4.38101674
2.42322307
12.27779144
2.98046875
1.21191406
5.88923759
8.75919991
15.53893950
5.89978058
6.11987367
9.17443817
10.25870789
3.52863254
1.85462765
4.38560174
1.38392951
5.01293945
1.64941406
11.85400266
6.93717531
11.93493683
5.42232269
4.36328125
3.36718750
1.16015625
8.31289340
4.25863918
2.09448304
7.37475524
4.83471742
10.21785461
8.65909851
8.14408356
2.36177582
1.13334137
0.50386566
10.64568126
3.72913563
9.88773465
3.38037234
12.99885860
6.87239749
3.03454621
4.15006394
5.09041691
1.46447972
3.82377106
6.18973847
2.83833832
6.60408134
2.37008034
5.19185394
10.63137765
4.49488364
5.11718750
12.72656250
0.31734223
1.29109680
5.44459809
2.16406250
3.51367188
5.21938941
1.34070977
15.77819824
1.87837738
13.19335938
9.42879211
6.33992492
2.84073914
15.07582855
2.48917664
0.72562652
5.37100510
0.47522689
5.87616756
5.42788177
4.36606604
0.12408447
11.08226501
4.43774352
6.70145722
14.75089539
7.00122008
12.99282837
7.46016511
19.89257812
3.04520660
3.65832115
8.58553413
11.06196350
5.56318374
4.12655474
0.95019531
17.75431274
35.45902372
11.44242464
6.89054383
1.53430207
22.92626953
20.84248560
13.80761968
1.22086547
6.99035738
8.54901486
4.48614139
3.45703125
7.77622674
8.29994514
17.36913564
6.71506982
8.03688829
12.01607269
4.82812500
6.70507812
14.48425200
14.45561950
3.54549257
6.68814938
3.88651706
14.42471853
1.77690104
7.11087420
1.22412732
11.72505707
12.25948028
4.57645722
2.93045989
6.62333222
1.46919769
11.70543156
10.51076180
3.15804078
22.03112637
0.66833652
15.99767786
2.20740026
10.41271536
4.10083444
3.52734375
2.92280973
20.78709261
13.48063110
9.70491578
10.37577239
1.59440187
11.03706007
1.50546099
6.14843750
9.67341977
13.64115138
9.81645057
1.07910156
1.61311890
9.00000000
4.96341202
1.16984818
14.08368906
7.01262411
7.69877106
9.49808622
2.24784519
0.21435547
2.22196379
38.06713929
16.32977284
3.82692486
2.63163176
6.84649658
3.22383699
0.62060547
5.89106273
0.83265126
6.94498594
2.71826296
0.60107422
5.90608641
12.45039949
1.84570312
7.17870346
9.59766373
3.31685394
37.25585938
8.88883422
10.35156250
1.20393922
0.18908691
14.41054965
2.46640347
11.08993956
1.40051301
8.96899103
13.63460328
1.30346991
3.02600067
0.15832551
7.05023494
6.71929631
6.53169769
1.32206114
6.61584442
3.96285128
21.75626524
5.95625886
1.54431183
13.18942958
5.88493794
0.68652344
4.87495069
1.79887743
15.73079344
4.94889406
15.08441650
0.50968445
11.14961326
2.23470467
8.29536957
1.26961242
3.33247894
9.15344083
1.59318179
0.10117615
20.05880950
2.23852477
18.17928164
2.28906250
3.29056793
1.24068207
8.05802305
0.58455507
2.67537290
3.69376773
12.21875000
3.66701907
8.24134640
3.18147828
5.36119324
8.36283356
4.60473072
5.29069592
3.69877106
7.32625305
10.73156583
4.82446476
16.93269836
8.01090453
0.45194551
8.56595856
0.14335144
12.15266844
8.68326906
0.02650696
2.86698332
27.42252687
2.66425671
21.53727172
12.87098071
2.77917387
12.05359042
39.26863586
6.93310547
7.17277039
11.65625000
3.81054688
0.81835938
0.81880209
9.17314127
2.62845856
1.07759613
9.56595856
11.91406250
5.44140625
4.99686614
0.02061037
4.35847961
9.16788758
3.25976562
0.65136719
10.73693817
1.75217794
9.43839539
2.26127106
11.57307984
2.18587157
0.14510164
7.78697724
4.80423981
14.95365138
21.45853668
1.95112132
2.51120234
1.28560394
9.28771942
4.23429134
0.65865331
11.95101547
10.45706516
7.05513519
4.58593750
13.57653258
0.37264039
2.72102283
3.01876385
0.61275238
9.21093750
4.31852172
5.83683289
15.82071548
23.17354278
3.81563386
4.30122894
0.46704102
6.11958334
5.69649698
5.71573914
2.38326019
13.73783356
9.52990692
5.93973847
12.54406583
0.70182375
0.86446199
2.65234375
8.03906250
2.90820312
7.85457336
1.83390320
7.77306849
16.11808289
4.06152593
5.31258117
33.76383422
3.50899324
12.74564606
6.47176086
4.06774933
9.69608489
3.68062223
4.87133976
0.33715820
13.67008422
6.48591977
11.48772803
11.88139073
9.27343750
4.25646942
9.94710328
4.23091644
0.58349609
1.49812805
0.93351258
4.49898161
3.85453402
19.55716202
12.22018173
4.45389739
3.34704621
11.74353058
5.44140625
3.10156250
1.97115082
7.03710439
3.18945811
3.99369293
14.86975067
24.89521499
10.81278037
1.54379543
2.19726562
0.38020813
0.01587952
3.14095031
3.00089539
4.51127106
4.93354444
1.53190935
5.64017731
7.07645722
6.73046875
1.01033383
0.93400210
1.65429688
5.08744293
12.94193013
5.22026041
3.42767260
3.34568372
5.94722504
9.29597961
1.80655945
7.41506096
1.69822029
39.34765625
7.31835938
3.14213043
3.83247894
4.85937500
1.56997379
7.89474789
7.53125000
4.11718750
6.99218750
11.09953353
10.67696697
7.03995789
10.81372008
2.83951906
3.29101562
7.34116690
1.54209330
2.93359375
5.89160156
6.61156915
3.92358710
7.11193817
2.31188996
9.68700798
1.37406776
19.10863697
9.47384197
9.75898826
12.63915393
8.43974844
3.63281250
2.11022108
2.12175310
6.23872894
12.07377106
2.75833140
1.97160848
8.29687500
6.79838043
2.25842254
0.72493531
3.63867188
4.06115692
0.91345246
7.40535461
16.30080276
11.08142121
4.66796875
2.62890625
7.95267731
3.77929688
7.77510528
14.00179078
13.87763188
8.66578457
3.76802582
0.00454712
1.20898438
9.12320922
9.15022828
42.82275266
1.95459109
3.36673981
1.11409516
3.33984375
11.12756317
4.09330231
13.47041778
0.29406832
10.14408356
2.60457336
9.83528625
12.28014296
1.81706560
2.87679078
18.13068055
2.96928634
1.33496094
10.52683746
2.56825577
2.59190048
16.06472851
1.05139877
19.70510999
4.25359153
3.48811890
1.18404144
6.98783356
25.61177582
4.34786956
1.75661868
5.24268949
1.97745789
16.37497955
2.61763519
8.91495789
1.56466675
1.77246094
17.99776153
7.15836547
1.09733156
3.72265625
13.17622894
18.91709775
30.94182956
7.08264129
6.69921875
3.11702515
1.37011719
13.99218750
13.13031006
13.60795074
8.96138519
3.50887024
5.02408688
15.75972628
4.63460328
4.37923094
1.21984957
0.95507812
0.03992706
4.65543329
19.65425753
7.02176972
4.18762300
0.21252441
18.03560394
12.23177021
9.78109264
8.98616578
5.26100801
2.75501329
8.61718750
14.61360594
5.38097740
14.81297663
3.99893853
7.31608156
5.33240026
3.03808594
35.48144531
7.63671875
1.99925232
16.02766844
10.45235261
2.32466644
4.74136082
7.80063137
1.58744293
12.67622894
2.39699268
3.29612255
0.01235962
1.52445340
7.75040337
4.82603344
11.30122894
4.70723294
8.25280917
1.47053829
6.88094304
45.70703125
10.49613434
2.86457503
1.77921348
6.03426086
7.59448304
4.76863586
2.63370789
12.65356383
12.79520722
7.19576019
5.79296875
4.22265625
15.11718750
9.28381317
4.26652039
8.91060394
10.29329344
7.37756317
2.60258089
2.14453125
11.20967310
6.72392065
14.23437500
1.22818346
2.74935560
26.11283356
2.13326019
0.17602477
2.30257203
8.04341644
1.27009323
4.38904587
15.71750573
12.74678745
15.44889406
3.60485871
5.18013519
3.50091553
6.15234375
12.94877106
5.29296875
0.26118988
2.45312500
9.30033356
10.60489805
0.56258242
2.80708832
8.06506317
0.07495148
9.24629544
6.06176696
5.18115359
2.77095302
3.22632147
1.37882508
0.89098903
2.72123448
35.62792969
1.65091949
2.02392578
3.64395806
4.09969304
6.76652039
1.32328402
44.30859375
10.76464844
7.39754211
3.73099513
7.94132757
1.30611176
2.60742188
10.39408356
6.33911071
6.37243683
4.33247894
4.39420097
8.12333222
5.29252106
2.21769226
6.71875000
1.80371094
0.67822266
10.87923094
15.24674562
3.30859375
15.80407248
0.50452127
7.72521942
4.18103058
0.35424805
2.03914367
0.02254211
5.99173981
19.70389739
1.34822695
1.69335938
7.80098294
9.73807956
7.60156250
11.95812334
4.47742353
0.01296234
3.78759766
6.75244141
13.11718750
10.59992908
1.53093029
14.47477172
4.98091644
4.18884308
6.22086547
0.26155640
17.49613309
19.95670656
12.30647828
0.16174316
9.78125000
8.57352505
3.84489140
7.81551086
2.88329954
6.89709442
11.24546876
9.73870456
1.35697418
7.85591644
4.35546875
0.19847470
2.31290835
5.93314606
16.42097961
16.60433929
4.07690492
12.83538756
1.47269559
7.22916002
8.10612810
1.67517121
1.72705078
8.98868462
2.90584663
2.98392731
3.73628380
5.05668495
3.82995512
0.52303164
0.09366852
1.18603391
6.42545531
4.42789672
0.66373906
5.44921875
13.51761747
15.01358821
0.72607796
10.48942016
0.48372437
9.44201131
0.53027718
2.64538730
6.67700133
4.48266664
2.43750000
2.40535461
1.95011414
10.37577239
0.47090730
10.10895870
5.14152039
1.91251773
10.47566711
0.87780793
1.52119373
7.77763408
1.08585633
5.60982269
3.89363586
5.26293883
1.17252687
17.19515991
3.49414062
10.28906250
0.85648341
0.07588964
2.58789062
6.36718750
5.69095856
7.65926086
2.30212433
9.92879211
1.40909851
10.13162989
9.13305851
1.86250886
2.67187500
10.83516387
2.58186890
11.26216644
0.07635498
2.27697660
8.19889406
3.78755707
10.94299285
11.57812500
5.09932403
1.94799867
1.38273133
9.11965205
8.60984014
2.53621399
2.19620789
6.88146942
7.60290558
11.17845745
1.11060505
10.38179411
17.88114472
5.61161347
6.18269836
13.51114805
10.12691378
0.14636230
0.91886165
2.20125554
13.09720856
6.36372894
7.26383422
11.87142818
16.28125000
18.17264739
9.74064273
19.52689606
7.07332336
8.53649933
1.86718750
9.36360594
5.32735261
7.30745235
4.19254765
1.16060394
6.70133422
3.78413786
10.16853945
4.60831228
6.31600288
3.70902621
12.25073304
0.48828125
2.51367188
7.87622008
2.87333222
6.39497894
2.61673981
0.21077484
2.34015473
1.61736480
11.76562500
3.92728668
0.93558746
3.15279144
8.71830231
3.08487976
11.82633422
16.22900266
14.11987367
1.52303164
6.32421875
5.69921875
1.87109375
13.82726397
5.38562666
4.51082336
6.74609375
2.38370789
2.62109375
11.76810699
6.97521942
2.78304078
19.73783356
14.62357574
0.06072151
8.98616578
3.13976895
10.86564273
0.98124176
5.90625000
1.31144226
0.86429840
5.26953125
16.25275488
8.26160571
18.48490667
12.65466340
9.71170989
12.38346437
2.64453125
0.97676543
3.86699464
2.66759974
3.25472296
0.47098785
7.60117355
0.53554520
4.99145446
8.94018617
15.25186946
3.57084386
14.01908356
0.87162262
7.56339539
4.53637633
3.63745179
0.10479736
3.49023438
14.55422984
0.59030141
0.23425293
4.31013977
4.23527039
15.36629211
19.36584442
13.00809287
3.93465647
0.19458008
1.42179383
2.56839872
1.25777316
11.95658356
8.00691711
0.97790558
1.60351562
17.46386719
3.06791168
3.05664062
15.90010528
1.30843140
1.00870789
5.81205231
8.59375000
8.94095856
10.69230164
16.55872120
6.60534130
17.65677887
2.94380707
15.70955009
0.77942237
15.39481660
9.11523438
4.39754211
8.01652039
2.58113586
1.53995789
6.11962766
5.50146609
2.09179688
13.65100067
16.76980663
0.69300282
5.03951019
0.42089844
8.33581450
9.76346521
1.74690298
5.10694232
6.20959442
4.47701019
11.96785461
6.38695479
7.72766954
2.27494231
9.76741578
12.46369238
2.83887965
2.55664062
3.36697086
8.36545101
0.27294922
3.07088195
4.70747894
11.86104278
12.73616578
1.07316101
13.04394282
3.22949468
5.86759087
19.15059729
11.67712433
8.80533688
3.53601230
5.65222075
3.85408632
3.09369820
1.96391899
8.04899047
5.91060394
8.06595856
5.58292664
3.35367797
4.24051972
14.31685394
10.81330674
11.65375555
2.20346963
5.80423981
1.65661652
0.65738828
5.44844636
6.24263519
11.67907746
1.26322418
19.53450531
2.89408356
7.15657469
9.08683289
0.16524324
21.49369293
10.22220856
3.90881317
3.22640015
14.13769282
0.34761816
16.63809619
5.81837463
4.11613475
5.74141511
13.22119016
0.78462863
14.12478835
5.48849290
1.85253906
3.08148992
1.13396387
3.72985871
5.14802416
3.73478834
1.42187500
6.39164215
10.91829344
1.02453707
5.98392731
5.79097885
12.93616688
1.77343750
4.86149047
3.56429078
2.08158356
0.39937348
15.14309548
4.54040558
11.75781250
0.06770844
1.81445312
11.51077904
8.31404477
4.08488475
0.44087738
6.92655364
11.21980275
7.74036236
0.04983521
9.78165586
15.08475676
2.60331394
8.10156250
1.90917969
12.26037567
2.79551945
1.57024379
6.98225953
1.61035156
0.01379395
1.02246094
6.90535461
3.81565077
5.38575465
0.84099325
8.25870789
2.01741578
1.81160461
1.52140320
10.87500000
13.22464872
1.79443484
2.06445312
17.46052915
9.25040337
2.38912455
5.90091949
5.53397551
8.10591644
11.88000333
2.25354222
1.28169769
1.54658965
3.18778535
1.94531250
9.88692044
3.27714206
18.31867981
9.94441711
9.12589539
0.07031250
3.65234375
1.83886719
4.19809426
3.46124777
8.78995789
9.61808289
7.39998227
0.92867160
7.69787567
11.20535351
3.99174977
9.38435727
6.79290449
13.81101949
10.02982574
10.40042997
5.48193484
4.77140320
3.45507812
9.26367188
6.31250000
17.24898161
13.02010195
2.30513519
12.96313165
0.43384101
4.96801446
2.52124335
17.28710938
0.25743796
8.70646055
8.09590979
8.47810727
12.68941378
3.56501386
1.60250720
15.86027039
8.77779144
3.19726562
6.81151596
2.21387466
8.03759641
3.27457765
9.95658356
0.52079316
6.80907580
7.35498670
15.36320740
11.81148161
9.41418550
3.65457724
7.16121897
12.11811725
0.84282025
5.79667082
0.11271055
6.36385195
5.54443359
15.86010742
2.21093750
16.72643950
7.08951906
16.02647835
12.88326019
15.45406098
14.80725067
8.24373227
2.08573581
5.95121246
7.40783691
14.09029144
7.72949219
2.40686004
11.76652039
3.06896942
0.64192750
1.79015708
9.07169991
1.02486176
6.28836880
6.63818484
12.36987367
5.85676751
1.81225897
8.96228058
2.18509918
5.52420989
0.11710695
8.60440603
5.17293772
12.43407580
1.27739057
2.60786957
3.60611813
0.86653812
10.75889961
4.47893395
0.60445160
8.15050865
8.04262412
5.80251329
4.25646942
1.28688319
13.73482519
5.50736481
17.46618683
3.10306793
6.71138519
5.09293609
3.58653778
11.32454344
7.92374446
9.58976507
2.20381123
10.52518399
1.90376801
12.95315936
15.98073926
9.81835439
12.40955119
10.42205530
2.19722628
6.54398714
3.58337433
4.55423981
12.83341492
1.08939606
4.41451019
6.58068817
0.71423371
2.39994293
8.99039672
0.70503629
6.16341312
6.35111481
4.06392426
6.56986481
17.11629211
12.49479001
2.68579288
4.80610927
3.18172429
12.22159851
1.89318817
3.07902039
11.67329677
1.72025792
8.76155142
3.03186502
7.40901485
1.68188663
11.48347961
7.05122894
5.64245014
1.70956006
10.86718750
4.48917664
5.02140071
7.79109929
3.98197418
8.39664672
12.97501524
7.97758089
14.84773493
7.69209995
3.05135195
12.65909353
7.37260416
4.78515625
8.92533356
5.33060450
3.65136968
5.60554743
0.35872687
3.39453125
13.40087766
9.82198028
3.03918301
8.42313940
2.15116301
5.71451906
6.49597075
7.34432070
0.21346039
0.34423828
2.57918274
8.39998227
2.40074967
1.34469470
3.22912567
1.56102706
6.78447251
7.16451019
0.12377961
1.22793579
3.11869293
11.01037567
11.85847961
15.83337433
0.29390473
12.77620453
3.35351562
12.09375000
15.53967254
10.38708527
1.49634308
2.23437500
11.43045989
12.42036957
2.54870512
2.10437167
3.80619293
1.59517426
1.62304688
6.12207031
1.54108429
1.45365387
10.21862700
6.35123781
1.47941101
2.45658356
9.77689606
1.40314759
11.90245679
6.13660571
6.93607574
1.90197723
0.31119950
6.41451019
12.04615265
6.92944149
5.70292331
7.56437195
2.58744293
10.05033356
2.63911957
6.18359375
6.67866911
4.58626219
5.10994570
8.10168550
13.80489105
8.53291778
12.49833222
2.18359375
8.91752106
14.75000000
0.50484036
2.67798038
9.46093750
6.36315825
0.75988863
2.78906250
0.88142883
0.01023377
6.92443817
14.50435394
6.87052305
0.21191531
3.72550227
8.07747562
7.27001330
0.56718611
9.09810394
3.99218750
0.02754211
4.98046875
3.92191559
0.39619965
7.29988586
0.10306824
4.46830231
2.35396332
6.53125000
2.83548981
1.11885154
0.08276803
1.71484375
3.70499446
2.31063054
2.14062500
4.60220814
10.93595835
2.55061890
7.86808289
6.82857269
9.79406583
0.32601078
13.05417062
7.27710771
2.95473848
0.97682346
1.45214844
4.67980926
2.34619172
1.85554992
3.45987976
0.21569824
9.36283356
3.81490082
17.41616821
9.74425865
13.53487282
1.10847992
0.38427734
5.26428192
4.09509308
8.32966977
0.92325992
6.92097961
2.16495789
4.15189606
0.03105683
1.08593750
8.31126995
13.95256427
6.44665558
8.66458888
5.73775487
1.97379516
2.43538453
12.05904144
7.60156250
0.79833984
4.07421875
10.49804688
7.04296875
8.99129211
13.52375222
0.32825797
8.19576019
1.79785156
6.36673981
5.92968750
6.52779144
9.97611481
3.18705231
1.45304383
10.03035461
1.95304383
3.40970856
3.24654144
0.09608947
0.06443299
12.96350067
8.12857907
3.27758976
18.44095856
11.84452239
11.75768950
6.20593417
2.13716644
1.93058289
2.82905973
0.12325136
4.94921875
5.85457336
12.85847961
6.93973847
6.67187500
10.12064606
0.16113281
2.90234375
5.56685394
0.24580871
10.79687500
4.95267731
14.52478058
9.13476562
2.16796875
0.19403958
0.67639129
1.39876468
0.02154541
8.02840149
5.38326019
14.03470856
8.04687500
1.74112976
5.96695922
0.10494019
8.96581782
0.92256870
18.88492797
11.42968750
9.85937500
7.44018617
2.03426086
11.40804078
4.51749446
6.44779698
16.10066711
6.55513519
1.65694121
5.29565492
4.85293994
5.58020611
2.73677582
14.27140071
16.43342642
6.31645057
2.48458167
12.84720856
1.15425504
0.75736605
1.57954926
5.42968750
1.69813263
5.71919769
19.44415116
3.91176528
3.29223633
2.81835938
4.94518950
18.30953004
1.11889462
2.05086491
7.24654144
4.79463653
13.97476674
1.83215924
8.87845856
0.30737305
2.59810394
11.01818817
7.13972961
0.32645722
6.69006317
6.31671100
5.56597849
4.80570589
0.37300629
9.91752106
0.02913422
9.27201324
6.69624225
3.16630596
0.33540926
7.11035156
1.88041168
3.81490082
18.45650207
0.67093715
14.46899601
3.56701629
2.32015015
2.88476562
9.14497894
6.19205563
4.27136386
3.01456726
2.82568359
4.37109375
9.56302638
6.10494237
0.01698303
0.36844692
9.71899601
14.90083832
8.25781250
0.04636627
5.96093750
16.44441711
10.97656281
14.21093750
0.20109039
2.90645169
0.44555851
1.46679688
3.37783855
8.08114583
0.76224762
11.48746454
0.58427222
0.50541168
9.37500000
0.32275391
0.07781982
11.84696255
7.01391788
5.67488586
3.42573194
12.55688165
8.61443262
8.95015473
5.54687500
2.63822418
9.87500000
9.25848627
6.13872118
0.75558399
1.59179688
2.37748687
8.11462433
10.49820922
11.82506982
2.25065436
13.29625998
5.43209330
4.20747894
9.74129211
6.52140071
20.11967198
1.18208832
8.05615234
6.15250111
8.40430186
6.23872894
1.34375000
14.44185394
1.68058289
15.37206782
2.15702488
6.19531250
2.60034242
17.59662789
0.51299063
8.56954011
5.09016844
1.47623781
13.11572266
8.90820312
1.07031250
4.48828125
3.92728668
0.01122040
1.76605225
11.76908356
2.88521332
13.27978516
9.93225067
7.06673094
2.56644808
0.35628234
8.33210993
9.85539007
0.72501648
4.35066711
6.17716430
3.46557679
8.55802305
11.79855440
12.78946587
-0.17610314
3.74202017
0.59782358
9.62502439
4.58200686
2.62304688
6.42354278
1.72489472
14.59379059
4.45658356
1.37394226
3.51378491
2.76176806
6.93147828
2.05273438
0.78092282
11.86039339
1.33426972
8.24820922
4.07600953
13.28938719
6.13639406
14.04541016
1.27884918
2.23091644
14.28202239
0.40254793
1.97513824
5.85937500
4.78673538
14.82262606
8.96664450
0.98286957
5.25390625
0.01134491
14.20703125
9.73783356
7.34810394
5.33858184
3.01741578
3.20072418
8.46093750
9.34029144
14.20314270
1.15909851
15.04597961
3.49067210
4.11329122
0.34053559
11.07159132
3.45351395
3.55887910
8.81595856
1.42427582
1.04268091
0.60673315
11.98315430
7.57031250
6.65445922
8.89843750
0.87349332
0.72253574
5.43623809
3.31083222
11.93570922
0.42293336
2.70853668
11.73091644
0.56868282
0.40214206
11.10148133
7.07242797
9.08247894
3.83577515
4.33972075
0.49231050
6.84586547
1.92480469
4.62679078
4.10457336
3.29198970
6.14249944
9.12064606
8.80904144
0.38122465
0.17004488
9.83158356
4.67622894
5.41662567
0.06280549
1.05566406
7.40287262
8.80033356
7.04296875
0.84346527
2.35201019
17.48693817
2.01892121
0.67093902
5.85912899
6.58663120
9.46439606
3.90865082
1.30094360
4.29296875
1.93733765
0.18705231
5.30922818
0.87151706
14.30411805
5.34676086
6.00579865
13.87455231
18.78792110
6.05749667
1.01831117
8.46093750
7.36694149
4.89192376
11.07963541
15.38627106
0.21374481
6.35803192
2.40682070
1.49316406
5.17655364
9.79386414
4.28816711
3.95491578
3.68029754
2.79015958
17.38049534
4.62412106
6.52038730
10.04418883
2.98315492
0.06228638
4.96695922
12.50960328
8.72957336
2.07588653
3.68257722
5.85937500
4.43359375
8.84594415
0.33520819
15.42142731
5.23872894
1.73588043
3.80769836
8.12935394
1.81144226
9.35221188
1.45174320
6.66992188
5.60156250
3.61869293
10.20161957
2.86132812
10.30944482
14.01961491
4.11429964
9.18900543
5.21093750
2.78710938
3.03152538
3.44353169
13.37923094
0.46891359
15.02901153
3.00134308
7.80513519
4.16015625
12.40669769
11.17187500
8.57588801
1.27282746
0.03698762
4.77294922
3.69441711
19.18526153
31.08931488
18.73120179
4.06461547
1.15706422
3.99218750
0.52148438
2.59476341
8.93647164
5.77389890
4.86775820
10.24995941
9.98258422
20.54138215
6.27734375
2.95357269
5.54687500
11.23002106
11.86590316
3.63454454
15.82108489
6.83516511
2.80303955
2.16166168
3.86283356
11.67956450
0.86523438
4.08260195
0.44311523
7.63028494
6.75061502
4.82511414
15.39843750
4.97509641
4.69287234
7.00000000
0.67012481
1.42679840
15.16715204
6.18876440
8.03906250
0.51395722
1.85795074
5.10201019
0.12707520
0.15831388
4.46817930
5.57536015
10.53125000
2.02583832
9.85338764
6.04605829
4.24463763
2.85937500
12.83824921
12.31441129
8.85258089
17.53365082
15.69262633
1.12475648
7.30468750
9.11374336
1.13580894
11.04943817
6.27913453
1.62304688
1.70971680
12.16369349
0.66300726
4.64453125
10.52482926
5.14718306
1.86673981
12.82287567
2.10111481
0.81620332
16.38150876
13.26423759
4.80542553
17.11718750
8.35717742
5.45027649
6.10758422
14.94197695
1.96788406
5.25646942
0.49845398
1.14160156
7.86673981
14.09810394
5.88326019
8.15535461
5.69876109
0.69772329
2.48347961
0.27551301
7.49108046
7.43860704
1.65962738
11.73988476
1.29828235
4.55342559
