0.36067376
18.54980718
12.75781250
10.20936826
10.24218750
1.87109375
7.40657469
3.25883058
3.75618407
1.68522218
1.05761719
10.14908688
7.98372562
8.58658688
9.81185062
0.28369141
7.25301086
0.03513611
32.34960938
3.18977782
4.56608156
16.86620595
0.53809092
19.01822751
18.61799798
10.69682291
0.24019379
1.23828125
4.30110594
11.40983156
2.68359375
9.56070922
8.19710328
7.55891844
1.34863281
1.09016844
0.70296390
8.30468750
8.72656250
4.86914062
4.36328125
2.26953125
11.23437500
1.44531250
16.26973387
1.80338625
3.04882812
1.46777344
2.71158688
2.09700687
4.51171875
1.94660877
3.32975842
14.38102172
52.18180297
23.89062500
2.45475343
1.07324219
7.24820922
0.11812379
3.78710938
15.03906250
8.10480940
8.75781250
3.12175310
2.56445312
7.23437500
5.67610594
5.63801751
4.94368905
3.25781250
9.59828569
5.14390181
15.12923094
2.36181516
0.12125859
23.84375000
14.65542332
0.47055324
14.65902710
15.98567376
23.23909048
10.75098404
19.20540406
1.79614258
8.24641844
5.99462766
2.25895390
6.91357048
1.93701546
2.43164062
5.68001219
5.19108156
8.31852172
2.27132203
11.35904034
1.79916278
7.30012439
43.53418218
3.36393561
3.51367188
16.36067376
5.39534796
0.62288453
1.24804688
13.91699219
6.96071287
4.22101681
4.00781499
10.81250000
8.13281250
18.55924064
9.87083777
5.63925753
7.33593750
1.57226562
6.65625000
5.42610594
6.03483156
11.43683028
7.88281250
5.38704344
1.92155031
6.64843750
8.03906250
17.62711547
0.02290894
0.99385746
6.17220966
2.63704344
10.19173094
1.62825687
12.45312500
17.97622784
1.27963153
14.76594720
4.80729499
10.56463814
6.21093750
3.69726562
0.41210938
4.43359375
7.66991689
2.00977061
1.57519531
12.37923094
28.17936281
8.78906250
5.42968750
2.15429688
16.85644282
6.94433843
7.30989251
3.16015127
9.39864915
3.54146332
0.27099609
11.19659408
0.26580826
4.87532469
2.08593750
2.48600343
3.52408688
1.12044437
0.80664062
10.51839110
17.67155031
6.39453125
5.07812500
1.76790282
6.22233156
10.76562500
10.70084220
2.60978335
0.00358343
9.55891844
3.37890625
19.02001330
8.85108045
11.83073000
24.31151596
2.33887466
31.33349609
3.03710938
12.70084220
6.04557624
1.33291854
0.48780169
1.61328125
14.44041224
18.55763463
0.25341797
13.57226562
9.31314938
3.09310062
2.92187500
4.84396517
0.01411438
2.93554688
13.41340814
13.97753906
4.89323249
10.19173094
1.45475343
7.02746582
0.70214844
5.82031250
14.45832004
8.87403590
5.17155031
11.41406250
1.46386719
2.11523438
11.59634752
5.57162123
10.25000000
18.06250000
1.34895750
1.25781250
2.81412843
5.35579344
1.32780031
0.75244141
18.88410877
6.04524158
3.22201684
4.45312500
3.06835938
5.30078125
0.66796875
0.81575438
0.57096437
3.48860096
0.46061779
0.48706055
12.16959220
15.62011968
3.14192874
3.62890625
13.35847961
5.43839539
2.79882812
14.80891844
7.55110594
5.59049313
3.11621343
2.87662843
7.33593750
1.59179688
1.13281250
11.78125000
1.66894282
3.08301030
1.23046875
10.28125000
1.43294188
4.52701906
10.24250222
3.95281028
0.84179688
6.73046875
4.68359375
7.87890625
0.43994141
3.48046875
1.62597656
0.05053711
5.43750000
2.56835938
9.79459220
4.68587655
5.04248047
0.47908446
3.39615968
0.42797852
2.11132812
4.33203125
1.10253906
11.93781472
7.83089982
0.19564093
2.83788564
10.69759530
1.36067625
5.58138187
7.85156250
5.94173094
0.99316406
6.40201906
6.86425532
4.87402593
7.70507314
0.36621592
3.82421875
1.20930907
18.06021720
6.12451670
1.70214844
8.51562500
0.09930420
4.31250000
14.48437500
0.71875000
1.52050781
10.80533688
10.19791501
4.32291999
5.74609375
5.78938719
1.21256593
2.05605372
0.86370456
0.37198976
12.18750000
2.73242188
0.73583486
3.59570811
9.33593750
0.81282220
0.68815436
13.24902344
9.30468750
9.57177734
6.52386475
4.32421875
1.87695312
7.66015625
0.07604980
18.45800532
11.48697252
2.84408466
11.75260251
14.60514406
1.90299562
6.77050781
1.65527344
13.11107159
5.90625000
10.23079344
4.08951906
2.86328125
12.42968750
5.43554189
10.63102172
2.91585826
0.07193756
7.61751219
8.82812500
11.10514406
1.26367188
4.90234375
2.80273438
8.61360594
14.14257314
12.79069592
1.01204095
4.53385749
2.44335938
5.44531250
3.46093750
1.76367188
9.28320312
6.60546875
13.44726562
14.08528314
12.77653327
4.91015625
6.25422097
1.35515403
6.42008422
0.65169312
8.85156250
6.11840758
0.64331117
8.10937500
3.24023438
9.59375000
0.28934723
0.04982514
0.06335449
4.20898438
3.49414062
6.19954344
20.90722407
5.06543218
7.77091554
17.12500000
3.07617188
15.09146720
6.74447030
3.06835938
7.91227172
0.40144898
1.34016844
7.29655031
4.75781250
4.89062500
6.30078125
3.52375970
4.33463874
3.65657469
12.59269289
8.39843750
3.02929688
11.21516844
7.51659907
7.76171875
6.32877438
6.06836436
1.32324219
0.79345703
4.67187500
12.43163564
16.02636968
12.08170656
4.70767565
2.85091810
11.34310062
2.86523438
9.81444814
3.27376717
5.12858156
6.05891844
5.42545656
3.94726562
3.88281250
20.99609375
6.91471188
1.83528812
7.00390625
0.06030273
8.39648438
9.89843750
0.23022461
13.59016844
4.74218750
6.90983156
19.28189938
21.00000000
3.77864749
9.12141844
3.72037843
6.65689938
12.64778812
10.48144282
3.59472905
1.40820312
16.98209220
16.79199468
5.81142731
9.05511081
0.24214598
2.98600343
9.03417969
9.26105940
0.26726091
7.79361813
1.78255374
3.10546875
11.57812500
2.04101562
0.82080078
2.51822751
12.48795656
1.45865968
0.00700760
0.86279297
1.36764043
0.75717309
1.56510500
11.33235594
6.27311281
2.95507812
5.05110594
5.73795656
4.43359375
7.99885735
7.32715093
1.13737062
1.62304688
14.52050532
24.69108156
8.46028812
3.77929688
6.58821033
8.60513409
1.98048370
12.19801834
30.24762960
2.46028812
4.75781250
10.68750000
3.37304688
8.54329344
4.88248781
6.42578125
5.37109375
5.38281250
14.33300532
10.65983156
14.15657718
1.26562500
2.89648438
8.35156250
9.71875000
0.67293274
0.03815185
1.11214234
13.27978516
13.81673094
12.59407469
2.18099124
11.19531250
0.02333069
3.68554688
18.92968750
0.71484375
15.95507812
7.39060506
0.31479775
7.71531583
1.73943760
1.23738274
7.04557624
6.50390625
2.93554688
1.35644531
16.67694943
13.61653812
11.99218750
15.10644282
2.47363530
10.71711658
11.34180186
0.63492922
1.43554688
42.06673094
9.91210688
2.25651374
2.00976562
11.64408356
0.15608734
4.05078125
7.04630430
0.45475281
2.38639406
14.18750000
22.15917720
7.05436281
14.40560062
17.07452350
16.74773714
16.86523936
15.49706782
10.94043218
3.38085938
8.91048094
14.73502438
3.20052249
8.72233156
1.04785156
7.85188719
0.63265015
0.81692982
1.15983654
2.08235594
3.70280031
1.48632812
8.34375000
13.01692376
3.72135749
0.83203125
8.85156250
8.49315160
2.72950465
0.63476562
9.14062500
0.72206043
3.03580812
2.60384530
13.23437500
2.56608156
13.33300532
16.10091312
0.20768312
12.08365470
5.59603280
1.92968750
8.54394282
3.10840093
2.91992188
9.78385251
7.58138187
2.86865234
6.44173094
1.20963625
4.13281250
9.18391844
1.81998781
2.62304688
6.26887938
4.90031756
6.20963874
4.02343750
5.59375000
10.81574690
13.65429688
2.53972185
4.51562500
2.27343750
10.74218750
0.13560911
4.95280031
2.51562500
0.50960266
-0.00739776
9.49055408
6.71647717
7.10156250
2.59398916
4.93978280
8.76991466
1.74316406
13.47656250
13.43391844
2.43387910
0.28503449
2.71126219
0.77555422
3.69986813
1.81966312
4.69531250
8.70312500
3.79296875
5.70703125
2.43196033
2.64811779
16.36490470
3.96712655
0.91503906
2.12937958
3.14649933
11.62336658
0.37077404
16.00390625
6.12108877
6.16634530
6.45280031
6.45703125
3.71875000
11.63281250
8.12141844
1.20475343
1.46289062
11.68096908
0.24977553
8.15201906
11.61328125
25.41655534
5.37055403
10.65884752
2.62826185
8.98079344
4.67187500
0.50106328
0.05738889
4.78645003
5.44140625
6.80144060
10.98046875
7.60156250
3.07226562
5.79508422
0.07094361
0.87988281
12.62661348
0.97690214
1.51464844
11.27620110
31.84373006
5.48830119
3.67773438
11.89127438
3.59505374
9.63704344
9.69498781
5.11328125
11.79036126
3.93229499
0.62833493
7.70280031
5.92155031
3.29101562
6.29329344
0.20695070
11.91406250
15.41763908
1.98665780
17.86978502
3.16341810
3.10546875
2.59375000
12.90625000
13.55956782
12.99576906
2.93392093
14.03808594
7.97265625
2.10156250
12.55087897
6.51788786
3.19272495
10.89062500
21.69759032
4.02311281
2.51138908
3.47493905
3.19726562
1.32519531
2.82421875
13.25423094
11.04752438
1.89160405
10.12500000
7.82095690
2.95671154
8.56608156
8.86360594
4.76366689
7.67350842
2.54524657
3.34733156
2.50000000
5.62890625
14.29730650
1.62272218
1.34472656
8.91752106
0.93111176
1.62207031
8.33029175
2.94531250
1.16015625
0.78564453
0.99104735
14.14843750
11.80289672
1.65216832
2.88420988
3.07226562
9.49218750
10.08593750
11.53384752
4.14583998
6.50976064
6.38476313
2.66504654
7.68782469
22.82975343
15.69824219
1.43457031
13.46347692
3.89648936
7.77766844
11.85514406
1.62162262
0.43184418
17.13574219
5.22167221
7.81348404
4.19173094
1.65690187
3.17773438
7.06250000
0.37646484
4.00454566
1.54818871
6.99869127
0.99642592
1.58495595
9.31055186
5.81640625
10.41177970
1.31575936
0.03817749
18.27754352
2.72396996
13.59016844
12.40136470
2.10286624
2.48795656
5.56217531
7.59586547
17.32003571
21.48437500
17.81586772
4.91228169
3.19726562
13.77587766
0.13696414
14.47806596
0.47933981
12.75826689
1.50423343
3.66015625
5.64843750
9.75781250
11.66316711
0.13151062
14.74609375
1.89746094
13.82031250
10.82031250
0.35815430
18.07095191
12.81186059
0.42114258
0.85758422
2.59236695
1.32031250
5.64843750
10.91048094
3.89420656
7.14453125
5.91015625
7.30468750
5.19140625
0.01640320
5.32453347
3.55827903
12.81697259
18.41471188
3.15299811
4.51497562
10.07454344
3.62076906
5.54860428
3.04319260
5.53515625
7.14062500
0.29622375
1.78214539
15.59993157
17.50260251
2.16992686
8.92968750
4.47265625
1.29882812
6.80891844
11.55533688
6.35840093
2.19726562
10.29492188
6.14453125
11.73502438
12.15983156
2.20084718
12.31673094
1.44303468
3.23274657
0.14066652
1.50292969
5.94335938
4.29296875
3.88085938
18.67284907
6.24511968
0.37792969
9.57812500
5.03906250
18.51204344
16.53028900
7.52898714
4.61328125
18.50080799
32.01432624
6.54199468
9.12923094
13.01530031
1.81933594
14.16829344
10.97516650
0.07724318
46.55859375
3.49414062
3.02539062
12.29882812
2.39843750
0.38184738
9.76562500
5.64062500
18.13476064
1.50000498
14.60156250
2.08593750
27.18902089
11.74218750
0.52051280
16.12500000
8.37500000
14.23860594
7.97623781
7.53906250
25.89485594
20.21191157
3.20410405
2.95670656
3.48828125
8.91227172
7.08382203
5.76220703
8.99641844
3.47233156
5.94531250
20.29190790
2.47347296
13.02115470
12.76757314
2.24642841
4.73046875
16.16149778
8.24755984
22.44139628
3.19141622
12.82617188
3.30859375
6.75781250
4.37890625
4.32421875
4.80078125
6.55891844
10.54295878
6.64486591
0.85872562
1.66992188
15.24641844
4.19791750
7.10546875
20.52408688
15.31705563
13.84992908
18.13395764
7.84407469
1.51725343
24.18750000
12.75000000
10.40625000
2.29296875
4.74575909
4.12924091
2.34765625
11.43098626
7.35807624
17.49641844
9.14843750
9.24576906
4.76171875
0.85449219
15.53384752
6.29329344
1.36035904
5.29296875
5.71093750
0.71826172
6.24291244
9.46192154
14.75488032
15.50000000
4.13183843
3.26562500
6.89127438
7.87890625
7.06185062
0.80712891
2.50618157
4.00081671
1.30660461
3.18131593
11.15266844
7.74967531
2.18359375
3.05468750
1.81347656
0.52001953
4.08398438
9.46093750
11.85937500
0.46777344
11.10579344
4.80501219
2.17903812
14.86946532
1.42252687
1.77636719
9.79230940
3.87565935
4.48828125
11.53906250
1.11816406
0.74462891
8.12531971
14.17741467
4.71516844
1.63541750
6.79687500
8.07812500
22.09439938
7.69889406
5.54655031
2.36914062
17.05580273
11.81543218
3.07358931
5.03125000
7.42578125
13.72623283
3.09603280
1.99397330
12.36198374
3.46679688
0.90152829
7.98958001
4.17091296
7.38346188
19.06966312
4.43750000
11.34634752
6.04037123
7.28790864
3.05486480
13.25348033
3.74316655
17.54848848
9.24511968
4.54623559
3.61523438
16.32454344
9.28125000
6.19889406
6.80142814
11.27832280
6.25716312
3.33396693
6.97365026
1.40982907
2.67073734
12.20507812
0.50935789
8.80045158
5.47851064
3.28607507
15.88346188
3.81575687
9.05891844
17.23795656
17.78613032
3.54199468
0.85449219
2.24672818
4.55991245
2.24218750
34.20505819
4.12111369
14.46158688
9.93685062
4.31152095
3.05371343
4.25462914
6.34504876
9.96745124
1.28710938
2.02148438
9.50781250
5.80859375
0.96516719
0.13078007
14.79703236
14.62319676
1.41473182
10.09375000
2.12695312
1.06119376
2.37337655
9.74283688
11.10091312
9.23437500
1.04003906
0.86865234
3.89062500
1.99609375
10.74950798
0.44385139
1.14648438
8.05468252
10.50586436
14.35774158
18.34825207
3.99218750
1.81933594
11.37500000
4.13964844
5.40722656
6.82031250
4.73828125
16.33137190
22.41862810
10.48957752
7.89030529
6.37206782
7.51074468
1.35351562
0.64160156
5.64062500
1.77343750
0.09210205
2.75227782
9.80045656
13.21093750
9.88395016
7.69954593
4.50390625
14.52343750
10.54687500
1.76074219
1.16406250
2.23810520
2.77344248
2.94239029
4.96875000
0.34659914
5.24120346
2.31397107
13.64729610
17.16796875
11.14262566
1.01693373
4.56640625
15.15591534
14.54818373
6.66797124
10.75911126
3.97916999
4.63671875
10.20898438
12.88867188
12.42187500
1.20084469
9.57747562
0.90299313
11.54474956
6.36085106
13.63704344
2.98209718
9.83788564
7.88508533
5.66765403
1.20214844
6.62434065
2.53972185
4.41308594
2.46093750
2.94531250
9.47298094
7.74967531
4.70735594
5.39811281
2.60416251
27.84096688
14.71875000
1.40625000
12.70312500
3.67187500
12.36718750
2.06445312
12.39485594
9.91536126
10.08072252
4.67156028
10.06250000
1.47363281
11.12141844
20.19660129
4.28354277
0.59228516
4.96012079
0.19319952
2.27929688
10.66210439
6.21680186
4.70703125
5.30891844
8.52408688
1.81347905
2.26757812
12.39078610
5.26302249
9.47656250
1.81738281
0.88183594
8.37499003
4.34375997
3.59179688
7.88281250
1.29101313
17.82909907
22.80871831
8.19043218
5.12141844
3.24576906
5.09472656
11.93750000
0.22680664
9.98762190
1.16276872
7.86718750
0.55794188
9.65592531
1.32226562
0.00448608
8.42968750
0.42065430
15.17842102
9.54687500
0.74755859
11.10937002
5.90462655
6.49967531
13.10314941
4.13172401
1.75792442
7.91828347
13.04980718
12.68848404
1.09440187
2.75195312
25.54602051
9.67023161
4.39617464
15.26269282
17.14160405
12.50756836
7.87890625
6.84765127
5.17647281
11.42122562
2.44726562
11.37890625
11.31250000
7.18359375
5.97265625
1.88866191
0.74415059
6.75000000
2.08203125
5.39062500
7.56542720
3.24121343
13.46516844
10.81379876
10.47134752
1.94499778
8.42187500
5.77376219
13.96451906
16.89670651
4.76497562
3.19563719
2.45670656
15.31640625
1.07714844
16.83951408
12.89355718
6.67724734
0.73909547
5.08203125
0.46290905
0.36130970
0.23205566
4.55891346
2.90983654
6.42610594
8.02701906
5.76749259
6.92057624
5.86295656
15.75747784
7.55306903
14.31835938
7.00000000
2.82681627
8.54925947
3.62890625
16.06250000
6.60937500
16.29752438
9.06444814
8.09115248
5.35156250
2.18098626
17.27636968
1.18522218
4.92968750
8.95149657
4.76953125
10.76562500
8.42838625
1.61555907
16.60937500
1.71842531
0.74316406
10.68456782
6.41699468
5.94954344
11.70995845
8.09668218
9.44889406
3.58691157
1.07226812
7.01529034
9.78125000
0.25424091
7.62109375
4.49218750
9.54752438
4.85481937
0.52392578
4.51204095
15.30241218
28.97583008
4.90234375
16.80858378
10.12500997
15.82421875
2.21875000
9.76822252
15.31901374
18.52961658
16.15346086
14.17968750
8.76139406
2.30273438
15.09765625
23.89182370
5.41341312
3.41796875
10.64843750
9.56802970
15.13704842
18.98860594
2.66373781
6.49641844
2.01139406
1.53125000
9.39908688
11.38606937
9.22656250
3.25976562
4.95115103
4.23831116
15.53906250
7.94970703
7.07975094
12.02766844
2.64355718
1.48795407
4.58577640
7.05078125
6.00781250
5.74609375
16.38019504
23.47527371
12.99770225
5.61753213
9.69531250
5.04393285
4.18262965
9.56673094
2.34537843
25.85387421
5.03125000
12.86718750
5.32421875
2.97070312
1.45019531
4.58626219
2.07780031
15.02229610
18.49299424
3.59408466
2.58203125
14.28906250
5.84764628
7.84766622
1.46093750
3.94433594
3.44921875
9.93750000
3.57617188
1.24121094
13.33789062
11.84863032
4.78970939
3.53646498
1.62304688
10.14192376
0.46793952
19.11783688
4.05744861
15.42838874
23.55892342
15.46093750
5.39062500
10.06689453
9.77390958
0.57569979
2.29882812
14.37141844
11.51139406
0.00572968
13.16829344
1.67765383
9.53906250
4.25390625
2.46484375
5.82519282
3.18652593
3.13281250
9.77961658
2.83171154
1.07324219
10.83528314
12.05989251
17.26064462
5.16308843
2.56445312
5.27115470
7.19075936
13.57812500
9.33007314
15.09668467
7.39453125
5.04101562
6.75781250
13.68391844
4.51139406
2.36523438
6.99446033
3.51074468
3.85026374
3.31103516
14.91421986
19.47965702
6.49296394
6.97298094
1.91373781
6.56445312
4.32617188
8.92968750
5.94173094
2.30631593
15.67169770
0.51846853
4.68465647
6.15234375
8.17968750
21.18098626
6.79557624
1.51855469
14.61914062
2.67968750
2.04329344
7.58561281
7.71093750
15.83593750
0.44799805
4.76562500
6.08430657
1.75651374
1.67382812
4.44140625
16.27408688
15.35872562
6.41707336
0.06553162
4.99218750
13.97721188
17.85384032
2.03645999
3.29459718
7.07421875
3.56640625
19.57714096
3.68067154
7.39453125
18.88085938
17.95849609
1.18457031
10.20930408
1.02116467
1.81152344
7.59488766
27.02164672
4.92399047
2.93872320
7.74218750
17.73437500
4.30078125
15.20312500
12.26562500
4.76235816
11.81283466
16.01074468
5.23437500
2.21875000
20.46288564
1.47070811
1.63281250
14.17089096
1.73926529
16.98728724
3.04786901
8.45312500
7.06282469
9.28449690
3.77767841
4.84358392
2.78971686
13.94173094
10.85937500
12.32812500
2.51139406
17.53808594
5.43359375
7.27376219
4.71842531
0.47631836
10.99699926
2.69140625
4.63671875
8.56347656
10.93750000
5.87109375
9.28710688
14.90527593
10.02734375
3.67382812
3.20703125
2.97460938
4.90563965
2.81640625
2.16796875
10.57031250
10.05859375
7.48437500
7.62500000
4.94531250
9.76317861
17.41895030
2.85546875
16.89062500
15.53906250
9.04329344
1.84244875
8.23860594
11.00976064
25.49507980
14.26078456
25.17313388
16.55439272
4.12371121
1.82617188
26.16731439
8.11230718
5.94108156
8.01562500
4.55468750
4.91015625
14.12564938
15.56217531
2.90592531
0.54541016
8.35937500
12.97656250
1.72200438
8.99218750
1.64127687
19.75585938
1.14453125
2.26204344
6.51530031
0.00290108
15.60839096
14.66504654
2.16451953
0.07747437
12.26105940
8.07747562
3.22396498
10.81250000
4.29752438
2.28450687
8.62206782
4.89355718
16.70800532
11.42545656
3.14974124
7.43359375
1.67089844
5.45344969
2.09634503
5.29297872
8.48502438
4.92903812
13.46548316
2.63412621
11.32812500
2.74641844
5.74186281
2.51757314
2.80273936
2.88476562
8.07063470
8.91341312
3.30240968
16.79101064
3.66276125
4.36947030
5.03906250
14.05826906
4.07812500
7.07421875
0.05816650
8.82812500
5.94531250
2.53820896
1.08218519
4.62500997
4.26562500
14.64062500
14.26562500
13.60156250
2.37695312
8.28189938
5.23372562
8.92723737
1.57715591
0.06884890
7.21875000
1.75808321
2.65886746
12.19531250
0.41666750
2.70703125
9.77766844
17.23665032
7.86165780
11.09375000
5.07031250
6.02343750
9.51562500
9.98437500
12.34848448
0.18229250
2.03320312
3.78710938
0.35668945
2.10351562
16.18391844
1.76578859
14.92252438
4.44140625
2.66373781
6.30436281
8.79329344
0.22599367
2.38281250
5.78906250
7.73046875
12.72557846
11.01204842
10.67838874
1.07226562
5.21093750
3.42895446
0.12182679
3.72851562
0.00161362
1.16821289
10.00781250
11.71875000
0.90999266
2.35514406
10.61360594
2.05078125
2.29459718
3.29882812
9.39485594
14.29264406
14.15591534
6.25033466
13.41894531
2.88183345
0.15893804
4.81769504
20.03190935
6.02930186
2.98079344
8.95670656
12.48632314
18.13965342
5.37141844
2.41569093
7.00878657
3.06933843
10.98079344
4.23405031
8.51627438
3.84310062
5.92968750
4.97932735
7.54020390
19.31151596
17.25129876
3.51074468
3.21550310
2.43750000
9.09048316
2.99545434
12.66144504
6.23259294
7.02148936
15.30891844
8.96451906
1.28515625
0.00373650
0.02331543
0.06274414
9.57812500
10.08593750
16.12500000
8.02018063
14.60286126
7.60742686
14.07454344
14.08365968
3.33007812
9.40625000
4.00781250
19.18359375
13.71516844
2.08919188
5.61263187
5.82844969
5.82973848
7.20509308
1.85156250
8.11033910
2.31348902
11.57502549
9.05974013
4.21234638
0.03332012
0.54124441
13.23242686
1.31152344
9.09798094
2.01366689
5.94482048
4.75635638
1.55143312
0.17834473
4.31070922
2.83382203
7.39843750
1.25000000
0.50000000
1.76367188
0.74511719
7.69921875
1.25553219
6.55013187
8.66406250
4.28515625
7.58984375
0.05661011
15.05468750
2.28417470
3.86133311
11.37515259
1.68358877
6.49805186
3.57031250
11.42382812
6.79101064
7.01758311
7.90168939
7.90136968
4.01530031
3.40625000
15.67138672
0.07543945
7.57454344
1.60058594
4.37500000
10.30240968
4.82812500
7.28515625
9.17317376
8.11979499
3.11914062
8.95312500
1.34505125
4.18326906
4.74609375
0.11383057
16.81250000
10.68750000
10.69173094
3.45670656
10.44531250
3.63281250
10.23046875
7.75325189
18.02897468
13.66406250
4.94921875
2.56835938
11.83593750
2.08137938
3.55826906
7.26562500
6.86328125
6.17187500
21.46875000
0.54882812
6.76953125
3.36523438
4.46158688
1.59212406
6.21484375
6.95507314
6.94727061
2.63671875
1.83202128
5.19532247
5.39062500
5.44531250
0.00132275
1.92846181
22.63843085
0.32837101
5.90234375
6.93782469
4.05045656
1.31542969
9.54329344
2.86881593
1.16210938
10.62500000
12.05891844
0.27238039
9.25781250
10.06835938
5.47656250
8.13378657
1.63476812
4.88281250
7.80078125
4.15234375
1.58496094
5.07031250
4.67578125
1.59082031
4.22265625
6.68750000
2.90363254
4.85059840
7.24788453
0.37048215
0.87728031
1.50602047
3.15950687
12.65689938
8.98648550
0.19771363
2.45084718
6.89094969
13.89843750
-0.00947996
0.25766842
9.06876773
0.04239930
3.23828125
1.63183594
0.05487061
4.81673094
5.76008533
4.45085217
3.19498781
0.70068359
8.47656250
3.59570312
2.64876219
3.64811281
7.21548316
3.49154809
7.11718750
8.67918551
2.45167386
13.19531250
0.77929688
9.28548094
2.32975343
9.44921875
1.17610594
11.70312500
6.84733156
12.82722961
0.01700867
3.34375000
12.35480940
3.32487810
15.30541992
0.24255371
1.84375000
16.49599182
0.13627137
9.43879876
1.56900626
2.28223404
10.40625000
2.92415032
23.96939938
3.25977061
10.16406250
1.91210938
2.73828125
22.62890625
6.01953125
4.72656250
1.85937500
3.32226562
15.80468750
8.01171875
0.08634399
3.04866578
1.65234375
0.84130859
3.13297485
0.07607057
14.45670407
11.56185062
14.66360474
11.29329344
2.23242188
1.80078125
2.21256593
18.06086658
4.10742686
1.89225343
1.75390625
8.98437500
5.02734375
7.09016844
8.26268285
6.77605496
3.88476562
1.36230220
4.41699468
11.47656250
2.19173094
2.80436281
14.19465637
0.87890625
0.16518065
0.15092043
6.33984375
3.36132812
10.27668440
6.23405779
3.17773438
0.05502319
0.06176758
13.59375000
16.96849486
11.80468750
2.96451906
8.58235594
8.43391844
11.67284907
7.34310062
3.21777593
16.98079344
12.93750000
6.71061281
3.58203125
1.16210938
10.19302970
4.21712655
0.83984375
15.28613032
17.14094969
5.99511968
11.64420656
0.44555664
7.32031250
3.11588376
4.52278812
0.95263672
21.71093750
11.30110594
9.84733156
4.64908688
8.99755984
11.58772828
4.45349121
9.34375000
6.31721922
21.84863032
5.85026374
12.28906250
6.66015625
0.14111328
4.96337128
6.95312500
4.28717041
11.42675781
5.20312500
16.12500000
9.19531250
2.43066157
17.94466312
1.92545656
10.75585688
8.10449468
3.02929688
2.01367188
8.20312500
4.43391844
9.55045656
10.18750000
9.33300532
2.13573970
0.85937998
2.94954344
5.34342531
1.23632812
39.80020993
18.25259752
14.13151872
9.55956782
14.68652095
6.53320811
0.26489258
4.81705563
13.03060062
4.94530752
12.57812998
5.10156250
2.21289062
19.12326285
13.17317376
10.76790780
4.40625000
1.73144531
4.08414672
2.64859985
3.39030031
11.13769282
4.40689938
6.89681405
8.92968750
5.14453125
5.22265625
2.11946532
3.35905031
2.32399490
0.20251387
0.11710695
10.89062500
3.83789062
13.67252438
8.35514406
1.67350343
14.48663786
5.19695589
20.56054189
12.65396720
8.42838874
8.19855940
15.64877216
4.64062500
7.62564938
2.40169437
15.35221188
4.74413564
3.30241467
15.96773866
11.98860594
19.50358156
10.38281250
0.07739258
3.42968750
5.93164062
8.39485594
2.03320312
1.94498781
14.63995552
3.75292969
9.60937500
2.28710938
3.32875943
5.96616245
2.43945312
10.40625000
8.25894767
22.73665780
10.98502438
5.98014406
3.55045656
1.69042969
11.03125000
1.63411375
1.53873781
1.99511719
2.48795158
1.81868905
8.71875000
0.87695312
6.51725094
9.25716312
8.06250000
9.18391844
1.03678468
6.54882314
11.43197030
0.79508547
4.59375000
9.06250000
2.50976562
15.94954344
19.64797931
0.51890181
3.94531250
1.57324219
11.03906250
16.21514850
8.11297650
6.93782469
7.90949939
5.30273936
4.50325687
13.74218750
4.02376219
12.59733156
0.83015618
1.24381843
9.78906250
10.93359375
7.23469969
2.71744875
3.29719969
3.83561281
6.53906250
14.54752438
13.69303219
9.54427249
7.78906250
1.15104250
3.01204344
5.79231937
11.11718750
5.28548094
5.85514406
5.59765625
18.79329344
5.32812500
9.78254876
8.37728280
9.69531250
2.73828125
1.61328125
10.58593750
1.10774657
4.54655031
6.58788564
0.54883311
4.76757065
2.91699966
7.94140625
9.70312500
4.44531250
5.78677970
6.28353280
6.03676973
5.84213652
4.29296875
13.15689938
8.32747562
4.39843750
20.86848875
11.48712988
23.55354610
7.88087433
12.01073720
6.33398936
2.39843750
10.44531250
1.70312500
13.93057604
17.32552748
4.66406250
1.81445312
9.17024158
8.50163342
3.02343750
7.43750000
0.10882568
8.99218750
15.99641844
2.71061281
12.51204344
3.10742188
14.61855654
0.78662109
2.11132812
8.18750000
6.62174313
1.00618656
1.13867188
1.89257812
15.89485594
14.08545259
12.23258422
0.03194215
13.96704102
18.72033691
5.74414062
14.24283688
9.96810062
8.14062500
2.53515625
6.46907469
1.91870179
0.02765931
16.98620605
15.65548961
11.58995731
3.48828125
14.65266844
10.30045656
3.34179688
11.21516844
5.61295656
11.50000000
13.11718750
4.82812500
7.24218750
6.21695922
8.32047235
9.86588874
3.27213376
8.89583499
2.61360594
2.83268312
5.84407469
4.18326906
12.48860594
2.34342531
2.08007812
11.40266844
1.69108156
13.80695036
0.82195589
13.16210938
5.64721181
5.32617686
12.01204344
1.84407469
11.44889406
7.12858156
6.18750000
4.01269531
4.55468750
2.73134919
0.04111175
9.61718750
14.50488032
10.98372562
0.20646242
14.45800532
6.31022218
6.98763187
5.18033688
1.74617679
2.78515625
12.57812500
8.40039062
3.47070312
13.73144282
7.44824468
3.34179688
7.59765625
4.20897939
15.85807624
24.02863254
3.46681183
2.58984375
6.95654297
1.38183594
10.34927970
2.95540780
12.16406250
6.58227290
8.03157293
2.66992188
7.66015625
5.34765625
12.91829344
2.86881593
9.14485594
2.98405031
20.46907469
6.74412567
20.66993683
9.36812410
19.75077239
12.19889406
6.61464310
4.98567376
7.08531108
5.22265625
1.06103266
4.57780031
2.61458499
4.43684813
4.75325438
6.75064938
9.21159186
9.32812500
4.67660522
4.35546875
8.16406250
3.29101562
0.00545502
1.65168939
5.23046875
7.01041999
13.04230940
7.86394060
5.02343750
12.03351286
3.37891622
4.41960217
4.14713376
0.42073734
0.73046875
2.22770779
13.10091312
3.33788564
10.36523936
6.96093750
5.12141844
2.23665282
1.35970218
4.46484375
2.73242188
7.90722407
2.96972905
17.05793440
8.17415780
0.80697030
6.52505098
3.58041777
3.28515625
13.55125333
4.85922761
10.94531250
2.96948304
0.23063172
6.55859375
5.86816157
0.85351812
2.56445312
4.87304189
7.92773936
7.85546875
9.55663066
6.09766622
1.92285156
6.46875000
4.64550532
1.86035405
2.61059420
2.13216312
3.13671875
1.40332031
1.28125000
3.92512190
2.63379654
1.88248781
4.75390625
7.53580563
3.90006593
4.45670656
9.88182846
5.50098404
5.56640625
10.24673316
15.35872562
9.97266622
1.96289062
3.48828125
4.01041002
0.40267592
7.38704344
8.09129862
3.06609153
5.89062500
8.64843750
2.04687500
20.61067376
2.60416999
15.39843750
1.57747313
8.68814938
9.37424337
5.64453125
14.31509752
0.59701185
15.84504876
18.83463874
4.35969969
1.25944093
7.78125000
2.43164062
0.93212891
7.75877660
6.66505152
5.18391844
6.60514406
9.38704344
1.53287843
14.51627438
13.59504876
1.79297373
9.00781250
2.54882812
13.87141844
5.09276845
14.13151374
17.30761968
2.23632812
9.34863032
1.97754155
9.04443359
19.68781472
1.71843528
9.11718750
6.66796875
13.55858378
7.26595966
1.62565187
7.29719969
2.01594969
6.03060062
1.04394531
1.43424313
5.92903812
8.58593750
13.17805408
3.89225842
2.75390625
7.17041016
2.59179688
6.04296875
1.00081297
1.97037843
14.16406250
9.84375000
2.75032469
1.36393312
9.91601064
4.76106937
0.90983405
16.34601286
1.37273714
12.66302843
2.48763685
3.64257812
10.07812500
1.44726562
5.73828125
11.90396720
3.94368905
2.51562500
15.73437500
3.94531250
8.10156250
6.18750000
0.00573349
2.05078125
5.26529034
1.10385028
3.52569339
5.95248559
2.37304688
3.86914062
10.76562500
2.96679688
3.13541002
2.00716810
12.57031250
5.94531250
11.09781236
5.54037123
2.35156250
10.38281250
3.01171875
3.50585938
5.19595191
5.68686059
3.69140625
15.40608641
11.36503176
18.75390625
7.32031250
12.46516844
4.75423094
14.14778812
17.67187500
6.50097656
4.05901384
0.10690713
8.23079344
4.44531250
0.21036867
3.48242188
10.32615692
8.54786652
2.55305907
6.31608156
2.61262689
2.17252936
15.77050532
6.11816406
8.35449468
4.08593750
2.19140625
1.49316406
2.84375000
9.01773050
5.88851950
1.11035156
0.50555046
0.07959358
14.59765625
6.68017080
10.26227305
17.78417720
7.42090093
6.23828125
7.19531250
0.01638794
11.60937500
2.03320312
16.18456782
4.03808843
0.11517334
4.34375000
0.76220703
8.61360594
11.23110816
9.64747340
9.59672972
2.02115968
4.66406250
19.87988032
9.91341063
7.69401374
14.73400879
20.49933068
8.70379432
1.60872313
3.82389406
3.33398438
7.03906250
2.80078125
9.67610594
0.37150148
0.35449219
0.10065886
1.31217531
3.25390625
6.31640625
4.85644282
5.78808843
1.16894531
0.76554258
4.31307070
8.44954344
12.13541002
3.25879654
4.49609375
3.53710938
7.08397939
6.81445811
15.27343750
4.18359375
1.22265625
9.96875000
16.64550532
5.07324468
5.10937500
0.93847656
12.66048094
9.88768784
5.98112810
3.82682126
7.74935062
18.72656250
2.04686752
1.85059341
0.98828125
16.42577128
4.93783466
2.97819093
11.91406250
3.11718750
16.04907227
16.30366358
17.48149267
12.70312500
2.01562500
1.67089844
15.88182846
3.70539783
8.90105496
2.38476562
12.12939453
11.21565672
6.02311281
13.63476064
5.79883311
8.75811725
4.36688275
10.06786728
14.29524158
8.16175915
14.59765127
2.97461436
18.00423094
10.74576906
0.02362061
1.99804688
7.71484375
8.25000000
8.18750000
2.01341278
3.43165558
7.44921875
1.73893063
2.74739749
1.15820312
2.16307098
2.61915558
7.67968750
11.19270750
4.14387439
3.50912123
7.87182617
9.67789672
5.83479859
6.78482159
2.17611591
3.36523438
3.57226562
2.85899633
0.72134752
16.79069592
8.00358156
2.68164062
11.86783688
2.65169437
3.52734375
9.14615470
9.48795656
12.40397468
6.58203125
5.00617908
0.81315686
1.58203125
3.93945312
1.94209466
3.28776374
5.63671875
12.81250000
2.77343750
5.07063719
6.92155031
11.33593750
1.43750000
2.05273438
13.18750000
0.17944336
1.85839844
10.89550532
0.38867437
11.95969905
1.26074468
17.29882812
3.33007812
13.94531250
3.90820312
0.66943359
4.53971188
5.44856937
10.11002438
1.27083499
0.83544922
1.68319321
14.83593750
2.70312500
7.49137079
0.75765265
9.79947252
0.01498060
3.37498141
4.36679410
6.74739251
8.86230718
3.96061281
5.57031250
0.89485594
2.44889406
0.76806641
9.85937500
2.31250000
12.19137634
7.69924866
2.14648438
3.80664062
0.04476929
6.70703125
2.77147939
2.40039561
11.00000000
5.21907469
9.44889406
7.85156250
11.71093750
11.34473258
7.01009530
10.36360594
4.99902095
11.34245124
3.88476562
0.00204086
15.60937500
9.49218750
2.41406250
1.60351562
9.88281250
8.67187500
3.21875000
3.19173094
1.39518312
2.16455078
14.17610594
11.49576906
0.38134766
2.12695312
5.85611813
6.72233156
1.72037843
5.71093750
7.54573360
0.16495976
3.84960938
8.29329344
14.93456782
1.85416999
5.90657469
13.01627189
7.52747080
4.76953125
15.85937500
6.52766844
2.43750000
3.87662843
12.88281250
1.69531250
1.26171875
9.07031250
3.04947751
2.25911624
11.03613032
4.23340093
8.69531250
8.21875000
1.67773438
9.39664672
2.16780640
7.06892571
2.84049811
7.09537345
1.19075936
1.49902344
12.44531250
4.12841423
0.21826546
1.35644531
4.09992908
6.18132092
0.96240234
0.39208984
2.04882812
11.90266844
16.18750000
9.52701906
0.58886470
9.46810062
1.55924562
9.75781250
15.94531250
1.87239251
2.40495124
9.78125000
6.55688477
20.41015625
6.51953125
7.67968750
12.99218750
0.48852539
4.76562500
4.18977283
1.91960217
4.29296875
3.44335938
5.24218750
0.50244141
2.77343750
0.05874634
3.47070312
8.60937500
5.49250970
18.97233405
10.65625000
9.92968750
6.40942383
4.56250000
2.64648438
9.01464096
8.11035904
3.48274657
1.67643312
7.51953125
1.15625000
1.04475828
0.66276125
1.10546875
4.89354970
9.46810062
2.19987311
5.36718750
9.75488032
13.71386968
10.84504876
14.81901374
1.76269531
1.40071532
13.82584718
1.55859375
18.74446282
2.94987311
11.08593750
2.04101313
2.65722905
13.71875000
11.84863032
15.36295656
3.07747562
0.15954590
5.91015625
0.73974609
6.09016844
2.32543696
3.92057624
14.11083112
6.42823138
3.05664062
4.89062500
7.68001219
10.08951906
8.85937500
7.39843750
6.02555297
0.53011109
2.28125000
12.00000000
4.48437500
1.37792969
14.67675781
8.11181641
6.75000000
4.66015625
13.92187500
7.26953125
0.06994629
5.00862547
5.83885971
1.74675310
10.87954566
2.65365746
16.93846410
8.57748060
5.04460217
5.86751219
4.81217531
3.42578125
12.45312500
0.57958984
3.85742188
12.48893063
8.58528812
1.94140625
5.78125000
4.37500000
4.77994127
51.54427748
4.09765625
2.46875000
5.84407469
19.09379524
6.58365470
8.77473626
6.74675310
2.61914062
9.36360594
2.60319093
6.52538564
21.78319814
7.57682624
23.67870346
10.49870124
14.16178468
5.19336436
7.69954344
9.41708976
3.73242686
4.51204344
4.00748781
6.14094969
7.04264406
1.32812500
11.29687500
4.01204095
8.04284492
6.22298094
9.96516844
8.62564938
5.87370124
1.65234375
12.15462157
13.91471188
2.34863530
7.96875000
13.20898438
2.94140625
4.48437500
9.12889481
1.70214844
18.66883469
8.56998532
6.40201906
6.30501219
1.00618656
1.10351562
10.28548094
23.25748781
10.31250000
3.37890625
16.33750241
0.99642093
1.73307126
6.80013187
0.42968750
7.18977532
29.59733156
2.81966312
9.59016844
2.78060062
1.00195312
5.99250222
1.18913840
9.98750731
5.96061281
1.01855469
16.94661126
6.61236821
4.04655031
10.64192376
2.79752936
12.19433594
4.80859375
7.48437500
49.40071532
5.91339111
5.35188719
9.52701906
6.96516844
14.62402344
5.24902344
12.47656250
13.45104980
3.71451906
7.68717531
1.35839844
3.71093750
10.59016844
6.76953125
0.61490968
4.85937500
16.03677970
8.16080563
2.41960217
1.10546875
11.63671875
21.79166002
12.32194592
4.71061281
10.26269282
4.07356937
4.35057348
5.29167996
1.41992188
26.92382812
10.33919188
2.39811281
10.29329344
10.01920656
3.58789062
6.83593750
19.46875000
3.98437500
10.05110594
7.16471188
6.81152593
1.79589844
10.33853502
19.85319592
4.01139406
8.52343750
2.34960938
15.44238032
10.92383062
2.32421875
12.84016844
6.69108156
1.91015625
14.46288315
4.01660904
1.03222656
12.41959220
10.46810062
9.81543218
2.67219969
5.02408937
4.65234375
3.76171875
15.17903563
13.56673094
1.76790531
0.44311523
3.68750000
12.35480940
8.43099623
7.43099124
14.62695312
4.94173094
7.99772218
8.37255361
4.60352061
3.06868407
7.88248781
19.63802000
0.95768312
5.19531250
4.66829344
1.23209718
9.38118407
0.93066406
3.17448000
5.49609375
12.37564938
10.51562500
8.14843750
16.22591312
15.23079344
5.52701906
8.01562500
4.14453125
13.20800532
2.98143534
2.35255152
4.03515625
9.33593750
8.10156250
7.11327128
3.79297872
11.00696776
18.82405640
7.27734375
4.03125000
15.08852505
5.07163120
21.71484375
2.98046875
12.40625000
19.92480220
2.68685062
8.44889406
19.14224845
2.44465814
2.77832779
13.39127438
10.03320312
3.73958499
17.26204344
10.96451906
11.69726562
8.60156250
1.30859375
9.33300532
12.94302970
6.25521498
0.49194336
15.31250000
9.09080785
3.44825465
2.05078125
10.47070312
12.92607352
16.29882563
2.05143561
13.05305907
6.24576906
0.68701172
7.02343750
5.30501219
6.23405031
10.21646720
16.68927084
18.57860644
15.45349121
0.08569336
0.42065430
18.74047852
2.64843750
5.78125000
10.22459442
2.22853058
11.50162345
2.69954842
13.24283688
12.49153812
3.70166016
5.66406250
9.55468750
18.44188955
2.38672373
6.45703125
3.21484375
10.77668440
7.09050310
7.06640625
9.98860594
6.73893312
1.99609375
5.83203125
0.90762931
2.52376717
7.92968750
4.00390625
6.03970191
17.01172872
4.23860843
2.22851562
6.09765625
12.71581782
4.09895999
5.82877687
6.16406250
6.92578125
7.60156250
7.73046875
13.80573464
2.82585715
1.93164062
7.88899158
2.44889904
7.06835938
8.48079344
2.31022218
18.48402040
4.07456836
2.34961436
10.33235594
3.77311281
6.27343750
5.45735594
12.49381593
8.12320922
1.45100953
28.20084220
7.61489473
5.34441932
14.75602172
0.21224000
6.63443595
16.22884530
21.23176751
19.07491214
7.53060062
1.81640625
5.67284907
11.91341312
15.42187500
16.38931876
13.72721188
4.42318373
11.89648438
5.82031250
2.30664062
19.85122681
2.23242188
0.46199461
15.53190187
1.49511719
0.34309813
10.38395265
1.42187500
0.30761719
8.18359375
2.19563719
1.07194093
0.53125000
9.25339429
19.85150314
4.96419437
1.08593750
8.34309564
15.23307624
10.35546875
7.17578125
9.57031250
10.77539062
10.82364805
2.86580507
1.93684813
12.62310791
7.31314938
0.68408452
10.09798094
15.71093750
12.49120346
5.13347185
3.54492188
10.48437500
15.71939938
1.32454593
5.19954095
11.58463874
12.60937500
4.36360594
13.15787843
2.53125000
8.10156250
7.64754211
0.07871521
10.53125000
4.10188719
12.08170656
12.72656250
0.53417969
20.87791224
20.11557402
7.58169659
6.72559840
2.84375000
9.19954344
16.30565659
0.92155779
19.74739251
6.99365359
2.06559452
2.41992188
4.95735594
8.86295656
5.95653923
8.73291389
5.86718750
10.72851064
2.21680186
16.90234375
7.76594969
3.16959718
14.59798094
0.28800539
14.79492188
1.97851562
7.28125000
18.68750000
7.71907469
0.51823000
14.33333001
7.45182624
8.69173094
5.47851064
7.61100842
2.91406250
7.98469969
6.62858156
11.95672607
2.33902330
3.12435560
5.41406250
15.85937500
3.62109375
15.21874502
4.61523936
21.30468750
21.12337157
3.20670656
3.15820312
7.98013409
2.18002216
1.25292969
15.79052734
14.75000000
1.23535156
11.95117188
12.72314453
10.07031250
3.55078125
4.43359375
1.47167221
7.32910904
13.88704344
15.86360594
13.89192874
18.67317376
6.65104499
13.94531250
8.31250000
10.03125000
10.35774158
11.22819592
20.34195548
10.22103280
2.16796875
14.80110594
9.15103502
1.94043716
3.98632812
18.23598848
2.05698027
12.78707886
6.17578125
13.61555408
17.01335217
10.89062500
2.70117188
10.45377438
1.15560062
1.07519531
8.99055408
1.00163342
6.17773438
1.41406250
7.31640625
8.58095595
0.36564211
2.63671875
27.57649158
5.13835217
6.99804189
11.18587655
4.24576906
11.99218750
4.07031250
2.15625000
5.77799313
6.75422097
3.01075465
3.17578125
13.94531250
20.13704344
9.46647218
2.14746094
7.69921875
1.24153563
0.70719484
5.47443706
22.80273811
16.66894282
6.96940935
6.72298094
6.89030031
3.78385251
1.14095218
7.20312500
13.55175781
0.93725586
19.37703367
11.67545656
7.62500000
0.96898916
4.04102061
2.04101562
13.02148438
4.06640625
2.48242188
11.53906250
2.14648438
21.39062500
4.37500000
8.41406250
10.21939938
11.82096188
8.08463874
4.21875000
13.71081543
16.19513835
6.92090093
3.92773438
0.18310547
16.72181702
12.53125000
0.89697266
16.00423094
30.34048316
1.74512965
3.02343750
18.12401596
3.48047623
4.30468750
7.82031250
0.54052734
8.82096188
4.42122562
7.55891844
7.84928468
3.49609375
9.46321532
1.99772218
9.93750000
12.09016844
11.67968750
13.42936281
9.83593750
7.15266844
3.76530031
1.55371094
11.77115470
13.94563719
15.38867686
0.94189453
8.00974070
9.93149946
9.62858156
5.95638187
7.15657469
8.40884752
2.91276872
12.19531250
6.48144282
1.99511968
20.79979721
10.32129654
25.17968750
21.17968750
19.05891844
3.04850343
9.54687500
1.14843750
15.65266844
0.98640369
2.82552748
32.78906250
7.59049313
2.59505374
19.84537345
4.89681405
2.11328125
12.70019282
4.05078374
8.66406250
10.20800532
9.98437500
2.43261968
12.69010251
0.75032718
16.89908688
5.00682348
1.09213652
13.64908688
10.32812500
0.57112796
12.82584220
9.26220080
8.16635153
8.28906250
7.52945922
1.29475953
8.81852172
0.69612672
2.72070312
29.94742797
1.59651734
3.81250000
13.13671875
6.15445922
1.79475953
19.80273438
14.23437500
8.72656250
1.71614500
18.94026610
8.62435062
16.44596188
10.40560062
3.11131816
1.60547872
6.72265625
4.10937500
0.27937805
0.00785340
4.01953125
2.23242188
16.96875000
2.19921875
10.63281250
5.50846188
3.01302249
2.85546875
8.54198720
6.87695811
8.60156250
12.64685059
15.24641844
14.01920656
5.62231383
5.21362367
19.10937500
13.27766844
13.33365968
3.59602782
1.75651125
4.47265625
10.86799424
0.88493545
12.53709442
1.33595245
2.96093750
4.12564938
5.81412594
7.72587409
6.49609375
13.87500000
16.48437500
8.32454344
6.97265625
31.12206782
0.18033688
5.81185062
17.63167110
0.34782109
1.37988281
19.37500000
4.75000000
7.39453125
16.30012190
3.91927748
4.35416501
7.85026374
7.45735594
3.36686281
7.33593750
18.53971188
13.35489992
4.69889406
15.52067991
4.62890625
5.31217531
13.52766844
8.63182846
7.13379654
12.99397828
2.77522828
14.47654365
0.02327515
1.76660156
9.35579344
8.22639891
18.24837406
13.98502438
16.36495121
5.17187500
9.50650377
11.37305186
7.71451906
12.77701906
17.69563719
8.35937500
11.64432863
1.50585938
6.11098848
1.50815214
10.31250000
0.47631836
7.82875444
2.74546431
25.95312500
11.45377438
10.28060062
1.50585938
7.71353502
1.22819592
11.30045656
7.23046875
12.48925532
2.79785405
1.44042969
4.29508048
6.47135749
3.54850343
12.19173094
8.03906250
9.12694814
5.41666999
9.08008062
14.17610594
3.05240968
12.25911126
4.58073249
11.27213376
2.79817874
3.66601562
10.15429688
4.87532469
1.55729250
9.63411126
1.07682624
0.99609375
16.64729735
12.03369016
0.23209843
11.60579344
9.25488032
11.65625000
9.72607173
12.78125000
15.19108156
14.28353280
0.73258547
25.09765625
12.90819814
6.66602061
1.59375000
3.53125000
11.66829344
1.90494875
19.42252438
6.97591312
0.88671875
16.97566711
0.05668152
1.87988281
15.51790032
49.57324468
7.19498781
10.59276596
6.98145279
2.52929688
17.27538564
8.59570811
2.59375000
10.32031250
2.38867188
7.15657469
2.01530031
15.21223626
3.23698249
0.34985352
19.66015625
7.27115470
16.20182624
5.74120845
2.13541999
10.85156250
0.64257812
7.70962877
4.82943373
8.41406250
2.37890625
12.91406250
8.54687500
13.02766844
20.41369629
5.93359375
2.47623781
11.36457004
17.48567376
10.59506870
1.32812500
12.84602782
1.50862298
2.18001717
18.32551751
3.77995124
23.52180657
13.49511968
7.23014406
4.32421875
1.26855469
3.16828098
4.40886746
19.43456782
10.59993407
1.99674811
8.46158688
6.25064938
1.66081061
1.97363281
12.05386082
1.17074855
8.04752438
3.76497064
21.05664561
12.06250000
2.13281250
6.98860594
0.46196573
4.95421349
15.89387190
4.19987810
13.87564938
3.17903812
11.15689938
3.92903812
1.22460938
27.76204344
7.47720939
3.45703623
11.67968750
6.85969969
12.09375000
3.25748781
18.97119141
6.83137190
5.04753435
29.51985594
10.60481688
1.90560062
10.68750000
0.29931641
1.19400377
1.31315686
12.80598626
0.47054452
3.39941157
7.48372562
17.21622804
0.17407227
4.25024414
0.51855469
5.93123352
6.52201355
2.67772939
2.87142342
4.07714096
4.06706560
5.30078125
3.79915282
3.98242188
1.55143312
1.12109375
14.24054910
3.37468528
31.17187500
1.56152344
16.01269033
1.08105967
8.60156250
8.60579344
0.89030031
1.78320312
9.95279533
7.56478280
7.51236813
7.57356937
0.06005859
5.35156250
3.12304688
7.27498227
0.10929507
4.42187500
12.64452128
16.71028812
9.52473626
3.08920434
14.56250000
8.70149158
7.35319592
13.19890294
3.00651374
7.56705563
3.08919437
10.22069814
1.21484873
12.81899380
1.05795932
5.99609375
2.25195312
17.82019850
5.76432126
6.82356937
2.69303468
1.08105469
14.19628657
13.27457890
5.86116578
5.59570312
7.66406250
9.98437500
3.41796875
7.33528314
6.13151374
11.71362305
4.39843750
3.83593252
1.63086436
2.86914062
6.40625000
10.82486813
2.95638187
5.52734375
2.39257812
5.96907469
11.05468750
7.44531250
9.07031250
16.29308407
2.20019780
13.66461182
2.09570312
16.97590814
3.17057624
9.84375000
0.67236328
0.80566406
4.17187500
7.12141844
6.82452350
14.40203900
3.65201906
19.46418440
9.59407967
3.22103280
4.89843750
1.27799313
26.61061437
7.22656250
9.91048094
2.35319093
20.04930893
2.08301529
4.52343750
7.05598626
5.46549313
3.03711436
10.20735594
5.33561281
9.87923094
5.96939938
1.86035405
20.13769282
13.14582503
4.01531028
12.18391844
8.21451906
15.38606439
4.53027593
7.69889406
1.62597656
4.61750970
2.90527593
9.15201906
3.29492188
15.53352782
1.91194703
1.09554078
6.59804244
0.10972123
0.55419922
12.19921875
7.14062500
2.92187500
4.74609375
5.64935007
0.21051321
10.76627438
10.89973626
6.17088099
5.60451462
1.69238281
6.32844969
5.29783910
16.59169079
7.32454842
9.51074468
2.26920656
7.85449219
2.17773438
5.56314938
10.11360096
4.30208998
3.51333722
22.12519572
4.61947030
3.79492188
9.03906250
18.50553468
8.62923094
5.04880819
10.11297650
13.02929688
12.54199219
16.14290032
6.08073249
9.80598626
2.65722905
1.83463625
6.66796875
3.81791168
7.68045989
2.21256593
0.13635254
5.83398188
3.26269780
15.67478724
11.42742464
6.94856937
9.78026596
5.10645279
4.12890625
6.97656250
14.93456782
2.33968016
6.12402593
7.32780031
2.77343750
6.24218750
2.01236813
4.34310062
4.52343750
8.48502438
1.70377687
12.24283688
2.82910405
5.34045410
4.94173094
12.38769282
6.20963874
6.35156250
4.07486813
3.19270999
6.97656250
19.61748228
9.29658022
4.94921875
4.98046875
15.72590814
6.08073249
12.57031250
5.97265625
1.34570312
1.31933594
13.68456782
0.62890874
7.05078125
14.67675781
5.47656250
2.41601562
4.78906250
12.53677970
13.80697030
2.67968750
8.74511220
10.17772939
5.70134419
0.12044312
2.71289062
10.66536126
5.81152593
7.02814551
2.16684230
9.21875000
0.15051270
25.40234375
2.16243157
3.97526374
0.70800781
10.18033688
9.82127660
3.65463652
1.14257812
9.44628657
6.42870845
4.01041501
4.35677748
5.12955563
5.45638187
1.02359860
17.48372562
0.34252930
2.74753866
10.13640901
5.82650155
13.25781250
19.99055408
1.97624279
4.72656250
16.71938941
6.62826684
9.84895937
8.23860843
4.91015625
1.35221188
3.54427249
0.96386719
5.16048094
4.98014406
2.88606439
2.35807624
9.37923094
17.33170656
6.82795019
8.24138076
3.68814938
12.11523936
6.58528812
3.49414062
2.09114500
10.33170656
10.04687500
15.99794006
8.36059570
14.76235816
5.72982934
12.63670878
7.07291999
14.34115248
0.80078125
12.17187500
6.94610927
16.45586328
6.49219248
14.36783688
1.11263187
10.37954588
4.36491467
0.58121828
9.17023161
6.92807402
8.79231937
7.14518063
3.39453125
4.18326906
8.96451906
7.31054688
7.91632536
3.99383089
3.19726562
19.43033688
8.32747562
2.35676502
4.20866467
8.64843750
8.26854970
4.08528812
5.46800580
3.95898438
2.02571532
1.33073000
6.90722656
10.15216645
31.24285308
4.57421875
2.68862395
3.92954011
12.03548094
0.03568605
0.64892578
1.73231932
6.31705812
5.72656250
8.90689938
8.93196781
14.32617188
5.86718750
7.28125000
2.87500000
13.07078458
21.31979464
7.03906250
11.53515625
7.68619626
4.99576906
10.29002660
1.93035183
4.78125000
3.17773438
11.43911348
5.05698027
9.71093750
6.20312500
6.94563719
7.73046875
12.54752438
4.99121343
16.22525876
9.04264406
2.60905031
6.21972656
1.96582031
5.81755066
7.67578125
4.32926266
2.85351562
3.33919437
10.17187500
4.09765625
6.41829344
19.85579344
10.35677249
10.26627438
0.29093508
4.33561281
10.05110594
7.59342531
5.89453125
4.78906250
8.46044548
0.42920296
14.15266844
16.76920656
4.86718750
7.39453125
6.48828125
12.16795878
5.61719747
2.62304688
11.60760000
4.57780031
7.02572030
1.68098875
2.41569093
9.50000000
3.93554688
12.87141844
4.64843750
1.25976562
0.99186281
4.74218750
5.12890625
5.63671875
3.18164062
5.08203125
1.28808462
4.45410904
3.90155646
4.15950687
19.09651485
4.15739140
11.95182126
6.24544437
11.44173094
1.59733156
2.15234375
9.24771720
0.49642342
5.27343750
8.41406250
6.40462157
3.44954344
2.69856937
10.89062500
2.86132812
7.15625000
5.05065825
12.61176087
5.69304964
6.07844720
16.53384752
5.35921764
16.87679078
13.16178468
2.80273438
10.73079344
6.45312500
18.43945312
11.89843750
13.39062251
8.46745124
2.23437500
6.70442376
10.49576906
17.79996454
20.09554078
17.54102061
11.86393063
3.46614749
5.36718750
9.30533688
11.70247562
11.36360594
7.03873781
0.63037109
14.51822252
15.47005873
4.27766844
1.92936281
8.58235594
9.35156250
2.71451906
12.54490692
3.77931183
1.73339844
6.33429411
21.36492464
2.16373532
4.06185062
9.97298094
2.63020252
3.32194592
10.86048464
7.89973626
2.64909186
9.66666002
2.65755873
2.19140625
16.45312500
5.32421875
5.74609375
3.71289062
1.64325656
10.92154034
10.92807651
9.06478280
9.32568484
13.52359486
16.88525764
3.51871952
10.08268063
6.42936281
12.55143312
0.22033691
1.48860594
3.01757812
1.12174562
5.28906250
14.58593750
13.33235594
11.76535138
6.34375997
14.29276364
5.56314938
3.77995124
11.08837766
0.10070925
11.17317376
8.14127936
2.88281250
12.32812500
13.37500000
9.53906250
3.94140625
19.14355220
17.32747562
4.08951906
9.09375000
2.76985594
17.42350343
17.71385971
4.76660904
14.40722158
2.58203623
16.17958494
2.81412843
5.25390625
11.28548094
20.58103724
5.02833776
6.05859375
7.60123781
6.10794830
9.15625000
7.90234375
1.19238281
0.86783439
9.11132812
17.66829842
8.45312500
4.95344969
2.94400876
2.38769780
24.91698970
7.25325687
4.80436281
1.82324219
8.15917221
7.44694592
3.90950687
0.97119141
5.60546875
8.82436614
1.66000886
11.57801641
7.78558953
2.98405031
4.15234375
6.76953125
0.23474121
1.25097656
2.65234375
7.78320312
0.27750547
0.12361757
2.60351562
11.35221188
13.87076906
3.56998781
12.40625000
7.78906250
10.04067598
3.85385527
13.94531250
3.25390625
11.53906250
0.42579827
23.68130846
16.48665780
6.85710217
16.51495568
16.91538120
16.12500000
5.55794437
6.84830563
6.71028812
5.28125000
8.15625000
1.73371565
2.66081560
5.96875000
0.99902344
4.82421875
2.49185783
3.92415780
2.05664062
5.04752438
0.08064945
7.22265625
4.62500000
6.61523438
13.06217282
2.38834718
12.69889406
5.60546875
0.52685547
10.51627438
0.27547367
13.57421875
12.34016844
9.61718750
2.25000000
9.38639406
1.04003906
4.30110594
10.07389406
3.83235594
5.17155031
15.66471188
2.76106937
1.56542969
11.38281250
4.51562500
4.51366191
15.04883311
20.13167733
4.10123781
11.01985594
15.52384523
13.96907469
4.81909242
0.35050476
3.16406250
7.02147939
10.58398936
9.00000000
3.06510251
6.44075687
3.44140625
7.47688719
4.43326906
1.25000000
14.69531250
2.95898438
3.70507812
6.43391844
3.37662843
9.60839345
3.80273936
11.66992188
14.13704344
4.85579344
13.82747562
9.00846188
0.57356937
9.63704344
8.02603502
1.29004654
9.41406250
27.71429443
5.52343750
5.52734375
13.76562500
11.78906250
6.46907469
0.25822023
5.86522939
1.86328623
10.98697252
4.05599623
8.07031250
25.60546875
8.34863281
7.73377715
0.34630097
5.80078125
6.18359375
0.82470703
4.81216036
3.26172872
1.63118905
18.32031250
1.18432617
14.35937500
3.58203125
6.18359375
11.74706782
2.26074468
8.32031250
6.93750000
9.85937500
14.90705300
8.62468528
17.46875000
14.87500000
1.98762938
7.62858156
2.04687500
12.44192505
5.03515625
9.80891844
2.21195966
2.05306405
2.61881593
9.28254876
8.17057624
7.78222407
13.11914312
11.64068987
2.64650431
7.13997562
8.53548094
10.66764406
5.43001219
3.09928468
17.61783688
4.73502438
2.80338874
11.22656250
28.87500000
11.37141844
1.80338625
9.64908688
7.46810062
9.38769282
2.48340093
4.70344969
11.66080812
8.48450266
4.87534961
6.53092531
11.42968750
10.64093972
4.37500997
8.60514406
8.93570922
2.76383422
11.83593750
3.73990968
13.45735594
1.07487062
5.09375000
3.21289062
12.11913564
4.62402593
4.12435062
0.30843140
0.05281617
1.84277344
5.55029297
4.66829344
5.35937500
4.78873781
8.73437500
15.50000000
5.11718750
13.82812500
18.11132812
11.34992908
3.78678967
10.76562500
11.68750000
16.98072412
11.63239978
3.47234153
7.94563719
2.84504876
14.90495124
5.39876219
12.75845690
7.32373670
2.39957890
1.88671875
6.13671875
2.83991384
0.06072092
3.87109375
7.46548316
3.22592309
10.57747064
9.75358156
25.15560062
3.81022218
8.15698242
9.84863032
9.24935062
3.72037843
16.47721188
8.61360594
13.54622562
0.03910402
8.55289672
20.62450798
16.08040780
5.10546875
8.10156250
5.73828125
6.35156250
33.88126373
9.58593750
0.46321532
12.50781250
3.10709718
9.65625000
4.56640625
28.08968016
29.93619875
6.14876219
34.06965814
18.65462157
1.67969248
10.67317376
2.47754155
1.30338625
10.20735594
15.06151596
4.26628435
1.71191406
13.34439938
3.29524407
3.00977061
7.67968750
10.22656250
9.07454344
7.07812500
4.04264406
1.16210938
1.27832031
12.82812500
26.83986664
18.20285122
1.30892093
6.45312500
1.21875000
19.92708001
12.79524158
8.94564716
17.34195922
8.32828236
3.04069592
4.98828125
7.93001219
9.79296875
5.76920656
21.38736813
1.05696781
0.14776611
6.23828125
0.63769531
10.61718750
6.23110816
8.12826684
6.44531250
8.59798094
9.07876441
4.69727061
8.34424202
9.25830452
17.85529145
7.50798980
9.39062500
6.54296875
1.98535156
15.30305408
2.34147717
14.62141844
6.63151125
1.75585938
14.15266844
1.90299562
13.15543454
3.32161624
11.42105954
15.42513187
16.08723626
0.54362311
11.39322252
2.31576185
19.66242908
6.88835217
9.75634766
21.51594969
3.51985594
10.56966312
8.54687500
3.63281250
16.52799313
14.64485594
3.00911624
10.34733156
1.76269531
4.08984375
0.00597000
23.34732658
2.26986092
5.82844969
19.64811281
7.24804688
18.64908688
6.23763187
2.03540039
9.75781250
2.27734375
18.88720454
4.41699468
16.25389628
19.45118184
11.50846188
3.61263187
18.22004876
5.99902344
2.37760749
30.06671100
15.33367464
8.14697764
1.67382812
6.25390625
4.19921875
6.08203125
4.70703125
1.83007812
5.66113032
7.40527593
9.03125000
4.66113032
1.05957280
14.34016346
9.28711436
1.92155031
13.70312500
10.42968750
1.50781250
13.07031250
2.15234375
18.94139628
9.01172872
7.71907469
20.08170656
10.85156250
4.87890625
0.01148224
4.94140625
8.72656250
7.99609375
0.01899719
9.40266844
18.04459220
5.23698249
3.64388187
20.44757536
7.19304964
4.87500000
11.93750000
7.66015625
7.34375000
1.12402344
14.95312500
15.15819814
4.05273936
11.39843750
2.91601562
7.57031250
8.21785461
0.61838791
0.06890885
14.96875000
9.22070312
1.72753906
6.53125000
13.57031250
8.46158688
2.49414062
10.56185062
11.64062500
25.48464984
7.03097516
2.70898438
10.53872784
12.10612810
11.46353502
1.87598404
7.26562500
12.50000000
0.44775391
3.88932126
5.97851313
5.20996343
6.39778812
3.36914062
1.78222656
2.89453125
1.63403258
2.57885804
14.00602172
0.46321656
7.51171875
3.99609375
23.47854614
2.56705563
13.06185062
1.96093750
13.37074912
0.73146276
13.71362367
0.21883242
9.81673094
6.01139406
3.45507812
10.92187500
0.22204590
12.12027704
2.85433233
1.25609604
5.12207779
7.79002909
7.19206560
6.50325687
4.07812500
10.29329344
5.61295656
7.68750000
12.49641844
2.69108156
14.70149657
1.40494875
12.57747064
13.48795656
3.78418218
14.01660156
6.35719803
1.04892990
7.46093750
1.66992188
16.77018063
5.38216312
1.58886719
9.19596188
6.69595191
3.40886746
1.10937500
2.08007812
3.48030516
11.84375000
7.21451906
18.04199219
2.23046875
9.03125000
4.08024047
6.13094117
4.88281250
2.77148438
3.98242188
11.24039672
0.16463258
2.26009032
11.66764406
5.58398438
24.81738281
1.12207031
8.83902704
0.15926398
0.47656250
6.78125000
11.72298094
0.75455812
0.67382812
12.62401596
12.65007092
0.58609486
7.95532512
5.53906250
5.76171875
1.88964844
15.10807126
4.12044437
1.71744626
13.52766844
1.56418350
5.85247154
6.47494902
2.06445312
4.19531250
0.65445797
6.02278812
0.58349609
2.92578125
0.95996094
4.03548094
3.42057126
0.48340093
3.99023438
0.07617188
0.57454344
2.15787843
6.20344969
2.36099845
11.56120124
0.11824710
4.13313719
0.59570312
3.44108156
10.08007812
5.76953125
16.36001940
3.81055186
4.42545656
4.97233156
1.91308594
10.36718750
0.89746094
0.18623778
0.24772218
1.23632812
1.91992188
1.62890625
5.77343501
4.92301640
0.22762086
0.17120346
0.50026381
7.98014406
5.13281250
4.50943595
10.97103280
5.89648438
8.42187500
10.28125000
5.26171875
4.32031250
8.46093750
9.44726064
2.83528812
11.11833015
0.44946289
5.23437500
11.57454344
8.39485594
8.03060062
2.53222656
7.32454344
9.44108156
0.64746094
3.29134032
7.57128657
4.63151374
4.21875000
6.00646942
0.31726105
9.35546875
5.19531250
8.59798094
5.71549562
7.16482353
12.50781250
0.27465820
9.92348848
3.23666777
0.77212803
1.54459718
0.42333984
3.53287843
7.96907469
1.29264406
1.48242188
5.72688719
2.48209718
0.76806641
12.81900377
7.22396498
2.81835938
14.62792969
0.86932373
2.63346188
10.99153812
5.11132812
10.12500000
7.11360594
13.30436281
29.35351562
19.99239203
13.05989500
4.86263187
6.76204344
3.05436281
13.86425781
0.99230957
2.65299313
12.00716312
11.80208001
2.23698249
8.78973007
10.05891844
10.80793440
9.38314716
5.49251219
3.90625000
6.79655031
2.48599845
11.27694100
0.97021484
8.83300968
13.19889406
4.19986813
5.33528812
3.05016424
4.55390070
2.69140625
20.12500000
8.68652344
2.52408688
4.11263187
4.52734375
4.11718750
2.88867188
4.49609375
1.87695312
2.03596673
6.34635749
16.26562500
1.56542969
9.37500000
1.96679688
9.31250000
6.74430297
4.05257203
5.73258422
0.21175172
8.37824690
9.91932714
7.30859375
0.70654297
13.21793578
2.42252313
8.44824468
2.42089595
4.90528145
7.11718750
8.30468750
0.37963867
1.36914062
28.66177970
1.07943124
5.66210938
4.38281250
0.70458984
9.41406250
3.46093750
6.15234375
5.14876219
1.82975343
1.50292969
0.35530516
0.54996828
3.73828125
3.39453125
2.58593750
14.76204344
8.41829344
3.80338376
10.36360594
6.66634530
13.81738032
6.53841312
14.58593750
14.99218750
6.34733156
5.92187500
1.55273438
6.50781250
4.38936542
2.93913342
5.30468750
27.62890127
7.42383311
5.41796875
7.04817376
3.76041999
10.38605940
4.77800310
2.44335938
3.57031250
16.71620178
18.68554688
14.22656250
1.43212891
4.28125000
4.24218750
0.45125242
2.70131802
8.88413120
7.25813719
10.52115470
3.74382092
4.41406250
19.01269282
1.02148687
33.81151596
0.69336685
2.91917419
3.81514536
9.21226118
3.45963874
4.39908688
9.34016844
3.63769780
14.48168883
0.13977113
2.65234375
7.47721188
4.60772663
2.94826462
2.16682610
10.59668218
3.09147218
1.83300781
4.56640625
31.87923094
4.08561281
8.07454344
4.05110594
12.42903812
0.38748345
8.08463874
2.29296875
6.11587877
8.89225842
2.19694093
4.27343750
1.60351562
1.03710938
5.17479721
11.23535904
5.70768063
4.07818420
4.66406250
5.33593750
4.17024158
1.87858654
3.79882812
7.53515625
5.82812500
9.69531250
4.44531250
7.81589705
0.21632951
4.63313719
13.76139406
3.47557846
3.86360594
3.69987810
5.07877438
17.11792858
10.87923094
7.85123781
9.53840814
3.74414062
3.72135749
3.11914062
15.01269282
5.08789312
4.12890625
9.29752438
6.76953125
7.19140625
4.15169437
0.78417969
20.68359375
4.07031250
6.08203125
7.93359375
2.76692376
6.02604499
10.62109375
7.02376219
5.86718750
8.02701906
11.93391844
3.88834220
8.14062998
4.92968750
6.74641844
7.32324219
4.06217531
32.13704344
1.14941406
4.99967531
0.96728516
1.38899657
9.16957226
6.13088430
2.73303223
21.83723128
7.18425310
8.52001953
8.79870987
14.09863032
4.06543218
10.04687500
2.48762439
4.97819592
1.67773438
10.53548094
1.58227290
6.52604499
8.34375000
9.30110594
7.86765531
5.68359375
9.89062500
2.09765625
1.52115719
6.01888187
5.67968750
4.50390625
4.87890625
8.48437500
3.81021720
2.24056405
2.46174798
3.88997562
6.27669437
1.28320312
1.10644531
3.59602283
3.85352061
11.26920656
1.53450438
7.83365968
16.15625000
8.29687500
6.03125000
0.21240234
0.34979248
0.81591797
3.77343750
2.74023438
6.25292221
7.95410904
5.58788564
0.49219248
8.85317598
7.79526152
0.30126953
1.08496094
7.07226562
5.04979970
8.96484873
3.24869626
5.01171875
3.09049313
3.09895999
5.12465651
7.10156250
5.46093750
7.06250000
2.05664062
2.55826408
1.70345467
8.35676751
9.84993656
2.23242188
4.05794437
4.60156250
4.32844969
1.30631593
13.84016844
14.06250000
22.14615968
2.94140625
7.20312500
5.54719969
12.05891844
1.77474124
18.46386719
3.61328125
6.71875000
1.55078125
2.31227615
0.01473496
4.06640625
3.49112291
10.43490248
2.23632812
7.61751219
3.26334718
13.09504876
5.82291999
4.18359375
1.25202620
1.70964372
7.78125000
14.16829344
17.18750000
4.35123781
6.87109375
6.75846188
16.60563234
7.74967531
2.61197003
1.92806903
2.89192376
4.93294437
7.53092531
2.09602782
3.46614749
8.21679189
6.26562998
14.78906250
3.13281250
1.99609375
7.27539062
4.77343750
11.79394531
7.34944329
8.69401374
6.95377438
8.34310062
14.52766844
1.96256593
6.41796875
8.30468750
10.29296875
5.26171875
3.70312500
1.22753906
5.88281250
3.38671875
8.64127438
7.43261220
9.95475842
1.69596437
6.22656250
4.80143063
5.08138187
2.66502411
1.48829620
13.01041501
6.75325687
1.68750000
4.12500000
2.11718750
6.31551086
0.05118836
2.45279533
3.50814217
7.07128657
11.30371343
5.83691157
1.61718999
31.90428192
6.08790558
2.33984375
0.82911858
18.08538818
20.44531250
2.31250000
22.54002660
11.74122340
4.72265625
11.08158356
0.01688141
17.28986924
9.03044326
20.09375000
11.73258422
1.42260368
5.78873781
7.63151374
5.82031250
24.19661126
14.38932624
6.78515625
15.76214600
4.08203125
7.89453125
3.43977782
3.01139406
13.06379876
3.25456061
10.94531250
8.77343750
1.95800781
5.83918939
9.47331061
18.52408688
5.25358156
5.30826906
9.11718750
19.21875000
5.73566379
2.81902371
2.64646568
1.35206947
3.59057617
2.47851562
11.62923094
6.03483156
9.35937500
7.92968750
6.35156250
2.51953125
1.79101562
12.75129876
6.94433843
2.06608156
11.18009025
7.02572030
12.90100098
11.57812500
8.25000000
1.96386719
1.74707031
0.75732422
10.23851791
4.77442154
16.86328125
1.96582031
10.00064938
14.71093750
3.14778812
4.89914322
13.50185149
7.96062278
4.30078125
6.85091312
2.90234375
7.29849845
2.46907967
4.51562500
18.27245346
5.56739029
6.62109375
13.57812500
0.94384766
5.28906250
10.05987549
1.67675781
4.55078125
13.09959442
3.40040558
19.55029297
2.91601562
9.08789062
9.51985594
5.31477532
3.55534186
11.66873594
3.12435062
1.06933594
12.35122784
1.92058122
8.32899901
11.86457004
4.25978058
0.36132812
17.07374573
3.81216783
7.73958998
14.73437500
7.15657469
19.75610352
7.94889406
19.13769282
6.04835085
4.72427970
9.81836436
14.14896818
6.26692376
3.50586436
0.82714844
29.57128657
34.42350343
17.39420656
7.43261719
2.72330812
20.85742188
25.71646720
12.59245124
3.56477782
7.01888187
6.64093972
4.19499778
2.87500000
7.70490581
10.54509419
17.95377438
5.49641844
6.92090093
19.13281250
6.42610594
12.22428468
8.83658688
19.02033301
8.59099512
7.27701906
7.98795656
14.54817376
4.77995124
10.28906001
3.24121343
16.52929688
12.63281250
2.05273438
4.85969969
8.96093750
5.62467531
9.86889150
7.77199657
3.82291999
24.10587399
3.38216312
13.70312251
3.18457280
13.98854960
5.54590093
3.83007812
4.23437500
36.66829344
10.55989500
5.79231937
10.67675532
9.04980718
10.29589096
2.48535904
7.15657469
7.31673094
14.54931516
15.66520390
6.71061281
1.84863281
10.05891844
7.14973626
3.19173592
19.03384752
5.78646498
10.45312500
12.17252438
3.03450687
0.40722656
3.44856439
37.50065436
15.83511082
2.38168605
4.65266844
13.48893312
2.88476562
0.37719727
6.53775377
1.61263685
7.42089844
2.89648438
1.89355469
9.09928219
15.65462406
2.90039062
7.83950909
10.10092060
2.11914062
35.69726562
8.73079344
15.08235594
1.56282718
0.84228516
13.37661348
2.77182402
12.51656004
5.60123532
8.65119363
14.88672872
1.97721686
4.47265625
0.10766602
7.33299535
6.07325465
6.47656250
4.44988494
6.69190824
3.90950687
23.29915282
11.30045656
0.98486328
12.75766245
5.84864029
1.04687500
6.02603502
0.99447279
15.24641844
14.09537843
16.20198235
4.17057624
7.99771720
2.52962655
9.44921875
1.93750000
3.37890625
10.09375000
2.83414672
0.16805055
24.54149055
3.48892814
20.67611092
6.36328125
5.45703125
1.90625000
7.20735594
0.21110109
5.86425532
3.42090093
13.41406250
8.54913786
8.48211214
4.24218750
4.56396961
8.78125000
4.93423316
4.36264184
4.83300532
15.62499751
13.08658688
5.27865248
17.98421141
15.35156250
1.31608156
6.17187500
0.09704590
10.55110594
10.72233156
0.09863281
4.06900876
31.91829593
4.54101064
20.03710439
11.08204122
2.36458001
17.12011968
30.02343750
10.36360594
7.31575687
12.67879211
1.91300476
3.47656250
0.50935540
8.82096686
6.03157469
1.33756593
11.80891844
10.01562500
2.89648438
6.05078125
0.05509523
6.10937500
9.29785156
4.96093750
1.20149657
21.25846188
9.78941873
9.52701906
2.47037843
10.69189453
2.17578125
0.60351562
13.77685547
4.96875000
14.72298094
29.05956782
2.36458001
2.05599623
1.22460938
10.94986813
6.72786126
1.56217780
14.18782718
12.19559002
8.39843750
5.66015625
13.31137811
0.15779913
6.12597407
4.04980718
0.60449219
11.64843750
5.11718750
7.18391844
16.40641359
27.00846188
7.16341312
4.23437500
4.13671875
8.27277815
6.56006358
6.00293218
3.21484375
14.56608156
14.78548094
4.07389406
15.03254876
5.67936281
1.92285405
6.94140625
11.99218750
4.29687500
9.36718750
1.08789062
9.92805408
16.17545656
5.34961436
6.89713376
35.07096437
3.30045656
13.09375000
10.72102532
3.49088874
11.41829344
5.10188719
5.91731937
1.13671875
16.86360594
4.24609375
11.68953969
11.12728280
11.41764406
7.44563719
6.91373781
5.30826906
0.78173828
1.21712157
0.84342531
5.18424313
2.38997562
20.52571033
16.34928967
5.30078125
7.30859375
12.08398438
9.03125000
8.25000000
2.35546875
8.51366689
4.87695811
3.41992188
17.85709220
21.05013187
12.43423316
4.93198027
1.77246094
1.66430602
0.04669252
6.87662594
5.50716312
6.30468750
8.36164783
6.43522717
4.26204344
5.76139406
6.12500000
0.53352657
2.66325077
1.73339844
10.06086907
12.62272218
7.25683843
1.93684314
1.77311779
5.12207031
11.89843750
2.29296875
12.55793440
0.95378435
37.90429688
8.95703125
2.86328125
4.83984375
9.41406250
1.27782705
13.20508311
6.95507812
4.88281250
7.36718750
16.16992188
13.57031250
5.63671875
21.74412567
5.52214871
4.37825687
11.30793440
1.98308122
2.28515625
8.59993407
6.01985594
4.91341312
8.06250000
2.59570312
11.30240470
2.20540780
18.12401596
11.21192154
11.25617908
13.58723128
13.25261746
1.66569093
4.10643285
2.48341090
2.57812500
8.80468750
2.47785628
1.88933122
12.68750000
8.49641595
2.34245124
3.81250000
2.85937500
5.30110594
4.29264406
7.86328125
26.86397215
11.79459718
4.73046875
3.28515625
6.63281250
2.01562500
6.59375000
10.34375000
17.28839318
8.63771276
5.00748781
0.00090742
1.05664062
10.80533688
7.56966312
46.30533688
2.59310062
7.50000000
2.75500488
3.08007812
9.85937500
3.11718750
10.00602172
0.20161988
5.83203125
3.68782469
13.18554688
9.00324690
2.31901872
3.02701906
21.78183497
1.53125249
1.76074219
12.16050170
1.73041352
7.36134308
14.31086658
5.77181405
21.73176751
2.49447030
5.20280031
1.37695312
6.18750000
16.68212891
13.14152952
2.40591783
6.80599623
2.91601562
22.72972636
6.32455341
15.92513187
4.68328857
2.33789062
18.91471188
9.30045656
0.68424562
3.32421875
13.93359375
13.17675532
30.38460328
6.31705937
5.67187500
3.11914062
5.12500000
20.57031250
9.65197754
15.06054688
7.41015625
4.09375000
4.69628657
16.37011968
3.61555907
7.19108156
1.99316406
0.45572875
-0.00562499
5.38474070
15.60776152
8.61996232
8.25472296
0.41992188
18.43750000
16.02770747
10.74935062
9.66764406
7.78896640
1.89421154
8.90625000
12.32844969
7.15852283
15.44991038
3.48917477
7.65983156
5.30371343
5.73828125
32.27929688
8.29252106
2.28499359
17.20312500
9.83593750
1.21972656
4.39029533
9.48275155
1.45019531
14.49218750
3.10267524
1.59507867
0.09094238
0.43058102
5.67643063
7.27037826
10.03906250
8.59375000
10.88704344
1.64517814
5.38086436
42.60644033
11.54810069
4.05142565
2.95977798
9.84245124
8.12695312
5.85156250
3.99609375
14.47298094
13.67167776
16.61738474
2.98990968
6.81347407
15.36621343
13.40038564
2.72461436
13.10937500
5.83983378
7.50814716
0.61979250
1.65136719
11.00096410
7.31153590
14.23437500
1.80012439
1.40983654
28.50423094
3.41862062
0.17871094
1.93391844
9.98795656
2.91894282
4.81152593
14.63331531
10.56738032
14.32487810
4.28206048
3.88151374
5.44946289
5.94921875
9.31250000
4.43954967
0.18508412
4.10937500
10.25000000
11.52229610
0.49430546
2.37109375
10.68660461
0.06064881
16.16340315
10.15690935
4.97298094
5.32454344
3.56770999
2.82844969
2.51562500
3.64420656
34.41992188
5.16406250
2.39371703
3.10180539
2.83756593
8.25097407
1.37760749
47.33984375
8.98583984
8.68750000
3.94986813
7.49153812
2.65234375
2.26171875
11.53548094
4.63116911
6.65398714
6.63704344
5.10545335
10.24023936
4.17968750
1.28076172
7.44921875
3.68196532
0.42789797
13.96712157
13.36783937
3.39257812
16.73079344
1.34537843
11.73079344
5.60905031
3.83593750
2.60986079
0.11271055
7.56307070
20.56673094
1.68229250
0.69482422
9.62988032
13.11621343
8.50781250
11.82128657
5.01465093
0.02774048
3.70385742
12.73828125
11.56250000
11.12043440
2.58854997
16.32454344
5.52734375
4.20280031
8.91048094
0.24454836
17.59635251
17.95670656
12.44108156
0.16259766
10.10937500
6.50031971
4.54883311
6.71061281
1.73958250
6.58658688
11.10545878
14.48145777
2.89648438
8.20312500
6.22265625
0.55322016
2.10449468
6.28515625
15.89387938
12.62412350
3.46777593
10.92567444
0.79736079
6.39485594
10.10628546
2.08772828
1.69266129
6.60123532
3.44856937
4.30468750
4.21093750
5.37597656
7.58984375
0.90504959
0.65256760
1.96419188
7.23266103
4.87305186
0.95280031
5.93359375
14.02278314
17.52847518
1.50342918
14.29524657
0.24723390
11.62923094
5.61490470
1.01855967
9.83593750
3.94433594
5.19531250
3.46289062
2.49609375
11.59977172
0.15730836
14.58984030
5.24544437
2.68717531
9.64062500
2.79296875
2.49788079
7.12370124
1.30175781
4.71093750
5.16406250
4.71549313
2.06770999
19.21211243
5.17187500
14.46875000
4.09146720
0.20687264
8.72167969
1.00488281
4.49609375
10.56250000
1.09993407
12.76831117
3.98527039
16.41145501
10.27343750
3.60026374
2.96484375
15.95377438
2.02083499
7.77734375
0.18408203
3.24153314
7.61979499
4.26171875
9.55143063
12.03483156
6.23437500
2.97460938
1.89323000
7.40917221
8.47949966
3.77571532
2.85514406
9.31250000
9.28906250
9.27733378
1.80079122
14.67545407
17.02278812
6.75000000
4.57063719
11.07454344
10.13126773
0.24698914
2.35221188
2.63411624
15.27343750
2.84960938
11.40266844
10.33330287
11.52213874
7.48437500
8.16406250
14.73437500
8.14518063
4.48372562
1.79882812
7.86393063
3.66341312
4.84407469
5.19498781
0.89941406
6.41438719
6.41796875
9.77701906
4.51627438
5.62825687
5.34016595
12.61588874
1.04003906
2.06738281
9.34764628
3.12110372
5.91015625
2.21679688
0.77539062
1.65509988
1.37859153
6.56640625
5.41406250
2.05696532
2.88834718
11.54980220
4.28808843
12.12923094
21.55110594
13.34375000
2.84505374
5.46484375
7.12500000
1.48535156
14.44954344
7.70605220
5.15527593
7.98795656
4.29329344
2.80631593
9.72981439
7.98730718
3.24576906
24.21516844
21.48990470
3.58073249
9.78841312
5.58984375
12.92968750
1.94546861
3.79850842
1.53678468
1.79394531
7.51594969
12.37500000
9.03483156
17.73577940
15.48698747
9.55891844
15.52506593
4.40657469
3.22623532
4.77728521
4.14550532
2.61426030
1.86816406
12.40363254
1.15300808
11.70572252
8.85677748
17.68391595
3.70573249
13.08235594
0.66113281
12.53027095
6.05159796
4.29866578
0.21447754
4.02343750
9.13182846
3.54004654
1.45117188
5.09732907
5.46810062
14.49218750
16.11262689
13.49153812
5.21451906
0.49145508
1.51920656
3.21321532
1.96256593
8.30468750
7.49039672
1.46565797
2.24804688
17.68066406
2.78125000
3.03157469
15.18326906
1.08789062
1.30468750
5.53125000
7.69921875
10.28125000
8.87695312
14.10156250
2.92187500
17.26008782
2.86230718
11.87923094
2.54231937
14.07421875
11.25488281
5.12500000
9.55468750
5.86718750
2.58235594
10.85644282
8.57975593
2.48046875
13.54687500
19.96516844
4.73795656
7.52734375
0.87207031
11.00423094
8.02701906
1.60318097
6.57064716
5.93391844
6.14420656
12.12564938
2.95637689
10.03711436
3.38362049
9.46257092
12.78514628
2.57032247
7.00390625
2.85285628
8.48894060
2.64648438
3.20214096
5.51660904
12.63704344
12.45670656
1.48730469
9.71516844
3.02115968
5.14127438
17.89062500
12.77278812
10.95735594
3.66373781
7.53515625
5.66796875
3.94270501
3.74088874
13.75780253
5.52735372
10.50781250
9.92610594
6.14876219
4.39388187
14.10937500
9.69238032
12.18781472
2.62371121
6.02343750
3.80729001
2.54198720
5.00521498
6.53125000
10.62890625
5.72656250
23.94854736
2.35546875
10.45735594
14.49218750
2.08756593
21.89086914
5.91015625
5.18750000
2.73242188
7.55680297
0.16780640
19.13019504
14.97738295
7.16211436
6.01888187
15.72656250
1.16210938
13.88834220
5.54915780
2.37890625
5.86294659
1.40658466
4.11328125
8.02506095
3.19173592
1.70898438
5.78678219
11.83170656
1.33951906
9.33593750
7.01445181
15.91927748
2.76171875
8.41048094
4.58170656
9.59375000
0.25610352
22.76407227
4.29557624
10.67008422
0.03578736
1.79101562
9.86848626
8.72363032
4.24593639
0.80257203
7.29296875
7.60741689
8.73242686
0.07257080
13.36620845
13.12142093
2.84537843
10.12500000
1.57226562
15.37500000
4.89973626
3.40299811
9.41406250
2.67773438
0.01348114
1.37695312
12.96516844
4.26854721
11.28402482
2.08202502
9.57194592
4.53483156
2.51562500
2.10351562
11.31420898
10.98209220
1.23372811
1.99251219
15.38964595
9.66894282
3.62272717
7.59407469
6.79361813
7.58105718
13.24283688
1.58821781
1.47656250
1.37499751
3.60644780
2.12500000
11.80891844
1.39225343
19.15557861
8.34375000
10.70312500
0.18823242
3.62890625
1.94042969
4.10512911
4.72885527
7.82031250
11.83593750
10.06250000
1.94531250
6.76953125
13.49185284
3.71127216
8.74641844
8.07452350
13.46812056
12.26757812
11.22785877
6.36133311
7.18131593
3.64648438
9.04882812
8.60156250
17.40754876
10.51432624
2.16992188
8.91086713
0.10146197
7.62987783
2.54102061
14.93814938
0.61260986
6.31640625
7.00325687
7.07812500
9.72656250
2.32291002
2.50749279
15.73795656
8.25781250
3.83203125
10.43163564
3.49023936
8.66829344
9.20442376
9.77572030
0.63085938
9.70149158
6.94694592
18.47453690
13.85579344
9.61718750
5.55533688
4.89355718
13.31867908
1.12565686
9.11685783
0.42830009
10.65763741
5.22070312
18.59741211
2.43945312
16.52766844
9.82389406
22.55786133
19.91796875
23.28515625
11.36718750
13.09863032
3.11621343
8.16813110
10.67187375
13.67122562
7.90820312
2.85351562
9.76562500
5.21093750
2.68359375
3.61034409
6.72364029
2.17187500
6.73420892
6.91666999
13.75390625
9.25846188
2.40364749
9.10937500
1.42968750
8.16048094
0.12614015
10.23079095
4.43261968
16.11490470
2.24414561
3.75000000
4.42610594
0.79264406
15.42870346
2.28028091
1.56347656
8.65559065
7.53352283
2.05112089
3.86523438
1.69532952
13.60547124
5.82031250
2.11930422
2.48632812
3.89062500
5.11425781
14.44653320
6.30468750
9.56314938
9.68685062
2.02701657
12.91453559
1.67187500
12.07877438
24.04622562
8.46272454
12.77995124
10.40452855
5.24317403
5.72558843
4.09765625
3.91601562
10.94140625
1.77050781
1.88183594
6.82421875
3.67187500
1.24902344
10.02945922
4.20882203
8.00000000
6.83203125
8.04980469
3.75585938
13.03906250
14.56184564
3.41276374
5.19205563
3.74153812
11.80761719
1.06250000
1.98925781
12.06314938
1.79329593
6.67968501
2.23730718
6.91048094
1.72721437
10.37500000
5.57421875
8.41471188
3.55013187
10.31673094
4.13248781
8.19400377
5.45443373
4.10937500
7.23079344
11.79539152
7.55794437
14.73144282
7.07715093
3.55078125
14.22721188
9.67903812
6.69921875
9.98437500
6.59439938
4.99544437
6.95312500
0.70703125
1.74121094
13.02050532
10.68261968
6.49869626
7.18685062
2.31282469
3.49381593
6.48828125
8.12320922
0.21614625
0.40722656
5.25390625
17.90625000
0.68668454
0.70589359
5.02945922
1.48331415
6.33496343
7.53304078
0.07143189
1.19946289
2.86132812
8.58593750
10.50781250
12.67008422
1.06852172
11.96251253
3.13085938
14.45263672
17.10546875
9.92578125
0.76606560
2.86523438
9.39485594
14.59244875
4.70524047
5.13069703
4.08593750
0.70458984
0.48535156
8.42480469
1.46308517
1.38671875
9.36718750
7.80078125
1.20214844
1.80761719
9.75423094
4.16559938
9.96353502
6.94271498
16.07421875
2.22477172
0.32726838
7.38671875
14.19030762
8.69953846
6.69694592
8.24719238
5.75000000
10.02343750
3.82031250
10.59016844
15.03548094
15.40884752
5.48926529
8.43326906
15.60937500
8.42187500
15.67968750
2.04492188
8.67968750
13.30956782
1.21972905
3.86328125
8.86718750
7.61360594
1.03580812
3.62695312
1.48046875
0.00287247
3.39843750
13.47656250
5.94742797
0.20039918
5.83658190
8.43913342
10.68814938
2.34668218
8.86718750
6.23828125
0.00318336
5.04687500
14.82031250
1.59082031
7.86751219
0.30216554
4.49609375
3.40625000
9.53906250
2.92578125
1.05387079
0.13655890
1.74316406
6.79003657
2.39160405
1.22656250
12.93993642
12.14372077
2.32161624
6.28548094
8.40983156
7.38671875
0.96484375
12.27667236
6.63671875
0.73901118
0.71240484
3.16796875
10.07649657
2.13395265
2.52929688
6.12455231
0.34102387
10.53125000
5.17187500
19.07727051
11.17675532
16.96653322
4.20084293
0.63085938
7.18961547
4.29475953
8.68007369
0.23716264
6.80110594
2.86490968
8.32812500
0.02180481
1.70898438
13.22085550
7.94320700
3.68196532
4.21842531
4.01171875
3.88085938
4.05859375
11.73437500
8.57031250
0.54785156
7.92968750
11.36132812
6.46875000
8.76562500
11.80874114
0.34750886
9.28710938
1.03710938
6.11328125
7.57812500
6.40234375
8.67773438
2.29296875
1.35351562
11.09260860
0.63834843
1.98925781
6.71875000
0.26780026
0.34212406
12.67187500
8.13606439
3.16666999
18.48258422
13.02587766
8.38378657
5.50618905
2.65234375
1.78125000
6.90836547
0.33113648
5.49609375
9.15266844
13.34375000
6.99576906
5.47265625
11.83593750
4.39453125
4.61360594
6.38639406
2.66031860
15.04866578
5.47298094
15.18717531
8.59960938
1.63671875
0.34846922
0.61238586
0.84480898
0.21093750
17.50488032
5.25683843
11.42610594
7.22656250
1.87760500
9.19009752
2.63802748
13.45311503
2.61752216
20.71606445
10.66471188
5.76465093
4.77376219
2.10725828
10.21028812
6.52083001
5.99479499
14.31673094
4.58170656
0.96582031
5.73046875
3.93976286
5.69304964
4.46875000
10.83593750
11.80240470
8.61165780
2.34375000
12.02343750
6.13704344
0.59440187
2.05273438
6.60546875
6.39102525
3.82943373
16.60187722
5.63672872
2.22721437
2.36523438
5.05110594
24.31250000
7.17578125
5.11686281
7.00390625
9.46093750
12.13476313
1.29101812
9.93750000
0.43587157
2.55631593
6.74641844
8.39241578
0.93538453
6.60611813
6.75942598
6.56804964
7.79296875
0.53710938
12.89306516
0.10229617
7.53531735
14.30110594
1.25293218
3.18359375
8.03515625
1.87792969
3.99609375
20.45229002
12.29329344
12.65560062
3.54101562
1.62304688
2.67773438
7.80078125
4.95702128
5.27279310
4.24479499
15.42187500
3.61718750
8.56673094
9.28483156
0.22802734
0.29655207
8.49511968
14.81445312
14.00000000
0.49780273
7.14094969
17.92545656
13.30273438
15.67968750
0.71386719
7.19173094
1.16080812
1.33398438
7.44530253
6.28907247
1.30664062
13.49429300
5.09848044
0.94026610
8.87858156
0.25000000
0.05651855
14.82096188
10.80371094
5.21451906
6.65689938
2.41113530
9.07031250
11.94628906
4.73046875
2.14257812
9.42008422
14.14467864
4.49064273
0.55201628
4.62711547
2.21533079
5.13997562
8.45312500
9.30110594
0.44987062
15.72248892
10.22705452
2.27701906
7.98437500
7.55891844
23.71451906
1.32226562
11.91438719
6.55012190
2.80892841
3.50000000
2.83235594
11.26920656
3.10546875
18.03742908
10.54492437
6.70573249
1.81640625
16.61685284
2.46322528
11.39062500
4.18782469
7.69140625
14.65494875
10.28442383
3.58398438
3.77929688
5.02555297
0.05074098
9.72998047
13.67187500
3.29492188
12.84651610
14.87858156
8.85221188
3.91731937
1.69335938
10.53548094
10.38639406
0.76513672
5.53906250
10.25341548
3.41308843
8.20735594
10.73970369
4.35334830
1.97477670
6.34407469
0.40470461
13.56151596
6.64551529
1.16503906
13.86848626
2.93815436
19.44335938
4.51953125
1.12402344
4.78775377
1.91960217
6.78092531
1.79101562
2.67610594
13.80826906
1.87239500
7.86751219
2.86849124
10.96744626
7.80403812
17.63867188
1.96289062
2.27343750
13.88883422
0.56722047
2.47851562
6.57812500
6.70572252
12.49536984
8.68246232
1.36507203
4.54296875
0.01091003
12.80859375
6.80891844
1.08854250
2.45523922
3.67513187
3.93164062
8.17187500
7.41015625
15.78645750
2.97233156
16.80533688
9.22003879
6.20509308
0.90185547
12.45343972
3.43327903
4.32812500
11.85937500
2.86328125
5.47656250
0.38110352
13.52050781
6.24609375
5.48046875
6.71875000
0.29248047
0.45581055
5.95849360
2.66504155
11.34759475
0.39410447
2.26367188
13.56250000
6.68424313
0.29691960
12.27168391
6.56966312
9.89485594
3.25748781
6.57096188
1.34407718
8.42187500
4.86718750
4.83593750
5.31250000
8.60383533
6.58952404
9.86360594
4.82780031
1.20270855
2.03850239
3.40429688
3.92187500
7.15747008
0.01239076
2.66992188
8.98893063
7.42122562
7.95703125
1.46534729
2.07617188
17.79687500
4.08984375
0.74316406
7.59830563
9.16341312
15.73437500
4.01562500
6.13281250
3.33007812
12.19531250
0.65917969
11.88312722
1.46062278
15.62857907
3.90560062
6.99670410
17.06250000
11.72427970
10.63753546
1.45068484
7.12890625
7.85221188
5.83203125
4.27278812
15.71093750
0.08660889
5.94140625
0.82080078
1.13085938
7.17219969
19.33300532
5.95573249
5.66829344
7.42936281
4.71907469
17.41764406
9.72181027
14.05989749
6.99251219
6.27701906
0.07299805
5.55272939
10.87305186
10.91699219
0.54150391
6.67773438
9.32812500
6.08203125
10.54036126
1.28874030
14.42187500
5.60546875
2.11132812
7.57844969
6.74186281
2.04101562
9.73925532
1.62256109
8.73046875
5.15234375
5.64453125
9.88476562
5.50000000
8.31673094
14.64420656
3.83789062
9.00000000
4.94921875
3.47656250
5.53448693
3.92645057
14.90266844
0.40323976
13.76789783
4.59147717
8.92187500
3.86946532
15.49381593
9.64843750
17.16654169
2.91072695
0.08300968
13.45800781
3.70312500
19.69726562
25.93163564
14.54883311
4.95735594
1.05045656
9.12500000
1.07324219
4.88582336
12.14884087
11.63785517
3.74740248
16.01293945
7.69921875
30.97460938
6.36328125
3.29101562
6.39062500
10.08593750
18.62141844
10.65983156
9.44954344
8.51139406
12.55664062
4.56640625
5.70703125
12.66829344
0.54980469
5.91585328
0.64046265
12.97956775
7.48600842
5.42610594
17.03483156
6.99836658
7.82975842
4.99218750
3.25488032
6.84993407
5.21484375
6.25683843
11.49576906
1.37695312
6.11328125
8.03906250
0.42407227
0.11519285
6.17578125
6.40592531
12.14062500
1.32128906
10.93651596
7.67122562
8.35319592
2.01757812
17.13753172
15.18652095
8.45182624
14.25976562
15.15625000
2.08984375
13.32454344
9.34487146
1.93214760
13.84784935
8.80840065
3.08007812
4.03125000
7.12500000
2.32226562
4.53125000
11.44482554
6.42871343
2.74804688
11.05468750
3.90071532
1.07682375
11.94856439
13.49153812
8.31966312
19.69921875
16.13940430
7.91471188
6.56608156
13.42545656
6.67654800
6.31250000
1.06640625
0.70996094
8.08235594
16.50358156
5.42968750
9.44531250
8.68293440
0.57780779
6.72265625
1.66503906
6.80322141
8.82568484
1.69531250
8.73989473
2.00424589
11.09032705
