0.38321587
4.63664007
7.26562500
15.97117952
0.91845703
7.19563719
3.82389406
4.94921875
15.07812500
1.35937500
11.03644504
4.50261746
7.75000000
5.03125000
3.44531250
2.96158688
3.32552249
10.50781250
3.86914062
13.72656250
5.67349596
2.51107435
13.33430408
7.75980426
2.54492188
1.48925781
11.52668440
9.61394060
20.94921875
2.44368407
5.10644282
0.83952155
5.52343750
0.54589844
1.42285156
5.71484375
2.36132812
7.75520501
4.12370124
0.79052734
4.58983877
3.70182624
0.30403812
12.12923094
0.92545656
1.54394531
3.93131095
3.58789062
3.24251717
7.71093750
2.50585938
15.20473848
9.76042996
16.27538564
6.16569592
5.44531250
7.43098626
0.38321587
9.23039007
19.41764406
3.76367188
8.92968750
13.69173094
5.76920656
9.94498532
4.35091312
10.67610594
1.46354250
16.49641844
12.77962157
9.55533688
9.70182624
3.27734375
2.34504128
6.34375997
0.50846437
3.59798094
6.00748781
1.52473875
3.92936281
0.07812500
9.34960938
10.77408688
0.38460453
11.56250000
1.68326657
5.10481937
6.19173094
5.28287843
8.07812500
1.28613281
14.48738788
2.55046154
14.82714844
8.10937500
5.77376219
8.26920656
1.28027344
21.23925532
12.68326408
8.10026374
5.28824579
14.63818484
1.58366218
10.04622562
1.25585938
9.68391844
1.22102782
0.83626468
7.63801751
5.11979499
2.49804688
2.18164062
11.61490470
0.63021249
15.03710688
0.58609486
12.00244016
2.36654310
16.23046875
15.94432846
4.56948084
2.10923758
6.02343750
1.30468750
1.93684813
4.81608156
3.12695312
3.19335938
11.03125000
3.68066157
3.73730718
13.68130098
3.45151152
8.03157469
0.43717531
8.91014628
1.01954122
7.56250000
6.29296875
5.38491426
1.02637965
5.11849124
7.30859375
1.04882812
1.59212157
0.99283937
2.61523438
3.55696532
7.08561281
8.23437500
1.57552000
12.01831117
1.80167664
5.36718750
6.59285461
0.10282410
4.45408910
2.54786402
9.19595690
6.92708998
5.79492188
2.34195922
0.15108277
11.07031250
9.27343750
1.95410156
5.91829344
5.66764406
0.78536987
11.74218750
4.55468750
6.93750000
9.08235345
14.93521720
6.04525155
5.83984375
3.16406250
6.36328125
12.24804688
8.23079344
1.68750000
2.30436281
13.41406250
5.62109375
12.88281250
13.33406492
4.26920656
2.54101562
5.82421875
0.87792969
5.67968750
4.05859375
11.19531250
6.22656250
11.07031250
5.71093750
2.69335938
16.17089345
9.59961436
3.59765625
1.41699219
7.47363281
4.80859375
20.90625000
15.02408688
11.95800532
3.17252936
6.62890625
4.44889406
8.37923094
1.56127992
3.80948914
4.08984375
5.48437500
6.06250000
10.90266844
0.76383547
0.43627930
5.28515625
3.87363698
2.85384530
1.56412843
11.96060284
5.32455341
0.96093750
7.01171875
3.47721188
7.38997562
20.30663564
5.38086436
13.91796377
2.46093750
13.28026596
15.58203125
3.48535904
6.85188719
1.79069093
2.47070312
5.41536126
4.71354499
0.44409180
17.15625000
11.80822505
3.43457280
3.62337157
7.10709718
1.59472656
4.10156250
8.18391844
1.31412843
17.82751465
0.04711914
7.17154533
5.83463874
1.26334718
15.55704161
7.14485594
1.57259281
5.87011719
6.17578125
1.71484375
11.49413564
1.92383311
0.39314696
1.37760500
1.84570312
5.92968750
10.01562500
1.74648653
6.38119902
3.86914062
8.28906250
4.03125000
0.05676270
4.45377438
10.09700687
4.97265625
6.47656250
7.15234375
5.44531250
1.04785156
2.56445312
1.11621094
9.83593750
5.57844969
15.72181027
0.65381109
2.42089345
0.15779477
14.14754211
11.30826906
11.16471188
7.94645390
4.53171710
7.12437056
0.34790039
6.18812944
4.01890181
15.30728502
18.11654310
2.28710938
11.05468750
6.40234375
2.23828125
18.99474893
6.40104499
10.07812500
5.93359375
3.29882812
0.58105469
7.83007314
3.40625498
5.99218750
1.62890625
3.72460938
3.28352782
2.63444093
14.21402829
0.31355960
12.05891844
0.59293703
4.39123535
2.42805907
10.23795656
17.64062500
8.98860594
2.79264406
8.73209220
7.58822030
7.97265625
11.56673094
1.28092531
2.58040282
13.60187722
10.40561059
8.38281250
5.74641844
14.89908688
2.39160405
9.32161126
6.35807624
4.97557846
11.58692154
5.29687500
13.53254876
13.01432126
11.53268726
10.23013908
2.51465093
5.21419437
4.31021720
4.30794437
13.64166939
2.09571808
6.22298094
9.62076906
19.98828125
6.30110594
9.48014406
2.40039062
10.66536126
12.36588874
1.58821532
11.58902704
0.78662483
1.26171875
12.66829344
11.78254876
5.02962655
11.92675532
11.66340564
3.18425310
3.81477782
5.66373781
15.12466285
2.38412621
5.70312500
6.40299313
2.86263187
3.24473286
2.29719969
3.94498781
24.21613753
5.56315935
4.14664672
3.39566767
1.31706061
5.69921875
5.28710938
4.55468750
6.26496565
5.33659685
4.56314938
2.00130374
1.43391096
4.34147966
9.80468750
4.05468750
15.37880369
7.89615470
3.62695811
19.38411126
0.11271055
10.85424867
2.43798704
5.40201906
7.49967531
6.26171875
2.55078125
2.75195312
6.83203125
0.10266113
7.22656250
7.13313719
1.89615968
4.44921875
6.58235594
1.06412843
8.79508422
0.12699340
6.16406250
4.51106688
14.06250000
11.93326906
8.08951906
12.36718750
2.43359375
10.61718750
1.73046875
0.03353882
4.96907469
9.26635221
5.10579344
0.85221437
12.04817376
8.73307624
6.99218750
5.47443706
13.47087544
8.95577431
3.32128408
5.59570811
2.45312500
5.48860594
5.01139406
11.62923447
2.75489029
6.95312500
13.35937500
6.54752438
8.02701906
3.85514406
8.00813719
6.97623781
11.44531250
10.27831782
10.30761968
6.35546875
19.62629876
0.45084220
4.81868905
2.71679688
17.70761959
13.90560062
2.81250000
3.63476562
12.16048094
5.17936281
6.58984375
20.56695557
12.84016844
11.03906250
6.13248781
4.44140625
0.75634766
9.19531250
14.97827148
2.07649657
2.98600343
17.98331540
9.01920656
0.61637453
11.17187500
11.21288564
8.14290780
19.19596188
7.97168218
12.11718750
1.07714844
11.40754876
6.17090093
5.06998781
16.19269504
7.94792996
5.44921875
10.39485594
10.11197252
12.16731937
3.25163342
21.93587157
6.23405031
11.12564938
7.08772828
0.44433718
12.59375000
1.29492188
14.65625000
2.04101562
1.80338376
2.33724124
2.83984375
10.63281250
7.17771942
17.75326684
0.72134752
18.21810311
16.01757314
3.79395279
6.18066406
5.61572266
7.39518063
3.02083499
7.03906250
4.28125000
3.53319565
5.91146498
6.19498781
3.60188719
7.21842531
0.67773438
6.45768063
2.86263187
6.08007812
14.16829344
5.13151125
11.95703125
11.14453125
2.41406250
4.17968750
1.70149657
2.85123781
6.16406250
3.91015625
5.41015625
5.53515625
1.84960938
2.48860594
-0.03786131
1.21809813
12.47623781
4.02734375
4.50000000
0.76416016
4.59765625
12.95312500
9.22721188
3.46028812
5.98502438
0.98079593
1.98339844
9.40625000
7.00390625
4.95019282
3.93261968
1.73404782
7.62044437
1.04296875
15.59570312
5.81753394
0.49592642
6.27962655
18.28727172
1.43055704
7.30616356
2.73437500
13.32812500
4.02685547
38.58268063
2.32552249
1.88671875
15.57812500
4.81673094
8.30609209
0.15061447
17.64290282
3.70507812
3.98405031
2.01171875
6.34586547
14.48616578
1.67089844
5.12500000
16.52766844
6.85123781
6.68228502
2.96419935
6.52734375
6.73567376
3.67057624
1.74511719
12.50781250
5.98144033
2.34375498
7.35969969
1.67350343
2.15429688
3.67382812
6.28906250
5.03906250
5.08984375
5.36718750
14.58593750
10.91894282
6.34668218
4.78515625
18.75423094
12.80045656
2.66048094
1.94303468
12.40625000
1.03808594
13.63476562
16.98819821
0.24796321
11.94441711
19.23730718
11.24641844
15.70149158
9.32194592
7.15625000
8.09895501
0.69271249
13.74218750
1.90234375
8.60644282
4.43261968
1.17187500
1.98012911
3.71713652
1.79101562
12.89485594
2.01953125
12.26952876
2.72754155
8.15625000
2.86881593
3.70507812
10.16959220
12.24315160
5.63087433
5.48763187
5.53645501
4.74088874
11.41894282
1.95996343
9.98437500
9.96841534
8.85385028
3.54687500
7.62890625
4.85156250
7.15625000
14.80188032
7.65201906
7.81461547
9.15022828
0.59260985
3.64615968
1.95312500
5.24218750
0.46362305
2.82648410
3.54167996
6.49251219
11.00877660
9.08822279
0.94676862
15.74366107
4.02734375
12.11718750
18.51562500
0.82714844
19.56379876
8.32355940
5.06218528
8.24218750
9.34733156
9.86328125
5.82193595
17.52278812
10.13601099
0.69921875
2.12695312
4.79654533
5.15234624
2.76217182
1.10839844
7.52929688
0.91699219
0.01802063
4.20312500
2.25585938
7.12955563
4.62304189
14.29427748
1.08105469
2.29296875
0.18781750
2.78060062
0.80175781
0.00142288
5.87402344
1.12695312
3.86466118
9.55362976
11.55338874
2.34570312
3.90722656
8.11718750
5.92675532
25.79199468
4.43750000
19.98315430
3.61523438
3.52148438
10.04516602
1.63964844
11.71093750
18.42187500
0.15779477
14.04597961
8.46028812
14.44726562
13.21093750
5.22265625
12.11360594
7.00358156
18.42187500
0.47631836
11.28189938
9.41341312
1.91601562
17.56250000
15.57454344
13.72819093
14.74218750
8.94531250
7.06282469
4.82780031
0.39770508
9.71875000
0.35595703
5.37500000
5.45474845
2.26986092
9.78548094
8.83364722
6.02247340
11.33300781
4.98046875
22.70163897
7.92458173
16.23437500
4.50781250
15.45312500
9.35937500
0.18220946
1.14030031
10.49218750
9.39664672
6.80257203
9.57633422
0.38850953
6.23437500
8.97656250
10.10480940
3.32487810
3.93001219
14.30468750
4.15983156
2.50390625
20.22916002
0.96931073
14.97046708
14.47233156
2.14062500
6.01985594
8.16829344
6.35091312
1.50781250
4.63330078
16.96695922
5.17822141
4.11756713
11.95019282
7.63574468
12.56673094
4.18717531
1.44726313
7.63216312
3.82990706
5.93392841
4.83203125
13.22298094
1.47753657
3.28190436
5.18750000
5.17187500
3.05664062
9.55533688
12.18685062
10.83918440
2.78581560
17.07454344
4.27311281
7.35871067
12.92579122
3.49674811
6.65657469
10.35514406
5.78156472
4.59734153
3.51953125
9.39160156
4.96223626
13.81543218
14.65625000
10.33772828
0.93343140
6.45084220
3.00423592
2.31640625
11.94531250
2.41601562
2.11193995
0.87914229
18.87410959
4.26041999
8.93814938
5.63997562
2.78320312
11.29687500
0.17761230
8.85156250
8.73437500
4.84765625
1.89387938
10.15527344
3.56217531
5.10156250
12.25064938
1.35026125
12.35579344
7.85480940
4.12110372
17.82096188
10.39843750
0.52571781
8.93391844
6.29947501
3.39258311
12.48079344
1.45377687
16.51562500
0.09411621
11.87141844
3.99186281
2.87304688
13.57812500
12.73650023
6.27636470
3.50260749
11.14485594
4.70703125
8.90625000
7.19531250
1.18717531
13.54394282
5.29296875
5.19824468
2.65625000
11.49478502
7.04818373
8.72656250
6.90266844
9.21614500
19.13475067
5.48243683
6.98046875
8.75552970
1.33138436
9.62531472
3.86719747
8.09733156
10.63476562
4.43391844
2.11686281
7.56250000
11.68750000
3.13671875
5.94140625
10.44692598
22.20378684
8.17057624
4.23046875
15.02734375
6.86328125
11.16406250
6.53125000
1.17187500
0.05035400
17.19531250
28.91829344
8.97867174
18.33561779
5.72981937
1.70605469
7.85546875
12.79103088
6.10156250
8.98860594
3.12467531
1.51562500
4.39062500
0.42065430
1.19270750
6.76382425
0.44678856
5.99609375
10.03906250
2.14453125
8.54687500
2.88476562
6.66015625
0.35717773
0.07806396
4.05826158
0.22542110
5.46598515
2.20312500
6.89062500
15.14062500
9.23437500
3.95898438
15.57454344
5.35188719
4.06966312
6.69205314
6.50260749
6.55436281
4.33626219
15.05468750
4.17545656
9.00781250
3.05078125
11.02343750
6.63704344
4.05826906
9.31250000
8.53906250
0.37158203
5.26953125
2.93359375
4.18391844
3.30859375
12.71940187
8.46093750
8.72460938
10.99218750
7.75000000
5.94441711
0.45572937
2.83984375
3.43286071
0.27685609
8.70735594
0.68066406
1.68229250
7.34895501
3.46354499
12.72656250
5.14843750
10.43750000
0.64713500
0.27889039
11.68960550
0.71664450
6.35155502
3.19531250
2.83398438
13.30891844
12.01464844
18.11295656
2.00585938
8.45133422
0.02626588
7.51912352
3.91764406
0.09167525
6.57128004
10.32812500
6.68750000
1.99218750
21.98437500
5.25064938
13.80826906
5.57388409
17.83594747
4.51562500
17.69954344
23.74283688
10.92968999
2.38867188
4.03743407
0.78239015
2.19140625
12.54394282
1.08886968
9.65819565
14.20801529
8.92968750
7.06640625
3.19531250
7.87109375
2.99609375
1.32356688
6.57031250
4.38639406
10.50000000
1.06673094
7.15299313
5.37793218
11.99023438
7.57812500
1.75716063
19.13809307
10.52735372
19.75000000
2.56648431
13.41209442
10.18588652
1.40787843
6.91015625
5.90820312
2.22656250
2.24804688
15.73437500
10.67317376
9.08723626
3.29818373
2.39453125
13.88281250
7.43359375
6.85937500
0.17468262
6.41438470
4.39323249
0.86035156
2.28710938
15.44359970
9.92317625
14.39062500
3.81608156
17.65234375
12.07344143
11.03483156
4.19075189
0.61442390
6.08203125
8.45670656
15.08300532
7.28027593
5.87109375
1.27050781
5.05370346
9.93848404
6.46321033
6.07585217
13.76985594
8.56250000
7.82389406
17.26204344
3.41992188
13.59733156
2.28320312
19.70800532
0.68896734
17.34830563
0.13525266
10.76123171
21.48925532
2.49739749
13.52433289
0.05157533
9.31250000
1.60350939
1.12451795
18.83918440
3.14160904
11.75781250
22.24837157
9.44889406
2.99186281
11.59016844
1.84244875
4.31640625
7.75390625
10.98681641
3.28320312
10.35937500
1.94140625
3.74414062
3.89213043
0.32320160
15.18391844
9.93750000
5.84342531
0.95166016
16.42187500
3.38118407
0.91764406
9.43750000
8.80110594
0.99674562
1.69628906
9.80891844
13.48795656
10.33593750
1.70605469
19.96875000
2.21875000
13.41048094
11.39322252
3.83692154
11.88769282
11.13216312
17.00845939
0.42830009
7.77482491
18.52538564
10.71680186
2.59016844
2.89615968
13.21939938
5.91617797
9.17301640
8.05468750
16.63281250
9.30468750
7.55859375
8.65625000
16.01269282
6.72168218
3.88476562
10.29329344
8.86620346
4.54753435
1.79589844
18.42967504
2.23731715
0.57324219
4.18750000
17.19531250
20.25260251
3.88997562
13.36002438
10.81314938
15.10597053
2.59570312
4.12141844
13.55826906
1.60156250
22.84146720
3.53157967
4.87890625
5.94302970
6.15852283
3.59766622
8.49218750
2.17187500
11.07519282
0.90527593
0.40039062
15.28254876
8.23307375
0.11271055
5.05916445
15.75781250
5.54296875
9.33593750
2.10742188
0.70068359
11.36799798
11.71093750
8.60807624
9.01985594
7.59244127
13.36947030
5.50651374
7.51659907
1.83886968
2.61132812
12.22656250
6.03125000
14.00846188
6.96419437
6.80891844
0.52360109
6.34375000
10.67610594
2.67740968
18.38834220
20.47103280
3.90039062
3.41210938
17.28125000
10.91015625
4.71093750
1.06445312
7.31640625
4.61425532
10.06867908
2.91114029
7.02311281
7.19173094
3.97835328
0.57600953
12.87141844
12.15201906
12.53710938
9.83137190
0.24870622
3.06412096
13.24348626
11.48795656
4.16308843
4.27343750
14.74837157
4.82780031
4.95703125
15.34375000
2.91015625
16.31151596
1.63379654
7.42219969
7.53483156
1.01464844
7.76723848
2.18979277
2.84960938
3.57031250
6.96093750
3.25097407
2.65918218
6.92219969
2.92545656
5.05305408
4.21354499
5.17480718
8.16048094
4.46158688
4.42090093
8.63281250
5.84375000
9.62923094
2.60514406
0.69433594
13.76562500
11.34016844
14.90201906
0.49194336
0.34031677
0.01361847
11.40625000
19.12141844
6.62935499
6.26562500
6.41406250
5.61718750
1.68554688
15.03677721
0.11271055
15.70564882
9.95312500
1.70312500
8.67968750
19.25538342
13.44466312
3.42414783
4.67350842
2.86816406
7.25781250
1.53320312
17.64062500
0.07153320
8.11425532
5.79198471
4.08204122
2.57421875
10.64062500
7.35546875
7.45019282
2.62597905
5.22265625
6.26562500
10.08088611
13.50015736
21.57960106
6.08203125
1.57910156
16.55664062
2.56250000
11.07031250
12.99218750
5.58593750
11.37379881
5.20670656
3.44335938
4.60937500
8.67610594
1.08756593
6.20703125
1.41699219
10.31250000
10.10937500
7.40234375
12.23110816
3.32748559
7.89290032
0.58609486
10.44938608
12.05110594
6.53060062
1.57519531
9.92610594
5.67155031
2.01171875
3.71093750
19.45312500
16.24641844
7.94108156
4.08593750
11.67610594
8.33170656
13.74055408
7.04492686
1.13541750
9.40591534
7.96908466
0.77343750
11.49218750
3.92187500
11.61360594
3.51139406
19.71093750
5.02766844
5.09179189
15.58757092
1.21484375
12.50000000
2.56054688
8.40625000
0.60449219
3.62109375
7.85416002
3.78255873
1.67968750
3.84570312
0.77929688
6.68750000
19.68512106
13.66829344
12.96842531
26.83235594
2.83856782
0.29304743
14.93742132
2.22070312
7.77734375
1.57552000
9.27115968
1.09082031
1.15429688
9.71875000
5.77734375
17.12141844
7.50813719
6.03092531
4.80826906
23.04719471
3.15593029
6.88020501
5.90104499
2.03125000
6.01416016
13.58235594
6.64811281
9.82031250
10.32812500
4.35676751
4.66666999
3.16210938
7.20833001
8.87858156
1.71484624
9.09375000
2.99609375
3.20947141
8.34912234
6.31640625
6.12174313
7.69075687
13.90625000
8.32031250
10.40625000
2.78645501
4.95963874
3.83756095
32.22908944
6.64453125
1.51383297
0.72134752
12.05632092
5.17936281
15.07031250
5.14062500
8.82812500
3.10546875
6.92219969
14.32389406
13.20149158
11.83398936
12.08170656
1.06640625
5.91796875
6.34179688
9.64062500
5.16015625
16.60090814
9.84928718
6.66015625
9.24047852
3.88899657
1.53580812
5.90055297
0.80582641
16.52766844
7.10123781
2.71061281
9.13281250
8.21875000
2.01757812
9.07031250
6.75846188
1.15657718
9.88704344
10.31673094
1.59505374
4.71059786
3.02182402
10.98079344
7.31640625
2.94498781
4.26204344
10.85221188
2.17871343
4.83739736
0.11271055
11.27791445
14.87923094
9.04687500
15.76627438
4.88379155
11.21093750
15.78906250
9.18814938
8.16829344
0.72363530
16.07812500
0.53173828
4.17187500
3.91601562
0.02458191
12.09375000
5.57031250
2.83593750
11.44433594
0.96777344
10.74071767
9.19401374
0.95052249
5.85156250
3.94472435
10.44687721
9.12890625
5.66829344
3.84537843
8.97298094
5.06705563
6.76855718
2.20735345
2.07682624
8.03125000
9.54817376
2.54362311
13.57096188
10.45343972
2.67709496
22.00488032
5.16666999
11.08658688
5.11750970
15.53498892
7.19287234
5.95215093
4.01920656
5.73437500
9.22298094
5.74186281
3.82031250
7.34375000
9.45312500
2.28759766
5.07031250
12.14843750
5.09765625
8.28906250
6.13671875
10.78971188
1.88020999
19.91536126
2.92838874
3.16243407
3.04101562
10.07389406
9.54687500
6.20409907
1.95605718
0.66796875
1.30435533
3.67318373
7.17968750
11.62923094
0.25699953
3.55078125
12.78319814
2.36328623
11.73678445
0.03507508
7.77766844
6.35252660
9.24826351
1.33052582
5.27700909
0.14974872
1.79710917
0.11271055
14.44018617
2.49983765
10.92610594
1.95117188
10.03483156
7.39843750
5.41991689
2.26465342
9.92610594
15.70312500
9.24120346
13.79362810
2.59212157
4.44498781
15.16048094
13.39078236
2.04215702
4.03353280
0.83886719
7.14485594
3.17155031
5.44140625
7.87141844
4.13248781
2.87500000
7.49039672
3.99007203
17.22509641
0.09838992
7.74576158
10.95963874
4.90169437
15.86653812
5.18391844
8.44498781
7.56250000
7.63671875
0.51131102
3.36490968
1.62695312
9.36783688
3.40819316
14.76725842
0.36067376
8.98307624
19.19954344
12.80631593
20.12759752
4.56803967
7.90625000
5.92936281
1.83886719
3.18945312
5.06770501
1.19010749
0.79052734
3.48240443
18.42805408
8.42840868
4.24902095
15.28548094
0.96159186
17.24543440
4.28972185
19.43521720
5.68587655
21.53108641
13.37565187
2.63671875
10.87141844
15.78873781
7.65266844
14.17610594
2.43880374
4.25390625
4.44531250
10.80468750
2.68359375
3.52734375
0.78076172
0.09410902
3.55273438
3.36100343
8.22753657
2.86816655
16.50292470
0.11271055
14.69588320
4.61718750
20.63085938
9.89485594
6.96484375
1.41764406
0.14245605
7.30501219
6.20670656
11.09863032
2.36621343
4.15298316
10.37110372
9.73014406
6.09765625
12.23752931
9.16861813
7.04459220
9.65430186
6.69498781
4.65625000
2.16795775
11.44889406
2.44531250
6.89094969
4.35676253
3.87142841
1.45800781
9.82617188
2.02539062
4.38509032
1.96256593
3.82617188
8.22656250
1.47363281
7.24218750
11.75000000
8.19421387
0.37731934
3.64648438
8.88684082
3.72590814
0.60863697
18.90698803
10.64843750
5.35774158
4.14616467
5.45768063
10.79946754
2.29363308
10.24641844
20.05874114
4.26547761
2.53678468
9.44531250
1.22265625
2.33789062
0.08660889
10.29134032
10.07389406
8.74641844
4.64159907
0.18375983
9.23828125
7.66438719
4.55207004
2.44369902
12.14908688
16.18782718
3.38118407
7.64766511
0.45894379
3.58673178
8.67401041
17.47394504
10.02849512
0.68847781
2.36523438
10.11783688
6.62044437
7.41796875
9.66829344
6.07648660
0.11271055
17.25870789
7.12467531
2.42968750
14.19954344
10.35514406
0.77620360
0.78824953
8.75000000
3.10156250
27.41438719
17.08365968
15.34375000
1.08691406
8.91829344
5.72656250
2.18717531
0.02636719
11.33593750
8.02472629
1.75489527
5.08951906
9.15689938
10.79264406
14.29719221
3.97070811
3.08822030
4.23046875
4.41796875
9.47656250
13.89843750
0.78173828
1.86425781
8.81867908
3.76725842
10.77050532
6.76269780
14.84375000
9.85709220
7.66275377
15.41162359
0.76643174
15.07796764
6.86263187
6.29296875
6.93359375
0.03102112
18.67382812
8.79687500
14.89029034
6.64307513
0.67854859
9.70312500
10.22656250
10.45735594
7.09944703
1.01546265
12.60546875
6.41503657
1.84863530
4.16015625
11.69791002
1.18099623
9.27831782
24.67577128
12.78451684
2.92740968
6.88671875
3.93587157
9.14062500
6.81476286
7.57163120
13.97298094
5.95280031
7.52734375
4.21484375
4.88704344
4.63052970
10.02930186
1.06738281
4.74608627
0.63117908
17.10351064
9.70769060
14.30045656
3.30989749
15.37043440
5.17253435
19.97981439
3.07910405
3.14257812
14.94048608
2.20186558
3.50000000
15.93489251
8.44401374
2.73828125
10.25781250
0.04333496
11.52961658
1.79850842
3.21875000
12.80728502
2.30436779
5.08593750
12.02701906
2.94726562
0.97363281
6.85774158
2.61296154
15.57812500
12.30468750
0.70312500
4.10609071
3.61363585
7.72656250
4.14626053
0.01722214
0.61376953
7.72688470
0.42830009
6.65079898
5.63965093
11.38704344
6.17578125
2.17740968
9.50781250
3.87662345
5.46712655
14.96711658
17.40007092
13.40266844
6.14387190
18.83627216
4.55859375
8.00000000
0.58837891
8.91080563
4.29361813
2.65690436
7.91829344
4.57389406
5.37500000
0.02914429
14.07633422
10.58837766
12.77278812
9.44531250
3.46093750
1.56835688
2.49902593
7.65202765
0.04023309
6.78125000
4.52929688
2.35579344
11.87076906
4.89843750
1.69531250
8.89452627
4.75390625
5.06282469
6.22623781
13.97656250
4.91015625
6.34375000
3.16992188
9.50423094
1.08365968
5.85156250
2.11132812
2.42578125
1.82910156
8.18627930
1.68098626
7.81901374
11.43750000
2.92643063
12.54622562
3.10742188
6.12500000
3.38671875
4.58593750
10.28027344
14.03125000
5.41080563
15.58528812
8.84798094
1.57096437
11.80468750
8.80078125
6.23828125
1.99519524
4.99479499
3.95703125
5.66796875
11.80859375
10.11002438
3.85918720
5.63671875
15.30598626
0.45084220
5.64290780
9.89973626
4.48698249
8.46695922
0.02657105
2.19531250
14.71459961
0.20409481
7.93685062
0.12017822
7.88281250
7.95800532
8.54980718
0.00323677
7.06640625
7.82031250
1.55566406
1.65234375
5.41796875
0.27148438
3.08007812
11.45377438
4.03304203
3.51171875
2.80729001
5.73853357
2.64648438
3.94140625
8.22721188
6.18977283
3.32910904
6.31673094
4.63639406
7.58787816
20.57357934
5.83951906
7.17578125
5.71875000
6.40288830
3.69921875
3.96484375
4.19140625
15.22884032
2.26139406
5.29555879
0.51846853
12.95809397
0.91943359
5.50781250
10.12500000
13.54687500
10.42252438
14.66406250
6.91341312
3.01757812
10.87417332
22.15414450
6.28808843
1.63183594
3.40039062
14.02510496
5.10514406
2.16406250
4.26625943
6.61850620
4.83984375
2.05467753
5.00000997
7.76171875
6.08203125
19.71369612
2.59245622
7.95019282
2.01660405
8.85156250
6.63313719
5.97875977
1.94872424
0.51970107
10.25781250
10.06250000
5.16015625
16.15625000
11.66666002
1.78841810
5.45703125
3.25195312
8.94954344
4.01530031
16.04036126
8.55318396
0.38321587
10.54647163
5.03727172
0.20491578
0.47998047
6.25000000
18.65266844
6.37467531
12.01692376
2.98307624
1.63867188
3.09375000
19.11685284
7.18522717
17.92903812
20.63606937
6.21516844
3.05631593
12.92968750
15.62304688
5.01985594
6.74705064
0.39593521
16.57812500
18.34845302
7.92562389
5.80827903
19.31608156
18.79289775
7.51172872
10.65461658
19.21690442
4.76383422
0.02705933
8.85156250
9.47789530
2.31641622
3.33593750
4.42041016
13.57812500
9.28319814
4.27148936
8.97298094
3.91373781
11.89984036
4.83952903
15.27505846
10.85107048
12.70133422
6.26009530
6.08203125
4.06640625
22.87141844
6.91373781
11.08137439
15.86882092
3.35937500
9.78906250
5.30859375
4.16015625
8.21875000
2.81445312
8.03548094
4.98828125
19.06429078
18.45491578
8.77766844
9.37076906
17.39550532
1.59668218
2.54915282
8.69173094
12.75618157
7.30176280
13.80956782
10.14355718
5.39453125
4.40234375
4.40625000
4.25390625
1.79882812
2.18945312
3.24023438
3.04882812
10.65234375
4.30468750
2.81477782
6.88248781
9.36718750
0.08068848
12.99218750
7.37109375
4.43359375
4.69921875
3.50780752
0.11271055
7.56307070
5.43391844
3.26530031
8.30468750
1.71907469
2.88053468
9.93750000
2.02929688
7.51953125
0.12170410
7.47656250
3.80989251
3.77995124
8.13281250
11.88281250
8.58593750
9.40689938
2.58333499
9.52343750
8.95735594
0.16739992
1.63964844
10.89664672
3.82405640
8.88102172
0.01515748
1.61425781
11.13834220
3.11556405
3.58398438
3.51171875
5.23111813
0.25105960
1.39257812
7.43359375
4.35937500
4.47265625
4.82812500
5.56640625
4.23046875
9.18750000
7.49120346
2.40918716
9.92024158
0.89030529
7.36165032
0.40575798
10.19401374
11.46304300
13.07781028
4.49218750
10.44596188
0.16634281
4.77734375
3.02539062
0.19445801
12.14387190
0.38151872
2.98632812
4.78824579
0.24886358
6.61718750
1.66030987
1.57455341
6.51529034
1.91244403
4.71939938
4.61263187
11.53125000
6.89094969
3.07780031
12.47477172
0.33894898
34.81306883
6.59602782
5.71061281
8.53483156
9.41471188
12.76920656
1.89518312
3.88085938
17.10187722
1.83757590
10.88881428
5.52134197
12.11962766
0.27905398
3.68358877
13.71680186
3.09375000
5.68180297
1.62581422
2.86555907
0.32169679
5.42349596
0.22542110
14.65998892
7.82949580
7.67220966
0.00326538
2.29492188
13.80611038
8.24475067
0.03167756
10.52028656
1.86343487
2.65463153
0.54394531
0.49023438
12.67968750
8.91406250
9.89843750
7.67578125
9.54492188
18.65151248
1.87570920
5.59765625
3.90039062
2.04850094
3.69123767
2.91699966
11.20312500
2.75781250
1.49446532
8.98034302
7.35473633
5.28710938
3.40852782
7.06217531
3.98708200
1.24707031
11.45200392
2.45084718
9.39062500
11.08396942
2.27931183
5.96875000
6.94742797
0.32307984
10.75000000
0.08032227
0.71940063
1.98390249
2.75781250
6.91015625
6.49218750
8.42968750
12.70019282
3.67708499
5.66829344
6.16829593
10.14062500
4.24218750
7.20312500
4.07031250
9.55468750
1.11621094
14.13281250
4.86262689
3.94010749
8.81070922
5.77522828
11.89485594
1.46256593
16.33785512
13.15039561
6.19531250
1.21942139
5.01724845
6.29525155
0.00725174
6.64843750
7.99543440
9.19629654
1.42155031
10.25519504
3.80339871
5.77734375
19.97070312
1.59228516
4.48469969
3.85742188
20.71256095
17.65495124
6.49283688
7.04948249
9.02343750
9.16048094
0.20743898
1.89615719
2.99153812
23.12955563
0.22542110
5.88818484
2.21451906
5.46875000
0.31121826
16.01562500
11.41829344
8.69108156
12.36718750
8.68750000
1.37695312
1.40722656
0.07275391
8.60156250
13.36002438
4.15169437
6.52164672
-0.01258300
9.47656250
0.91601562
2.88667474
18.38183843
11.74576906
1.24771969
8.98437500
8.71451906
8.19108156
14.79752438
8.17968750
6.24935062
6.20312500
0.84326172
0.01853943
0.96777344
1.61067376
2.17448249
2.65429688
6.73728724
0.67091588
0.30249023
1.76953125
0.00083923
2.48242188
0.09254393
0.18750062
1.73643649
5.99659574
2.54101562
2.21093750
2.03557602
0.22542110
14.15299687
11.94954344
3.24609375
14.34798094
3.37239749
2.14257812
10.61718750
0.29101562
0.76416016
8.32226064
8.58822030
2.84537843
7.39843750
0.00671387
24.05110345
19.23925532
0.66081311
11.67610594
7.43717531
3.06640625
8.66406250
2.37890625
8.46093750
5.90429189
2.00195811
0.25878906
2.63623047
1.41406250
16.76204344
7.48795656
6.94954344
4.08170656
9.64550532
6.59310062
8.09830563
10.68261968
9.48860594
11.28483156
6.58203125
2.67382812
7.43359375
4.89843750
5.44531250
8.48437500
2.74609375
5.96875000
3.94140625
10.78906250
3.02539062
11.14647939
0.11271055
3.57088320
7.90234375
7.96484375
4.06250000
8.08593750
6.32420878
5.39454122
1.42773438
6.52734375
2.96679688
8.69873047
5.92252438
2.50911624
7.71484375
10.78937722
9.17285904
2.05924811
7.62401596
0.45410904
2.71191406
5.42968750
7.40657469
0.65494875
3.59570312
4.38281250
1.43294188
8.28872784
2.70508809
6.56312944
1.36655806
7.59407469
1.71582031
6.13736813
3.17480718
8.01236813
8.14778812
8.98828125
6.12500000
5.06282469
4.58561281
7.24755859
2.60156250
6.06250000
12.19531250
6.20962877
1.20736342
5.36360594
10.28189938
2.60254155
1.39062500
6.88281250
4.03189938
0.31558954
12.50308954
7.65788342
2.99218750
10.18391844
3.44791750
0.19055176
17.29687500
4.94531250
4.39453125
2.40625000
10.17968750
1.07128906
4.44140625
5.55664062
8.04687500
5.58593750
6.46907469
15.85514406
8.94531250
17.80981445
2.61718750
0.01273346
10.13443097
5.19206560
9.89810284
12.14095966
14.78971188
7.21810062
14.68750000
0.45280031
11.67968750
1.65429688
14.18033688
4.58528812
4.12109375
8.30891844
5.34195922
0.18432742
0.85107422
5.35937500
5.71875000
0.10265013
11.15201906
10.57812500
5.82811503
2.98829122
3.51367188
14.40527344
1.97265625
10.84504876
4.44791999
0.02348328
12.02179910
12.98274158
4.04102061
2.60709718
10.35286126
2.76074468
0.34342531
7.43750000
3.04313110
0.04134156
4.90917969
8.54687500
3.24698229
6.06706061
3.97197929
3.75000000
7.26594969
1.51627687
2.91406250
6.58203125
5.74706782
0.33886968
2.45962628
1.58431903
1.97589567
0.49383089
5.94140625
12.08007812
1.31738281
2.82518784
3.27865248
4.16373781
4.21744127
14.20930408
2.53223902
4.48437500
21.29329344
4.88248781
12.12500000
5.07421875
2.01757812
0.03405762
3.79329344
4.11686281
1.21191406
1.50585938
3.37890625
8.33593750
11.96093750
6.75032469
2.23209718
0.09295654
3.60090814
1.57389655
2.77261705
0.11271055
5.77823914
0.94205812
0.13452148
10.10156250
1.87695312
12.06250000
5.53125000
7.05078125
3.56738281
13.69531250
5.62500000
10.23502438
2.88834718
12.37500000
13.16406250
0.25699953
3.73046875
11.25781250
1.17626704
1.31836187
11.51790032
4.90104499
7.10156250
7.76171875
0.75081297
12.69108156
3.60742188
5.70019531
2.97948970
10.57324468
6.09375000
1.21809813
2.39908439
2.71354499
2.99998754
5.25229277
2.40083739
5.56608156
1.44774892
3.71680186
8.06250000
1.77351867
0.76310242
0.99169922
3.45434508
0.17944398
4.20166016
6.28515625
0.58837891
6.38476562
7.93359375
2.80273438
10.82584220
1.69564217
0.98223378
0.33813165
3.33374335
3.52408190
8.55208998
10.02766844
12.17187500
12.45312500
8.52701906
1.01757812
2.67187500
9.26757314
14.91193706
11.19548980
10.89062500
3.33658688
3.96810062
13.13867188
6.57812500
6.87410461
0.19510926
7.76204344
3.24723390
1.73437500
5.73046875
8.16406250
3.71093750
32.37628381
14.15821808
5.38834718
4.28027593
10.19173094
5.52522828
0.22835328
5.31250000
0.30977293
19.96256593
1.87500000
2.56250000
8.46516844
7.80045656
12.06802970
0.39925546
14.83235594
12.56021720
3.09766123
9.46158688
7.62890625
3.54817874
8.35937500
4.66406250
4.39453125
7.18359375
1.56648742
3.00089539
6.71907469
5.63378657
17.22980940
7.90430186
10.34245124
9.16305852
11.22756648
6.40836547
2.27913453
0.72005125
18.29264406
5.50000000
6.66829344
7.94498781
5.28938719
2.34928468
6.25390625
5.75390625
8.91406250
6.37239251
3.37565436
3.87109375
5.82031250
0.01664734
17.55891844
8.19758533
9.73665780
20.76474762
1.98372562
4.83951906
6.53125000
3.22851562
1.66552734
7.73079344
1.23954316
0.25305207
7.69921875
2.09407469
16.38361550
5.60092309
2.45117188
9.75747784
2.31901872
8.32975343
7.16796875
0.02916442
4.65323914
0.94238281
9.61718750
0.05358887
2.29101562
0.41430664
15.01562500
0.90185547
9.63281250
10.11131287
1.02050781
6.20377438
11.06966312
14.55110594
4.22623781
10.61331940
13.46093750
21.96288564
