0.38321587
4.63664007
7.26562500
15.97117952
0.90332031
7.19563719
3.82389406
4.85546875
15.01562500
1.35253906
11.11277926
4.46925199
7.60546875
5.01562500
3.46093750
2.97135251
3.32552249
10.50781250
3.95117188
13.72656250
5.67544908
2.44076185
13.35774158
7.76761366
2.66210938
1.50292969
11.61262190
9.69206560
20.54687500
2.45898438
5.55208001
0.90690436
6.16406250
0.86767578
1.28027344
5.53515625
2.92773438
7.29394282
4.04980718
0.67529297
6.21288564
4.27213874
0.36263187
12.39843750
1.01855469
1.85839844
4.55208001
3.20344969
3.84603280
8.46875000
3.18945312
16.14940160
9.20216090
16.55533688
6.30013187
5.54687500
9.55533688
0.38321587
9.23039007
19.41764406
3.76953125
8.92968750
13.69173094
5.74186281
9.97184079
4.36653812
10.54687500
1.56835938
16.51204344
12.73079344
9.56314938
9.70182624
3.27343750
2.39907691
6.22234153
0.51237062
3.50195312
6.16015625
1.43359375
4.05859375
0.07830811
9.38476562
10.63346188
0.36019046
11.64062500
1.70572751
5.23372562
6.45344969
5.16569093
8.12923094
1.27408937
15.03086692
3.26790780
15.49707031
7.92187500
5.89876219
7.57812500
1.72037843
19.23697252
13.06640625
8.56966312
5.55501219
14.42838874
1.78190187
11.31966312
1.25781250
9.35579344
2.20735594
0.78987796
7.00488032
4.88997562
2.01953125
2.71061281
11.31802970
0.68294686
15.72102532
0.58609486
12.00244016
2.36654310
16.23046875
15.95995346
4.56948084
2.11314383
6.01171875
1.29882812
1.82910156
4.91796875
3.10546875
3.23437500
11.14485594
3.61002438
3.74902593
13.75942598
3.44760527
7.94531250
0.52392578
8.78482159
1.16049091
7.59765625
6.28906250
4.30028798
2.04752936
5.15657718
7.25390625
1.05468750
1.60872313
0.92740968
2.84960938
3.30891844
6.72233156
8.34375000
1.16699219
12.47067237
1.77249169
4.87500000
5.74129211
0.12382019
3.79783910
2.01466090
3.58593252
7.33008311
4.99804688
2.41601562
0.20336914
12.24218750
8.78906250
1.96289062
6.08268063
5.30013187
0.78552246
12.26562500
5.07454344
5.90201906
8.38020501
14.93521720
6.04525155
5.83984375
3.16406250
6.39062500
12.22460938
8.25423094
1.70312500
2.24186281
13.39843750
5.55078125
12.89062500
13.43050047
4.31608156
2.54492188
5.71289062
0.87890625
5.76953125
4.06640625
11.25781250
6.26171875
11.12890625
5.77734375
2.69335938
15.73746329
9.79134530
3.23242188
0.72119141
7.57128906
5.46875000
20.14843750
14.31314938
11.02604001
3.16081061
6.14843750
4.38671875
7.76171875
2.00016235
3.04280640
4.33593750
5.08203125
5.39453125
10.59439938
1.18489749
0.47412109
4.80468750
4.93787223
2.80306405
1.75390625
11.19497784
5.65267841
1.15332031
5.58496094
3.99804688
7.32031250
20.48697252
4.85287123
12.91796377
2.46093750
13.28026596
15.64062500
3.48535904
6.84798094
1.79069093
2.45507812
5.50422845
4.70963874
0.44897461
17.17187500
11.83916987
3.39355718
3.66015625
7.22656250
1.58789062
4.07031250
8.10579344
1.25846437
17.80914307
0.04812622
7.26790032
5.61979499
1.25000000
15.45709229
3.30338376
1.40071781
4.71289062
5.83984375
1.82128906
11.71288564
2.12695811
0.26806641
1.63281250
1.82714844
5.81640625
9.79687500
1.82896454
5.71876495
3.88313719
3.18131593
3.92578125
0.03787231
3.91894282
10.52832280
5.22265625
6.87500000
6.83984375
4.58593750
0.70703125
2.44921875
1.35644531
10.19173094
4.21093750
14.32878964
0.89778812
2.54687251
0.15779477
14.14754211
11.30826906
11.22363032
7.85628546
4.54148272
7.12437056
0.34838867
6.20180132
4.01890181
15.38541002
18.13216810
2.32812500
11.17610594
6.24967531
2.28515625
18.90072001
6.40136968
10.02343750
6.01171875
3.32421875
0.57470703
7.80956533
3.45508311
5.99609375
1.62890625
3.70344969
3.12467531
2.86328125
14.03885739
0.29158695
11.91406250
0.50048828
4.79663086
2.35969969
10.72233156
17.46875000
8.25000000
2.84960938
11.67317376
7.54166999
7.58593750
13.54687500
0.64550781
2.43945312
13.40298316
9.30795434
8.42968750
5.73046875
15.45377438
1.90755374
10.16536126
6.99902593
5.37304189
11.49382092
5.59765625
15.02083001
13.01432126
11.53268726
10.23013908
2.51465093
5.21419437
4.33560783
4.30794437
13.64167285
2.08204620
6.27766844
9.60514406
19.97265625
6.17578125
9.57031250
2.40234375
10.70051751
12.34245124
1.48046875
11.61067376
0.83268561
1.25488281
12.63704344
11.61848626
5.06868905
11.92675532
11.49169423
3.23535904
3.68554688
5.88313719
14.97590066
2.25912621
5.98242188
6.37532469
3.07780031
2.60657494
2.04459718
3.84342531
25.34797596
5.84538342
4.14453125
3.55793939
1.19499030
5.77734375
5.16015625
4.03906250
6.35187722
4.78484153
4.35156250
2.33398438
1.61473612
4.65235372
8.99641844
4.16373781
14.35176512
8.22851064
3.45085217
18.72297845
0.11271055
10.85424867
2.43798704
5.40201906
7.49967531
6.23828125
2.60937500
2.73828125
6.78125000
0.10424805
7.17187500
6.99218750
1.99609375
4.46484375
6.61751219
1.03971437
8.81852172
0.03645875
6.24251219
4.55794188
14.06250000
11.94889406
8.08170656
12.46875000
2.47070312
10.61718750
1.73046875
0.03372192
4.92610594
9.34054521
5.75813719
0.84440187
12.04817376
8.69401374
6.99218750
5.46271831
13.47087544
8.12770462
3.02864251
5.14323249
2.63671875
2.01204344
4.46451906
11.40583479
2.58854997
7.12500000
13.44531250
6.84049313
8.01562500
1.97786624
9.01985594
4.75000000
12.27701906
9.07161126
6.62760749
3.99804688
17.41536126
0.45084220
4.81868905
2.71679688
17.70761959
13.90560062
2.77734375
3.72884032
12.09375000
5.13248781
6.50390625
20.63484617
12.63639406
11.01562500
6.19531250
4.49609375
0.74511719
9.19531250
15.01782227
1.95996094
3.13671875
18.01407711
9.00358156
0.61051515
11.16406250
11.18554189
8.13509530
19.13346188
7.23730718
13.57031250
0.94824219
11.53677970
6.39713874
5.22623781
14.77863254
7.20574246
5.62890625
9.41829344
9.71776596
11.04492686
3.58659186
23.19596188
4.94466312
10.49706782
6.62076906
0.44612796
12.87304688
1.78645750
14.89062500
2.11295656
1.72623532
3.21419437
2.83398438
10.47656250
8.22133755
16.84701684
0.72134752
18.12793467
16.10774158
3.79395279
6.18066406
5.65917969
7.39908688
3.02083499
7.01562500
4.30468750
3.62019026
5.83301529
6.26139406
3.53320312
7.32031250
0.66943359
6.38346188
2.79817874
6.01757812
14.03125000
5.41088867
12.23046875
12.11360594
2.14615968
4.12109375
1.68457031
2.70507812
1.18196532
1.36979250
6.13313719
1.35514406
4.12109375
0.35807126
-0.00553219
1.19824219
12.06900876
4.06250000
4.24935062
0.82991453
4.51139406
12.93750000
9.64908688
4.13216312
7.00064938
0.93099124
3.38671875
10.06250000
7.43359375
3.94238032
3.07324468
1.49804688
8.82031250
1.11132812
8.55786133
3.52627667
0.49592642
6.27962655
18.35758422
1.42463663
7.32178856
2.72460938
13.38281250
3.99853516
38.65722407
2.27832280
1.85937500
15.66829344
4.68359375
8.28265459
0.15061447
17.53157469
3.60905031
4.13281250
2.02734375
6.29296875
12.64843750
1.52050781
4.62890625
17.17219969
7.54687500
6.26757314
3.02702404
6.62890625
6.70442376
3.89323249
1.76367188
11.37109375
5.13736564
2.89290780
7.24283688
1.47884281
1.92578125
3.53125000
6.47688719
4.30078125
5.00748781
5.10937500
13.92968750
7.82584220
5.53353280
4.84375000
17.05468750
12.71093750
1.75000000
1.70800781
13.87500000
0.88476562
14.07942625
14.92651118
0.24796321
11.94441711
19.23730718
11.16048094
15.70149158
9.23177748
7.17578125
8.34569814
0.57715342
13.78125000
1.84960938
8.52050532
4.35449468
1.15625000
1.96255098
3.72494902
1.73339844
12.89485594
1.95670656
12.43879876
2.59440436
8.20312500
3.02343750
3.67968750
10.13052970
12.29002660
5.64259308
5.56608156
5.40299313
4.79590093
11.50488032
1.94824468
9.98437500
6.97003879
11.15105496
3.66015625
8.47656250
5.29296875
6.73828125
12.86540031
6.94954344
7.66373781
10.46093750
0.32739258
3.43554688
1.83593750
5.35188719
0.42985109
2.77798067
3.55698027
6.43750000
10.07257536
9.02247340
0.94676862
15.74366107
3.97265625
12.09375000
18.53125000
0.92415282
19.50488032
8.23339096
4.99187278
8.37141844
9.51562500
9.75358156
5.70051751
17.69108156
10.13599120
0.69287109
2.12695312
4.77115470
5.09472905
2.72499950
1.08789062
7.17187500
1.02734375
0.02090454
4.11328125
1.80175781
7.63736813
5.47395501
15.88281748
1.04199219
2.83203125
0.00598907
2.90820312
1.90527344
0.00160027
6.45019531
0.68945312
3.30781887
9.10119473
12.41276374
1.92773438
4.40625000
8.75000000
7.15722407
24.86230718
4.93359375
20.15332031
3.27148438
4.27408688
9.87129886
2.22656250
12.25000000
18.13476562
0.15779477
14.04597961
8.46028812
14.44726562
13.21093750
5.22265625
12.11360594
6.99186281
18.49641844
0.38614992
11.28189938
9.31966312
1.97265625
17.66829344
15.50000000
13.72819093
14.74218750
8.86718750
7.04329344
4.83951906
0.38964844
9.89843750
0.44026610
5.30436281
5.46256095
2.25814217
9.73502438
9.00812473
5.93556183
11.39892578
5.17968750
22.64353724
7.20468784
15.93750000
4.41373781
15.82812500
10.90625000
0.23801510
1.69368656
10.82031250
8.99641844
5.82780031
11.12141844
0.56559328
6.69531250
9.14843750
11.35839096
3.54004654
5.33593750
12.10221188
3.28483156
1.42545656
21.89191379
0.96931073
14.97046708
14.47233156
2.14648438
6.01204344
8.15266844
6.43685062
1.48730469
4.63281250
16.96695922
5.14306516
4.29789925
11.66829344
7.59668218
12.51985594
4.17936281
1.45116938
7.65950687
3.75617659
5.93392841
5.04752438
12.98795656
1.30403563
3.53060062
5.32031250
5.17187500
3.02148438
9.52408688
12.28483156
10.57714096
2.77800310
17.03125000
4.15625000
7.52895972
4.03158466
3.55599124
7.76139406
10.70312500
5.78124003
3.91407247
3.18945312
8.25561523
6.05175532
13.89355718
14.61718750
9.67789672
0.55550172
3.04849347
3.33236591
2.17187500
11.25781250
2.12109375
2.17383855
0.87914229
18.87410959
4.26041999
8.93814938
5.63997562
2.78320312
11.30468750
0.17431641
8.78906250
8.76562500
4.89843750
1.80078125
10.18066406
3.76790282
5.01139406
12.41894282
1.14160405
12.29329344
7.85090315
4.23861591
17.78971188
10.36718750
0.58658937
8.73795656
6.36522939
3.37891123
12.46516844
1.44010500
16.53125000
0.09466553
11.80891844
3.94889406
2.86914062
13.55078125
12.14746945
4.76757812
3.66927249
10.39843750
5.18359375
8.91406250
7.25423094
0.99869875
14.41894282
5.37923094
5.08854499
2.50000000
10.57649158
6.65039561
7.97233156
5.88281250
8.81803219
19.22491911
5.45086214
7.05078125
8.72427970
1.33040780
9.62531472
3.85515403
8.16406250
10.57910156
4.44563719
2.14225343
7.58593750
11.68750000
3.06250000
6.05110594
10.33332004
22.08529809
8.21386968
4.19140625
14.92578125
6.94921875
11.14843750
6.60546875
1.18359375
0.05023193
17.15625000
28.91048094
9.10578846
13.27897526
5.31217531
1.48535156
7.69173094
13.20958284
6.72265625
9.13346188
2.90169437
1.46093750
3.95117188
0.45288086
1.47265625
7.06281472
0.48601340
6.47753906
10.62500000
2.26953125
9.31250000
3.27734375
7.28125000
0.56689453
0.07690430
4.46564675
0.22542110
5.46598515
2.20312500
6.89062500
15.12011719
9.23437500
4.09016844
15.46093750
5.28515625
4.20280031
6.67056876
6.47135749
6.63671875
4.23046875
15.01139406
4.29296875
9.01562500
3.06054688
11.12141844
6.48795656
4.15234375
9.30468750
8.57031250
0.36499023
5.29296875
2.93945312
4.11360594
3.25976562
12.67448000
8.44531250
8.68554688
11.41048094
8.25358156
6.40926086
0.46256531
3.12500000
3.42850676
0.29829988
8.37923094
0.55322266
1.60156250
5.79589595
3.41276374
12.25423094
5.20670656
9.68750000
0.73600219
0.24349000
10.16079566
0.67904809
5.63215315
3.19531250
2.83398438
13.30891844
12.01464844
18.28483156
2.00195312
8.45312500
0.07135010
7.43147703
3.86295656
0.09164759
6.57122473
10.32812500
6.68750000
2.02539062
21.99218750
5.21158688
13.81608156
5.57388409
17.75782247
4.51562500
17.73079344
23.66048094
11.07161624
2.32421875
4.49283688
0.72981937
2.05273438
12.48567376
0.87663093
9.42268049
14.65983904
8.73437500
6.98046875
3.46289062
8.14062500
2.99804688
1.12402344
7.12890625
4.25390625
9.58235594
1.12955812
7.46646720
5.29525155
12.60546875
8.68164062
1.74707031
18.60293682
10.24252216
20.03125000
3.25128526
13.41209442
10.18588652
1.40787843
6.93750000
5.97070312
2.22656250
2.24804688
15.73437500
10.57519282
9.21288564
3.35677748
2.30436281
13.80078125
7.44921875
6.86328125
0.17456055
6.51920158
4.41666999
0.87695312
2.21451906
15.50513077
9.91015625
14.32812500
4.04687500
17.68164062
12.29628167
9.42480718
3.90754876
0.63590827
6.04655031
8.45312500
15.08300532
7.40136968
5.74218750
2.25390625
4.04849845
10.30697030
5.16536126
5.13541999
13.40266844
8.86718750
7.46842531
16.76204344
3.77343750
13.48046875
1.93912843
17.69596188
0.80143312
17.46712157
0.13525266
10.76123171
21.48925532
2.35449468
13.63793883
0.05108705
9.33593750
1.60350939
1.12256482
18.87043440
3.16699966
11.75781250
22.28743407
9.42545656
3.04069093
11.50781250
1.88183594
4.33593750
7.74218750
10.95654297
3.28515625
10.35156250
1.94726562
3.78515625
3.84720856
0.31929535
15.14485594
9.94531250
5.95670656
0.98388672
16.23079344
3.49023438
0.93033937
9.52766844
8.72656250
0.98307375
1.69531250
9.78125000
14.13704344
10.16406250
1.67773438
20.12500000
2.09342531
13.40266844
11.62824690
3.62533466
11.66894282
10.94108156
16.13883297
0.42830009
7.77482491
18.61555408
10.62663342
2.59016844
2.89615968
13.15104001
5.99251219
9.12793218
7.97265625
16.61132812
9.25585938
7.60969969
8.66406250
15.96939938
6.74121343
3.87109375
10.25423094
8.82291002
4.71224623
1.72135500
18.43553441
2.23536402
0.57470703
4.08593750
18.14094969
20.92089595
4.01432624
14.18814938
11.43814938
15.60734382
2.29492188
4.26594969
13.95670656
1.74804688
22.88020501
3.22331061
5.03938719
6.90754876
5.56867908
3.63705341
9.26562500
2.17740968
11.28613032
1.09525792
0.42451996
15.57942376
8.42024906
0.11271055
5.05916445
15.75781250
5.54296875
9.33593750
2.08593750
0.70068359
11.46134025
11.47591312
8.70605718
9.01985594
7.59634752
13.36947030
5.54948249
7.49706782
1.79345952
2.61718750
12.22656250
6.03515625
13.97721188
7.05045656
6.70703125
0.53385500
6.32812500
10.71516844
2.69889406
18.38834220
20.52995124
4.29655031
3.15039062
16.16829344
10.81803468
4.45312500
1.22753906
7.28125000
5.40722407
9.14745346
2.89681903
7.34342531
7.32812500
3.76367188
0.62060547
12.49641844
9.16764406
11.47265625
9.72851064
0.18506358
3.60529768
13.24348626
11.48795656
4.16308843
4.27343750
14.80533688
4.73763187
4.97656250
15.27343750
2.96093750
16.33495346
1.59278091
7.37500000
7.53906250
1.03808594
7.72036348
2.24838652
2.82421875
3.50781250
6.96484375
3.10221188
2.74935062
6.83203125
3.05078125
4.95409658
4.18620124
5.18294437
8.20735594
3.09732658
3.42611092
8.78125000
6.46451906
10.25781250
2.37304688
1.30175781
15.46093750
11.30891844
13.79264406
1.07519531
1.17371368
0.43123289
11.75781250
13.15625000
7.21573976
6.73437500
5.21093750
5.43750000
1.83831787
16.10611315
0.11271055
15.70564882
10.04329344
1.65983156
8.67968750
19.30765526
13.44466312
3.40071033
4.70866467
2.85449219
7.23437500
1.51562500
17.64062500
0.07116699
8.00064938
5.94074690
4.02735372
2.57226562
10.75423094
7.29264406
7.43847407
2.63769780
5.46484375
6.83203125
11.01993150
14.32763298
18.53305075
1.04296875
1.10351562
17.09570312
3.14257812
11.28906250
14.76562500
5.06250000
11.43153807
4.99186281
1.98535156
5.43750000
8.38281250
0.81591797
4.91210938
1.16406250
10.56673094
9.65983156
7.11914062
12.12466534
3.03939716
8.03417470
0.58609486
10.44938608
12.05110594
6.53060062
1.57519531
9.92610594
5.67155031
2.01171875
3.71093750
19.45312500
16.24641844
7.94108156
4.05859375
11.65266844
8.28483156
13.76399158
6.99805186
1.13346437
9.46483378
7.87110372
0.77197266
11.48828125
4.00000000
11.52343750
3.62695312
19.71679688
4.96907469
5.45637190
15.21127216
1.19238281
12.53125000
2.56640625
8.40625000
0.85937500
3.73437500
7.65494127
3.79427748
2.06835938
3.62890625
1.24511719
6.97265625
20.48786783
6.69563719
13.81998781
26.62141844
2.79860557
0.29304743
14.93742132
2.22070312
7.78125000
1.57552000
9.22037843
1.09179688
1.15039062
9.71875000
5.77734375
17.03125000
7.52994626
5.95638187
4.91015625
23.00617908
3.23405529
6.90754876
5.92838874
2.01953125
6.00097656
13.62923094
6.63248781
9.90266844
10.25358156
4.37239251
4.65104499
3.11914062
7.31412345
8.92122562
1.70508062
8.57031250
2.75390625
3.43847407
8.15136968
6.53548094
7.00423094
7.09700687
13.05468750
8.23437500
9.01204344
2.11132563
5.52213874
4.04036126
33.30167976
6.71875000
1.07535641
0.72134752
12.05632092
5.17936281
15.07031250
5.14062500
8.82812500
3.10546875
6.92219969
14.36295656
13.29166002
11.66927748
12.24218750
1.03125000
5.92968750
6.21875000
9.76985594
5.02311281
16.41666501
10.00325687
6.64453125
9.33455321
3.70475343
1.62597656
5.87711547
0.87679078
16.52408688
6.75716312
2.64257812
10.48437500
7.91406250
1.89453125
8.89843750
6.77376219
1.17057375
10.21516844
9.70312500
1.54166750
4.65688941
3.71843528
11.71875000
7.68717531
3.13085938
4.37109375
12.29752438
2.05208499
5.26171377
0.11271055
11.27791445
14.87923094
9.04687500
15.76627438
4.88379155
11.21093750
15.78906250
9.18814938
8.16829344
0.72363530
16.07812500
0.53173828
4.17578125
3.91406250
0.02458191
12.10156250
5.51562500
2.83642578
11.46093750
1.00488281
10.71874502
9.20182624
0.95149906
5.88281250
3.90956810
10.42343971
9.06640625
5.58593750
4.00390625
8.98079344
5.07877438
6.79622562
2.12206782
2.05338874
8.07454344
9.38769282
2.54166999
13.54752438
10.44562722
2.58692652
22.07942376
5.16666999
11.10221188
5.15461907
15.53498892
7.19287234
5.95215093
4.01920656
5.73437500
9.22298094
5.74186281
3.82031250
7.34375000
9.43750000
2.29980469
5.06250000
12.12500000
5.10156250
8.26562500
6.10937500
10.69173094
1.98014406
19.95442376
3.10481937
2.84537843
3.06835938
10.09733156
9.53906250
6.17284907
1.96582280
0.61230469
1.13003893
3.87305186
7.00325687
11.56673094
0.20646242
3.99251219
9.99283688
3.25716312
10.67668984
0.04400635
6.32454344
5.69172097
9.26107934
1.28808594
6.12759752
0.19076185
1.69343245
0.11271055
14.44018617
2.49983765
10.92610594
1.89811281
10.06250000
7.41015625
5.52180408
2.14128186
9.85937500
15.76985594
9.24120346
13.75456560
2.55078125
4.55468750
15.20735594
13.36734486
2.05778202
4.06868905
0.84765625
7.23079344
3.17838625
5.46093750
7.70312500
4.20312500
2.86718750
7.52343750
3.83984375
17.37727782
0.23038820
7.45702627
11.01855718
11.34733156
19.51920656
7.14030031
10.07031250
8.79329344
8.78483156
0.52652829
3.85872562
1.85253906
12.67675532
2.74315409
14.23113059
0.36067376
8.98307624
19.19954344
12.80631593
20.12759752
4.47396498
7.90625000
5.97265625
1.85839844
3.18164062
5.07551751
1.18815436
0.80175781
3.59015099
18.23209220
8.43263962
4.34309564
15.11718750
0.93229499
17.33560284
4.19955341
19.47135001
5.78776374
21.39876219
13.30696781
2.62304688
10.84016844
15.93750000
8.24218750
15.21516844
2.51692874
4.27343750
3.98437500
8.27766844
2.42545656
3.90625000
0.66650391
0.09393545
2.90787843
3.01171875
4.59830563
2.58138187
18.69302721
0.11271055
14.69588320
4.61718750
20.61132812
9.79687500
7.08235594
1.41764406
0.14331055
7.14062500
6.30078125
11.06738032
2.32129155
4.16274879
10.38672872
9.73014406
6.01139406
12.36557007
9.21354001
7.04068595
9.64648936
6.69108156
4.66015625
2.15401121
11.66764406
2.19921875
7.04329344
2.92056378
3.76595966
1.41178468
9.21972656
2.32259032
4.37858156
1.79492188
4.18750000
8.98079344
1.15201906
4.91796875
11.33789062
8.58898926
0.30108643
3.78515625
8.62036133
4.02099111
0.60863697
18.90698803
10.64843750
5.30696033
4.18132092
5.45768063
10.87173316
2.31902371
10.18391844
20.01186614
4.18702792
2.66796875
9.44531250
1.24218750
2.39257812
0.08532715
10.30891844
10.07389406
8.79329344
4.66503657
0.18375983
9.21875000
7.75455563
4.48306129
2.51433621
12.11783688
16.24625734
3.31054688
7.42718584
0.47165939
3.73687702
8.44110150
16.82973848
9.99480496
0.61442140
4.38671875
5.35156250
5.29296875
8.38281250
15.20735594
5.47719942
0.11271055
17.25870789
7.12467531
2.42968750
14.19954344
10.35514406
0.79378172
0.79410890
8.75000000
3.10156250
27.23437500
17.06738281
15.34375000
1.08789062
8.91829344
5.79296875
2.15787843
0.02615356
11.39843750
8.10317598
1.51401152
5.16406250
9.18814938
10.76139406
14.58462877
3.88053967
1.65560062
3.50585938
5.40625000
11.01985594
13.71875000
0.85660890
1.45117188
7.75878657
3.34277593
12.75064938
5.52278812
16.07812500
10.97851064
6.38052970
16.41031735
0.76643174
15.07796764
6.86263187
6.29296875
6.90234375
0.03079224
18.69140625
8.82031250
14.92154034
6.68213763
0.69368531
9.69970703
10.14062500
10.42610594
7.08772828
1.01350953
12.53515625
6.49739251
1.79557624
4.21093750
11.79589096
1.08887466
9.27050532
24.80077128
12.63184840
3.11360594
7.21256593
3.97070312
8.77766844
3.38149629
8.03321808
10.55891844
4.58951906
7.62500000
3.95898438
4.82812500
4.81932846
10.56348404
0.64697266
4.72101785
0.63117908
17.10351064
9.70769060
14.21028812
3.47233156
15.46060284
5.08236591
19.94465814
3.05534186
3.16796875
15.01503107
2.19991245
3.56250000
15.95833001
8.52213874
2.66210938
10.25781250
0.04263306
11.43163564
1.85742686
3.21484375
12.81509752
2.01107435
5.25000000
12.81250000
2.92968750
1.00488281
7.07258533
2.46843029
15.38704344
11.91406250
0.48698000
3.95895571
3.51060726
8.01139406
4.08766678
0.02100632
0.59716797
6.87255361
0.42830009
6.65079898
5.63965093
11.28125000
6.26594969
2.17740968
9.51562500
3.87662345
5.46712655
14.86913564
17.56478280
13.31250000
6.18293440
18.91081560
4.46061281
8.09016844
0.48893312
8.90299313
4.23111813
2.71159186
7.81673094
4.56998781
5.35546875
0.02900696
14.09977172
10.59619016
12.82747562
9.51562500
3.46093750
1.65917720
2.33496343
7.73687666
0.04840166
6.27734375
4.45410156
2.25585938
12.21875000
4.84375000
1.12597656
9.35676751
4.75390625
5.06282469
6.22623781
13.97656250
4.91015625
6.34375000
3.16992188
9.41048094
1.08365968
5.85546875
2.19563719
2.30826906
1.87988281
8.18627930
1.68489251
7.67838874
11.37500000
2.96549313
12.51106937
3.10742188
6.07031250
3.60611813
4.43685062
10.63281250
13.29687500
5.35579344
15.70280031
8.87923094
1.68229250
11.45312500
7.39843750
6.69563719
1.76785880
4.80664561
3.94140625
5.66796875
15.12890625
5.07063719
3.91810635
4.19921875
14.71614251
0.45084220
5.64290780
9.89973626
4.48698249
8.45133422
0.02657105
2.16015625
14.73071289
0.20449154
7.98372562
0.12158203
7.88281250
7.95800532
8.54980718
0.00317192
7.08984375
7.83203125
1.53125000
1.68261719
5.41406250
0.26269531
3.05468750
11.47721188
4.03987796
3.48632812
2.80924313
5.86746748
2.64648438
3.94726562
8.25781250
4.82258533
3.20671154
5.97265625
2.82226562
6.63963847
21.60808122
5.28450687
6.64453125
5.84830563
6.60530908
3.21484375
4.06640625
3.99218750
16.99983641
2.40201906
5.73663786
0.51846853
12.95809397
0.91943359
5.50781250
10.12500000
13.63704344
10.33235594
14.58170656
6.98795656
3.01562500
10.87417332
22.16195700
6.31152593
1.66699219
3.35546875
14.00185438
5.09733156
2.17382812
4.26235318
6.60288120
4.82031250
2.17414285
4.90984153
7.76171875
4.14062500
19.84081782
4.27457890
16.78921986
2.60319592
6.94140625
9.01204344
7.41984133
2.37336160
0.58073997
9.92610594
11.10514406
5.28906250
15.05468750
12.67154034
1.21940935
5.53092531
2.59960938
9.32454344
3.54850343
16.12109126
7.88583657
0.38321587
10.54647163
5.03727172
0.20491578
0.47998047
6.25000000
18.63704344
6.35514406
12.04036126
3.04948249
1.65136719
3.08007812
19.13247784
7.20475842
17.68261968
20.75748781
6.30110594
3.15820312
12.80045656
15.62500000
5.07063719
6.75985788
0.39777642
16.57812500
18.31899380
7.94694592
5.81999778
19.49641844
18.74801739
7.93360372
10.17805408
19.43175937
4.59765625
0.07788086
8.89062500
12.03270737
2.56153091
3.71289062
4.05371094
13.82812500
9.60351064
4.56445811
9.67187500
4.28125000
11.55968623
5.07813497
14.22492659
10.85107048
12.70133422
6.26009530
6.08203125
4.06640625
22.85579344
6.91373781
11.05305408
15.86882092
3.36132812
9.89485594
5.16373781
4.19921875
8.16406250
2.81640625
7.94531250
5.12923094
19.14241578
18.42366578
8.81673094
9.33951906
17.39550532
1.59179937
2.49023438
8.84439938
12.72981439
7.25586436
13.79394282
10.13574468
5.43359375
5.98502438
4.08528812
3.08007812
1.75683594
2.38476562
3.32226562
3.22070312
10.85937500
4.22688719
2.15625000
7.08951906
15.64485594
0.03824953
12.09375000
7.57226562
6.63671875
4.81250000
3.91015127
0.11271055
7.56307070
5.43391844
3.26530031
8.28125000
1.72688719
2.86490968
10.05110594
1.93522218
7.48828125
0.12176514
7.46093750
3.75878657
3.87011968
8.13281250
11.88281250
8.58593750
9.40689938
2.58333499
9.53906250
8.93391844
0.16569093
1.63183594
10.95914672
3.82405640
8.83414672
0.13755248
1.59049562
13.31379876
3.75293218
2.70865968
5.21126219
4.82844969
0.20857914
1.00292969
8.52343750
5.18750000
4.50000000
4.61718750
5.30468750
4.16829344
8.62858156
6.96027815
1.98894060
9.38541002
0.80013685
6.82291501
0.40575798
10.19401374
11.46304300
13.10906028
4.49218750
10.54752438
0.16316898
4.85546875
3.10156250
0.19360352
12.13785018
0.45199357
2.95507812
4.78824579
0.24837530
6.62890625
1.69448956
1.57650653
6.50357159
1.98275653
4.78775876
4.56575687
11.50000000
6.86360594
3.10514406
12.47477172
0.41984008
34.68139648
6.66080563
5.53418218
8.66406250
9.45377438
12.67122562
1.98046875
3.81835938
17.16860816
1.74350121
10.85154256
5.56642619
12.09619016
0.27392703
4.25520003
14.00879654
2.53678468
7.05110594
2.44498781
3.09016844
0.29948000
4.57551751
0.22542110
14.65998892
7.82955683
7.66439716
0.00350380
2.33789062
13.79241943
8.22131317
0.03179963
10.47690582
1.82876690
2.65463153
0.55615234
0.49401855
12.67187500
8.91406250
9.86718750
7.60156250
9.49414062
18.65157352
1.92258420
5.63281250
4.91796875
1.82584469
3.84993157
3.09766123
11.45312500
2.46679688
1.44759032
8.91791467
6.61535645
5.21093750
3.10156250
7.14062500
3.51265764
1.27832031
10.46950194
1.33365968
4.58593750
2.99314662
2.23927526
5.82031250
6.91015625
0.39624023
10.23437500
0.16890379
1.12402344
2.58080307
2.75781250
6.91015625
6.58235594
8.42968750
12.61002438
3.63997562
5.69173094
6.16292484
10.14843750
4.24218750
7.20312500
4.07031250
9.55468750
1.09082031
14.12500000
4.86653314
3.92057624
8.81070922
5.77522828
11.78125000
1.60449219
16.44424366
13.06413342
6.19531250
1.21911621
4.95474845
6.38900155
0.01065826
6.34375000
9.43293440
9.14160904
1.63248781
11.53156472
4.58594747
5.20670656
20.30273438
2.12695312
3.64648438
4.52343750
20.40819814
17.06120124
6.57096188
7.05729499
9.11360594
6.79475953
0.21516969
2.52978391
2.69873171
24.10041985
0.22542110
5.88818484
2.21451906
5.44921875
0.30584717
16.12141844
11.40625000
8.76139406
12.37500000
8.61718750
1.40722656
1.42480469
0.07104492
8.64843750
13.26985594
4.28483156
6.52164672
-0.01255248
9.39062500
0.97639891
2.77038325
18.29166999
11.84375000
1.03125000
9.12564938
8.69889406
8.26920656
14.76627438
8.18750000
6.24935062
6.20312500
0.87158203
0.01847839
1.22753906
1.17431391
1.86816655
2.68750000
6.16665005
1.88022495
0.25415039
1.03515625
0.00058031
2.73828125
0.08682189
0.09936586
1.55235570
5.94044215
1.93847656
2.01562500
1.88827104
0.22542110
14.15299687
11.94954344
3.15592531
14.43814938
3.37239749
2.14257812
10.58593750
0.29101562
0.76367188
8.42024158
8.52930186
2.84342531
7.39843750
0.00671005
24.04036126
19.47004876
0.54330092
11.75423094
7.39420656
3.08235594
8.64062500
2.28678468
8.46093750
5.94335439
1.97070811
0.26220703
2.70507812
1.39257812
16.74641844
7.44498781
7.07063719
3.79850343
10.14615470
5.95150155
9.09927970
11.18978280
9.93750000
11.30078125
6.05078125
2.60937500
7.81250000
4.92968750
5.59798094
9.34733156
2.84765625
5.85546875
4.12890625
10.76562500
3.41210938
8.19661126
0.11271055
3.57088320
7.90234375
7.96484375
4.07031250
8.10156250
6.35545878
5.32032247
1.41992188
6.62141844
2.92545656
8.66601562
5.84830563
2.52669437
7.67285156
10.84406472
9.17285904
2.08268561
7.74934065
0.36784685
2.70703125
5.38281250
7.41048094
0.50797609
3.54687500
4.89062500
1.28613281
7.83202128
1.91797872
6.16241413
1.80438275
7.22070312
1.80891844
5.49641844
3.06575687
6.68424313
7.65950687
9.31445312
6.58203125
4.70312500
4.35937500
7.81591797
2.56087157
6.41373781
11.92187500
6.18260971
1.23926529
5.29296875
9.78971188
2.78060062
1.37597656
4.43391844
4.03613032
0.31558954
12.50308954
7.65788342
2.99218750
10.19173094
3.38639406
0.18969727
17.29687500
4.97265625
4.50423094
2.40787843
10.17968750
1.10644531
4.47265625
5.56640625
8.04687500
5.52734375
6.41796875
15.86718750
8.93750000
17.75097656
2.65429688
0.01313019
10.03059065
5.34864029
9.88849956
12.11931294
14.66048094
7.39843750
14.59733156
0.44645265
11.71875000
1.68750000
14.25488032
4.49511968
4.08984375
8.12500000
8.29752438
0.15828617
1.20996094
4.57812500
5.80468750
0.00960541
12.97298094
11.98437500
5.71060284
2.65430684
3.28906250
14.69824219
2.06054688
10.49592642
4.15641733
0.02386475
12.59602034
12.98274158
3.95085217
2.67578125
10.38052970
2.63932624
0.32364992
7.45703125
3.10758422
0.04244019
4.82714844
8.56250000
3.18228502
6.18815436
3.93291774
3.73046875
7.12890625
1.65722656
2.91015625
6.56640625
5.77831782
0.34961187
2.90916972
1.40821309
1.90537931
0.49366854
5.89062500
12.06054688
1.32226562
2.75292221
3.25879654
4.27734375
5.39680408
14.94367908
2.58757590
4.99967531
21.98437500
4.37109375
10.83593750
5.25423094
3.56803468
0.03915405
0.35921141
4.80045656
1.24218750
1.47656250
3.68229001
8.09310062
13.32031250
4.86718750
1.95540282
0.04960207
5.22492908
1.98210217
3.74847412
0.11271055
5.77823914
0.94205812
0.13452148
10.10156250
1.87695312
12.00000000
5.53515625
7.07421875
3.56835938
13.72656250
5.62890625
10.14485594
2.83561281
12.51985594
13.24218750
0.35180664
3.69108156
11.30468750
1.09684079
1.42708499
11.53840814
4.90104499
7.20703125
7.78906250
0.65673828
12.82812500
3.58984375
5.66503906
2.97363032
10.65136968
6.05859375
1.19661375
2.86522939
2.94759530
2.99282442
5.46844026
2.76733398
6.07421875
1.52294423
3.74870124
7.93685062
0.73960342
0.92543564
0.95605469
3.61555907
0.20450929
3.63037109
6.09375000
0.62451172
5.41406250
8.07063719
2.87662843
9.16113032
0.94336187
1.16937608
0.33813165
3.33374335
3.52408190
8.55208998
10.02766844
12.17187500
12.45312500
8.52701906
1.02539062
2.69921875
9.19302970
15.04718972
11.06446808
10.93391844
3.25203367
3.92513187
13.14843750
6.59375000
6.92097961
0.19559754
7.79329344
3.21305422
1.76953125
5.75423094
8.07389406
3.61718750
32.54034631
14.32228058
6.28060062
3.27474124
10.18391844
5.63460328
0.32430055
5.28125000
0.64925047
20.34537843
1.83886719
2.37695312
8.61360594
7.19531250
11.99527704
0.35156624
8.34798094
9.05696532
2.62435062
2.82226562
6.58658688
3.42936281
9.14062500
4.73405031
4.47265625
7.12141844
1.37972047
2.62874390
6.27734375
4.03775876
17.22980940
7.90430186
10.42480718
9.03382758
11.22756648
6.37320922
2.26936890
0.69710203
18.32975343
5.53515625
6.59765625
8.00390625
5.25000000
2.44531250
6.13671875
5.85188719
8.90201906
6.36848626
3.43229499
3.91992188
5.80859375
0.01832581
17.29524657
7.80370845
10.69108156
13.51292177
1.94596686
4.18750000
6.50813719
3.20865968
1.58422852
7.98437500
1.46838348
0.28186066
7.55859375
2.06250000
16.03326270
5.74936059
2.47460938
9.88182846
2.44043716
8.27343750
8.40625000
0.03696167
4.62589539
0.94824219
9.29687500
0.09930420
2.27539062
0.41772461
14.35937500
1.12597656
8.28125000
9.94627806
1.18815187
7.33235594
10.69889406
14.66406250
4.42578125
10.80226135
13.85937500
21.78971188
