0.38321587
4.63664007
7.26562500
15.97117952
0.90332031
7.19563719
3.86686281
4.37500000
13.76204344
1.21061281
11.41845080
5.22998670
8.04882812
7.35286126
3.30534186
9.68033688
2.71028812
10.64062500
3.57226562
13.42187500
11.92544659
2.91830341
13.90754876
8.56190982
4.79687500
1.89355469
9.41730940
8.98112810
20.62109375
3.67219969
4.35253657
3.10807126
3.55273936
2.14029782
1.72591312
6.50390625
2.66601562
8.67317376
4.49479499
1.11621094
4.84439689
4.56868905
1.53189938
13.54622562
0.95019531
1.91210938
8.38769282
3.31054688
4.14355718
9.50000000
1.89648438
14.50779256
9.42612588
16.29459220
4.42383311
6.05859375
11.67740470
0.38321587
9.23039007
19.41764406
3.76953125
8.92968750
13.62923094
5.74186281
9.93456782
4.10449468
11.46516844
1.32780031
15.61360594
18.44921875
10.77473626
9.23665780
7.61328125
7.27146942
7.85353058
5.66015625
4.81250000
5.52734375
2.48274657
6.51562500
0.06669191
9.85579344
14.56558954
0.62158577
14.93750000
5.21907469
5.16764406
6.75846188
15.09928468
9.30045656
1.18847656
20.08593589
5.85416999
16.11686281
7.08203125
5.06673094
7.46272828
1.18440797
20.86425532
13.37792720
7.67513187
6.25943595
15.13574468
1.86165780
9.52701906
1.60449219
11.19954344
1.61979250
0.52294922
6.82844969
6.12467531
3.83789062
4.97656250
13.51334220
1.15853280
19.17447501
0.58609486
12.00244016
2.36654310
16.23242188
15.95214096
4.52439662
2.45510305
6.05859375
6.06835938
14.95995346
6.56348404
2.74218750
4.75390625
11.37500000
4.44693595
5.70150155
12.73240692
2.84181183
7.57844969
0.53239015
10.15298316
0.66732934
7.72656250
6.47656250
6.36262190
4.87989029
6.16959718
7.31640625
0.78271484
1.75130125
1.60449219
2.64030031
8.36360594
6.69921875
8.55826906
1.04296875
11.56250000
2.03320312
4.98046875
7.47867797
0.30550172
7.29979721
2.49317154
9.63638658
7.40365248
5.94726562
2.81070922
0.40437867
11.81250000
9.92610594
2.18522218
7.16861813
5.90169437
1.53408813
11.56250000
5.80859375
8.70735594
16.08202627
14.93521720
6.04525155
5.83984375
3.24023438
6.36328125
12.25781250
7.02343750
4.12141844
2.52897218
14.36718750
5.10156250
15.05891844
13.52823727
4.07324468
2.13476562
8.58007812
2.74218750
7.92187500
4.20703125
9.30110594
4.37467531
11.53125000
6.39062500
3.75618407
19.71549313
10.83886968
2.96093750
3.80078125
9.80696532
10.45670656
18.94140625
14.64192376
15.80891844
4.04166999
7.81250000
3.98795656
7.80501219
1.20339283
5.28163405
3.72851562
5.10969969
6.61686281
13.15038564
5.30273936
2.95507812
5.41406250
19.93554189
3.14648936
1.86230469
13.63964096
5.11817154
2.11328125
7.18359375
3.71712157
6.32780031
17.02896720
3.40657967
15.57942127
2.46093750
13.28026596
15.64062500
3.48535904
6.84798094
1.79069093
2.64648438
6.61165032
4.73307624
1.07324219
17.64062500
12.54475579
7.24088874
5.78906250
11.31282469
2.50553468
3.36132812
8.16048094
1.96061281
15.61219788
0.03900146
13.34537345
6.20573249
1.99576906
14.81982422
9.37141844
1.58365968
7.39257812
6.14094969
3.64030031
13.51334220
2.75228280
1.02425047
2.19726562
5.01139406
8.24218750
9.47656250
1.21866197
8.02083998
3.65820312
5.63281250
5.27343750
0.81201172
7.11393063
10.05794437
5.07812500
5.83984375
7.57844969
5.83170656
4.22298094
2.84342531
1.84960938
11.35579344
6.26627438
18.18041992
0.88867437
5.62694814
0.15779477
14.14754211
11.30826906
11.25488032
7.81120124
4.58656694
7.12437056
0.34838867
5.95538786
3.87273714
15.38605940
21.72526872
7.15657469
12.46875000
7.76530031
1.77050781
18.04483542
5.26432624
9.21516844
5.51530031
2.50211547
1.03304078
7.78645501
3.58691655
6.08235594
1.57747562
4.09765625
3.04329344
2.07584718
14.89542477
0.36214359
14.55891844
0.58317140
11.31673094
6.27734375
7.85156250
17.58170656
9.00781250
3.36523438
9.49771720
7.97103280
7.53515625
13.30110594
4.95670656
2.61718750
16.03026596
14.34603280
6.02604499
6.83984375
14.82942376
2.53581061
8.08039783
4.77116467
7.23436503
11.83204122
2.08398438
7.97037345
13.01432126
11.53268726
10.23013908
2.51465093
5.11263187
4.27701408
4.45247562
13.45532182
2.27426418
5.91829344
11.51139406
20.82031250
4.55501219
11.41764406
2.66210938
13.09700189
11.32682624
1.65136719
14.02294548
0.79639046
1.22265625
12.35579344
8.21191157
4.90104499
12.15266844
13.35241201
4.94336436
6.64420656
3.78157469
13.34049064
3.67773936
6.79524657
4.27343750
7.07812500
6.51608518
3.51171875
2.72265625
28.32519282
6.38574468
3.90462157
4.53873781
3.31640625
7.14453125
8.01757812
7.52766844
10.46158688
6.15983156
3.02278812
3.50781250
4.42186503
4.12891622
13.85579344
4.87467531
15.96329586
7.58723626
3.02572030
21.60221188
0.11271055
10.85424867
2.43798704
5.40201906
7.44498781
6.26171875
2.55078125
2.75195312
7.51774047
0.15254762
9.17968750
7.07812500
2.92968750
3.72851562
9.08593750
0.96728516
8.37320922
0.14274047
10.52343750
6.96614251
16.89550532
13.81836436
8.32747562
11.76562500
3.57031250
9.51562500
2.73828125
0.02380371
4.44173094
10.84500364
6.76399158
4.04460217
11.31379876
4.17057624
7.68750000
7.67642066
12.81576684
12.37391281
6.54296377
6.56055186
3.06250000
8.52766844
5.98405031
11.50410866
2.02328512
7.69889406
13.55110594
6.91406250
9.88281250
5.68912843
13.20735594
8.87923094
11.02278812
19.03742908
11.35742686
5.50390625
14.34081782
0.45084220
4.81868905
2.71679688
17.70761959
13.90560062
2.81250000
4.46939938
9.48437500
9.76920656
7.25748781
22.84204102
14.35156250
8.86914062
6.20312500
1.62304688
0.15332031
1.69921875
16.24316406
7.20344969
3.39811281
18.11726805
11.01562500
1.82584718
10.49218750
8.19693595
9.27995124
21.38704344
6.34700687
13.56250000
0.75537109
10.86197252
6.67953014
4.37646609
5.68097131
7.05177526
5.72623781
8.07454344
10.03319814
14.85449468
4.27604499
20.36360594
4.29264406
9.78613032
6.18294437
0.87076906
11.47851562
1.18782469
14.15983156
2.01757812
6.59375000
2.47460938
2.76562500
10.61718750
8.53644504
18.68783466
0.72134752
18.21810311
16.01757314
3.79395279
6.15625000
5.39306641
7.71549313
3.19270999
7.18391844
4.65201906
3.79572986
6.58366467
5.12141844
3.06250000
7.56998781
0.56298828
6.18635860
1.74235234
8.51757812
16.99283688
6.88313968
17.11751219
10.50585938
3.58626219
4.65592531
2.32389406
3.16796875
3.54719969
3.40397218
7.38671875
5.36718750
1.50878906
2.83007812
0.10296631
1.36621094
10.87890127
6.23275155
4.61881095
2.76172373
7.29296875
12.48860594
8.68750000
3.80436281
9.46516844
1.54003906
2.15462157
10.18685062
8.64062500
6.79719969
6.92545656
1.34765625
8.82454344
1.69498781
14.67456055
7.08723128
0.49592642
6.27962655
18.28727172
1.43054178
7.30616356
2.79101562
13.11328125
8.49023438
38.12629876
3.35026374
2.68554688
14.42610594
6.92219969
9.39778812
0.08752441
19.23730220
4.92122562
4.90983156
1.74804688
5.48258422
13.49039672
1.64030031
6.50390625
18.09407469
6.63248781
8.31216534
2.70150653
7.02734375
5.18912345
3.16243905
0.95312500
12.48046875
5.74153064
2.97038342
11.12206782
2.90136968
6.81314938
2.01106937
5.29687500
6.75813719
5.15201906
6.22688719
14.13639406
12.44269504
4.19402371
4.25390625
19.17968750
13.54687500
1.65234375
2.70703125
11.66406250
1.28320312
11.29785156
19.38215814
0.24796321
11.94441711
19.23730718
11.16048094
15.70149158
9.32194592
7.15625000
8.41210439
0.64616467
13.66406250
2.05273438
8.33300532
4.28418218
4.23046875
2.00210176
4.29526152
2.54882812
14.02945922
0.28645875
12.67805657
4.94466312
9.05403812
3.78515625
4.36718750
11.11490470
11.74055408
4.93783466
7.94889406
5.87597407
5.11230718
11.13834220
2.47493905
8.77766844
7.12857159
11.12891622
4.10188719
7.78125000
5.09733156
9.17968750
13.09274292
10.24283688
7.67122562
10.36718750
1.60937500
2.90820312
1.65527344
9.45312500
0.62646484
2.22459691
3.02247340
7.21516844
10.27733378
11.18522717
0.94676862
15.74366107
4.02734375
12.16406250
18.51562500
0.81835938
18.23209220
9.56673094
5.16992686
7.28515625
9.66406250
8.73469969
9.32031250
21.45277040
17.08293091
1.22167969
2.91406250
5.38769033
8.52083499
2.87252011
2.08984375
6.47070312
2.12109375
0.05944824
4.61328125
2.43945312
14.66113032
4.26626940
12.88119403
2.08203125
3.34179688
0.04376221
3.43554688
2.17578125
0.01480103
16.44921875
2.30664062
1.99438370
9.65848736
12.12435062
3.02148438
5.85546875
8.25781250
5.72330563
25.61263187
7.23437500
20.80432129
2.00390625
3.88509032
10.44279054
2.59960938
11.60937500
21.83137689
0.15779477
14.04597961
8.46028812
14.44726562
13.21093750
5.22265625
12.11360594
6.00358156
17.38704344
2.06608156
12.77766844
8.78906250
1.60709718
17.29687500
15.13704344
13.99186281
15.17187500
7.19531250
5.76171875
3.23828125
0.20642090
9.43391844
0.84342531
4.58593750
9.59992908
2.40983654
8.87923094
7.31412345
6.49805186
12.61962891
7.15625000
24.07549757
7.76483446
15.95019282
3.88183843
8.98437500
7.60156250
0.15639158
1.34049562
7.60156250
15.29687500
6.39062500
11.28189938
0.39681156
6.17578125
8.78906250
11.37043440
5.05534685
7.84375000
13.72656250
4.17578125
1.93847656
26.14615470
0.96931073
14.97046708
14.47233156
2.15820312
5.87109375
8.25846188
6.42903812
1.45703125
8.20312500
17.01383422
5.59944703
5.45015430
9.52538564
7.74023936
12.63704344
4.78873781
1.67740221
9.57682624
5.94823720
8.01237810
7.84375000
11.09439938
3.05208499
2.94140625
7.62410461
3.77042664
3.10742188
9.05891844
10.55045656
10.77310284
1.75619403
16.60937500
4.75781250
11.63931378
12.51302748
3.31738530
7.82031250
10.38281250
5.99705785
4.97559840
3.12695312
8.67464110
7.20833001
14.23730718
14.46028812
13.01985594
7.20280031
9.65754876
1.90299811
2.91406250
12.67187500
4.51171875
2.55115950
0.87914229
18.87410959
4.26041999
8.93814938
5.63997562
2.77148438
11.29687500
0.16040039
10.75000000
10.98079344
5.92936281
5.06250000
11.35742188
3.57031250
6.52734375
13.08235594
1.15429688
13.10937500
9.97264628
4.03907247
19.37988032
12.40560062
0.38362796
10.12923094
7.68358877
3.94336436
15.20312500
2.32975343
15.72656250
0.07214355
14.50488032
4.21777593
2.62890625
14.61718750
11.73555418
5.47818844
3.53027593
6.97298094
8.21451906
10.35937500
6.31640625
2.46484375
15.23502438
5.77734375
4.98372562
2.53710938
9.78677970
7.52181405
7.75390625
7.45703125
11.11425283
19.13475067
5.48243683
6.98046875
8.66959220
1.33138436
9.62531472
3.94890403
7.98046875
12.47070312
4.26985594
2.59570312
7.05436281
10.85579344
3.24967531
4.83984375
8.72362035
21.69499529
11.61947030
4.39453125
17.76562500
6.04687500
12.53548094
6.40592531
1.35697418
0.02928681
19.21484375
25.49251219
7.89663924
19.58936170
6.10840093
3.59179688
9.59375000
16.36298370
5.49609375
8.80110594
5.00358156
4.50423094
5.27701906
0.18908691
0.98925781
7.63605940
1.23894060
7.95703125
10.32812500
5.30468750
7.32812500
2.87500000
7.66048094
0.53580812
0.02064514
17.69888908
0.22542110
5.46598515
2.20312500
6.89062500
15.10937500
9.23437500
3.95898438
15.57454344
5.39876219
4.06966312
5.87890127
6.54134530
6.90201906
1.15852782
14.65201906
3.64648438
9.39062500
2.82421875
10.91048094
6.20280031
3.14648438
9.16829344
8.22233156
0.28344727
4.35156250
2.26757812
4.89908688
3.20670656
13.89615968
10.59798094
13.33756593
10.03906250
9.05663564
11.84782358
0.31697633
1.34667969
3.77376219
0.18986086
10.59798094
5.11718750
2.38769033
21.71810062
3.61556405
14.51985594
5.33561281
12.22656250
0.91088805
0.17102113
14.45214096
0.60938248
6.46549064
3.19531250
2.83398438
13.30891844
12.01464844
18.28483156
2.00000000
8.60156250
0.22424316
7.56147942
9.34668218
4.38281250
10.89097170
13.34375000
6.48828125
2.16992188
22.63704344
4.94205563
13.89778812
8.06378879
19.82455839
4.56640625
18.07454344
22.28125000
9.47705078
2.46647218
5.71549313
0.38753421
1.99902344
11.84146720
1.27181405
8.53612783
19.12923592
8.13639406
6.15234375
6.77766844
8.41764406
2.59179688
1.48958250
5.98405031
6.76953125
12.01562500
1.14192625
9.61783688
4.74902593
15.53320312
6.78271484
2.01302000
18.91535628
7.81283466
17.88704344
2.18230952
13.41209442
10.18588652
1.40787843
6.93750000
5.96875000
2.22656250
2.60546875
15.42187500
9.75129876
9.20084220
3.62989029
2.11914062
13.54687500
9.44531250
7.07242797
0.11433961
5.71158439
4.12109375
1.98861092
2.73242188
16.92181822
9.33170656
13.62500000
4.51171875
18.15429688
14.70963126
8.53776374
5.25227283
3.23210217
6.53873781
9.30110594
20.45019282
7.56901374
6.11328125
2.28710938
5.88508533
9.65788342
9.94432846
6.66114029
15.24218750
9.69531250
9.70312500
16.26204344
2.08170656
17.55859375
2.78157469
18.94954344
1.67903812
17.91763908
0.13525266
10.76123171
21.48925532
2.49739749
13.50089539
0.05157533
9.32031250
1.61799549
1.25065686
16.89680408
3.01172373
11.79264406
23.41926751
8.93620124
3.25976562
10.75423094
2.82421875
6.35514406
8.06250000
11.29589844
2.92773438
8.79687500
2.79492188
3.46289062
4.31250000
0.24633789
13.27766844
12.78384752
4.44239029
1.42968750
15.69173094
6.02245346
5.32487810
5.21875000
7.76562500
1.74707031
0.74169922
9.96093750
12.34016844
10.31250000
2.50748781
16.28125000
2.25390625
12.40625000
10.59048316
3.70248559
11.56673094
12.07519282
15.68847656
0.42830009
7.77482491
18.52538564
10.71680186
2.59016844
2.89615968
13.14908688
6.35579344
10.16699468
8.57454344
16.83170656
10.08007812
7.15234375
8.39843750
14.82096188
5.46810062
3.75000000
10.55891844
7.30924313
8.12793218
1.77636719
23.11749973
3.91277371
2.04557126
5.42903812
20.08235594
20.08951408
3.93164561
13.54752438
12.47721188
14.67852607
2.89876219
3.91764406
12.73437500
2.89062500
18.03287345
6.35807624
8.40201906
6.58723626
7.33691157
1.54264904
9.04329344
2.31998781
10.69661126
1.07877936
1.02246094
15.41601064
12.81087157
0.11271055
5.05916445
15.75781250
5.54296875
9.33593750
2.10742188
0.69970703
11.55240470
11.86653812
9.67480718
6.86783688
7.70408910
12.52182402
6.33593750
9.25423094
4.19889406
3.70507812
16.30891844
5.07780031
15.64550532
6.67090093
6.59472407
1.08235843
6.99186281
11.65266844
3.43522218
17.35221188
22.00358156
3.16959718
3.19726562
16.65266844
17.43912843
8.67968750
1.42187500
8.64062500
9.84863032
10.62923094
4.46745124
7.96484375
6.82844969
4.27311281
0.93603516
13.40266844
10.62858156
12.83593750
9.76090204
0.32112921
4.87010971
13.24348626
11.48795656
4.16308843
4.27343750
14.80533688
4.80794437
4.77343750
16.40625000
3.16992188
13.78091534
1.76595966
7.28515625
7.58984375
0.79394531
6.38377660
1.72364527
3.92773438
3.39062500
6.93359375
2.20572751
5.37076906
5.96061281
2.31054688
7.81217033
5.74121343
4.96028812
11.03125000
5.02083001
4.81901374
8.68750000
6.45735594
9.83593750
3.00748781
0.82714844
14.21093750
13.99641844
15.55468750
0.73942140
1.23832703
1.05673321
7.84831560
16.78483156
8.77443600
5.66796875
5.90234375
5.70703125
2.48046875
16.59179189
0.11271055
15.70564882
9.95312500
1.75000000
8.67968750
19.43567408
13.12793218
6.85839096
4.02832779
4.86718750
8.38281250
5.16406250
20.35937500
0.07727051
8.02050532
7.85774158
4.44206560
2.22265625
11.31250000
7.16796875
11.55598626
2.49284186
5.00000000
7.03125000
12.23111564
13.39078236
22.44353169
8.06250000
5.25000000
16.98437500
2.33789062
9.66406250
14.34798094
5.57389406
14.08820285
3.61589871
3.01757812
3.88867188
5.51627438
1.02669437
3.77929688
2.26757812
9.55468750
9.03125000
8.18750000
15.46288564
3.18945811
10.41373033
0.58609486
10.44938608
12.05110594
6.53060062
1.57519531
9.92610594
5.67155031
2.01171875
3.23437500
18.26562500
15.56673094
7.85546875
4.31998781
12.23079344
8.76139406
13.05012190
6.06315935
1.07324219
9.71841534
7.75814716
0.93408203
11.36718750
5.31250000
12.28906250
3.45117188
16.21093750
8.41829344
6.04882314
17.14828014
1.72347047
11.28906250
0.85400391
7.46875000
0.32006836
4.90234375
9.92317376
4.65495124
2.06054688
4.95703125
0.72607422
6.83984375
24.74724579
13.66406250
8.46289062
25.56314938
3.82372175
0.29304743
14.93742132
2.22070312
7.77734375
1.57552000
9.19889406
0.81347656
1.85253906
8.85156250
6.19531250
17.34375000
7.76041501
6.04622562
5.71484375
21.88508533
3.31413342
8.10855829
5.58496343
1.93343140
9.79101562
13.84016844
6.14420656
10.79329344
9.82031250
5.05663564
3.91960217
3.16796875
8.32779034
12.51041002
2.17156526
10.68750000
4.25781250
5.68782469
6.82389406
10.32812500
6.70735594
8.51920656
13.21875000
12.63704344
7.27701906
3.55370595
5.05729499
4.15038564
32.37215834
5.54687500
2.24625236
0.72134752
12.05632092
5.17936281
15.07031250
5.14062500
8.82812500
3.10546875
6.92219969
14.31608156
13.56997784
10.14095966
12.46875000
0.81201172
6.42968750
8.61718750
11.46516844
4.52701906
17.15429189
10.68652842
6.99218750
9.32946777
6.16471188
2.72200687
7.35969969
1.11425781
15.71939938
6.86263187
3.71647218
9.92187500
5.13281250
2.86328125
5.41796875
6.03189938
1.03450687
9.82031250
9.51985594
1.25846437
4.77700909
4.59408466
10.92968750
9.21875000
3.28320312
4.96907469
10.12500000
2.13248781
6.27050034
0.11271055
11.27791445
14.87923094
9.04687500
15.76627438
4.88379155
11.21093750
15.78906250
8.63704344
10.04036126
0.54329842
16.60579344
0.63102297
3.77539062
3.30574524
0.01911438
11.42968750
8.07812500
4.57031250
11.64453125
1.23144531
13.92772939
8.79036126
1.86394060
8.35156250
3.76805021
10.41359042
14.39453125
2.18001219
3.66373781
9.75781250
7.33626219
6.28873781
3.89191878
4.78190935
11.96093750
8.31314938
2.13216312
11.36002438
13.39093972
3.99122340
21.21646720
5.66243905
14.00911126
6.43391844
15.53498892
7.19287234
5.95215093
4.01920656
5.73437500
9.22298094
5.74186281
3.91601562
7.23079344
15.19531250
2.83414797
5.21093750
13.58235594
9.81022218
8.25781250
7.34765625
10.45019282
9.14355718
20.35286126
4.34668218
3.69042720
6.89843750
13.30761968
9.15201906
12.10286126
2.40104499
1.09082031
2.54914285
4.30860372
8.55826906
13.13346188
-0.10007565
4.54687500
10.75911126
4.12793218
10.42856923
0.05746460
8.07031250
6.61750222
9.32781028
1.49511719
5.98729721
0.46387466
2.02200919
0.11271055
14.44018617
2.49983765
10.92610594
1.95117188
10.03483156
7.39843750
5.41991689
3.91602061
10.07812500
16.02766844
9.73632314
16.50586436
2.80273438
3.49186281
14.94531250
14.68895612
1.92790170
4.10775155
0.84326172
6.94140625
3.66113281
5.76562500
4.98828125
4.26562500
4.80891844
5.43326906
3.68359375
17.92415282
0.57731203
9.26366689
9.35742686
11.53906250
17.26204344
8.26920656
10.05468750
8.00000000
8.76562500
0.60839844
3.99804688
1.38183594
14.81867908
4.08527815
13.91374778
0.36067376
8.98307624
19.19954344
12.80631593
20.12759752
4.47396498
7.90625000
6.06282469
1.29850343
4.80501219
6.93131095
1.31445811
1.04589844
2.95116191
22.20666668
5.71912454
4.52408688
13.55110594
0.37256109
18.74803192
3.87306183
18.59700189
6.60416999
22.69482173
15.05468999
2.83203125
11.44531250
21.05501219
10.78906250
11.52050532
6.51074468
4.56608156
3.63867188
16.17382314
2.70508311
3.46875000
0.45605469
0.09306952
3.26334718
2.59375000
8.38605940
2.46354997
15.92577627
0.11271055
14.69588320
4.61718750
20.60351562
9.89485594
5.49609375
2.67740968
0.67382812
7.17968750
9.91796875
15.01269282
7.78418218
7.38345191
8.82781028
11.23437500
6.23405031
13.79866453
10.47004876
7.63801751
7.95540780
7.95963874
6.25000000
16.09407469
10.65983156
2.18359375
9.08235594
4.41047097
3.82748559
1.77050781
11.64257812
3.54101562
5.17968750
2.45703125
4.66796875
12.78189938
5.55403812
10.58593750
10.68801880
7.76660156
0.87597656
4.53515625
15.46875000
10.57779533
0.60863697
18.90698803
10.64843750
5.21679189
4.27148936
5.45377438
10.25682348
2.42026152
9.84798094
17.81232270
3.49985261
2.62500000
11.19954344
2.41373781
2.76171875
0.15844727
11.30273438
8.19531250
6.80891844
10.39859486
0.34424451
16.50732422
6.20019282
11.23436005
2.95411901
10.29752438
16.95149906
8.11360594
9.12076906
0.36010742
3.75641076
8.18816932
19.26723848
10.46176418
0.77343875
2.95312500
10.24283688
6.44856937
7.72656250
15.70312500
7.30044908
0.11271055
17.25870789
7.12467531
2.42968750
14.19954344
10.35514406
0.88395016
0.70394046
8.75000000
3.09960938
29.59407469
17.98014406
13.57812500
0.68261719
9.53125000
5.94531250
4.39453125
0.03491211
13.07812500
8.66112035
2.14747340
6.03515625
11.28319814
12.36165780
15.77440908
5.21028812
3.46322030
4.51562500
4.92578125
10.47298094
14.60514406
0.83837891
2.98632812
16.37336658
4.34928967
10.51692376
8.43229499
14.46093750
10.04101064
10.57226064
15.84473155
0.76643174
15.07796764
6.86263187
6.29296875
6.90234375
0.03079224
18.68750000
8.03906250
13.40168440
8.54606826
3.29443484
9.28808594
9.20312500
11.75423094
4.76741578
0.62044312
17.20735594
8.51627438
2.06347905
3.98632812
11.66536126
1.84049811
8.64973626
23.29654034
16.53451684
3.78092531
7.53320312
3.48632812
8.73079344
4.38475566
7.13249778
15.18391844
7.12467531
7.01562500
4.55078125
3.41992188
2.18814440
10.81771498
1.10058594
4.66763658
0.63117908
17.10351064
9.70769060
14.30045656
3.38216312
15.46060284
5.10580341
19.73990470
3.04362311
3.07780031
15.33618177
2.10744511
3.34765625
12.90787345
7.63509530
3.54492188
8.59375000
0.04516602
14.18944814
2.06641123
3.76953125
18.28742908
10.41634530
5.17122562
16.15625000
1.19986813
1.48665531
9.49836658
3.31022717
15.63281250
15.00000000
3.82031250
7.06182071
3.73505429
6.73437500
3.42382812
0.01823425
0.76692625
11.21972407
0.42830009
6.65079898
5.63965093
11.38704344
6.17578125
2.17740968
9.51562500
3.87662345
5.47103280
16.05077128
19.24252216
14.23795656
6.68749003
19.41439716
3.94498781
8.84375000
0.87646484
8.52766595
4.52050532
2.66764904
10.16406250
4.92968750
6.19921875
0.08081055
18.96695922
11.56494016
16.30403812
12.41048094
5.31217531
3.88931129
2.92904809
8.34260860
0.13444218
6.63671875
6.50976562
2.95117188
13.13281250
6.29296875
1.58398438
14.50259752
4.75390625
5.06282469
6.22623781
13.97656250
4.91015625
6.34375000
3.16992188
9.40625000
1.18066406
8.67968750
3.39843750
2.56250000
2.78320312
9.60156250
5.41113032
10.44043218
15.17968750
3.57291501
14.19856937
2.80664062
6.29296875
13.43814938
4.96419437
10.02148438
10.47656250
11.55533688
15.77083499
15.57454344
3.34537843
11.46875000
18.08984375
10.48079344
3.25731923
4.94694592
3.25390625
6.80078125
17.49218750
11.44954344
5.29708341
6.00781250
8.28450189
0.45084220
5.64290780
9.89973626
4.48698249
8.46695922
0.02705933
2.18750000
15.80761719
0.38696465
9.20963874
0.24096680
8.77766844
7.93554189
9.74382092
0.05172729
5.57812500
9.66406250
2.70117188
2.38085938
5.19563719
0.48502687
4.80859375
12.82942376
3.66845952
10.70377438
3.75553468
5.28946693
3.40625000
2.90234375
9.08235594
5.29947252
3.08496841
6.67968750
6.15234375
9.38931627
24.61133311
6.48795656
8.27701906
6.16015625
10.75085354
3.37500000
3.96093750
3.62109375
18.18001219
2.71679688
3.85546626
0.51846853
12.95809397
0.91943359
5.50781250
10.12500000
13.63704344
10.33235594
14.66406250
5.86263187
2.82047485
10.56102394
23.30956782
9.64682402
2.20149657
3.81217531
12.89942257
7.53873781
3.15592531
4.81899380
5.96225620
6.08203125
4.39549535
7.57716090
8.26562500
5.89485594
17.99446282
3.27376717
14.91177970
2.55306405
7.20703125
7.58984375
6.38777586
1.70327987
1.14112200
11.62923094
12.19889406
4.44921875
11.75781250
12.00259752
2.95248060
5.62890625
2.79492188
10.75423094
3.22428468
17.06346909
12.76949512
0.38321587
10.54647163
5.03727172
0.20491578
0.47998047
6.25000000
18.64908688
6.28450687
14.91959220
3.58431405
2.83203125
2.82421875
16.50259752
7.17382812
18.09961436
21.33528812
7.09375000
3.24414062
13.88281250
15.04296875
5.80533688
6.90169437
0.15405273
17.01204344
16.86945036
7.38542248
8.25749778
18.90625000
20.60677104
7.55079122
10.40103502
18.93451338
6.42578125
0.02546692
8.79329344
11.39078361
2.09570811
4.78515625
5.02929688
13.51562500
9.80240470
5.88900155
9.89062500
3.37304688
12.06444019
4.81153590
14.61425283
10.85107048
12.70133422
6.26009530
6.08203125
4.06640625
22.85579344
6.91373781
10.00194565
14.20410904
3.66601562
10.42968750
6.00781250
5.05468750
8.21093750
3.24609375
7.29329344
4.81250000
18.40625000
18.78125000
10.44531250
9.76920656
16.59863032
2.59277593
2.43945312
8.65331782
14.64290282
5.99076667
14.40103502
11.38021498
6.06250000
6.06314938
4.58528812
4.59375000
1.04199219
2.51463598
3.40528590
2.78906250
9.30468750
4.65657469
2.65299313
7.16699468
16.71516844
0.02323488
14.02343750
9.51562500
8.57031250
5.32421875
5.56640127
0.11271055
7.56307070
5.43391844
3.26530031
8.30468750
1.71907469
2.88053468
9.93750000
1.98925781
6.17789672
0.17024781
6.77343750
4.78676973
4.73276152
3.99609375
10.68750000
8.80468750
10.43814938
2.38997562
10.57812500
9.45914672
0.10140015
2.01953125
11.56250000
4.28515625
9.95133422
0.05916383
1.66796875
14.58788564
5.73242686
2.97070312
5.62500000
4.57486813
-0.03763668
1.55273438
9.99283688
8.47786624
5.94140625
4.83984375
9.85579344
5.77734375
9.36295656
6.05793440
3.90690935
9.25682846
1.23340591
11.66536126
0.40575798
10.19401374
11.46304300
13.07781028
4.46093750
10.63948360
0.12174687
5.05468750
7.42187500
0.18737793
12.14387190
0.40690935
2.78906250
4.48534907
0.10425054
6.97265625
2.31883519
1.06381371
5.31183567
2.40268339
3.40184799
9.96192154
12.14843750
6.98828125
4.71093750
11.32812500
0.26000977
37.45475094
6.98632314
10.25944592
8.26920656
8.66471188
15.60872562
2.53515625
8.25000000
17.53205674
2.05778701
10.11098848
4.97494902
12.17431516
0.05737429
3.56672596
14.11882092
2.81835938
7.80354610
2.26286015
4.52343750
0.18725586
5.07225815
0.22542110
14.65998892
7.82949580
7.67220966
0.00326538
2.31250000
15.36949921
8.60066711
0.08567322
9.89257812
3.34732658
3.85775155
0.68652344
3.98730469
15.55110594
9.67968750
11.00194814
10.02507092
13.11914062
16.82117092
0.87455783
6.39811281
7.02343750
6.33268063
3.51122548
3.00326185
10.60156250
2.33789062
0.57893797
9.84851984
9.85949707
5.04687500
3.71679688
8.75781250
1.47268339
1.25065187
12.97574828
1.78792359
10.57812500
11.55728502
4.09115248
3.76367188
7.71875000
0.04672241
12.60937500
0.75097656
3.81282469
3.96288564
2.75781250
6.91015625
6.58235594
8.42968750
12.61002438
3.68294437
5.69173094
7.27864749
10.14843750
3.24414062
5.73828125
3.22656250
9.91406250
1.38378906
11.62923094
4.78385001
3.74414561
7.56282469
4.73014406
10.71093750
1.01660156
14.68442374
13.56478280
6.97656250
1.09338379
6.93098626
9.84245124
0.02261353
6.48079344
11.17870346
9.85433732
1.40901734
11.16437722
4.96062278
6.17187500
18.78906250
2.93603516
2.81835938
4.87890625
15.04817376
17.39420656
4.88736813
8.01009530
8.40266844
8.80647828
0.11446168
1.30786071
2.79174867
26.67708001
0.22542110
5.88818484
2.21451906
5.46875000
0.31121826
16.05891844
11.39843750
8.69108156
11.94531250
7.83984375
0.73828125
2.08007812
0.09204102
8.53548094
13.87141844
4.10481937
7.95312500
0.05328369
8.89843750
1.14843750
3.45800283
20.25228280
8.94108156
0.73632812
7.36002438
5.76139406
7.60123781
14.11425532
7.94140625
5.48340093
7.80078125
0.85709594
0.03005006
1.18847656
5.37921599
6.08758089
3.41992188
7.83364473
3.11166777
0.23681641
1.80371094
0.00062561
2.46484375
0.07657836
0.26961305
1.71116918
5.15528590
2.96679688
3.80078125
2.66836900
0.22542110
14.15299687
11.94954344
3.15592531
14.39127438
3.37239749
2.16015625
10.14843750
0.23999023
0.58447266
10.46288564
8.12305186
2.76562500
7.55859375
0.00489044
17.80826408
17.28483156
2.03971686
13.41406250
8.10758422
2.40999390
11.12141844
2.40787843
8.94531250
5.48958001
1.54166999
0.33227539
3.66699219
1.95800781
16.84375000
7.58984375
9.49218750
3.76953125
12.03548094
9.42545656
8.71516844
12.68326906
13.61783688
10.74544437
6.74609375
1.58398438
7.17578125
9.97298094
5.88248781
8.96093750
3.10156250
6.13671875
3.94140625
10.78906250
2.45117188
12.60741689
0.11271055
3.57088320
7.90234375
7.96484375
4.06250000
8.08593750
6.32420878
5.39454122
1.43847656
8.22298094
4.63248781
9.08886719
6.94954344
3.23795656
13.74218750
10.22101286
9.93588652
9.56185062
12.67089096
0.79883560
4.13574219
2.75195312
14.15625000
3.40625000
3.94531250
4.62500000
1.36262938
6.67935284
2.19141622
6.55304411
2.11297151
9.39485594
1.82291750
7.50846188
3.80989749
14.86783688
8.27278812
15.92187500
6.48046875
3.30273438
2.62695312
11.87207031
4.98437500
7.35546875
12.50000000
8.06965315
2.18620622
4.41406250
9.48079344
2.58170656
1.69335938
9.01204344
5.65364251
0.31558954
12.50308954
7.65788342
2.99218750
10.18391844
3.44791750
0.19213867
17.28125000
5.85156250
4.44531250
3.69726562
11.05468750
0.95947266
4.74218750
4.54687500
8.14062500
7.20343972
8.31999778
15.93750000
8.92968750
12.43017578
1.79199219
0.00793457
10.18325909
4.56283466
12.22329566
11.52670434
13.86425532
5.86653812
15.86897828
0.64876344
9.34016844
1.27604250
11.32877438
2.69856937
3.55664062
10.83593750
8.69775266
0.37988406
0.86572266
5.67968750
6.05859375
0.01233673
15.14485594
11.87076906
5.02147939
2.13867686
3.16796875
14.94921875
2.11328125
10.84260860
3.17256870
0.13997406
18.24804189
12.98274158
4.04102061
2.60709718
10.29036126
2.70801030
0.32731203
7.45703125
5.08805297
0.04854371
6.61914062
7.23437500
4.49478502
5.55143561
4.21414962
2.59765625
8.89908688
1.78060062
3.21875000
7.66406250
8.11034907
0.46142827
8.94888409
1.54330341
3.49510473
2.53614527
6.32421875
9.27929688
3.54101562
3.35286126
4.68261968
4.56998781
4.06640127
16.94596188
2.88021498
3.06835938
18.02766844
4.18717531
11.78125000
5.44531250
1.82910156
0.01942444
7.45116689
3.98633311
1.81933594
5.04133035
5.24219747
5.24576906
14.63281250
5.33203125
2.23242188
0.00854492
4.82323471
1.67871841
4.38866689
0.11271055
5.77823914
0.94205812
0.13452148
10.10156250
1.89062500
12.02343750
5.53515625
6.89843750
7.92773438
13.72656250
5.73437500
9.88769282
3.08333499
12.72233156
10.96093750
0.30175781
4.23046875
10.52343750
1.13834469
1.48502687
12.73437251
5.31120124
6.80078125
6.27343750
1.93554688
15.14843750
4.98860594
7.42740968
2.98665282
10.51920656
10.21875000
2.55338376
7.08333001
5.02213874
11.93488254
8.10743683
6.35449219
11.89062500
3.17251940
3.88802748
8.94531250
8.00781250
1.91210938
2.10969969
3.28784242
0.12967957
6.22851562
6.10937500
0.79736328
7.97265625
7.55859375
3.41210938
13.00438830
5.51904920
1.76480704
0.33813165
3.33374335
3.52408190
8.55208998
10.02766844
12.17187500
12.45312500
8.52701906
1.04492188
1.87988281
7.95833001
15.44204566
11.39259308
8.91829344
3.24022939
4.40788342
19.20556641
9.66829344
7.01530031
0.20336914
7.21484375
7.88281250
4.60188719
8.89062500
11.83593750
3.54459718
34.79685506
13.86362588
6.22265127
3.18327404
8.17610594
4.67936281
0.46923828
5.55078125
5.36360594
22.94889406
2.48046875
2.39843750
6.56673094
5.35514406
12.10400266
0.23779421
13.40266844
16.80435783
3.65039561
9.23860594
9.32454344
4.53060062
8.96875000
4.42187500
3.98632812
7.48828125
2.35953735
3.62093140
8.52343750
5.39875721
17.22980940
7.90430186
10.34245124
9.12399602
11.22756648
6.40836547
2.01936890
0.97232907
22.38997562
5.72656250
7.00000000
11.28515625
6.77766844
3.46647218
7.16829344
5.49218750
8.58951906
7.21256095
4.06510749
5.71842531
5.42578125
0.20178223
20.65266844
13.48990470
11.94710328
22.69108281
2.79590093
4.96093750
7.62500000
6.41438719
2.48600343
7.38736813
3.72021609
0.22249390
7.39843750
1.87500000
17.84047216
5.72169215
2.59375000
10.79394282
4.53808843
13.14876219
12.51985594
9.83439273
5.15323914
3.99055907
9.27701906
0.07336426
3.71679688
0.48999023
15.15625000
1.56835938
10.34798094
9.27705809
0.85188968
6.17610594
9.97233156
15.82812500
4.69921875
10.95894285
15.20475343
19.87206782
