0.11271055
18.62557070
18.13704344
22.00162843
9.96875000
2.66210938
7.12500000
1.80936676
3.35668883
1.44266816
0.68253601
10.38346188
3.12239749
8.54638298
8.84424202
0.22167969
3.30273438
0.02050781
19.87321854
2.59932403
8.21004211
11.02795379
0.69930117
19.14697141
16.44071130
9.57003213
0.20202637
1.14408356
2.84676086
13.91752106
3.05452515
7.95267731
4.79687500
5.38704344
0.75524933
1.57377106
0.37227449
6.13582336
10.43404144
2.85449219
6.26082336
5.99698914
14.84285461
2.61657746
13.43196532
3.94498781
2.42382812
0.68017578
5.09842864
2.37618074
2.67578125
4.47135001
3.34798592
16.05802305
10.48500154
24.46777344
2.25826019
0.87255859
6.33850067
0.08886750
3.37890625
18.88012633
8.95149158
9.02933622
5.13424423
1.97257508
7.28727172
5.28169769
5.72778258
2.07584718
3.76411957
2.43183234
7.23418328
12.71439606
4.25780752
0.31832377
23.67631012
6.67185506
0.30666056
9.09196472
11.74373227
13.33462129
12.72775819
9.40692902
0.65042740
8.78291778
5.56551086
1.10612062
6.64440825
0.66813234
2.24234985
6.41361481
4.78002992
8.93033688
2.55855441
8.05402815
2.05473681
7.02640404
6.18230563
1.33744542
2.74308289
12.74657580
4.43132092
0.22351105
0.86568207
13.05228668
6.56933594
1.46846194
3.24878740
8.56933594
7.46830231
8.21158563
9.55777704
13.81917110
8.31092087
0.12094054
13.55045656
7.08939606
4.74910461
8.94605811
6.65144836
5.07902039
2.01757812
9.70568817
8.21618683
16.66918883
0.21655336
0.33232706
3.91142065
2.01367188
6.69461880
1.24385777
10.26908356
14.49172984
0.23430380
13.41276000
1.95800781
10.20359833
5.67232269
1.61576324
0.04826874
5.24218750
4.40287013
0.69478612
0.76708984
10.57031250
2.34869385
8.48437500
4.31250000
3.21875000
12.38671252
8.96436170
10.16730940
3.08590314
9.02803745
2.56009918
0.31026215
8.00691711
0.23946137
4.18526153
1.23954316
2.46138519
3.39274047
1.02132203
1.19921875
3.00141808
10.85803565
7.73738586
5.77478058
1.07092254
13.86283356
5.22009308
11.73632314
11.03023161
3.60108045
16.22823028
1.93290254
19.30997119
6.72648694
12.58727809
21.15078901
0.67786735
25.89847809
2.17622894
11.44331007
3.25021165
0.72971027
6.91313275
4.91752106
13.23058179
20.66394946
0.26704926
8.40039062
3.98787290
2.02339816
1.97115082
4.90586196
0.00680054
1.12890625
8.66589262
10.98620637
4.51786347
10.23604278
7.18583222
3.07008881
5.48347961
11.03470856
17.41246344
4.19723625
6.61429964
10.42097961
1.30948914
1.35449219
6.51301751
7.37760749
7.46830231
16.49173981
1.62162262
2.10111481
2.02913453
0.91841395
0.52693913
0.90181488
17.71600954
7.16451019
3.20842863
3.87198914
2.23978668
5.30859375
0.47485352
1.59472656
0.54439301
4.36975067
0.14347351
0.42867035
10.43872008
5.94404810
3.04122229
2.18688996
6.44787567
2.49983765
0.96728516
9.41406250
4.69905142
5.19038786
3.60352061
3.33142121
6.91105164
2.45792664
1.64257812
13.38627106
1.80443651
4.85421431
1.37455231
12.29854278
1.70727477
9.83695589
8.54303746
9.41732934
1.04646914
7.58459442
3.04793274
5.90502992
0.91947418
1.86275238
1.18457031
0.06098419
3.97896332
2.54492188
7.72464872
6.21675753
4.24609375
0.65462157
5.94063386
0.85396332
2.26953125
3.89213043
2.14497894
8.88898161
6.17586990
0.31112505
0.90734739
8.72668550
1.31925476
5.78426086
5.58683289
3.35546875
1.00533051
6.26127106
5.11315825
6.27746675
17.37654477
0.29187167
2.58398438
1.26615387
14.84619016
2.81246066
1.23730469
8.88883422
0.36165406
2.82031250
11.85925200
0.82047609
0.94331879
11.03637633
11.57092254
3.98014406
6.01171875
3.39257812
0.48701996
1.03474291
11.80005319
1.89717808
14.08670989
3.34147218
0.99275446
4.55070257
11.49385528
1.18684439
0.95943705
10.67725616
5.29496246
7.86210113
2.64546097
5.21138519
2.37500000
6.19877106
0.01952118
19.26513298
8.21121787
1.85763353
14.04858212
12.99410128
1.05009004
8.92826324
1.44824219
9.64667511
2.91060394
11.84720856
2.79296875
3.11568207
9.71350067
5.78714747
10.72643950
2.12789284
0.22114563
6.97867797
7.69921875
18.32991578
0.79101562
5.32812500
2.54447418
8.71004211
12.14102837
11.49703346
1.13337697
4.54537455
1.61470551
4.18652344
6.47656250
2.03320312
4.73046875
6.00781250
16.24479001
12.55904269
2.68859894
5.24218750
5.51541335
1.79708665
6.67968750
0.66943359
12.01127106
2.40730774
0.47546418
7.94486481
3.37935394
5.45658356
0.25699859
0.05253113
0.15543609
4.34126801
1.72558594
6.49609375
9.66931059
5.60123781
6.95308441
17.79687500
4.12109375
7.48213653
5.35380097
3.04296875
6.70658356
0.40572113
0.26826871
6.79008089
6.48828125
4.77343750
5.60546875
2.22090481
4.46541445
2.44063386
5.10449219
7.68314606
2.53365082
9.38191711
1.11466368
9.22208555
3.75414728
4.26156139
0.34545898
0.48999023
3.65722656
8.81196864
19.14933289
11.06876773
3.15009531
1.67741965
10.10681183
3.12154144
3.82506857
4.93542885
5.46362367
5.27644836
5.82902039
2.75602172
5.13069703
3.97043991
0.44701899
2.98100011
10.49039672
0.11470582
6.29732269
13.64062500
1.15234375
11.22220856
2.11283356
8.42968750
16.59785544
3.72347296
2.83439273
8.49218750
3.68208832
7.07071587
5.69010749
9.10505541
2.98373060
1.10546875
16.60042110
6.72876163
12.32310174
15.32623115
0.18481352
2.37076906
10.93306488
14.20570258
0.77236535
7.91239348
1.83744293
2.78092531
11.41483489
1.98600343
0.40185547
2.90042997
10.48974734
0.45723480
0.01977020
1.34232574
1.42103550
3.52772273
1.82849152
9.44185394
7.22611481
1.30904144
4.17097961
5.11027039
5.26908356
6.80448395
6.87019836
0.89831574
1.85103363
14.23514739
19.07299867
2.92984985
2.42801972
7.48278591
2.37124862
0.87350454
4.81222166
23.96160277
2.83264129
4.37076906
8.97313830
2.15621564
8.59443374
4.10734818
2.36088043
2.68493683
6.65669769
18.34764628
6.15516040
12.69738863
0.87068664
1.87544769
7.28560394
7.18359375
0.17834442
0.00881989
1.47806793
3.64290375
16.67443817
4.75195312
2.03230774
11.66585328
0.01353974
1.31213348
16.31970246
1.57963043
28.74023438
17.42617465
3.41757535
23.33226729
7.10523271
2.87341215
5.95536347
6.88505097
1.82910156
1.83886719
18.38020750
12.31559328
5.22656250
0.07457671
4.02958222
10.61234154
5.53832447
0.56950825
0.93554688
31.06485930
11.03548094
1.78617464
1.98331726
10.67622894
0.13940430
2.31490082
5.08146055
0.23006289
1.78125000
13.19006317
13.27604001
8.98913232
12.47550975
19.14532802
4.73072722
5.44612921
0.23815212
9.97680851
3.78710938
8.60847961
11.51448360
2.50012300
6.25626773
1.06205231
9.68404144
0.44689910
1.10948866
0.51319232
1.56107574
2.67773438
0.87398285
9.71785461
10.89908688
1.49438663
0.18310547
7.16406250
4.11014240
0.32003338
0.05111694
6.83593750
0.33846490
0.71138644
2.48779421
13.77433289
2.34269226
9.49617243
11.74166112
0.85445160
6.74458334
2.85653147
1.39009613
9.86181516
3.45804964
1.85005707
7.96305297
8.01652039
6.43745941
6.42488586
0.68103058
3.27148438
11.98144282
2.70756261
2.75826019
5.63740996
2.89208623
7.28064494
3.53906250
6.46919769
7.19051086
1.47922088
2.00005429
2.59810394
2.59179688
7.66015625
0.11275145
3.83170656
0.88525391
0.75634766
0.00543213
9.32377106
0.38838715
0.79443359
0.93298971
3.68509918
8.01602204
2.68509918
8.98437500
2.07092254
0.90181488
0.08673127
3.57633422
0.98054992
2.99715149
2.15157136
2.55708832
8.98002106
4.12935394
5.99173981
2.50206865
3.21810560
13.42728170
4.13086436
0.37129730
2.45624266
3.68780030
10.04048427
0.15608952
12.04022217
5.21752867
4.69486481
5.42411347
4.87634308
2.78515625
8.58593750
4.85355497
0.98095828
1.67622894
9.21439606
0.22228973
7.39241578
10.18705231
14.98124064
2.98984151
11.12231383
2.81278535
8.61104278
3.52567597
0.73209594
0.05863496
4.18476951
2.42268673
2.92184064
5.64355469
6.87064606
2.71138519
4.77689606
0.07033295
0.46240234
8.40838986
0.41147495
0.82710785
3.98376060
18.26122175
5.36918993
3.21289062
12.01460661
3.19482546
10.36527372
7.16695285
5.46484375
12.89550532
3.35014073
0.20568785
5.96752992
5.29341644
2.36132812
5.12410461
0.09507264
9.95646055
15.09728724
1.81539284
16.17899380
2.05883976
2.81054688
1.54243988
12.51269531
11.61644947
14.20988475
1.83142121
19.67606535
4.69454011
1.49458832
14.45578938
6.28326685
1.97645943
12.41841644
16.75211547
4.71663453
0.91784201
1.62366190
1.38920074
1.25976562
1.42871094
13.84195922
7.71439606
0.35498109
7.02148438
5.41804556
1.77572030
8.97399933
11.85502106
5.93313609
8.54387411
2.37410461
2.71228058
4.58203125
5.02152372
10.52032076
0.75931824
7.80680297
17.01362257
0.76648853
4.67533356
4.79137940
7.94095856
2.52583832
2.96093750
6.03714872
15.12935394
7.49910461
1.47402871
3.89311945
1.40633117
3.94531250
10.15189606
7.24328458
1.19600620
8.11684287
4.28122561
1.94824468
7.75256317
16.39038148
14.99857574
2.31595856
12.61795495
4.34245124
7.54496122
14.67378878
0.49727324
0.23417207
9.52766906
4.33584387
7.43987145
3.01875886
2.37740082
3.01021332
5.55513519
0.07177734
2.92242825
2.88669436
7.18562057
2.56437943
1.59057306
8.90405585
3.25435394
11.13491800
3.71574911
0.02048768
18.30321956
6.33281360
10.71875000
11.32442044
1.98026706
2.72717254
5.21272828
5.49629544
20.77182194
15.50394559
20.08272910
1.83382701
1.90527344
8.16048094
0.11991457
9.21750018
1.11215480
8.03058837
1.34802277
2.95943207
4.30122894
9.92968750
14.33850067
0.10758484
11.97310394
1.89363586
15.09285461
16.53230275
2.82886303
20.88686614
14.10776277
0.30737305
19.73460843
16.22656802
1.86238586
5.44274933
5.18570922
4.31807403
3.09057679
5.12711547
4.72489472
7.19095856
0.04233826
4.54596466
4.19382202
14.14452720
16.09216589
1.35693484
2.72701019
9.96785461
4.19051086
8.48527039
3.15368683
3.10546875
10.01985594
0.30391511
1.54439301
15.32409575
20.49218750
5.31864472
8.09720856
3.92020722
1.22806793
6.02363919
14.42935284
4.64857047
0.77339691
10.51562500
6.89062500
10.20210661
12.87154144
2.40653535
11.22643950
2.41597628
1.44026485
0.27453831
0.35302734
3.39257812
4.63627106
3.97896332
17.07649158
7.06022717
0.24442535
10.60156250
1.63326019
20.36584442
9.60168358
6.28550088
4.67187500
13.23921598
33.77595634
8.22538674
9.17789672
13.61731050
1.88903840
15.36271055
7.46146388
0.02934120
36.09000610
4.97745789
2.43794769
9.15865082
2.27734375
1.50057983
10.83158356
3.89062500
18.76773050
1.99984762
11.49654144
2.10412567
22.94373566
15.04415447
2.12732214
18.88627106
7.34810394
14.07377106
6.35156250
8.87410461
22.25475732
19.76037567
1.97013741
2.56852172
6.63313719
7.73929964
6.38326019
4.88281250
8.56250000
3.05423981
5.19921875
23.07023988
2.56209663
14.50589872
8.15029699
5.61244015
4.55948914
16.27017689
5.71423869
26.53193374
7.50367021
18.19726562
5.91796875
7.56250000
5.81404477
3.47802859
3.95943207
3.79919216
13.90659908
5.21762854
0.89441074
1.05371094
10.76383422
2.58333375
5.86718750
18.50687279
15.28527925
10.52412124
14.35608689
8.44441711
4.39632203
21.17008422
13.11116578
8.88411126
2.45963874
4.74323028
14.88167110
4.67587987
12.63577904
9.96924202
17.62141844
9.00781250
8.13293550
4.17968750
0.15698242
14.54329344
2.01472463
2.47669049
5.07857269
6.01953125
0.84867340
6.46333334
9.71244791
15.68969415
15.78361148
2.28690769
3.89213043
7.11193817
4.33056516
6.58919437
0.07468658
2.21898791
4.25586436
2.43790414
3.11145113
9.63627106
7.01216644
1.43457031
2.87064606
16.90189606
0.43599457
3.06587738
9.76127106
17.12500000
4.35156250
8.01863586
7.14111204
2.81742464
14.32120789
0.85294617
0.98685699
8.05484486
2.82841533
3.53906250
14.12064606
0.59370941
0.29227691
14.47985373
13.98649545
0.98494445
2.14436890
6.10892731
6.73046875
24.49731383
6.79520722
3.37003601
1.38964844
13.45704203
10.76531028
2.55939604
3.20898438
6.48286957
11.08332689
1.83590314
3.95840869
12.44584760
2.89062500
1.40116301
6.53006428
5.37824247
4.32678192
17.70056183
3.15669769
9.13821920
10.68119791
6.50007868
3.64099401
10.62089414
3.35933566
15.92218972
8.34239695
2.52056958
2.22265625
4.54508422
1.35644531
5.03259308
2.85575285
12.34696504
4.73962433
5.06166834
6.92856604
1.26550200
1.68005465
7.90234375
0.82080078
8.05891844
3.47476175
2.12800480
14.25781250
2.34916168
6.70747894
19.66752106
11.88191711
1.64392121
1.34863281
1.37269903
16.34880762
2.62105316
24.61901762
1.98840425
2.95629821
6.47143617
2.23152649
2.12890625
5.57624615
8.36694149
8.17993351
0.85078887
0.47782441
3.91947418
5.53906250
1.09305380
0.14913370
3.71036680
3.51750732
2.25930850
9.37935394
2.68286071
0.97782192
1.51412206
13.91107603
9.54595522
9.59541778
1.69087738
0.85091187
5.81205231
1.59908051
10.58569149
0.50415226
2.16601562
6.21459899
8.26936890
10.48453236
17.55532444
5.47656250
0.40405273
3.43945312
3.53812652
4.90035004
1.77246094
4.76082336
15.27053968
21.40959552
7.40144711
6.59574496
3.10298427
6.05115026
0.04496246
0.65531402
4.39933289
2.95507812
0.06402588
2.40625000
4.89160156
13.37064606
0.44116211
7.85233489
2.86934480
15.18013519
11.69877106
1.49654144
1.02050781
2.81200798
2.30578458
3.37830119
3.87215149
0.21714139
2.18583222
2.34676179
16.68648161
17.69726562
11.26636744
0.57357186
5.55814606
13.90912789
13.65764458
7.15673828
8.54511858
4.43925642
5.37154144
13.04296875
10.28027344
14.81250000
0.96809813
11.83170656
1.21252161
13.01631870
7.02657136
9.81839872
2.01408023
9.01630874
6.74527704
2.68523215
1.92427582
7.01549203
1.36146110
2.92138672
1.83158356
2.85396332
9.89920989
5.00268617
4.91015625
4.84810394
0.90030883
14.47773339
13.35502106
1.05769836
11.77087433
4.46830231
8.98872894
0.75439453
10.12410461
10.12027704
4.39855054
4.77458887
10.91406250
1.34908051
8.84798094
15.02391955
3.26481826
0.17895508
4.09228391
0.07214480
1.75097656
7.90836547
5.84944703
3.72176086
8.09016844
8.21952239
1.48079593
6.64408356
10.48420985
3.65572362
10.12845856
1.34517426
0.71728516
7.06672097
4.34689383
3.57076019
6.27644836
0.91975704
14.05045781
11.33494550
8.61039339
5.04386414
4.45446808
7.51953125
10.52689606
0.29252106
11.05537124
0.96416001
6.89152039
0.38590453
4.76155640
3.88476562
0.02572113
5.94966644
0.56982422
8.51672332
6.48181183
0.83544922
9.34525543
5.47265625
6.16015625
10.82638306
2.84179688
2.53515625
5.44229167
9.39229278
11.82512411
0.23954254
1.86124695
5.62372398
9.36244460
3.56333665
3.54943817
5.46366532
8.84129631
8.07377106
11.27164672
4.47136329
9.40726839
2.08894836
9.83345551
8.07812500
7.42232269
4.29296875
0.56465263
0.19922249
4.87890625
2.69425476
5.01171875
3.01879821
3.07690492
12.23156583
7.80053524
10.05598626
1.34896498
6.69531250
6.36930297
9.75419160
16.15571957
4.92378878
4.59720856
1.21492492
16.49007203
1.67089844
13.68635860
12.20747894
6.72334995
0.45410156
2.72656250
0.16469268
0.09196015
0.09112549
2.52151873
3.41793439
5.69006317
7.14347351
5.76838860
6.44791999
2.39107269
9.21040489
7.27791694
14.08638519
6.66727505
2.09879017
6.40442855
3.69620789
18.20312500
4.21529144
13.64709442
8.03735040
6.50500831
5.86584442
1.94945978
14.48128546
1.49247285
6.35156250
7.60461270
4.35392398
5.35265958
3.63216312
2.19877106
14.14754211
1.90661652
0.20971680
6.10310727
2.09415835
4.15559564
14.12479831
7.06876773
14.88716644
5.82116357
3.28039893
6.05056960
4.56685394
0.20048814
6.84810394
5.89062500
10.62141844
2.44498781
0.22802734
1.77893035
13.38806183
13.35125732
5.48588043
15.17549590
7.78649933
10.87243683
1.90527344
8.67917554
16.97686280
20.78851120
16.02582276
12.57812500
8.20402039
2.31640625
9.99910461
4.64613652
5.66251773
3.84029144
9.17382812
5.01102505
14.09639683
14.12402344
0.94628906
3.49039672
1.76839234
1.09277344
5.92435699
8.59090149
6.85441101
0.75533051
5.37238620
3.87181736
10.83158356
3.62129730
5.02176910
13.48258422
2.29866578
0.70584926
5.60270390
6.64746094
5.12455231
4.44185394
4.36098848
21.88510527
2.05289672
7.37589539
7.10546875
1.63451962
2.06319370
4.96651153
3.12768617
12.76500893
4.88281250
7.22460938
3.88207946
0.58129945
1.69042969
4.63191711
2.74503601
15.55085993
17.31005486
2.20158521
3.41796875
11.74373227
7.36062944
5.64173204
1.57519531
2.36590576
1.00976562
6.48002106
3.02583832
0.35424805
11.58939606
6.43705231
3.26987285
5.42340535
1.34134918
8.49039672
0.08467652
20.88627106
0.38041106
8.35156250
3.40588472
15.20312500
4.60546875
4.78224670
8.94550422
0.66476617
2.60262024
15.57812500
10.26652039
0.00280190
11.50781250
0.18347168
10.02343750
3.31656860
1.27132203
4.33691157
3.11621343
2.36132812
13.23070479
1.40406083
0.71777344
6.00716063
10.27574967
17.32165808
5.75240580
2.45357269
6.39745346
5.81645431
8.38281250
8.64139739
1.72867922
3.01615387
3.48970551
4.83984375
11.22810727
4.28751773
1.47070312
8.65559065
3.74605939
1.42061558
2.55131775
8.55252771
2.22351806
5.11419014
6.90279144
1.82324219
6.51517731
2.83931488
6.61629211
5.32076019
1.05513519
6.84118185
0.16906583
3.07072085
6.23392731
7.35546875
21.42024158
6.00252881
1.50488281
13.77148438
3.07181793
3.13012633
8.56172761
6.88671875
13.94095856
0.30830902
5.73828125
6.56078790
2.72798925
1.55257203
4.15669769
15.51281583
14.40470523
5.61372894
0.04183960
4.71875000
12.03458555
21.75011927
0.98592475
4.44274933
5.44877106
3.92232269
16.72273493
3.47062444
5.67923981
16.91646332
16.04711914
0.52083313
8.86323693
0.80953346
0.87353516
9.03538721
22.16597628
7.59733156
2.72233156
6.25000000
20.45133422
0.37536652
4.22310394
9.99218750
2.70664198
12.09324356
10.64676972
6.55814606
0.27583832
23.98851729
0.64136552
1.08300781
16.03001995
2.69654255
5.69431351
3.13185837
9.73437500
6.91304411
6.74397828
2.52071199
2.04931267
2.89697639
2.51277649
0.28995633
8.12255984
1.51013215
5.72045660
4.54687500
3.45719360
3.27132203
0.19616699
3.42746496
2.04101562
4.49564606
8.50533051
10.57812500
4.35847961
9.67362395
12.86486910
9.94486481
3.01411957
2.73828125
3.00345856
4.57539887
1.13822418
2.64693207
7.59285461
9.22115082
7.65189606
6.28169769
4.45825133
8.60135770
12.59033390
3.94291168
10.23258422
12.23270722
4.79496122
1.38366855
8.91316711
11.06571255
31.11979516
9.98087319
19.14123450
11.32860260
4.14055629
1.34960938
19.36124446
7.74723515
5.91361481
5.93013519
2.25480164
3.36523438
1.55273438
3.37692261
2.68359375
0.25463867
4.07812500
10.89664672
2.71439606
1.18546570
0.99121094
16.84199856
1.14371952
1.75097656
5.03125000
0.01477051
8.47675422
13.95639184
0.70301388
0.16797062
10.50796986
4.11893396
2.27063829
11.94441711
3.40909851
2.93644226
9.56265736
4.46468639
3.50301086
0.37153958
1.14282413
7.27388519
1.95117188
3.47672485
3.64191379
4.61378324
2.69583888
5.24511968
12.62649048
6.18165558
11.43404144
3.34977172
6.09208222
2.54012024
4.76652039
2.95507812
2.36991176
9.72143617
2.58622285
15.58723626
1.93172180
4.48966866
4.60290558
14.12500000
3.00630707
8.34285461
0.08549012
6.37500000
3.66015625
3.53240395
0.35124616
6.70084220
2.29155197
7.31640625
0.30539698
3.72949468
2.13521332
4.64338985
2.75850620
12.18188165
0.49723515
0.14628207
7.33703458
1.17850053
1.93860704
10.53983489
1.54707918
1.89595551
4.06205231
14.29467462
7.37626440
8.00435394
4.96138519
7.31595856
6.87544769
9.34720856
11.04486084
0.04373169
1.32271332
7.33939606
0.14217133
2.58789062
12.23783356
1.27380371
8.70312500
0.34354489
0.84700687
8.34375000
10.88972961
0.29577668
4.01953125
4.24519836
4.10982269
11.92830009
4.68387785
12.86780252
1.01367188
6.83203125
3.01806516
0.25879031
5.00826019
0.02126556
1.50777191
13.00781250
10.18045989
1.14331117
1.44531250
15.74910461
3.45373504
1.96557679
4.76953125
6.48815825
15.17366578
13.36734486
5.99036236
14.81595856
4.29483821
5.47469304
12.59369571
10.13111535
4.60738253
2.05017121
7.37500000
12.49922512
19.01843417
2.42386747
2.29817874
5.27050532
0.76615636
16.14998227
3.43294437
11.79036126
3.35221686
3.70312500
6.47391069
8.24394392
21.28440825
12.59164450
2.33019365
3.73463098
1.35201019
5.74514407
5.07862699
8.40102505
7.62692749
8.75012300
17.24641844
6.88171542
0.90185547
0.01872879
0.06844086
0.06542969
8.22131317
11.25870789
8.25781250
4.73420767
8.04549507
6.21150820
11.19877106
17.77779144
4.24654144
7.85021942
2.88610871
14.59765625
12.84720856
0.60965910
5.28784242
4.92968750
4.83531749
7.75737477
1.18509918
8.54352948
2.81584552
14.79829677
10.37162511
5.64107269
0.28149414
0.62312572
13.87715979
1.16211187
8.63627106
0.90563622
3.38471632
3.98597406
1.88085938
0.09480774
4.89318817
1.94567902
8.41406250
1.56144226
0.75390625
1.49023438
1.05716949
4.16060394
0.80659879
5.41463320
10.59029144
2.19637024
5.25826019
0.02052826
4.39408356
0.86360158
5.33097850
10.42310196
2.71292498
5.57853834
3.41601562
11.70800781
5.02078569
4.39372451
5.48543274
5.22566711
2.63806183
3.96093750
12.85668914
0.06075074
7.81461547
1.02042664
3.95597351
5.11478668
4.05904144
5.17533356
9.18827239
3.33414797
1.19051086
9.41495789
0.16186492
3.89347351
5.68660461
0.32682312
14.63281250
3.99654144
6.14229278
2.76005097
5.53816711
4.91841644
8.78710938
2.78051758
12.21822113
11.46785461
5.46529144
2.55513519
5.28771942
3.53967254
1.28304078
5.18359375
8.76562500
1.87259918
18.03995789
0.10384125
5.37500000
2.75585938
1.90364500
0.65108308
10.30468750
4.33805297
7.03739472
3.26517731
2.36885528
8.36206117
7.48783356
3.60396332
0.00538635
4.74979645
17.23815825
1.52400820
3.08203125
0.58215176
5.75972628
1.17036957
11.96838099
0.88362921
1.23490387
8.22220856
3.93554688
0.10966004
3.81835938
5.87312805
5.86673981
7.35925200
1.92830507
4.20959442
2.68884308
4.09171570
1.43074524
2.24849457
5.95613586
2.15474457
2.58487976
2.27343750
3.55706589
5.46722517
1.97054078
0.37585262
0.92533605
0.96933990
3.75390625
11.67789672
6.05254982
0.37329288
2.25720246
1.78222656
12.28906250
0.03987641
0.16351256
9.86551972
0.19360352
3.28365082
3.51908356
0.05684418
1.53320312
0.42940059
8.07312167
4.62333222
0.76273590
3.42728668
2.99324524
3.85530640
2.98046875
6.15221576
3.32585217
6.31640625
8.05935617
12.05001883
10.98437500
0.56099457
5.91861813
4.40861148
19.01411957
3.73828125
13.52408688
7.01151706
10.97208555
0.11942629
1.95402039
8.31212102
10.52336879
20.47989805
0.56897066
2.20792664
17.67973784
0.20857789
5.17533356
1.09557327
1.91533189
13.33593750
7.25829954
24.98669216
4.11588874
9.90779477
1.68107242
3.42036957
14.50736481
6.22656250
4.10982269
1.48925781
6.54687500
13.15189606
5.88814301
2.73588043
4.86238586
1.31481965
0.96077391
3.14994293
0.10197023
15.10127715
12.59195922
12.09812502
11.90177305
1.49938996
2.04370179
1.84126801
17.63838653
3.26591035
2.24609375
1.37349457
8.00691711
3.18599457
9.22477172
8.54901486
7.84340092
4.05558289
6.02465758
11.55289672
10.35079011
2.91857879
3.05692597
9.51609177
5.73392731
7.66483489
0.39615968
5.01863586
5.66841644
4.59223460
8.33745290
5.96875000
10.76012966
-0.02201106
9.65535461
18.11763177
7.72001440
0.54821808
4.78291778
5.77844083
9.57320285
6.37967864
3.30599124
17.46081450
11.19531250
6.92712433
3.34403535
1.07661957
10.78860484
3.73483266
1.61621094
15.82506982
17.06152593
6.06909242
12.02343750
0.46032746
7.81506317
3.47375333
3.96899601
0.58251953
14.98343840
4.13460328
6.95837433
2.81424646
7.83028479
9.68750000
3.25930786
7.63582336
5.26302094
19.57738697
4.57841533
12.98136414
11.51639739
0.61543855
14.73433410
8.07287567
4.72762086
11.33203125
3.17232269
16.36193817
8.62589539
2.84045379
13.93241301
0.89510195
23.25557403
9.17020722
3.44380707
1.64461242
7.75870789
2.52555297
7.04821808
7.96484375
9.34106383
0.55606930
0.25101964
1.65673704
2.81982546
2.23437500
33.01521665
16.77106605
14.90809383
10.46337766
7.33215425
6.83760528
0.61181641
3.79463653
7.81742464
11.67053192
12.45190492
4.56205231
1.71191406
21.48867798
9.97749225
4.88969525
2.93013519
1.87792969
8.18660461
3.64347351
2.28906250
12.22106716
6.12967864
6.21521276
3.75052638
7.04634862
1.72896332
16.23965869
8.84538342
10.46875000
0.95259613
3.03755707
3.31400543
2.82812500
12.35208888
7.69620789
5.69120456
16.64983933
6.86065934
9.54712268
5.83153923
5.48124550
12.17280475
13.93221631
4.44230164
5.83715758
0.81225648
16.17101397
3.26533965
3.35376662
14.44681824
14.12141844
22.47774324
9.19966644
0.03860474
3.91406250
4.08646637
4.68750000
1.69209746
1.52958222
18.05236816
2.39986176
10.41752106
2.62109375
20.62145280
8.45667220
3.26562500
12.09375000
10.54284575
18.16027925
1.94311337
6.89644503
1.93570922
1.69641207
7.11328125
1.00467739
1.29801640
2.45507812
2.97354666
1.55636026
8.93493683
0.60205078
6.05627410
9.09118683
7.27734375
8.26383422
1.51607269
9.01297319
11.03479720
0.91748047
1.96777344
9.48437500
3.44681793
14.40791778
17.20902765
0.31797096
5.89408356
1.16992188
11.53816711
8.40326353
6.81638186
9.66841644
6.71834165
3.97021609
4.25044769
15.27164672
5.96964539
9.70747894
0.62577239
0.19348238
14.80814606
6.24414062
14.80981383
1.89717683
1.97965453
5.69274933
7.30814606
14.96439606
10.70967559
11.34208222
6.50768950
1.09981355
2.68058289
4.32076019
8.71529144
7.02343750
4.25032469
4.72668550
14.50512633
2.20971742
1.94924376
6.62786347
7.40413453
3.49068207
1.79252106
10.71004211
1.48356078
1.53446504
7.84330231
1.19470246
6.03295712
3.13261081
8.59887633
7.86250886
3.21484375
1.91043911
2.12764683
1.67813276
1.46009142
2.46529144
9.11616911
6.54398714
3.02343750
23.16878048
11.36966202
18.76151706
9.07414505
8.47973446
6.30192265
2.39453125
6.97220856
1.19185394
15.57180319
17.02405252
1.48730469
1.28320312
4.12718917
5.21806626
3.30830840
6.33382203
0.09086121
9.53816711
13.51550200
1.72045961
9.48872894
1.35086880
13.23991093
1.05603058
1.12890625
7.38146942
6.01794216
5.76029698
6.12500000
2.83833832
13.60066711
4.67566019
10.01652039
0.07283539
5.46750259
16.60957718
11.14843750
12.63627106
11.67622894
12.20832004
4.13888851
3.54162567
2.84224457
0.04307068
14.98567688
9.08688407
10.85359742
3.93599457
11.19942044
6.71854831
2.52298981
1.08556973
4.68160128
4.96964539
15.05904144
5.24369293
3.13911957
3.14168274
0.94738707
10.94799867
2.18599457
9.41841644
2.52539062
1.52884918
6.18961547
3.78739472
15.21785461
2.06534851
1.10644531
9.72477172
2.57751496
14.81988919
0.93837100
15.31640625
2.20817016
4.79475953
9.01908356
1.04414451
8.45194924
3.44246399
7.34419769
5.13033051
8.66406250
6.63881428
0.28696697
11.22220856
15.00540670
7.54647163
0.81425144
13.19058954
4.06242132
7.24698914
6.04223072
4.85815990
2.10803192
7.56774933
0.40214020
3.71875000
12.08414672
7.59208222
3.41992188
12.81852172
12.25012051
15.60990138
19.20717615
5.43219192
3.38911957
1.26489258
0.82279449
10.78962323
2.47059009
13.32377106
4.11490844
6.29005357
4.02298981
6.30025238
4.89709442
4.98258422
1.31225648
3.99804688
3.58984375
19.39469360
4.14058317
17.92439945
9.78453064
1.81638655
10.11551972
3.54478293
4.60339013
6.95779243
3.41540558
0.53295525
4.20125554
1.58101535
3.53080231
4.87869958
2.60132147
8.02282746
8.80033356
1.63716644
3.11389129
7.79821808
3.62890625
0.01967865
0.99173731
4.18697362
6.51562500
14.59956007
4.13135638
4.73828125
2.80063488
3.48683510
3.96859264
2.40791778
0.16975984
0.52250152
1.55371613
10.25585938
2.98375998
8.96936502
6.98828125
4.11283356
0.70141539
1.00996980
1.49173981
1.58345551
3.81229333
2.78340979
17.71927638
6.73950133
0.46212073
3.45786985
2.49818483
0.42163086
5.97762024
3.63716644
11.17789672
0.34578430
0.36421785
9.38627106
5.70824136
1.26290946
0.81009918
3.47667055
4.41981382
4.67097961
10.11572141
7.97847628
0.88960785
4.99641844
3.16390015
0.61511262
2.98797534
2.34057679
1.57226562
0.92431641
0.37866211
4.25784187
1.59673149
1.77644836
2.39587433
6.56685394
4.63838653
4.41630097
4.71268396
5.25952460
4.01953125
10.69664562
14.63089872
9.16118461
0.87015777
4.13326019
4.09431073
0.64104083
2.17130430
5.67785738
3.74218750
3.90625000
9.03906250
0.79199219
21.69469748
3.43811502
4.00826019
0.69482048
9.01343085
8.67191621
6.94921875
12.89640071
0.43514226
16.93598959
18.57694924
4.63985261
3.60111481
6.89408356
3.92232269
0.89302582
9.39341424
11.07533576
2.09720856
10.07287567
9.42187500
4.83772828
13.52856383
11.64037899
1.77441655
9.69877106
4.03125000
8.09285461
2.88692230
18.19852505
14.99332890
0.67427582
9.86323693
0.89555214
2.04152489
1.35800549
3.88615802
7.49910461
5.50435394
6.19241468
6.41305407
1.38378906
9.29471521
2.14184259
5.14494459
0.57812500
1.53434203
6.33504211
7.95581117
9.90270280
2.72229720
1.76562500
1.18115234
2.18705231
4.53515625
0.55098294
0.96321781
11.84842864
10.26574800
3.02075133
1.24247285
10.61502771
6.55794437
0.17293460
6.22422541
1.13514959
11.68204130
2.06111757
3.41601562
5.85546875
0.96000152
5.63883422
9.73746454
3.55578956
1.71341949
13.32377106
3.39542664
7.10591644
2.12304688
0.02712494
2.33984375
5.84093086
1.03646996
2.43394376
5.72999667
0.84187805
2.51261414
13.70568817
2.51892121
1.54499682
1.71135084
11.15970856
3.59029144
0.71948055
3.69360538
0.73242188
13.58504211
3.05167664
2.23783356
5.83588321
3.67237699
1.62064606
3.69112152
13.85797119
19.57096188
7.16731937
11.13627106
3.23018340
13.88627106
8.17163148
1.30562348
7.10918427
0.19858839
13.13167110
7.81197362
0.15926148
3.81595856
8.59227394
5.21827293
1.50443512
6.27042664
0.46199399
2.35197085
19.23950133
10.53967254
9.05045656
4.07076019
1.93603516
1.74023438
2.10546875
8.68569925
6.27088430
3.22896332
0.35839657
0.03312351
7.21667480
1.66381774
4.85826555
0.23685162
7.76151706
5.07031250
7.43359375
0.00919342
10.82031250
2.58984375
15.71504544
2.91581394
0.30106598
2.83398438
0.64550781
6.01997894
5.43745568
7.34334663
6.48727292
1.05562472
1.25781250
18.92008422
7.03210107
7.29346077
6.76244110
2.87049418
10.93199024
1.80212433
2.00915558
2.67968750
7.59810394
2.26757812
5.59375000
0.00419998
0.00178432
0.05951957
12.97399933
1.82609070
6.51562500
7.14562833
6.32312167
1.09179688
1.29968168
4.21842531
7.31640625
1.45291833
1.12858405
6.87500000
1.49511719
9.69318706
8.64185505
14.31250000
2.46769226
1.59916168
10.57287567
12.90881317
0.78951019
1.64819398
0.23815918
18.73258422
6.07857020
6.40002659
5.35201019
6.34073914
15.11560090
3.11315326
0.48254986
1.02929688
11.01520169
4.81222960
3.06319370
11.73002106
1.50923676
1.40817261
22.14114304
18.21350174
12.48002106
1.41353363
1.87500000
16.17333112
3.44917941
8.74663009
3.23242188
10.32898956
9.33858246
4.72656250
11.54418883
4.24096742
4.62718917
6.80791001
7.65658569
15.13614805
1.58201205
10.31863974
3.53096963
14.69787567
19.94262633
0.12894777
1.68794769
7.88582336
2.34224457
8.89062500
1.21992928
11.07691489
15.33683289
2.79731771
9.01367686
2.78169769
1.37259046
3.86048204
9.18929078
18.29508422
6.78775876
3.77022495
14.12215149
20.12169881
12.31279033
5.04337212
1.84184120
1.82714844
5.87365692
3.97623656
0.68753436
16.49459330
7.25927859
1.42045074
14.13191711
1.94868988
3.15083832
15.80175532
11.41508089
12.31681460
10.38793883
9.99543440
11.76852282
5.39843750
17.07812500
2.31587364
3.97705452
7.23783356
12.30033356
3.47355164
2.05680297
6.24308289
10.02779144
1.30957031
2.02388519
14.68314606
0.15047211
1.32963043
13.66304411
0.48095828
10.77692359
0.54517038
7.91162109
2.72688719
14.88549867
3.75284851
0.59765625
6.53535794
5.36307956
9.82006649
0.93782718
0.85245789
1.80735546
15.19095856
2.03800476
6.95389739
0.21923890
9.30484486
0.10478252
2.61278257
3.18478944
10.46838099
12.71183289
6.02246343
7.77209442
0.34281402
1.55476930
1.25638824
12.21529144
4.00826019
8.48990470
6.11076241
4.31294769
4.43359375
0.47045898
9.07031250
1.49906184
3.04545323
11.51037567
5.17565825
12.27791445
11.25089539
12.82722961
13.34694843
4.56938275
14.95914672
5.48998837
11.95080784
3.05708832
0.03265381
20.07572418
10.35066711
2.30993683
1.13724762
8.02343750
5.70524047
2.33817597
0.23734465
1.74096742
1.88033051
16.19441711
16.55021055
0.68811129
2.57316101
7.28503325
5.33215425
1.22408051
3.52539062
5.83821033
0.17204358
7.46093750
7.69262633
13.30114030
3.81437943
5.57767731
4.24490803
8.09098889
5.76562500
16.85937500
10.13883422
6.35624114
4.56005984
12.19877106
2.29732269
1.10742188
8.43314606
1.02632536
1.66357546
9.99796321
3.59834995
7.99743683
13.79508422
2.09554078
7.21785461
1.45161957
6.56074326
2.49138076
3.79625499
1.96591145
0.86767578
13.09720856
3.17451186
0.37378740
1.29394531
9.65843917
6.40601396
1.81933594
0.62695312
2.23046875
11.69787567
14.99975399
9.95862034
0.94673240
13.64111702
2.15848847
8.63627106
14.81070922
3.01871454
1.06555518
10.72298094
7.51969484
7.23999023
5.73002106
5.45088653
13.43558622
3.96553745
3.03515625
3.26329788
3.51270279
5.73181183
13.84273161
3.46390902
0.05903106
0.47090668
0.02626038
3.27929688
8.08414672
5.02217434
17.89078885
9.54211768
11.34855164
5.83300781
4.32421875
1.60449219
6.06578126
6.04359374
2.65926086
1.26322418
6.11372894
0.64933289
0.85526457
0.51338777
0.32128906
2.30736993
11.86002438
2.52209940
2.90865082
9.95890071
11.48205784
3.82616689
13.60307291
1.74308289
0.73396789
26.89933289
1.31888824
17.25471798
2.78869847
8.65881317
1.90616634
2.98730718
9.67097961
14.80907580
12.05184397
1.75228031
0.04707855
1.49519836
0.83052582
6.41349180
1.34045317
4.04756870
15.93216202
4.66203568
0.54663024
3.07104554
5.78625333
20.26228945
9.03649933
6.13761414
5.70466977
0.70219027
1.49796570
10.72656250
5.75000000
1.41255707
14.15429688
5.80273438
7.85668883
7.53336547
15.02872618
10.18416445
0.57234804
7.27538813
6.15531029
2.60108045
9.33149491
4.86772384
19.72854500
6.88229360
5.89900820
5.92911680
3.85152316
1.28275543
7.58593750
0.83296598
5.14945589
9.21431239
9.47514073
2.63387024
7.14978058
3.41601562
6.05158799
36.29562056
6.70747894
2.40970856
6.65100067
18.59512054
9.09891069
7.91313275
6.46285128
3.17622894
12.39754211
1.94425476
3.21533079
18.48888631
4.08569772
23.84455674
12.20377438
8.94442459
4.29545323
7.02600067
12.60602097
3.59127548
3.35937500
2.68164062
4.00061004
2.19771332
2.51261414
12.24632979
11.79504986
3.87378117
7.55814606
8.68045989
8.09427638
10.83988807
5.21093750
12.05893889
16.35384032
3.12194980
7.52241911
18.38916140
5.35156250
7.92309508
10.37772432
4.35892731
18.62466431
9.90710356
3.94108156
6.45108821
0.77246343
1.25683594
10.83414672
22.02868683
9.17187500
4.00781250
15.38520346
-0.43662039
10.29381982
7.98563940
0.53841187
16.01737395
5.34047486
3.32421875
11.36718750
1.87634308
0.89550781
5.01784354
1.48516732
7.07825589
4.20593417
1.86718750
12.30533813
2.91481049
3.54101562
8.66483489
3.76680574
12.81587738
5.54687500
8.11629211
39.64062500
2.32295990
6.34720856
10.43827239
5.66975953
16.62877577
2.25598986
14.20377438
13.51302737
2.28784242
7.27433289
2.02539062
4.15625000
10.11120512
7.00602172
0.64742160
5.01562500
15.98607713
7.82230497
2.52169603
0.54833984
12.66015625
20.60718728
9.37199911
2.72143617
11.90563498
2.81523049
5.04955120
3.70960438
0.83247894
24.91369598
8.70711242
4.26786347
8.19429411
12.08260195
2.55513519
5.34720856
20.63191711
4.86853058
10.70377438
3.56689578
7.75435394
1.46618683
9.66845080
19.14624335
3.06347407
12.80453014
2.28995789
18.22867797
12.97444703
3.05423981
14.12324358
8.09550642
8.42008422
18.24766602
3.57618683
0.80607117
10.65387855
9.22591312
11.31718860
4.57665891
17.22200687
4.55423981
2.88175476
18.43001219
7.73950133
1.75236148
0.69433594
4.95703125
5.75642758
7.30191767
8.54224069
13.96191406
3.44335938
6.48490387
7.33353107
3.90654033
2.97676419
9.19209995
14.95078428
0.97810976
6.56941711
5.37622008
0.84045504
7.94998989
1.80577959
7.94686724
4.93750000
4.29752438
7.23527039
6.03727172
9.61079677
10.39701573
4.16288425
8.40189606
3.23482269
9.48335661
2.44712517
3.58237588
8.72054078
12.55468750
5.72220856
9.49164119
4.20802526
6.58937592
20.61478668
7.73091644
3.63867188
6.95312500
4.09375000
16.97611481
1.51863586
13.15279144
16.40226258
2.83158356
7.47265625
16.62992215
1.95803968
3.65369680
13.48771055
7.51326601
2.89062500
8.94671431
12.47489472
10.61417664
7.89408356
0.70943207
4.24462766
12.41320147
6.01404587
0.55224609
12.45072418
10.51593972
3.42982047
2.45507812
10.98242188
11.17390029
6.69763215
2.69531250
9.17370481
5.52099734
0.60595703
7.96350067
3.61763519
0.81290711
5.25052887
21.50484044
13.55792605
18.72957336
0.40885437
0.62402344
18.80108643
2.14213043
4.48482269
7.54116800
2.13656637
9.23246246
2.90039062
13.43354943
8.17379097
3.62154144
3.24654144
8.49129211
8.34693711
2.08948470
5.96919769
2.70853668
10.10370236
-0.95717739
7.44966644
14.04252106
5.63035096
2.65234375
12.89664672
1.70507563
0.34944952
6.40580231
4.98303192
9.85233489
18.36938165
4.35970467
4.13716644
11.72566711
14.34708555
5.16727629
4.55538120
3.07226562
8.28906250
10.80700466
6.86788120
6.67279551
2.56613585
1.48339844
7.59549646
2.79166999
4.65429688
10.04854278
3.54671265
18.02073139
2.77756787
2.74023438
14.42777372
3.53662234
5.83984375
10.63627106
14.63370789
8.97566711
1.02433289
21.25678912
8.48760196
4.71715646
11.01997894
0.42484527
4.98591977
11.22981937
21.44063137
13.48560359
8.11511635
0.42451996
4.62629876
11.07849401
15.96785461
9.88265015
11.41959220
1.85083444
7.49849457
3.43705231
1.33052582
15.60156250
1.57128906
1.47949219
12.05794907
0.78959137
5.05904144
10.20117188
1.09082031
3.35351562
6.84277344
3.80379211
2.36222351
3.90625000
9.48660351
22.49081318
4.45011414
1.68794769
2.39876094
12.21944370
11.46919769
6.18359375
12.98783356
13.95576996
10.92789672
0.70161957
1.60734070
15.02381347
6.42874779
0.83520944
10.84720856
16.06941711
9.33820036
5.86582003
3.55513519
13.41573028
11.98388298
0.46513284
3.33300532
11.52246343
8.64575133
4.20222961
12.83561281
2.59570312
9.12320922
8.77062833
0.12764683
8.07572418
7.37878325
12.93147828
12.69274933
0.40563996
19.21369238
15.92143727
8.53245014
6.50038895
1.09472656
7.51749446
7.16681904
0.45650986
17.12296321
5.43391844
1.41443151
2.71032746
4.78356716
4.34924534
3.92878713
10.36222850
9.59452239
14.57189163
13.30913009
21.70804964
6.54418883
3.55106660
14.85143950
0.26619570
8.87455231
2.10607879
7.02823914
15.71919769
6.53727172
1.34305879
12.66414118
7.28072362
6.74084442
2.10505790
6.37817819
2.27014129
7.95747894
6.86027039
9.36676025
2.23827845
2.04634862
3.43509918
13.99698914
5.30725067
13.03653868
4.49410128
19.53951019
19.17850676
3.22579011
4.98392731
6.25523937
2.46200520
0.51757812
11.23002106
12.34029144
0.47583008
14.47709137
8.66524262
9.84375000
4.21830231
6.67232269
0.98188678
6.46000775
7.48815825
17.18929078
14.89286347
21.95389739
9.12768617
13.49206450
8.02010195
5.68314606
5.87520169
15.34130984
21.02078849
7.23153147
1.24662262
16.70825133
7.03421654
0.92399545
4.19095856
8.14389629
1.60956227
16.77473938
5.94665558
17.44541557
13.92417275
9.04687500
5.18705231
14.12219083
1.87825687
1.40625000
13.92719305
0.84970301
3.82324219
2.38822418
6.46919769
14.17899442
10.84220523
3.41015625
26.29755874
5.44462876
6.57031001
9.70255430
3.55684729
13.10925200
4.82255097
1.85522523
7.00077239
6.83958777
2.44870234
0.95357269
10.64843750
11.75948028
9.43876191
2.88191711
14.16662567
3.92818207
2.14241578
5.01789783
19.07495553
14.98225953
7.08951906
4.24385528
3.93343140
3.63830286
1.45093085
7.06250000
7.01432281
1.57906098
1.84746340
12.09643617
9.24039672
2.36427846
3.21620677
1.51554383
13.46386719
5.83369903
1.87626191
6.50390625
0.37520355
18.94531250
2.73828125
8.43827239
8.58402372
5.52303226
11.12154144
3.37589539
13.69959365
18.17884992
6.30713763
1.83886719
0.04208374
13.45597983
10.80033356
0.53857422
15.99129211
27.93426752
2.71160682
3.45507812
16.30882979
5.51099443
4.40580231
7.64062500
1.23286957
13.38195147
2.39885084
8.34028148
10.71631856
2.42533356
10.10689052
3.28027593
11.55033356
13.19095856
16.10502106
15.97794617
6.54296875
4.24654144
4.89575133
2.67456117
11.47517509
10.00427277
13.03084663
0.83638519
4.11915504
9.33421348
6.19775266
2.90604831
3.42382812
7.14402926
2.57516843
11.62410461
6.60546875
1.41353363
19.54646166
5.07898603
26.01713043
5.20662352
9.85424867
2.54447418
11.29431183
2.30708832
17.12500000
0.57443777
4.36389627
23.37178559
8.90612700
1.02852449
18.11185699
6.67321808
1.79056793
12.04996454
6.91532690
9.30725067
8.05411680
8.93391844
4.79411015
14.69640958
0.50427402
17.98937833
4.78685340
2.99134640
11.11442016
12.33263631
0.69063885
16.80154367
9.28548094
7.31287774
5.40625000
6.41182403
4.92456117
13.46146388
0.43550878
0.63769531
25.97517509
0.46867257
1.76367188
2.32132965
5.89107269
2.16796875
16.46622462
11.26269780
7.51607269
0.67700133
6.55479205
2.39917054
9.80033356
8.23437500
2.57127909
0.88770528
5.19185394
4.37455231
1.36991301
0.01145510
3.78080231
2.79976410
15.46004211
0.85294617
11.39819149
4.42496454
4.50106272
1.03906250
8.47688532
5.62882757
8.39408356
10.82726044
5.21170989
12.77176972
3.87788786
7.09566378
15.10892731
9.57018950
8.95715425
4.03080231
0.75297027
4.64196808
7.24694482
0.74817237
4.20921543
0.24097988
2.14062500
5.51550200
4.75541043
11.01863835
6.60937500
10.75390625
14.20914672
7.65958555
7.46675753
23.77355620
0.22542110
3.60075077
18.26309619
0.48788037
1.39941406
18.88138824
3.82421875
8.51127106
13.55033356
3.55021055
4.22061946
7.84245124
7.00044769
4.58878601
8.10937500
21.02729943
17.09961187
4.18807070
15.44373046
5.07812500
3.53649933
14.31327239
8.07010085
6.61662677
7.51863586
2.40714539
8.31384754
0.03497314
1.33886719
8.05847075
5.47538051
20.62793218
13.13268950
21.20075594
2.26847351
10.44701463
18.50780698
8.97474289
16.14465425
18.28625333
8.54817376
12.72001627
1.07031250
2.84015349
11.16936613
10.43774601
0.63529449
9.09661792
8.32645722
25.56520611
11.19429411
6.08650820
0.95507812
5.13752549
1.06551834
11.49039672
4.25569703
8.51293883
5.03393617
1.45800781
6.44689661
3.67090093
3.20642121
7.11917997
6.12166445
8.88411126
5.96394836
7.71533577
13.72725371
1.95341035
10.52115470
2.22689217
10.34866966
3.04240303
3.43119293
6.18261719
6.36104278
1.88362672
7.68066157
2.51749944
1.49218750
14.50170774
8.09395169
0.53890265
9.94441711
8.76513298
14.50642509
10.64542664
14.11116578
17.39880651
11.87907358
0.54349762
23.58707641
10.06611592
17.13957225
2.26680574
2.45507812
8.38281250
1.41646332
17.76883755
12.94095856
1.82881870
14.73168883
0.14693269
0.89261871
6.00990596
53.53735538
4.81730164
12.83625222
7.71843528
2.31986481
14.85286126
5.23938331
1.63964844
7.76171875
1.50337738
7.59273161
2.70414339
12.77217310
5.99076573
0.83146180
17.19665558
6.71186725
16.41032358
5.04325410
3.08020113
12.23091644
0.75150543
7.00438830
9.20465980
8.35044104
2.17338043
13.07812500
10.94698028
10.95723294
16.93163294
8.00658245
1.87395223
10.19151929
19.01049867
11.72933732
2.02388519
12.59456173
5.73820132
3.28332613
13.98604278
3.03243074
24.08898396
9.96680186
4.03263243
4.82959109
1.44242215
3.05268507
2.69577016
14.20702876
8.83130070
2.49637910
9.04496122
6.27909021
3.18180795
2.02388519
10.27965094
1.09099512
8.29662899
3.99820424
16.91024490
11.52652704
2.30204565
7.52933622
0.45947390
5.99218750
16.11824025
4.52673869
13.18660461
3.89888519
9.99759420
2.62004100
0.82637481
23.43725586
7.05232727
3.73901429
8.00423094
5.51440492
10.08414672
2.70100953
18.23164612
5.12132979
4.77454454
29.10412567
9.40189606
2.83532746
10.18058289
0.31762695
1.01061171
0.86882341
12.62694814
1.48437998
3.26082336
8.73872894
17.99800629
0.27510590
6.33642578
0.42557770
3.58203125
6.90881348
3.47383201
2.51160073
3.76081339
5.56340536
4.25089539
4.34375000
0.87007660
0.76224762
2.26277649
11.05570091
2.76941323
23.68225067
2.04671265
16.51993213
1.05774518
7.58068817
6.61771388
1.33524878
4.67578125
8.75699828
6.16540558
6.02343750
7.41060394
0.19132477
8.54341644
3.54101562
4.78157469
0.01786379
3.95658356
14.71019947
15.73811392
8.58763963
3.93279698
11.83158356
6.69905142
6.31311502
8.05507873
3.14676972
4.43570922
2.00374390
7.71341202
0.86373642
11.66901153
1.11915558
5.60591644
2.39888519
14.10726804
2.56270418
6.55423981
2.75419160
1.14257812
7.33670989
13.08414672
3.29594027
4.57857269
2.56205231
6.08247894
0.25907379
8.46264462
2.29321476
12.76262008
2.34899933
2.64644005
2.05082557
2.55228668
6.92789672
13.94291168
1.73608461
5.11328125
1.47363281
3.74462766
11.83772828
8.60245789
6.12768617
8.65798400
1.39294465
14.42279541
2.01066101
6.37807262
1.68812001
7.80513519
0.15804016
1.01411957
4.15669769
8.43225067
5.96477949
15.80776262
3.45145722
15.88186282
9.02039852
2.29113863
3.13521332
1.26875076
15.26691856
7.29252106
10.07543883
0.62329164
16.39948028
2.31385804
2.94726562
5.81986481
1.92663481
3.01530031
6.94148493
4.31677526
11.04597961
5.69832336
1.06766816
19.25166778
8.96904022
3.00766511
8.69531250
7.64062500
9.77741134
4.58085549
4.43359375
1.06783051
3.47851438
1.88427859
8.95312500
1.61425781
2.44649654
2.53951019
0.48071289
4.90189606
0.02574677
0.28637695
5.62890625
9.25000000
1.84285461
5.79386414
3.57930076
0.12870706
12.22721188
9.71467642
3.75084110
5.64711435
1.25931793
6.57722961
6.78184509
14.01940119
8.60184785
9.04187167
2.29008089
7.26464844
0.82958984
3.73351895
0.75227968
4.78605164
3.13292554
20.73226119
5.10136081
3.12243683
8.63716644
18.54101562
4.20267731
3.94264324
7.96413563
9.44620789
10.62207031
14.11999294
6.20426640
10.70454677
3.65726839
1.71871066
5.70703125
2.66601562
7.81250000
0.79687500
0.02214050
6.88362423
4.20817265
11.08235594
14.99987700
2.23222019
6.37937833
4.39405917
3.20703125
9.83593750
12.40440493
2.57235926
5.17378878
7.13460328
1.95410156
4.30273438
1.94600371
3.97489472
2.57031250
11.44352172
0.34407594
10.60298427
2.22514073
5.30725098
3.39798981
7.91763409
3.95858599
4.28829011
5.71321033
5.45431072
4.66451019
17.20863476
3.28941211
4.22265625
5.08548981
12.53910184
6.67378878
13.01037567
4.45100953
1.46777344
1.40917969
12.49731383
0.48413148
1.30326324
13.59810394
3.90039062
0.65629059
4.94576019
12.78937722
13.67937278
2.10937500
8.32250914
7.00413980
6.84522606
0.28625364
2.83561281
3.14965260
7.08411236
6.57442044
2.63305851
11.39843750
0.62646484
22.31160461
5.61360594
3.13533632
0.92480469
10.02140071
7.35342199
1.93377105
1.78666168
2.93269836
6.69022177
2.84236757
3.28760139
2.94249834
3.74605939
0.68273895
11.32255097
0.95800781
2.39052576
9.01771733
6.16194703
13.27433289
17.93419881
1.10726451
6.32812500
13.47778258
2.82104554
8.97486358
10.21944121
6.06518617
0.53417969
1.93607574
1.09082031
5.13403258
5.07344636
3.29744072
1.07682624
7.45043883
17.79008089
3.42553649
8.25959830
1.70032081
9.56876773
3.65804078
0.60498047
2.26867645
6.61462433
9.44877106
15.34829712
9.38159180
13.33625222
4.98796653
9.75695147
3.87503934
11.98564439
0.14147949
13.52563165
2.83055021
15.47640603
6.65173371
15.03613032
1.20898687
11.10367524
4.93535017
0.38981141
10.14426530
7.25514876
7.29056793
6.61450133
3.42972684
3.17301640
6.61673981
10.70507812
7.13922762
4.52137632
2.41601562
17.81839872
6.75582003
0.50512446
5.72949468
5.12890625
4.32279449
4.23323360
6.00339726
4.63281250
0.85652649
1.38618988
5.39184508
6.45837433
28.47762086
0.50439453
1.61310894
6.36150044
4.38236481
0.03166718
0.25048828
0.88584381
5.61962891
6.77343750
6.87500000
6.24654144
14.97265625
5.68750000
6.13582336
2.10050476
11.79162567
16.70438803
1.89355469
8.28072113
8.04475766
5.58740359
8.00841756
0.95536846
4.91406250
3.37500000
12.34258866
5.00461989
11.17879211
5.21964539
5.05725067
6.93538453
12.61067376
5.13106604
13.10201019
9.26729278
2.54325410
4.97167969
1.89892454
7.07211863
2.34810394
0.52500397
3.08813165
2.70288397
10.28560394
5.50781250
5.43359375
20.63089872
10.69482546
11.09285461
0.00820954
1.90625000
10.85143950
4.22428468
5.14453125
3.37544769
4.16711270
0.11511386
10.90266844
9.35709718
6.15234375
5.67578125
5.37845856
11.50609043
6.21701351
1.87988281
6.94916778
3.88041168
1.90616883
1.35111481
1.60351562
3.62251801
2.25541168
13.70747894
5.34631317
0.60880555
0.19795684
4.13549867
3.95312500
5.53470856
4.80904144
0.97656250
0.22427390
4.34899933
4.51633406
3.76216644
18.19563719
5.36641511
13.15250610
5.35725953
9.24039672
0.71854707
0.48950195
8.38500665
0.56421210
1.69193512
6.85156250
3.57466644
5.72432403
2.45731660
11.24564606
2.79341644
6.53125000
2.47977006
7.65751440
2.17602726
6.03780308
12.00911126
3.65885749
13.42443817
3.52673371
2.63822418
8.95747894
9.00768950
18.78161652
8.56941711
13.08930741
9.16427415
1.41406250
5.54947252
9.31901374
19.15754876
24.30562721
16.72859929
16.69128325
4.24064273
8.00736481
10.13448028
11.74487367
11.90535461
10.20377438
5.33227726
13.49450466
7.49084691
3.45463043
2.26607269
5.93302305
11.04610261
2.14392121
15.72004876
0.42985358
5.06250000
3.40470025
24.33118018
1.65279144
2.38627106
9.14741911
5.32075770
2.79708167
9.71402009
6.50988365
1.90808510
9.16820479
2.87325853
1.41406250
14.00602172
4.09899933
4.71529144
2.63085938
3.11533744
7.39818152
8.11692832
10.04834109
6.30172096
14.99132647
17.05302471
3.96195589
12.07124723
7.06652925
9.21305359
0.09393311
1.83040282
9.88883422
3.97412234
4.92968750
18.52254211
11.91060394
20.02752550
6.80286236
11.72481843
6.88614805
3.56502382
11.25781250
0.03636688
10.68110927
8.70170323
3.13387024
12.09029144
11.56852172
8.40458222
3.87455231
16.09216215
18.02026461
1.19380707
8.62845856
2.85351562
23.54524750
16.06705563
6.53316378
14.19038661
2.48970800
16.83325164
2.48811890
5.09375000
11.03470856
23.40224513
5.99440159
3.00301086
10.54085328
13.62451172
8.38806183
5.60892731
0.46748871
0.66194329
17.77506593
22.83691655
8.14664672
5.84183622
4.98571808
2.24800753
19.85310727
6.73539339
5.31384308
1.27583832
7.23485705
12.71423869
4.37430630
0.87581671
6.47656250
5.54547264
4.24163674
9.34238698
9.13539560
3.59794160
9.38960661
13.24666445
0.77990692
2.48661347
1.47558594
9.98144531
2.13019099
0.74619237
3.07076019
5.67923981
4.43994016
2.31547152
12.09464539
7.75390625
19.19307847
3.17801528
12.28470856
3.22310394
11.69095856
0.65303122
16.19970579
13.38818484
7.98319924
17.48293330
20.95907801
16.53764073
2.31722296
6.84541778
7.73571808
6.07120789
7.73828125
2.11355663
3.35189716
6.88806183
2.62544769
7.28771942
12.45689828
5.13819481
2.31250000
10.06852172
0.50769074
7.51418061
3.91406250
5.61132812
9.18705231
7.43916778
12.54431183
4.07556183
0.26928711
6.00199247
0.22530183
10.12963929
10.88972961
5.62455231
2.84948637
7.80135195
1.60306793
4.24743683
13.84285461
2.38537567
5.81473847
16.59288897
3.47306959
1.17036957
8.22656250
2.76367188
3.64911127
10.34775487
20.40840606
2.83109652
6.16100981
15.15865663
18.01293883
1.96244044
1.04504737
1.80371094
3.39208112
5.47075243
8.92968750
2.93359375
4.91841644
0.29589844
4.62442930
13.16418550
2.57572418
13.15010528
2.31278535
4.19230164
6.26517731
2.29732269
3.60412567
3.27237976
9.46679688
5.96126219
3.76460661
14.53584995
10.03881649
1.05831089
8.88102172
9.16987257
0.81389239
8.42968750
20.72828441
3.71679688
5.33247894
13.63716644
8.34106383
6.46573914
0.24593140
5.86458001
0.49040046
4.49238919
3.65470523
9.39933289
21.43208832
4.94144684
13.97907137
5.00920988
14.39306516
3.37255984
1.54178801
11.97965204
2.34394919
2.22978501
15.00781250
1.01786285
17.06070922
8.32991578
5.82076019
3.94730497
2.01123171
6.51997894
7.49039672
9.72835328
14.87776236
7.87126108
9.26908356
17.19185394
0.69543426
5.18058289
1.30220551
10.22711002
4.76607269
4.91841644
0.38696786
1.96594581
2.57076019
9.03535794
7.26932956
8.45466977
11.69327945
10.73911427
3.36338984
4.27388519
5.70402039
10.05993683
3.87760251
3.22697085
11.11873227
3.55403687
2.79834109
9.30033356
23.19335938
10.62015404
1.03263741
6.23335661
6.43461214
6.65042997
0.87557070
7.84509308
15.43216949
9.74513482
3.02953345
8.99654144
9.49218750
9.71190160
1.09192985
11.22155917
10.41752106
1.87105192
11.75614472
2.71752992
12.11795989
0.56852297
4.22310394
2.67338043
0.85404075
5.93895612
2.91008754
2.15489570
0.60731133
1.78222656
3.05033356
4.48437500
5.62019836
4.08683289
11.51908356
11.27433289
2.91825348
14.76216644
14.08544922
11.75250887
4.05909574
9.41739805
8.61474734
20.11150296
9.45342780
3.68086824
8.25423094
1.45410156
22.61376330
5.57951241
14.42179632
9.34529477
0.99198581
1.61222351
5.34765625
3.39049701
0.38587018
3.94531250
5.23965869
3.48690381
7.34724790
9.44213431
19.60832225
18.88704344
6.70890445
9.95828569
10.44438275
3.62618074
14.75512633
2.27546681
11.81323803
0.02157624
8.87845856
17.32377106
1.46586121
1.47762024
8.99731383
4.56217531
8.66316711
33.56233162
6.07466644
0.30790191
6.33882536
1.83056765
10.68750000
5.83939606
20.12784727
22.24231050
5.71183289
27.66507217
13.24968029
3.45442874
13.57995014
2.61536236
1.01802582
7.99084442
12.46300865
1.71997506
1.64941406
14.33504211
4.60611813
3.09204288
7.23046875
11.60066711
8.57364805
6.50492464
1.85103363
3.05423981
1.11665739
11.04789339
23.55996185
7.15883608
0.08150737
6.24039672
1.54850343
19.34561946
13.74108046
10.03439383
15.46439606
8.53189938
2.17020847
4.07031250
8.10554743
8.17667664
5.27502659
23.11763519
0.56583680
0.04050266
4.07902039
0.48315430
7.03906250
1.91519393
5.96717087
6.19185394
9.94404810
6.21731827
3.21066212
8.87320922
7.22892398
14.88303359
3.21702348
10.31070922
2.55647828
4.83593750
14.77921321
0.73250554
17.17443817
9.96183289
2.96484375
17.57633422
2.45145722
19.14607602
2.80660128
11.49133145
17.51721347
13.02127771
2.43424811
14.94290670
1.36230967
20.41576463
6.27173537
6.95894379
15.80786071
5.00858489
8.96451906
9.52522828
4.72310394
9.14973626
11.01423759
5.35466201
9.57120789
2.76757812
4.22656250
0.00844574
18.41727505
2.51241245
4.32377106
27.13057403
6.44018617
15.13723516
5.62838984
3.71787506
12.14062500
3.44624723
16.77691277
2.24955729
18.48367133
15.45525293
11.37487700
3.91418550
22.93814938
2.81860289
2.94148991
21.95547651
9.51111369
5.42456366
1.00683594
7.60111481
6.71573914
5.74519836
4.25089539
0.89750152
4.90974291
12.47819592
11.15189606
5.85841535
1.60610371
13.35994072
9.65674202
2.54972351
13.28816711
10.08504211
2.01936890
8.81542969
2.31595856
15.35184287
7.89034463
1.78364833
16.69287234
10.72412234
4.56070922
0.05950959
5.94966644
8.88627106
7.23482269
0.02521759
13.34362700
17.47184203
2.83785128
2.66210938
16.95547651
7.90389849
7.58638519
10.91316711
7.39294216
12.68953679
0.26778168
17.54304743
14.48131982
4.27987256
10.17968750
2.02046723
6.07031250
7.38281250
0.87963182
0.57935256
16.02689606
6.69185394
1.53426086
3.31294769
17.96875000
8.58414672
1.09798094
7.39253878
12.95914672
26.93401598
-0.50298540
2.86763519
10.37694814
15.12638741
8.55439717
1.89343916
4.64798981
11.44877106
0.09090149
1.74243102
4.20287899
3.30505651
8.08939606
5.16886414
1.17480469
3.79642731
4.98233821
10.27982823
18.34940271
2.00561835
6.26012966
5.74422429
28.16324340
1.81766567
12.92737034
2.18554688
13.12043440
4.12777482
7.74173981
0.22489472
8.53035461
2.08052582
2.13521332
6.71215758
0.19755097
11.22965204
0.18001593
1.05643084
4.72697584
3.82897856
3.16373781
2.90820312
3.44413176
9.29573360
5.70740026
3.17923981
14.70658356
1.94425476
16.32226562
2.06445312
13.88354305
12.33093417
1.74593140
10.47904449
5.61328125
0.58821625
5.77734375
2.17578125
11.34972864
4.78552526
1.88041168
10.36104278
3.96659021
0.54049050
0.01997375
0.05224609
8.77492248
8.43404144
6.58666992
15.50142426
2.35697418
6.58894836
4.21573914
4.17537445
2.38867188
2.45507812
3.60937500
8.94531250
0.02280670
0.44067383
7.21529144
4.00195312
22.39886475
2.47220856
8.90970856
1.54972351
0.58935547
6.79687500
11.34785794
0.58479984
0.46822113
4.46561614
5.20454926
0.46211326
4.34899300
5.64843750
6.00345856
1.22408051
14.84212157
4.13415558
1.83312833
12.53637633
2.15421819
3.01032636
10.50725177
1.28267426
10.80814606
0.67838500
6.40804078
1.37544769
2.73046875
2.20499197
8.79659463
2.59423704
0.73478335
2.50976562
0.02928681
2.97521942
2.29431183
5.06250000
4.85652399
17.03897385
0.19983876
4.26671709
3.93221631
3.37227449
16.16841644
7.48591977
18.88394268
4.13750110
6.63972961
4.53796542
3.06640625
10.03458555
0.89021914
0.11334166
0.42334047
1.69726562
1.93412262
1.30415863
7.82938442
12.64741911
0.09692694
2.90283079
0.75659242
11.18147828
4.49609375
10.02591202
10.69283798
7.13130707
8.92968750
6.30122894
4.73828125
4.75390625
8.89754211
9.24592642
2.41288176
17.55302471
0.84964996
4.60982269
12.79650599
9.48335661
6.51310616
2.25431305
6.17097961
8.70056183
0.14701324
2.18619626
5.86185699
5.25927859
4.24442597
7.98950133
0.33028230
4.31738281
3.40189606
9.63191711
3.17570008
5.89491804
15.72668550
0.43603516
9.50808290
3.10609374
0.60104214
1.71008394
0.34733094
2.77705840
7.31416778
2.26949191
1.83174590
6.52132203
1.67081726
0.24125121
5.51330286
8.40751440
2.78995789
11.92784575
1.55497285
1.09240442
8.04199468
3.69274933
10.51908356
7.14017731
12.49894226
24.20461273
17.35088352
12.94698028
5.17647495
5.41194703
0.45996094
1.55879637
0.20377687
0.25154539
15.03625333
10.22460938
1.79951934
9.28399682
3.21721021
11.25754655
3.53330673
4.31929411
4.06351839
6.39497894
0.52655880
10.46382816
2.29674701
7.38076002
9.87784851
3.86246454
9.37972296
2.97097601
5.71450464
2.61372894
17.44339872
5.00337863
2.19604056
2.36015237
3.82076019
4.10156250
2.65625000
1.40917969
1.23881012
1.04269347
7.01005097
9.40270280
1.86157912
8.75614472
1.10351562
8.46875000
6.54899047
5.62288453
1.16902649
0.12618012
9.09032580
10.19222787
8.52779144
0.33178711
5.47084427
0.62658629
7.07722961
2.31611841
5.81761114
7.46093750
9.58247894
0.73697875
1.39729859
30.32059287
0.71261026
4.32080078
4.20800781
0.36478668
10.03125000
4.13191711
4.20792664
6.32287567
1.79679383
1.65714539
0.21651121
1.15112367
2.22310394
3.71333832
1.26810699
14.71093750
6.19217864
6.96138519
7.86132314
5.97339428
18.10631982
6.70740026
10.64497894
14.06864472
7.46138519
4.25948028
1.60921265
6.69576019
3.51526911
4.44255762
7.25390625
24.73787290
7.09700687
4.49637848
8.04690936
3.94572584
6.94241468
4.59965868
4.09724790
2.60286624
14.21112061
16.52807617
13.46785461
1.89497894
2.34615082
3.50781250
0.13146942
2.80218806
3.07521276
6.15567930
9.27192709
3.98991467
4.13761414
18.14216977
0.76501621
6.85440883
0.23384800
6.80182648
2.37495348
4.99495484
2.96789893
3.42981050
7.76150710
3.89474290
9.73437500
0.04524750
1.62011719
8.31506317
2.65557944
0.57139017
1.69107782
9.24422429
2.40743074
1.72167969
3.13867188
6.64156004
4.38594636
6.41796875
1.61600551
14.36051640
0.43544152
6.11332557
1.41992188
1.18770044
9.02470190
1.83256012
4.60982269
5.26037567
0.48474152
4.25321255
5.89868351
5.27062833
4.09779317
3.33398438
3.22416168
4.13849458
3.20374999
2.20267731
5.83007812
6.16015625
8.84720856
4.28995789
5.02254211
0.09226502
2.43119293
3.58504211
2.52201075
2.17737034
2.90323914
2.71773161
15.18370837
8.17187500
3.14933289
10.70405973
3.55330009
4.94336436
2.40669769
13.86629211
2.90836609
3.99804688
8.76155142
6.81921542
7.21342198
4.59208222
0.95796723
14.62845856
4.41406250
8.00345856
5.25044769
1.20149594
5.94030917
9.56445312
8.88281250
5.93859708
5.73718417
6.74511719
1.76769615
6.16101479
6.24609375
6.00691711
7.24698914
5.98002106
9.27623962
1.23881012
7.53002992
0.83251953
1.01562500
12.01467532
6.21969968
3.68847656
20.79765278
7.42171764
7.47753906
10.98033142
11.77909021
5.47949468
20.64420656
0.45255492
3.90218140
0.74755859
8.48347961
2.19781494
7.83984375
6.87500000
10.32954677
8.39476167
2.69380707
8.87890625
2.44335938
2.34875333
6.43640292
4.25390625
4.13972961
5.21573914
8.01562500
3.64387689
1.65299811
3.07572418
4.14920989
5.84342531
1.00000000
1.54154449
3.63496233
5.95007978
11.01306183
1.93562805
3.96720398
15.91796875
8.07812500
3.46289062
0.02317810
0.18600082
0.77490234
3.19742797
1.63265015
3.35782026
9.66516954
8.81253436
2.39885084
6.56403480
4.74455895
0.46069336
0.96248352
5.14933289
0.58406555
8.63505066
3.00427028
4.41642398
3.11657746
3.27966091
4.46853267
7.05122894
7.13627106
6.78125000
1.21724457
1.89773881
0.53585494
2.84781860
5.68688996
2.38317653
3.38440159
4.32076019
6.90734708
1.23254488
13.87333222
13.06494016
25.91792941
3.02689606
7.51216644
6.16707336
13.18994016
3.79923648
16.65189606
5.11283356
5.21183289
0.17968750
0.05433136
0.00858063
1.58081055
1.74812805
8.03169769
2.52148438
7.53035461
3.02087433
6.04528591
3.84533909
2.16210938
1.63292149
2.07040613
8.63204011
15.84492576
12.55774268
4.01530031
8.43404144
7.02632536
17.25443636
4.09765625
2.04169687
2.41240469
1.90787719
4.32063719
8.66508089
2.83329067
3.82536015
4.49348626
5.06901374
14.51639739
4.12813386
1.84863281
7.74414062
5.06250000
11.62498962
5.07401457
7.62902925
3.66649768
7.44873670
0.66214996
2.27929688
5.56250000
5.56685394
8.49951172
5.83256012
2.02779144
0.42016602
4.25781250
4.64798981
7.49955231
2.02831844
9.70503878
0.09134980
2.76021332
6.13902594
5.50985926
2.63755486
2.02846076
13.18322723
7.03995789
2.32812500
3.01997894
1.65136719
1.81355774
0.02460755
2.57473266
3.41647827
6.47463875
4.39450188
1.91324579
0.95296515
34.73382869
4.99273381
1.00976562
0.27924466
18.62062561
23.06685394
6.12455231
25.34251995
8.41093860
4.50915558
8.77254211
0.02579773
21.25821587
12.31120124
15.01037567
9.41495789
3.37637869
3.58903202
10.60616245
6.78137300
23.29137966
14.47054078
4.91386081
16.80957031
4.57031250
6.92598294
1.68082392
3.87561502
13.14220413
4.05221298
11.69620789
8.03125000
1.04243988
8.80484735
8.33337683
21.82763298
6.27771276
4.80090425
12.26037567
15.92879211
7.05487922
2.82235926
4.06411348
1.50469359
6.18461090
4.43359375
11.50500333
6.71581782
13.71924202
8.77087433
7.51037567
3.36808289
1.74308289
15.12299757
6.51494126
1.89872285
11.97180020
6.09265292
14.63777649
9.79431183
7.12890625
1.41023742
0.75093598
1.17329926
10.31379440
5.23971298
21.28100399
1.62915226
10.26334220
7.16846077
2.80379211
4.00524202
8.83886262
1.47147800
3.67069426
6.04699800
2.71618683
5.82604389
3.35124279
4.96919769
14.69530253
5.43706227
4.66451019
13.78548094
0.22355226
3.25015736
7.69688395
3.85184785
5.91752106
8.73058179
3.41350177
19.22798645
2.75374390
13.05033356
9.76127106
5.41707336
6.96126219
13.80552492
3.38460328
1.35396332
9.54755874
0.78365830
6.36043242
9.23619017
4.73268284
0.75146484
13.19617706
2.23425200
7.78829011
15.97745789
7.09541778
16.54510280
9.08886968
19.23234070
2.46553496
3.94966146
9.93298869
12.75688397
5.94554854
3.56596852
0.60595703
20.62447051
31.84350399
16.30627659
6.82409575
1.75345980
21.96464020
23.94775266
13.78137300
2.39139739
5.16072695
6.65932957
5.12973293
4.41060394
7.94000887
6.85837156
18.55549424
5.78071366
7.18576351
13.47802859
5.27779144
5.87890625
9.80277372
10.41790865
3.54191101
7.08548981
5.77042664
12.71634420
1.73722850
10.33634087
2.17928413
15.69921875
13.81941711
2.60441101
3.13102172
10.89241578
3.05228668
4.84263610
7.43962973
3.00179078
18.65930020
2.47351230
11.99145196
2.05399878
9.28286529
4.37728280
3.76713043
2.28291778
20.44666840
12.87561004
10.47054078
5.53023161
1.08793246
10.80765404
3.24943428
9.03881649
10.48795656
14.65498560
15.08272495
1.93888243
1.96806128
10.30814606
4.11877161
0.95829565
9.28396554
4.81731161
8.17712433
9.64920989
2.17590425
0.15002441
2.14371703
14.17802824
4.40632370
0.11711380
1.13590453
6.38259919
1.94185394
0.41113281
5.99254655
1.09986037
4.12168365
2.92952515
0.94189453
5.25594055
12.49117035
1.65376801
7.26028702
6.99459580
2.60742188
6.18240547
7.71048981
11.53035461
5.68103058
5.37455231
17.17438387
1.49598570
11.97466003
1.09619141
8.09854416
14.20491578
5.71358931
4.63236481
0.56241883
9.61818596
7.24900154
6.91406250
1.22299651
6.85176419
4.20125554
5.06570013
7.01619570
0.19580078
13.36453532
6.27698470
0.54296875
5.84764628
2.37500997
14.93648161
6.47518007
18.59549957
0.51652039
7.98649047
2.78649933
9.66060394
2.57617188
7.42187500
11.14575133
2.69079621
0.10351594
24.05715911
2.06180754
17.47859804
2.33984375
2.63582336
1.34855164
8.38448028
0.26078340
2.89713376
3.22395999
14.55468750
3.52151375
9.67335106
2.32226562
3.00262398
9.83850067
4.28266678
5.31437943
5.81205231
9.59887602
12.71350067
5.56832003
17.59143035
2.19555664
0.53063996
7.11840758
0.55883851
13.00602172
7.73571808
0.03758759
1.20552520
27.64823457
3.91308345
18.20682956
13.28637633
1.58231660
9.67838625
8.20603442
6.20817016
7.21228058
11.73091644
4.23046875
1.77050781
1.16959220
5.62927651
2.44531250
1.85103363
10.35937500
10.23783356
4.48828125
16.78742908
0.52454205
6.50512633
8.88159242
5.01908356
0.80175781
20.21191157
5.96567849
9.68058289
2.18766235
27.32690492
3.71065215
1.60477754
10.75757843
6.99820922
16.36271055
26.93249169
3.68379045
2.61699578
1.81933594
9.88627106
4.42708001
1.24426612
13.05873596
10.63613341
6.06864472
4.39107269
13.41779265
0.19433656
5.47045213
3.55298537
1.39213043
12.08833832
3.57092254
8.16060394
18.18117155
19.89819149
4.68485815
4.90279144
1.70161957
5.98375998
7.49829538
6.18314606
2.73331726
11.74475067
11.86734985
4.45670656
15.40013963
4.29761303
7.75537234
4.29732269
16.19531250
5.63928192
14.91304411
1.79097628
9.88093307
19.89985927
3.08684286
7.47664367
7.59573071
3.20682956
12.67187500
4.15039062
4.22701019
9.00948028
5.03580563
4.83752659
0.39868164
15.64168274
3.29662899
11.80822173
10.20650487
8.52433289
4.45389739
4.70926972
3.27237976
0.67777496
0.98872894
0.90287262
4.86482602
2.75671542
22.08784132
12.47661181
5.29073028
3.04821808
10.62154144
7.71529144
5.03125000
2.12890625
6.66088431
3.42114694
3.60111481
14.80981383
26.51158578
12.24950798
1.10922761
2.18750000
1.23510181
0.15405834
4.11482727
4.70792664
6.07678192
5.76671211
2.81434009
5.27112034
5.99487367
4.96484375
2.05667997
0.73775363
1.35156250
6.39998227
11.57433677
15.21757424
2.68208084
4.55233599
8.91451019
7.21313165
2.07007147
7.77638410
1.82473071
36.19531250
8.86568207
3.21875000
4.08158356
7.93404144
1.29169936
7.16435533
9.14453125
6.79642731
7.65279144
12.71921422
11.55403812
7.68786901
13.33841700
3.20589483
3.97355164
8.98834996
1.72454066
2.36523438
6.70019531
8.29715537
2.73604776
6.22912567
1.91149933
9.08788564
1.35840342
18.08275931
12.13855385
11.91067266
17.51733212
11.39515624
2.01021332
3.42678469
2.27589261
3.03951019
11.52689606
1.78718307
1.84953568
10.12935394
7.69250457
5.11718750
2.57946808
2.95507812
3.99324524
0.83345551
6.97599180
18.68049471
14.17968750
6.53169769
2.54101562
7.66361481
2.91451019
6.61238586
8.10245789
15.09036016
16.82271830
11.01225509
0.02471924
1.87890625
17.96004211
7.68839539
9.24446563
2.26049867
7.33158356
1.44173187
4.07031250
7.44262633
2.09012910
9.50040337
0.82088569
8.86372894
3.61779754
10.96675629
9.11693152
2.88998559
3.06774933
20.72522450
2.03154033
1.42968750
14.80897979
3.28496587
2.26496120
13.63593640
2.86642010
17.53567764
2.79159629
3.89888519
1.54386414
6.06205231
21.05415863
8.69489501
2.13267579
3.73890624
1.99353058
15.47310176
2.12374058
10.08292664
0.94409180
1.84179688
18.79463653
9.39741911
0.94519199
4.32857269
13.42968750
14.33634087
27.29948249
7.52644836
7.20658356
3.33426972
1.57519531
13.91796875
9.73642975
15.09277344
8.13716644
3.48002106
4.28401485
13.37870456
3.48571808
7.61238586
0.31018098
0.26094512
0.03776094
6.82268840
13.40932512
7.17488586
4.64298648
0.34053559
21.21875000
15.20046011
9.12907358
10.79431183
4.99764790
6.21717087
15.14062500
3.00668304
5.71255098
18.91939208
5.20702876
7.16650266
6.36812721
3.23046875
32.88627106
8.35591644
1.93261719
6.05155364
10.59297761
1.36914062
5.10883866
12.45170822
2.51472961
13.93839539
2.06128136
2.62176307
0.00953674
1.07649657
7.59504876
5.82346092
9.01306183
4.71365803
7.84794658
1.66682112
5.66561724
9.49480163
9.75480164
2.94022053
3.05543859
7.73840425
6.38460328
5.00301086
2.45792664
4.16092864
12.29524158
9.87931959
2.23632812
4.74955231
16.03605164
13.86181516
3.81201296
12.99218750
3.51346521
5.76688940
0.72652191
1.33052582
9.36327128
18.11272497
17.21752547
2.02705092
1.84245622
23.91752106
3.72257508
0.44164914
2.86100343
7.60681183
1.86702017
3.41422983
15.87155566
11.90417885
18.93774601
5.26171875
4.85591644
3.38582367
6.58894836
12.33247894
6.41752106
0.18863953
2.61718750
9.39062500
12.11873227
0.59179812
2.74503601
10.44441711
0.06919373
8.42988420
6.09151651
5.82824800
2.38317653
2.73311558
1.29008089
1.33748227
2.26367374
32.77201324
4.32076019
1.71146637
3.60876122
4.47033909
7.91931183
0.75447695
8.09891754
9.80122894
8.11629211
3.47094415
8.34245124
1.22753906
2.60351562
11.47566711
4.42879211
7.03125000
4.64933289
3.37699032
9.34029144
4.69095856
1.52530945
5.80033356
2.19335938
0.48531098
14.17911680
20.09822695
4.14062500
17.76334220
0.80208749
9.43481383
4.63940492
0.62402344
2.28226715
0.01127106
6.40926086
19.88134641
1.61023105
1.67089844
7.76012966
11.83752659
7.69095856
16.84106134
5.34590979
0.08099365
5.06689453
17.35624114
11.99051972
3.02831782
1.92960882
14.43570922
7.53336547
4.14811281
7.35009641
0.56250125
16.31270169
19.34130984
9.77958222
0.25252258
10.43404144
4.95462794
4.55416112
7.44877106
1.48616329
6.13647274
12.59573250
10.64829011
2.41992188
8.37935394
6.10156250
0.27392422
2.32267398
6.29296875
18.61104278
16.60793061
4.16585328
10.87570190
1.18745692
6.49100178
10.00623337
3.40173371
1.98077393
7.93614944
3.48670212
5.49955231
5.26057735
4.29065159
5.99641844
0.66076754
0.24466949
1.07934508
5.77152496
6.02465758
1.00191378
5.70747894
10.74898161
16.10956672
0.87192043
12.41662567
0.42102082
10.37129544
4.69640958
0.98014655
8.10066711
2.30220551
3.24955231
3.00301086
1.76989777
12.03067930
0.56791293
15.19527067
7.40323914
2.57043550
11.99462766
5.32645722
6.48290891
7.88126773
2.01350953
5.20703125
5.83459442
4.06261802
1.58716256
17.56786103
3.92187500
15.08939606
0.77290614
0.06347905
3.38138824
1.35013824
4.14933289
9.70133422
2.21272828
12.53470856
1.81001801
13.05545989
10.92419216
3.64534796
3.58984375
12.23351957
3.94274933
7.69409242
0.50878906
1.27689543
7.13549867
5.59029144
9.17976867
11.89920989
7.02823914
3.07930574
2.34765625
5.71446477
11.82264461
3.41512024
2.65128601
8.21439606
8.48091644
7.37857159
1.16244403
9.76774047
14.81148161
4.61609042
5.57889739
7.30244903
12.95068484
0.10369873
0.94205563
2.07747562
13.90970856
1.73535156
10.74975399
8.01933200
11.59631317
7.90279144
9.59989472
17.00000000
8.46773161
4.21586214
0.83349609
5.47912567
4.51306183
4.91483489
3.45430574
1.06400543
5.96215758
4.89107269
9.37768617
3.54507924
6.30985815
3.39913120
11.48811890
0.55175781
1.89086914
6.98225766
3.52490359
5.71183289
1.71875000
0.81787109
2.93459096
0.51804576
13.05033356
4.22265625
0.88736938
2.56473847
4.42952391
3.49381593
9.72387633
16.77587766
15.20633755
1.77437721
6.27734375
6.28906250
1.70507812
13.38614805
10.60229554
5.64196808
7.62622008
2.44213929
2.51757812
10.33422789
8.84554078
4.50524933
19.86088043
12.10894150
0.03677480
8.08337433
6.26204344
10.26485261
0.82315915
4.65905917
1.10050476
1.07234680
4.89497894
14.65029699
8.62480828
7.81700984
11.12492257
10.10338764
15.37313428
6.68750000
0.79809477
3.98737673
3.89338487
2.13050033
1.19433594
11.66216313
4.78270167
2.87752133
9.20593417
15.61946282
3.72916999
12.97566711
6.46907469
17.55391511
5.30725067
5.62768617
0.64408356
4.56294769
11.34007979
1.70874833
1.01074219
3.15926086
4.73482269
13.06070922
10.81368012
15.86055076
7.77315713
6.57108489
5.81652925
10.67484154
2.65088264
9.58247894
7.95332669
1.23807956
2.79101562
16.77343750
1.93607574
1.58931488
18.20825133
0.75663301
8.34260860
6.90348515
7.89453125
10.14831450
12.81111757
18.42419216
4.40002659
16.17264739
3.14135804
12.81673094
2.48209718
16.94185394
7.54252106
3.34375000
9.42622894
3.63822418
1.64107269
2.76806516
5.36377078
1.79642731
11.69006317
3.86364715
6.07344636
6.53125000
0.75537109
9.28498892
5.47794991
1.88267766
5.15540890
10.29252106
8.98347961
9.26680076
2.79788343
11.52615803
14.66562721
8.98347961
11.90566933
1.37134973
3.27343750
3.71360622
8.64283909
2.43359375
2.54089262
5.49576906
14.00207115
18.72615913
2.58622285
9.41983821
5.75549534
18.57763298
17.25740913
12.11808289
8.56892509
2.44910073
6.90376552
5.35840093
4.75726619
2.59384862
9.71142454
6.81217531
10.60847961
9.82556183
3.63252715
2.69694093
13.28816711
12.89220413
6.38051973
2.25506759
8.65791778
4.29329344
6.44596437
3.60876496
8.00866357
6.65523659
1.29508422
24.43540223
3.27148438
7.38146942
9.62040005
0.25004308
21.88354492
2.60697418
6.26863586
2.62243683
3.89213043
0.05221558
17.12096078
9.44106921
5.94978945
5.45926972
13.77062833
1.61487034
13.54870014
4.95129986
1.61328125
10.19102727
3.73341090
7.75870789
16.84582115
7.04871010
1.52681488
9.97041778
12.83593750
1.33329316
8.62845856
8.02466996
15.87292885
2.93851839
7.40946255
3.82491245
2.45210661
2.27949856
21.79282566
5.45670656
10.22566711
0.36360719
1.57128906
12.75654810
9.63602505
4.17293772
3.12394226
7.09977172
15.07714096
9.81437943
0.22420258
12.44547485
22.32348072
1.50252881
13.01818817
2.18733765
15.69238032
14.59659353
2.27112533
5.59419769
3.07377106
0.06264252
3.59916168
13.91662567
4.52590703
8.94654255
2.00272925
7.50524933
3.13024933
2.94246399
2.20987976
11.69706207
8.47684287
4.92940713
2.13191711
15.59537345
7.62967864
2.12785350
6.66821227
7.16646332
7.47265625
14.85835661
2.12239749
1.45178192
8.94803303
3.16419049
1.83007812
11.67240138
0.82173925
5.66540665
13.43314606
16.57198028
4.12768617
6.17097961
3.13297485
16.59891069
5.97754654
13.65881317
14.47399933
6.85412567
0.93343140
10.56673094
8.35663454
2.98288452
12.08402372
4.95657359
22.94821032
14.27494542
7.38598571
2.67801972
4.79919465
3.41601562
15.03710938
6.60111481
17.26358821
10.99632979
5.87334219
10.80725067
0.06955994
5.18367243
3.56091589
12.12457275
0.23908344
9.44274933
8.68685062
9.71158688
10.42378878
3.95116191
4.66061391
14.48527039
7.02779144
3.64257812
10.77440160
4.55380208
10.13139073
18.77241911
12.38383089
1.21423371
6.91889850
6.49907025
15.24463866
9.48514739
7.91406250
5.72940603
4.73254986
18.35045546
0.63497728
6.94864805
0.13525266
6.14209109
5.59838867
15.27136230
2.86478668
16.27331450
8.02791445
20.28576629
15.24308289
24.02148438
9.67968750
10.29308179
13.96853835
12.69834081
11.40563871
11.02205507
8.58593750
0.97428344
9.79162567
3.99568540
2.27697972
7.95925976
5.35279255
1.19087738
7.41922568
6.16589760
13.28694703
6.23746454
1.84216589
6.51509613
2.04492188
4.27555297
0.15588410
9.40791030
4.63168107
13.85542443
1.30074440
3.08007812
3.40401153
0.22538301
17.32945812
1.86194813
1.57128906
9.89973626
7.41579899
2.66448581
3.91902649
1.71496084
13.35689799
8.71081450
3.29008089
2.96679688
5.14453125
5.15384918
10.22130341
8.62845856
9.22919438
8.73495567
2.39977560
13.26328138
1.35087129
10.73237257
16.66004228
9.73318834
13.99919326
13.43871572
3.36560339
6.78104831
2.55452515
3.81835938
10.18501801
2.00390625
3.50736481
6.36405364
1.40299562
2.56054688
11.01127106
0.34716735
4.67500886
5.93269836
2.70792664
4.56640625
11.43904477
7.38806059
2.21102116
3.94811669
2.39368018
6.20747894
1.28230774
1.54386414
5.93501552
1.87357823
6.40059231
1.81185062
7.06583555
1.12024019
9.58247894
3.83972075
5.13333888
3.12805518
11.82377106
4.55603058
2.05676114
5.30704898
4.90669769
4.42097961
7.95019926
8.55135195
13.29073028
9.73795656
2.89062500
3.79471521
10.22090979
7.11328125
6.42968750
15.48720483
6.58842198
5.67561392
0.61410045
2.39453125
8.58491911
11.19441711
0.83744293
9.44633089
12.20300200
6.62166445
7.12276153
10.12064606
0.40177492
0.33325195
3.48242188
16.79592532
1.56637688
0.40625249
3.97281860
1.57645349
6.02514960
8.34899933
0.09116639
1.06549072
1.86914062
9.97041778
11.57722961
10.03560394
0.92850801
12.31104035
3.32421875
5.65234375
12.80839020
5.23144531
6.52946991
2.92773438
12.38448028
10.98820008
4.85367797
3.37618074
3.27929688
0.32519531
0.37967926
7.33911133
3.82124848
3.18945312
5.65612700
4.69454011
1.74601258
3.50585938
7.64709442
0.54211457
9.14887523
5.52690602
3.44877106
2.16605497
0.20416659
7.54687500
12.61706024
6.26761747
5.14209109
6.75264496
4.57979278
6.57165558
2.77823914
8.73783356
8.99731383
3.49145446
3.25960328
8.19018617
15.27526887
16.86348294
16.37089206
2.22896332
10.55814606
13.77420989
0.94343681
1.51082834
10.54687500
7.54036126
4.51298315
2.97505707
5.66752106
0.13220246
4.54162567
20.48872894
7.30802305
0.23706179
4.41064329
7.12422761
9.06855608
1.45516677
8.26127106
4.09765625
0.09729004
4.01997894
5.10839844
0.83744293
4.51281583
0.13757480
4.82421875
3.24849457
7.28125000
4.51517731
1.63158993
0.04122105
1.13236481
5.44180962
1.78715370
1.42480469
1.98506372
13.85396394
1.82295933
6.26216644
8.22310394
6.51594969
0.93469332
12.72681359
10.63061835
0.60151880
0.48315741
2.66210938
6.71590149
13.18937195
3.18961547
9.95056183
0.74947113
11.61795989
6.12032136
18.41168213
11.93367243
13.10752599
4.09553559
0.18644195
9.89318817
2.08373587
6.55928745
3.31437444
7.28861481
2.11612976
5.98347961
0.05837006
0.94331879
8.41234043
8.60674312
4.00435394
2.22237090
3.33426972
4.62833555
3.51965425
10.69185394
8.04252106
0.79341644
4.97265625
10.10306793
5.28169769
10.33939606
9.66592199
0.20952570
10.46435547
1.84667969
6.56640625
6.28861481
5.93013519
9.09765625
1.87516235
1.36755402
12.61539672
1.06473847
3.18900543
5.43013519
0.16686949
0.07348695
9.38012633
7.63468258
3.48596409
14.25781250
7.59676086
5.89802852
6.40169437
2.11356660
2.08292664
2.75500333
0.21179355
3.26562500
5.97867797
12.14933289
2.98917664
5.17187500
15.22656250
0.46634918
1.71048981
4.28995789
0.62894684
11.26562500
4.12520169
11.99243351
12.50390625
7.96830231
0.23349912
0.47680477
0.40019019
0.01472473
14.33235594
3.92936281
10.29675200
6.99788453
1.70048066
3.01969360
0.15181519
9.88239916
3.08590314
11.14029938
7.68696366
4.61035904
5.48437500
1.44213867
9.88281250
2.80350178
14.32450908
14.22338431
7.20719858
0.24951141
3.08772828
3.59488642
5.35237921
4.59765625
10.20735594
11.55342310
2.67342475
2.40173371
11.60937500
1.21862700
0.25402925
0.91943359
5.20825133
1.49564668
4.68359375
7.18826242
8.87814383
19.29243988
3.64257812
6.32721964
22.77177471
8.28239140
1.42142980
8.64843750
4.44620291
14.11616911
2.06307568
8.62154144
0.44632965
2.24849457
3.89981993
7.36462433
0.31978426
4.58805297
2.88983766
7.43755429
5.19197695
0.21887207
11.86706450
0.02758883
6.36576324
9.67329677
1.69653507
0.43969789
4.52148438
2.16662567
3.90173371
10.88521758
0.97013243
14.32312167
3.98693817
2.00809785
2.32963043
9.60156250
0.72594997
1.74528202
3.70011414
5.68261719
2.83548981
5.04150266
4.18160128
0.02336121
0.27349698
9.17814273
9.03755707
12.88281250
0.04120880
4.42533356
20.62500000
11.39298523
15.60156250
0.45910551
1.93712600
1.50049700
1.34863281
4.20624890
6.78939716
0.62398285
12.00105275
0.73405467
0.54699676
10.14152039
0.24922668
0.08056672
13.57275266
6.67395113
5.13582336
3.69400377
0.95960189
8.11283356
9.40962738
4.12109375
1.81152344
10.14754211
7.18133534
5.41061391
0.42164145
3.70507812
1.07994505
5.47623781
9.06160461
10.38960661
0.70711367
14.87568374
4.09005540
2.18945312
7.58638519
7.64798981
22.61372894
1.17578125
10.04252106
4.45546654
3.37701240
5.26863586
2.46919769
11.14497894
1.50781250
18.45544216
2.70324800
6.69978945
2.30362976
8.36975067
0.04929596
8.81774933
2.06644559
1.03751773
10.50976562
5.60058594
5.32421875
3.62304688
4.37231383
0.02569642
1.18536377
14.51908356
3.11568207
4.11234527
8.85066711
13.21816933
7.34176750
0.82429992
12.37271720
12.16199135
1.07165558
9.36975067
17.55554106
2.77295046
11.49027372
18.64679080
1.96264462
0.78780308
4.52339318
0.76078651
13.83718197
6.32688053
1.81205231
6.26371122
2.80420046
14.59126801
4.23046875
1.91503906
7.00019172
1.12781914
9.50524933
2.25931793
2.12914728
12.12524601
2.13232546
6.60343196
2.08060948
8.15311614
6.59252992
22.43990082
0.92777496
3.54687500
8.54984154
1.62443428
4.17187500
7.25992797
4.68118296
14.98312367
9.03590425
1.21822113
6.38671875
0.03796387
11.32812500
3.93314606
0.03639740
1.73750637
2.25325687
3.88777649
8.75256317
7.90848847
15.04106109
2.82405640
17.37398161
4.79633367
4.39413785
0.19775391
11.50652816
2.85931626
3.91646332
11.09375000
2.92277039
4.21495679
1.46082446
15.50195312
6.29296875
4.23347961
3.51652039
0.64453000
0.95316683
7.15820188
3.48238253
11.74820922
0.65804078
2.27449524
12.42968750
1.89518063
0.87487949
17.29508422
7.21228058
10.50089539
4.42277039
7.24238919
3.49739749
10.07377106
7.71048981
6.06384308
3.84134918
6.36783688
10.35722019
11.80456450
5.56652925
2.16380216
1.15581851
6.45703125
4.70312500
5.34240692
0.02510621
1.86132812
5.63924008
8.82133089
6.43103058
0.76670837
2.38236481
17.84631317
3.63220246
1.04829926
8.95812833
7.24109042
11.61283356
4.94966644
3.24971465
4.37019836
3.78047761
4.32421875
12.25991800
1.19426473
14.15942321
5.32299867
5.80613221
8.80379211
11.39550532
9.34834995
0.66377840
8.61718750
6.48514739
8.18469083
1.90543827
11.87154144
0.16564941
7.11726618
2.77771276
1.00976562
6.17207669
14.13704344
4.83227726
5.61161347
4.99161680
3.93582724
15.08712322
6.66770787
11.12244182
9.41650266
3.19287234
0.06357818
4.82051419
12.84745456
7.88281250
2.24580840
20.88159242
13.12845856
7.35502106
13.19701463
1.13155806
13.44140625
5.69185394
2.26908356
4.13537567
8.91829344
2.34086214
7.18424313
2.33772953
6.67427582
4.51127106
5.05033356
8.64542664
5.67187500
6.90535461
20.27856383
3.22623781
8.83789062
4.35156250
4.16796875
3.16331450
4.85186280
14.68558622
0.49992007
12.89396055
2.73254488
8.87935394
4.81461547
12.68298371
9.87154144
12.46996170
0.33972137
0.05037476
5.96386719
2.79882812
16.73107879
34.84370817
16.07999820
4.48392731
0.82421875
3.73091644
0.28540039
2.06815520
10.29283578
5.87147024
4.70459109
12.91573090
12.64408356
28.02193207
4.16015625
2.63476562
8.02343750
9.99564606
14.96507979
2.79859208
12.93802638
10.61320257
7.48870850
1.11381012
6.02465758
12.38895722
1.45287899
8.61897828
2.38606937
7.95718830
6.79834109
4.99190713
16.99385528
7.36022607
15.76176307
5.47399933
2.45043883
7.13643340
8.80175532
5.00606604
9.10502106
0.92557832
3.88191711
7.21964539
0.28979492
0.10320464
5.57506982
5.12158577
10.52087433
1.14693207
11.44188830
6.05036791
3.48040004
1.99804688
10.94392821
13.58426723
9.03161901
11.13867188
13.81929411
1.58793246
9.65189606
7.82569926
1.69773824
9.39920989
6.69108156
1.37402344
3.50585938
8.08504211
1.05558289
4.28515625
10.14279164
6.60050975
6.05814606
12.25000000
3.44848571
0.68774476
14.55407497
12.98067044
6.71623116
18.01997894
10.53912291
4.91158051
5.64632203
14.26562500
3.30068654
6.50345856
5.75781250
0.68843598
8.28470856
17.16060394
4.23828125
9.05379211
7.07653591
1.28344913
2.20117188
0.36604859
10.07096188
7.74198581
1.32324219
7.89362589
6.03996786
22.57173427
