0.11271055
18.62557070
11.34720856
7.66897095
11.77689606
1.44868988
7.91796875
1.00573730
4.05969083
1.64982242
0.74751801
9.86694149
4.91776706
7.80712766
9.47066378
0.09204102
1.71289062
0.03304535
20.24335480
2.59871399
7.24609375
10.07389281
0.62231508
19.13573970
16.63541501
9.68978280
0.14693207
1.17871094
2.84090149
9.71875000
3.47355164
9.10502106
4.65625000
3.23950133
0.58386262
1.64746094
0.18672730
5.22611481
9.12500000
2.88277191
3.90580231
1.85982269
11.38627106
1.17329926
10.92244414
2.16825410
0.97900391
0.91703277
3.52209442
1.68831422
1.66992188
1.46500049
2.84237256
17.03637633
37.99492432
22.87394226
2.05814606
0.67232269
5.33939606
0.03175873
3.43554688
15.11193817
5.91987257
9.16357048
3.65093195
1.76989777
5.65401153
6.18929078
2.85819426
2.59733156
4.59765625
5.94481051
7.56690824
12.67187500
2.65669271
0.23686198
19.04199219
7.48325799
0.06557014
11.07626539
11.15087766
14.54472755
12.96432734
8.61717606
0.91046005
9.18916778
6.72701019
1.18583222
7.04854278
0.81425019
2.27750610
5.27644836
4.38549867
8.36193817
1.58097351
8.32888742
2.39031028
6.19811420
29.72478047
2.51070534
3.17818207
12.82417443
5.15840979
0.35677125
0.98636871
12.24438477
5.37991852
2.67672548
3.08362284
12.53515625
7.03125000
7.88321338
9.67984486
6.33395500
7.47119016
1.29235871
7.98885195
5.66796875
6.61124446
9.37926797
8.65970856
5.12589539
1.55228668
6.13582336
6.44470246
16.79313110
0.23348023
0.16153699
3.30509585
2.52494293
7.73905364
1.06901125
9.01908356
13.17333112
0.19918689
14.87503934
2.23689882
10.03796662
4.87935394
0.76025391
0.02122498
5.46830231
5.27217310
1.87866522
0.73246246
13.16406250
14.27583832
7.81250000
4.44140625
2.41406250
14.71858267
6.35128213
9.08056516
2.12389545
9.84383865
2.77343750
0.19567871
9.65189606
0.36035156
4.47086547
1.40881317
2.19844636
3.06266235
1.08036347
0.73242188
10.33458787
12.73515486
6.47656250
3.08789062
0.53328430
6.40714539
6.43404144
6.98258422
2.22237090
0.02649019
6.02420989
2.53393617
17.47542110
5.99971714
11.68611508
23.50145612
0.81873587
29.28609223
2.25585938
11.70661791
4.09326795
0.81430406
0.39921736
1.09712738
12.12025710
17.79185227
0.13745117
6.32177734
2.32710661
4.05525820
2.30122894
5.01313930
0.00902557
1.29829926
11.63940243
11.98290891
4.52905585
10.84016844
1.09147218
5.30891418
0.22806793
6.40279144
15.44408245
6.49899157
5.09598847
12.12845856
1.66353363
1.12597656
9.99438165
7.11108710
8.52343750
17.03666168
1.14298399
2.16223238
1.81144226
0.90820188
0.37207156
0.84375000
18.74367611
6.90238807
3.75998226
3.95943207
2.23828125
6.36283356
0.50589996
1.38326019
0.38081879
4.21048981
0.11541748
0.28413910
10.24315845
14.04390846
3.54817874
2.72896332
9.88972961
2.92277039
1.09765625
13.03125000
7.48457669
3.48006040
2.44763464
2.27132203
5.79296875
2.09960938
0.69287109
11.70312500
1.36295407
3.63020999
0.74902344
11.10502106
0.88533383
5.41687167
9.72508644
1.61251883
0.87679078
6.01171875
4.25691711
6.80167664
0.89746094
2.21529144
0.62890625
0.02357483
4.72656250
3.08007812
7.61461437
4.16272938
1.52783203
0.49670317
2.93957613
0.18298340
1.73144531
3.46875000
1.26953125
10.42462988
6.46493240
0.11287913
1.33772267
9.20553080
0.86787871
6.15458222
7.10546875
4.98783356
1.05851258
4.84720856
6.72208555
4.45023714
1.58101286
0.08646761
3.45117188
1.53710938
15.28535794
3.58036472
0.56254059
8.71439606
0.10056580
3.34960938
12.23258422
0.68977906
1.24023438
6.56070922
11.63679743
4.13798315
6.31294769
4.44486481
0.36812348
2.62577009
0.61411790
0.16800996
11.40189606
2.24068207
1.21020072
3.59692819
11.93750000
0.18359313
0.34765687
11.54502350
7.96582031
7.70800781
4.50899691
3.58398438
2.45703125
7.38236481
0.03410858
19.47749225
10.45967310
1.22299091
11.09264420
12.72306959
1.62129793
6.97509766
1.52990692
11.50105889
4.15625000
11.13281250
3.35937500
3.55273438
8.90535461
5.18244737
10.74360927
2.67054188
0.09747314
7.91662567
7.81250000
11.17712433
0.81933594
2.67773438
1.65580231
7.93859708
11.00744349
10.76099069
1.39993545
3.99016068
2.01562500
3.93261719
1.85644531
1.84179688
4.39746094
6.19486481
12.86478668
14.94742797
3.07861390
4.56640625
5.92678968
1.20211657
6.57767731
0.68306488
10.27689606
1.44779449
0.36564148
7.29296875
2.38671875
7.21394836
0.19934082
0.04325379
0.18741852
4.68111176
1.33398438
6.43750000
25.22420102
4.83785128
8.90157074
16.66752106
2.44771332
15.70043883
6.01831117
1.64160156
11.12756317
0.19299348
0.33711699
7.59208222
5.44140625
4.98046875
4.39062500
2.77457392
4.58842198
2.80106660
12.23999023
9.00345856
2.65474457
10.24987700
5.26204344
4.39928358
9.22807291
5.58488475
0.11494965
0.29840088
4.16406250
10.87035572
18.49434729
11.58618351
2.87263104
2.18348071
10.36462433
3.24263519
6.97374959
4.54102061
5.61462433
6.52164672
6.16149933
3.41752106
3.72159851
19.53035461
7.96113919
1.02616550
6.66060394
0.01170868
5.97851562
9.14843750
0.11191803
15.90189606
1.45703125
8.22656250
18.32767232
3.30758034
2.87496066
6.24609375
2.31294769
6.45975178
6.62048869
7.49043108
2.31995345
0.94531250
16.42675532
5.81034519
3.74432486
13.26564494
0.25601009
1.48319675
8.60640473
12.34731162
0.39833443
6.78637508
1.87239749
2.79040558
9.81160461
1.39445008
0.22245270
1.80432098
10.81429078
0.44067383
0.00398636
0.85791016
1.16841836
0.72596243
1.76253297
10.22220856
6.92622894
1.39257812
4.13236481
4.73482269
5.20312500
5.87324856
7.67423648
0.99316406
1.82120789
14.12487700
25.07710661
5.68819370
3.17081726
7.12219083
3.59174757
1.54778036
4.07857125
23.37904473
2.24662511
3.33353668
12.02689606
2.15458222
10.10912899
3.45939273
6.31774933
3.31009918
4.21183289
16.56123560
8.33882785
12.49548496
1.23091644
2.09134918
7.68794769
8.39408356
0.92578125
0.01878357
0.96724457
10.31424957
12.75512633
7.21008145
1.60856327
11.18839539
0.01058197
1.83060699
17.42232269
0.84183746
15.02876801
6.36391069
0.49306349
7.44215870
1.25946087
0.69596032
5.85449468
6.51485261
2.00781250
0.97851562
17.01847689
14.81677277
11.17879211
14.52921321
1.89852116
12.91499225
8.09973736
0.11226441
1.84427887
26.98817138
10.17769005
2.21126717
1.62703430
11.29777039
0.05000824
3.03710938
6.18660461
0.15238465
1.86523438
14.04252106
19.53783744
7.00997229
13.81005984
19.18272275
16.27177969
7.68221631
0.31216181
9.77982823
2.61958832
9.20914672
12.81904810
3.56783300
6.94889406
0.66992188
9.22220856
0.44759094
0.55492821
0.61767952
1.68900543
2.88326019
1.17089844
9.91316711
11.19685727
1.29622562
0.31958008
9.84375000
4.90705674
0.61540420
0.08697510
6.72265625
0.54321310
1.16780765
2.53100897
14.08593750
2.10982269
8.92341977
11.04097628
0.68062348
7.19827904
3.21578346
1.57324219
9.55545989
4.12422761
1.94824219
8.86181516
7.66898714
1.99287934
6.72342864
0.67647371
3.45658356
8.17956450
1.28963320
2.04492188
5.48677520
2.87980922
6.55550421
4.27343750
5.58984375
6.07031250
0.76235044
1.49003767
4.86763519
3.55513519
9.36718750
0.05218475
3.51696808
1.31250000
0.40283203
0.00486374
9.92187500
0.44482422
0.54052734
2.25049069
4.21431737
7.81110422
1.90722656
11.89843750
13.67508755
2.55643894
0.09139008
2.72220856
0.74316406
2.91137633
1.73307375
3.79492188
10.09375000
5.06640625
5.10066711
2.88174978
3.39258311
14.34850732
4.41711768
0.24938965
2.93418884
3.47596741
6.57185727
0.09977359
13.88590484
5.37365442
5.02502659
5.80993683
5.58772828
2.47611481
9.38281250
7.84407469
0.56848238
1.07421875
5.95222961
0.25048797
8.61897828
10.23482269
18.74429993
2.74767395
10.73860594
2.88248781
8.14485594
3.80045656
1.13802000
0.13016847
5.02558733
4.11283356
5.25086103
5.76359070
7.30859375
2.88326019
5.77689606
0.05257172
0.53470856
13.59617022
0.48586103
0.97066254
10.53230275
18.26122175
5.36918993
3.20161957
12.02587766
3.19482546
10.36527372
7.16695285
5.46484375
12.89550532
3.35014073
0.20568785
5.96752992
5.29341644
2.37259918
5.11283356
0.09507264
9.95646055
15.09728724
1.81539284
16.17899380
2.07011081
2.79927582
1.54243988
12.51269531
11.61644947
14.20988475
1.72102906
15.09016875
4.64241578
1.87207031
12.11527148
8.28513631
1.90504986
11.91060394
17.46199524
4.60245789
1.32164935
1.78573193
1.22318512
1.12943512
1.59171570
12.86193817
8.75166778
0.41768465
7.85982269
5.37247244
2.65808510
7.52266511
8.50691711
4.48302195
6.13115469
2.41947418
3.01997894
4.38671875
5.27465758
10.82574907
0.85992432
0.85937500
6.62109375
0.38183594
3.72851562
2.94155884
4.54687500
1.33300781
1.89062500
2.34375000
13.55814606
8.92879211
1.60852663
0.75754210
0.96093750
3.68208832
13.24564606
6.43200466
1.41023991
4.16433788
5.61442203
2.78463486
6.21228058
20.88085938
16.80904144
1.02982574
13.06617114
4.13277814
6.64485594
12.36641511
1.17285156
0.18892426
12.96492492
5.20209664
7.11508200
3.65938386
2.03365082
2.78755707
4.25390625
0.05035400
3.03640072
0.89133366
9.22362035
0.68848902
1.27107415
9.15495124
5.23437500
10.53461991
2.24813552
-0.00438553
17.02880745
3.30616356
15.38281250
12.52575466
1.98791722
2.10847961
5.54431183
6.19441711
15.99550141
17.69441711
22.71444453
1.40617132
2.00390625
8.33414672
0.08540894
8.35482249
0.85438164
8.30693968
1.50199496
3.13431793
4.50435394
8.67968750
14.32377106
0.07727051
13.72310394
2.00638824
14.10156250
8.19877106
0.23697937
15.01092643
9.66485482
0.12475586
0.23920685
1.65434784
1.19246399
5.23917664
5.67923981
5.48168883
4.74833222
5.00435394
5.42578125
3.74414062
0.00975556
3.80955287
3.68414006
13.63249134
19.89429022
2.19478612
4.53906250
9.81685394
4.61405364
5.09297761
2.82076019
3.80664062
9.92008422
0.45784547
1.69531250
17.67919797
20.18912345
1.82467143
9.59375000
2.79040558
0.87158203
6.45255430
15.93920213
4.54920212
1.28462738
9.41849762
6.86372894
11.85656583
12.32824800
1.88798066
12.73425200
1.42049257
0.61641325
0.12516390
0.38427734
3.89160156
4.34330231
3.76411957
17.38727948
7.65568927
0.76660156
10.19095856
1.20454926
19.91227172
12.12082023
6.66664560
5.10546875
16.02762412
32.00911126
10.38725509
6.77522828
13.23783356
1.91841644
13.83850067
9.26371122
0.10901035
34.90535461
4.38582336
2.89046265
8.79634613
2.31445312
1.27033478
11.34106383
3.84297761
14.64859486
1.55994182
13.58833832
3.91316711
22.95730604
11.04931516
0.59603529
16.82812500
7.55814606
16.00435394
5.40384918
3.44576019
21.24129211
15.32156943
3.44849069
1.57792082
4.04874446
7.87101507
6.34989472
4.27827973
8.30814606
2.60156250
4.80904144
22.00492578
2.44914007
12.81404477
6.43756871
1.84258421
2.90429688
16.17573661
2.97554909
26.07872009
2.06776429
11.36791992
3.46919769
3.99804688
3.54793274
3.16105164
3.41752106
4.42533356
8.47202129
8.06826129
1.13248781
1.28417969
9.00691711
4.78560394
4.70747894
17.90958555
18.40665337
10.52412124
16.56311752
8.77164672
1.55810671
16.49820922
12.43147828
8.73746454
2.28011358
4.42934786
2.32260527
1.33007812
13.87759752
7.22005873
18.76896055
8.30814606
8.04789339
4.44921875
0.13793945
15.04418883
1.53775502
1.02889600
4.48437500
6.29296875
0.40551758
3.94437216
9.65161569
16.14192376
15.43416445
2.21146886
3.72265625
7.38838653
5.12500000
6.89676972
0.06285583
2.33727342
4.44950908
2.69300534
2.88187777
9.80814606
7.47701019
1.16699219
2.55619293
0.98482269
0.19335938
2.74804688
10.03906250
11.03906250
0.49780273
8.43225067
3.70585051
2.23946199
13.13130707
1.06001801
1.36079926
9.90449358
2.96074080
3.77539062
15.09375000
0.43579102
0.23917633
7.24511220
12.91459635
1.24385528
1.73457918
6.96048981
7.03906250
24.21516844
5.81083222
3.42126496
1.18652344
16.42907817
9.20944702
1.88344746
4.11372894
6.90039062
12.53498144
1.87960992
3.87006788
12.67973681
2.91406250
0.93672637
7.83719194
5.11287674
5.18526153
18.40112367
3.42142731
6.58686725
4.67094525
6.01190299
2.62579232
12.53033323
3.45894503
17.28656805
8.43826242
3.91579454
3.61523438
13.96862700
9.74129211
6.17635195
4.58048150
13.47668800
4.82857269
5.85259531
6.48769613
1.19669493
1.84314058
10.45357269
0.73388672
8.31782802
3.88040171
2.38006503
14.13191711
3.64542664
8.85156250
19.75691711
11.16227172
2.79760804
1.90722656
1.94933344
4.11862920
2.09375000
34.27394892
4.34909795
12.20902372
8.65380984
2.72619099
3.18449412
5.24007643
7.34370568
8.82772163
0.86511137
1.14510195
7.10156250
5.65926086
1.45987727
0.11084234
16.45229832
17.60672319
1.93617685
10.77433289
2.63822418
0.58268001
3.07084386
12.27847518
10.56482712
9.18660461
1.69042969
0.58923371
2.53080231
1.86665863
5.89440825
0.10815523
1.37943512
6.16226798
9.34603280
13.13142509
16.97629189
3.87695312
1.33886719
10.76074219
2.72513824
4.83785004
2.30468750
4.61718750
14.73160018
21.80310837
6.16279436
6.34221021
2.89127438
6.54801640
0.03307586
0.90726715
4.58097351
3.12500000
0.06359863
2.79056793
5.69331879
13.55033356
0.63102172
6.70703125
2.61604859
15.33984375
11.83593750
1.25923676
1.51171875
3.40339152
2.56397107
2.30021553
3.89994293
0.13690123
3.47070312
2.01757750
12.76818817
19.10550809
10.76093043
0.82548565
5.49173981
14.11404367
13.86679130
6.56494141
8.59134420
4.27629100
4.71048981
11.33150238
13.70898438
11.65189606
0.68131469
7.52176972
0.78238455
5.52619986
6.30546985
11.54483821
2.81303136
10.74917332
6.96028812
4.05571586
2.15474457
7.56403480
1.60588707
2.27929688
1.57963043
3.07617188
8.39139739
5.59342531
4.29687500
5.23437500
1.71308733
25.29667639
13.51127106
1.20853668
10.69966644
4.69966644
11.38281250
1.67187500
13.20735594
7.01428192
5.90387855
2.83061945
7.46529144
1.27974457
10.02331450
14.53038897
3.91504654
0.15649414
3.99055907
0.05411867
2.88085938
7.52249903
5.67871343
3.15039062
3.19335938
9.13756982
1.54264655
1.39249695
10.22696805
3.81734347
7.83203125
1.22363281
0.55810547
7.76407026
5.18034685
3.39347351
8.67879211
0.81904934
15.10920892
23.13528891
7.59745456
5.69274933
4.37500000
9.41601562
9.49218750
0.17789703
8.86990803
0.49984264
7.60681183
0.35038238
4.84073914
4.24609375
0.01757675
5.07076019
0.54150391
7.06054688
7.26953125
0.52636719
7.44115526
4.89238142
8.91752106
11.74849213
2.14408356
2.76021332
7.64195812
11.26025266
11.65593528
0.25309234
2.05558289
21.98371506
9.16949358
3.22849622
15.72452571
21.94584386
11.93830268
8.28214539
5.90502494
4.23716604
11.46553745
1.72611481
10.20800781
9.17187500
7.21529144
4.07421875
1.39201666
0.32101617
5.42622894
2.60396332
4.61718750
4.55883478
3.02124335
12.70544216
8.81571255
9.73567376
1.37553634
7.26953125
5.14664672
9.35575410
15.81023921
4.54980718
1.17460051
4.51696808
15.70837433
0.86910004
12.14289783
11.45438940
6.63318151
0.45214844
2.98437500
0.16459106
0.05043580
0.13610840
3.27371288
1.73995899
6.25646942
6.06730164
6.04581384
5.93921210
3.10445160
10.07018451
7.88782330
13.20357269
6.65991024
2.05854943
8.10703044
4.42277039
18.20568817
5.03605164
14.42533356
8.92919548
5.38810616
6.04117797
1.95141290
16.31376440
0.33943726
3.76802582
8.07454344
4.80000886
12.05635528
5.96655336
1.21830231
14.86975067
1.45003297
0.37792969
6.96459774
3.66235538
5.78600732
5.86926114
7.37638741
9.50012300
5.21056849
1.80159796
6.88158245
7.56217531
0.19348986
6.63716644
5.59375000
7.97912567
2.79040558
0.23315430
2.95906306
13.58732366
28.75776672
5.42338043
14.57425311
8.73645611
10.77176972
2.62109375
7.12359265
16.76373115
21.53281916
13.10123917
13.34810394
8.92366578
2.58593750
13.51623504
5.69778122
4.61954898
2.65820312
9.27103668
8.58491911
13.83105593
15.14017731
0.73824066
5.94006317
1.12048371
0.94531250
8.33524380
10.27864749
5.94230164
3.07466644
4.85502268
3.70787787
11.63281250
4.15148926
5.93652344
12.02856383
2.49051972
0.87691005
5.42187749
7.47460938
4.91707336
4.05904144
15.99167554
21.94582446
8.15514545
6.66524822
8.26997894
2.77607935
2.48458167
5.28503325
1.88391207
18.64282470
4.44966644
12.04101562
3.45780364
1.41870179
1.61568207
4.71004211
2.08683289
16.00500333
20.94616357
2.33008311
3.78470856
14.42789672
8.31753768
7.32923204
1.13867188
3.56650787
0.77681488
6.10502106
3.52583832
0.34570312
10.79296875
7.30277372
2.29816971
3.55323138
1.99902344
10.15087766
0.28637820
19.96695922
1.08939356
5.48897495
3.69778292
13.46875000
4.24609375
5.02693664
8.83535683
0.91163231
2.77449524
15.20312500
10.05558289
0.01572662
13.12154144
0.32080078
10.83939606
3.75105774
2.24548371
2.03128934
3.04292941
2.48046875
11.06342975
1.64555463
0.97021484
9.74002771
11.97151485
17.40815372
6.53564827
2.32812500
5.73135417
6.39214040
12.30033356
10.55256206
14.52894032
5.56738281
4.18705231
5.11328125
10.90779477
3.95202792
0.99902344
5.36672984
3.98804521
0.89717808
2.79342895
15.13988697
19.84086214
5.40246530
7.25390625
1.53320312
6.13838653
3.31624390
7.51863586
6.31896942
1.04077211
8.45303635
0.16906583
3.07072085
6.22265625
7.36673981
21.42024158
6.01379986
1.49361176
13.77148438
3.07181793
3.13012633
8.56172761
6.88671875
13.94095856
0.30830902
5.73828125
6.56078790
2.72798925
1.55257203
4.15669769
15.52408688
14.38216312
5.62500000
0.04183960
4.71875000
12.03458555
21.75011927
0.95414589
4.09419769
5.76953125
3.97851562
18.20621454
3.79769171
6.25044769
17.16210938
16.59082031
0.57625305
8.96390404
0.87585854
0.93408203
8.96728298
22.26985594
6.23685948
3.59592744
8.10937500
16.38960661
0.65429812
3.39017731
10.76562500
2.68910600
12.36309950
12.23783356
6.08203125
0.27095551
23.95161459
1.01322916
0.60351562
16.75825023
2.50151540
11.35410573
3.43495677
9.94531250
7.83972075
6.04642731
3.31111757
2.45507439
2.41650764
15.98311060
10.83284796
13.78381317
2.13610871
15.31781006
6.88716644
3.85412567
2.96423371
0.11730957
3.45502776
1.90625000
4.73002106
8.64204926
10.85156250
5.64798981
9.39766262
13.79728367
11.37544769
3.41796875
3.33007812
2.84765625
3.55395508
1.99173981
2.26997894
5.92968750
10.99609375
7.72220856
6.69531250
3.95328735
10.86811911
14.05774393
4.32722961
16.64318817
14.66674867
7.40401153
2.53544160
7.21875000
9.93663897
32.37621527
10.84119788
17.63521278
10.41173093
2.41818539
2.36763519
21.58861869
7.88944924
3.85111481
7.14107269
4.21484375
4.26607269
13.94506649
13.99633976
3.70853668
0.47017426
4.10111481
10.68660461
2.09676086
2.11462433
0.87398285
16.11698208
1.21500859
2.36088043
4.60937500
0.02709961
14.70868906
14.97099844
0.47776523
0.10193089
11.83226729
6.06265736
1.77800808
10.84810394
3.48632812
1.96431488
5.69380209
3.28817209
11.19095856
0.24422149
0.55684480
7.11718750
1.70507812
4.14754211
3.51414894
4.87346520
3.38081505
5.82772163
13.20091091
1.94406803
12.09720856
3.10021942
5.78214539
2.50646942
2.65653535
3.17203735
2.80879294
8.55082557
2.87618074
15.61286791
3.51273714
4.51803080
4.14676972
13.60156250
3.83789062
8.25781250
0.10496002
6.90926086
6.33292664
2.51233811
0.62545460
3.98901928
3.35005707
16.83837766
10.83349734
16.07812500
0.57177734
6.47940603
4.75887522
10.48311060
1.93912843
0.10290745
5.87097075
1.62669621
1.53325742
7.24597075
1.20564882
1.92187500
8.60066711
13.66434162
7.49036236
11.34106383
4.80301972
6.11283356
7.64152039
9.19877106
10.68208832
0.02612305
1.10839844
5.62890625
0.13549805
2.62845856
11.74654144
0.68151855
11.65535461
0.36584442
1.29919465
6.08638519
5.64798981
0.46451844
2.88085938
3.08744293
5.64497894
8.65091202
5.72481604
9.80005319
0.56591797
5.22220856
2.90356383
0.02767000
2.51953125
0.00200081
1.08349609
10.25781250
11.18660461
0.77001953
1.99503601
11.06941711
1.37516235
2.12137910
5.45357269
4.89876219
11.07735261
13.63748117
2.76335715
12.32177734
1.62605774
0.09226502
3.68446920
19.92014350
7.07267398
1.53869598
6.67712433
5.10534325
16.85071143
4.47676419
2.14868351
4.89281915
3.66337378
9.90445922
2.87723847
9.64652372
2.99560671
3.89497894
4.49035240
8.18542885
20.32615692
11.47661679
1.48892315
2.95927969
1.42435699
5.02493296
2.64543661
13.00763520
6.96505914
7.55717198
16.23693817
8.46708222
0.82080078
0.01285892
0.02641815
0.04611206
6.96439606
10.25435394
12.18314606
8.40702239
13.15832115
7.26322916
12.14062500
12.84570312
9.00345856
7.93013519
2.15429688
14.30664062
11.01562500
0.47941039
4.95100953
5.61718750
5.49315160
8.36622340
1.04785156
6.59548649
2.44357601
11.10782026
8.73885943
5.30423981
0.80318207
0.48750113
9.05440713
0.91064453
8.90189606
0.52551176
1.86974568
3.80074689
1.21191406
0.19669586
4.33068817
2.19274933
8.24564606
1.11027039
1.07865387
1.85396332
0.88037109
4.18314606
1.04837918
6.12736148
9.16406250
2.51863586
9.32120789
0.02520752
11.65189606
0.87625817
4.23262854
10.98565155
3.36404865
5.58321697
3.53605164
11.07381164
5.22806295
5.15955119
4.95605220
6.44299534
2.50826019
3.20943207
16.38889557
0.05222596
5.10367797
0.68945312
4.12634308
7.62154144
3.60351562
5.15625000
9.52396388
4.12819677
1.78763824
9.32466644
0.13588440
4.92232269
4.31551086
0.26477082
15.59720856
6.80904144
6.60323028
2.05497285
6.41316711
3.93839539
9.76908356
6.49702848
17.64306765
12.42879211
4.61417664
2.06640625
8.71004211
1.01428192
4.10725953
6.53906250
6.32421875
3.75691711
18.46618683
0.07067871
5.55468750
2.03515625
3.34212157
1.21557679
5.78605164
4.68200466
8.09924534
0.59228516
2.00800048
3.72686280
3.86328125
1.73730469
0.00167179
2.30411711
17.40323914
0.12235566
4.13281250
2.27632536
4.54353945
1.05025238
12.78369016
1.23584109
1.00785309
10.54687500
6.55814606
0.17716492
6.74955231
8.36088043
5.30423981
7.92521055
1.58500277
4.47086547
5.64286347
4.69380707
1.01574676
3.69425476
4.98002106
1.68652344
2.16886414
1.67045074
3.86715884
5.73639737
1.03763824
0.26855313
2.38110538
1.32846765
2.73608710
11.62320922
9.41872214
0.56864597
3.46512910
3.35892731
12.38716644
0.04504395
0.17065367
6.68192597
0.01870728
1.43892426
0.83105469
0.01957703
4.76562500
2.45616772
5.14698138
3.40714539
0.47875977
5.04642731
3.23950133
4.84688386
2.52343750
7.73749391
3.47584441
7.08548981
6.40639739
2.29912843
11.81595856
1.08150238
7.82230497
1.81441378
7.60937500
1.34728973
12.19327571
6.79244237
14.12064606
0.01424164
0.99609375
5.90351951
0.86112893
15.16760223
0.11987336
1.30957031
16.98305755
0.09869385
7.61193817
0.88386432
1.22840010
10.60502106
3.30232353
20.71325466
1.77446088
6.95568817
0.90120484
2.40234375
11.54838043
7.81250000
2.55708832
1.90332031
5.37500000
15.55468750
6.58548981
0.02464813
2.02697723
2.29040558
0.74755859
2.45764129
0.04064973
15.56282095
10.95194924
11.71295197
12.09285461
1.04899047
1.58622285
2.58833832
14.90355885
4.50285350
2.46423371
1.40136719
9.41752106
3.51367188
8.64664672
8.84165892
4.80120456
3.33052582
0.35188688
4.16853945
11.98437500
1.59765625
1.99263519
8.44397211
0.96582031
0.09159332
0.26070160
3.88236481
3.61523438
5.47928303
4.26872326
5.01953125
0.05280548
0.14534516
9.75781250
16.65262004
9.57401706
0.78206422
4.30423981
5.23950133
9.73034325
7.84322362
2.84069980
17.38012633
13.98693817
8.61987367
4.10636414
1.30415863
9.30293108
5.33769392
0.65283203
16.88040670
13.97111148
5.80383643
11.81250000
0.54239930
6.96740692
2.44640958
4.50805851
0.91699219
17.84985289
7.84989472
7.21919769
1.64941157
7.33105718
8.49218750
4.00262451
8.11193817
5.09525574
19.98375998
4.44246897
12.64408356
4.87935394
0.32128906
7.31546021
6.25390625
4.15493774
10.98242188
5.11328125
16.21695922
8.60335328
3.13537317
18.33842198
0.64827515
5.21964290
6.87658909
3.01411957
1.38822418
5.93404144
2.26188110
8.72054078
11.00345856
6.84195922
0.55273313
0.20951511
1.28576629
2.91149933
0.61381012
35.31131926
15.52887855
13.59555262
9.91918883
9.83744044
6.87972296
0.31237762
4.48872894
12.90714539
3.60513908
10.79854776
5.16015625
1.79785156
20.24051910
9.63130209
7.41467752
4.61417664
0.67964691
2.00248199
1.41939301
2.25345856
13.18713099
4.78617464
5.51888187
3.00634641
4.13472628
0.32470703
0.05640655
1.99654144
2.51953125
0.21895324
1.19673676
8.75781250
1.83247894
13.26383422
1.47957336
0.41381898
13.49253658
7.14808842
17.69559037
5.83153923
5.48124550
12.17280475
13.93221631
4.45357269
5.82588653
0.81225648
16.17101397
3.26533965
3.35376662
14.44681824
14.12141844
22.46647218
9.21093750
0.03860474
3.92533356
4.06392426
4.68750000
1.70336852
1.51831117
18.06363922
2.39986176
8.10156250
1.87402344
5.56613532
6.77175531
2.87500000
8.75345856
6.45951075
19.76705175
9.86258755
7.63216312
1.44405059
1.73547457
7.71004211
1.40425504
1.07124972
1.94238281
2.73628380
1.58215675
7.73917664
0.47558594
5.95422208
6.30749667
9.06250000
6.51082336
0.82413758
5.16181406
11.61162344
0.65307617
1.37064606
11.38716644
2.06445312
17.35066711
19.19888955
0.26572860
4.67622894
0.97265625
11.27164672
13.44927749
7.83722184
6.97566711
10.11152420
5.16325576
3.42606660
13.87410461
5.35847961
10.12333222
0.86059508
0.17553773
11.94531250
10.10111481
11.73693817
2.69222047
2.74670379
3.41886414
6.66707336
14.27164672
12.24450466
10.46598515
5.90535461
0.91390015
3.02722075
5.20548648
7.83247894
4.30033356
6.28336547
4.82645722
15.67777372
1.32739196
10.32522718
8.60726950
8.45491578
2.49218750
1.95996094
12.03470856
0.87231383
2.54414949
5.27180408
0.58854748
4.15299064
2.90763741
8.05244903
8.50704011
2.87890625
4.02860317
2.32100620
3.41592199
5.97816156
1.61763519
8.85066711
6.76652039
3.82031250
22.16686918
10.67203236
19.68314606
6.53512189
9.29630181
6.39022163
2.52884918
8.52343750
1.23820008
17.73351334
19.43669326
2.11568207
1.45019531
4.32575355
6.39254875
3.32137024
7.30212433
0.05606079
9.23002106
13.49206450
1.81766816
10.61718750
1.09061614
13.69425570
1.19042969
0.93212891
7.04252106
6.06225399
1.04561558
5.31294769
1.01074219
14.44006317
7.91860837
7.77600067
0.03013154
8.96762085
18.54583740
4.04980469
14.00244016
9.91943484
6.21048981
1.60493988
2.56070922
0.96179230
0.01006317
10.62044250
9.52466941
10.59836252
3.36718750
14.97041778
12.06083222
4.56640625
10.08223294
4.97200687
7.87154144
14.08593750
3.79296875
2.73588043
4.79207336
9.25150543
10.68839539
2.46529144
8.66841644
2.33654754
1.85192902
6.72912567
2.85485871
16.74564606
2.14888519
1.06054688
10.29943817
1.46813996
13.91546433
0.75445755
13.76171875
3.33694966
4.61959330
8.43314606
0.85575161
11.86743351
6.66707336
4.79386414
3.70792664
7.37109375
3.69700466
0.16485233
10.19966644
15.21581782
9.99768284
0.15918000
8.57091756
8.27287178
5.67334109
6.06270169
2.21159031
1.90669769
12.72477172
8.90608765
2.79296875
15.16983821
5.92781804
2.58593750
6.94742797
3.35391650
16.21337766
21.45839872
4.67629321
2.48242188
0.80094391
1.02290863
11.67573693
2.36918495
12.73783356
5.03145044
5.82975890
4.06205231
6.09765625
5.99609375
15.42700133
1.65405336
8.81685394
2.28861481
19.25000000
5.63454899
15.04131344
7.47650178
18.66528258
11.36206117
3.87239341
4.62459040
7.39522154
4.21573914
0.55045344
5.00614472
2.33378269
3.99751738
4.51281583
3.36983433
7.87109375
9.07812500
1.83703613
3.03186004
8.10335328
4.19140625
0.00744629
1.27058400
4.19727061
7.02042664
14.80744238
7.06320367
6.53560394
11.34962878
3.44573581
3.94938608
4.13928192
0.15051332
0.31665039
1.71365356
11.25195312
2.94514517
8.43376108
6.28515625
5.23738586
1.24287871
0.92993226
3.34419769
1.43945312
4.88423427
4.43998448
19.62478835
6.81356272
0.74870124
5.14590371
3.07915336
1.43457031
11.49860262
3.97315824
10.63627106
2.81640625
0.13562043
6.45703125
5.83413675
2.49398825
0.73978668
4.61486038
7.92810837
5.85546875
9.24616994
6.31144725
1.14790863
4.90702239
4.31819703
0.62019836
2.10771550
0.94030793
1.47070312
0.61608887
0.36132812
3.26907359
2.14995290
1.92496703
3.05932679
6.04296875
4.64274047
3.92171265
11.79280142
5.22282358
3.91166168
8.40892620
15.36104278
8.17579122
0.70902496
3.16406250
3.10786459
0.40625498
6.19518950
7.44665185
2.74101174
3.28755707
9.48437500
1.07714844
20.90140404
3.36767952
10.79341644
0.83792872
9.16955784
10.21570756
5.31250000
14.66255209
0.24027995
16.08479610
12.43038120
4.16841644
0.99169922
7.70312500
3.43554688
0.89408356
8.97007315
2.69150736
0.80179840
4.93013519
12.42968750
0.59863281
13.82633422
7.50768950
0.77290988
10.61718750
2.79056793
9.64920989
3.10770162
12.64368018
14.39701573
3.76216644
12.09696255
0.61446324
8.80967712
20.40827682
1.30266068
8.86283356
4.64497894
12.64057071
7.66322140
1.94185394
6.45332669
2.33402372
5.38106604
0.79443359
1.71081325
5.80493351
7.63024933
13.51362257
3.13481493
2.46484375
2.87280273
2.52929688
5.45703125
1.18338833
1.19653507
12.40970856
10.85245789
2.69352172
1.67757203
11.25386193
6.51875886
0.17073858
8.91558733
0.86521497
10.63918719
2.82088818
4.76607269
11.62064606
1.18945312
6.77343750
10.80944482
3.69010749
2.44352172
12.30647828
2.85636414
7.94531250
2.52343750
0.00353050
1.63281250
6.48387301
0.68950742
2.85447296
6.20123115
1.51420074
2.58292664
11.08593750
2.90234375
1.77290365
2.45072916
15.12500000
5.73046875
11.62002791
4.97543107
1.56640625
12.40189606
3.79536957
2.02734375
8.06630763
5.37119237
1.55957031
4.02099609
10.37406402
17.90132536
5.47367464
10.53906250
3.32425809
14.18070589
18.41540558
5.40429688
3.15961838
0.12683234
9.64575133
6.59867464
0.07643646
3.62890625
7.97443706
3.30583638
2.64904754
6.93884308
0.71118102
1.82006898
17.64318817
8.05000637
8.33707890
3.29882812
1.71728516
2.34134918
2.04882812
10.53079234
6.58639516
2.16841644
0.33009639
0.02775273
17.36527496
5.84309688
11.85502324
18.17480220
8.81197362
6.93750000
7.05468750
0.00559235
10.61718750
1.80371094
16.56379876
2.40299811
0.17618805
2.81791168
0.58052582
7.68794769
8.01256982
7.27649268
7.17716887
1.88488863
1.91894531
21.58837766
13.32974845
6.85095744
7.59965557
2.28384742
8.65972849
1.53149352
2.84102449
3.06250000
7.28515625
1.74316406
10.02254211
0.09427918
0.00490952
0.10857298
2.11145113
3.19486481
5.99654144
3.64111204
6.85302859
0.76416016
1.06445188
4.11865359
7.52734375
12.57071587
1.19446143
6.87109375
2.07661957
8.83955342
10.24984264
12.13627106
2.58878601
1.37064606
9.81673094
13.66149933
0.73836242
1.27408937
0.49511719
18.23079344
8.54458722
6.35100177
4.47790558
8.46708222
14.69327820
3.18611259
0.46427803
1.13183594
16.04209775
4.81344968
2.57023382
10.83504211
2.78605164
4.16221100
21.18133749
15.87719522
11.39497894
1.71777344
1.65677887
16.71588653
2.72946032
9.47306959
2.66752106
12.34883637
10.42761230
5.87890625
11.32185727
4.87736148
6.71580785
3.09669215
7.31454468
15.57738697
7.60384655
6.56147662
2.69678357
16.58593750
8.09810394
0.01176453
1.26269531
7.75301086
8.06339539
8.94531250
2.03805718
2.56060615
6.29296875
0.79296875
0.13659668
0.21219879
2.86252328
2.25421652
6.81294769
7.59427887
4.12694565
2.67766068
7.59570312
12.42968750
6.03668213
6.78111703
1.68958610
1.63183594
1.33158356
3.19004915
0.68753436
16.49459330
8.38818484
2.69486481
11.78893950
1.14074800
1.47505707
10.63232048
8.69747229
10.70536347
5.56595856
3.92251441
1.27129266
1.03808594
3.89062500
1.45466790
2.67208167
5.28125000
11.40970856
2.73331726
2.71020446
3.88549867
17.29687500
0.90429688
1.00585938
8.14843750
0.11511230
2.77148438
11.58402372
0.28316378
2.76547797
0.43266027
8.59663910
2.32137024
13.23091644
2.07857269
0.20410156
1.82067653
4.47424534
9.08121454
0.72510015
1.71858765
1.47143173
9.72220856
1.30415863
4.85412567
0.06799348
6.97793994
0.03573193
2.79106244
4.99464760
5.08984375
8.58068817
6.70446808
5.83984375
0.04179870
1.01993836
0.48054992
9.50089539
1.23046875
8.00278924
6.83314826
0.45483398
4.04296875
0.01004028
7.89062500
1.68078084
2.02673869
11.62845856
8.53714872
6.66207003
8.31685394
8.08939606
7.55772514
5.60339760
7.49564606
3.66267634
12.28507757
3.36958832
0.00244713
15.31791168
6.80078125
2.82812500
1.35786957
7.73002106
6.18314606
3.06339539
0.05973785
1.45011414
1.59615082
15.14062500
11.99450466
0.40206089
1.90376801
7.66349180
4.78617464
0.85937500
4.09375000
6.84211658
0.10710217
6.21093750
7.95780364
12.38361924
4.65812943
3.62650543
4.28181322
6.43801527
3.80078125
16.48437500
3.09045379
2.63960661
4.51798648
11.89408356
2.40865082
0.66943359
7.09375000
0.94815977
2.08064882
11.50577571
4.70080784
8.26997894
12.29687500
0.94531250
9.60233489
1.67891511
3.64041708
2.97237588
3.80875111
1.14535045
0.96093750
9.83158356
3.90868518
0.30270002
1.70019531
3.77652206
6.68201462
1.09126801
0.21679688
1.42382812
11.51127106
8.57621122
9.18595523
1.33609735
9.72078679
1.16772523
8.45658356
13.33504211
0.86100094
1.12817570
9.10502106
7.33850098
9.37202973
6.25435394
2.71740692
14.91060394
0.80851258
4.30468750
4.13117908
1.25997479
5.73046875
4.89843750
2.93013519
0.00299072
0.62939453
0.00927734
3.51171875
7.12455231
6.58776264
12.14810023
10.90380984
9.82031250
4.51977539
2.48783356
1.59472656
6.29031694
6.48356826
2.83939606
1.39123504
6.41931183
0.38570160
0.82625305
0.69230164
0.26098633
3.38280752
10.44710328
2.35368295
3.88281250
10.32018950
10.40201906
10.45096521
13.53340979
2.30708832
1.23002106
11.72753906
0.91597504
17.53018728
2.59045877
9.39062500
0.87369626
3.29622562
10.57031250
14.02319149
13.84464539
1.82206394
0.07403564
1.27832031
0.58988434
6.36315825
1.46455591
4.24748116
14.80975954
5.12428191
1.38732879
3.28454621
7.62007536
9.26664339
7.26517731
5.37544769
5.59452239
0.71708222
1.14640320
11.37845856
5.78169769
0.92826324
13.88716644
8.62211090
6.47131317
2.83699524
9.21732637
6.96919769
0.02585846
5.44620727
2.79063913
1.36447196
10.19525821
2.01222074
11.14424092
2.73156707
4.69649822
3.36690215
4.35424867
2.26953125
10.72656250
0.68098875
1.97233156
12.46606383
6.15502992
1.78222656
4.62500000
2.56791168
4.01980165
37.63298980
4.28125000
2.48437500
4.96048981
16.97304588
10.47415670
5.53690271
6.71639849
1.42480469
7.08894836
2.34659851
4.20283591
18.48888631
4.08569772
23.84455674
12.20377438
8.94442459
4.29545323
7.02600067
12.60602097
3.59127548
3.37064606
2.67036957
4.00061004
2.18644226
2.21529144
11.71439606
1.89298274
3.92219243
7.69441711
8.98860594
8.28702571
5.31254432
1.89213043
10.38085875
13.66678801
3.06876773
7.02164672
11.22499635
2.71289062
2.54642731
7.27519650
1.58203125
13.17637634
4.42553524
6.11865359
6.64428524
1.05078374
0.71777344
9.87129544
19.80403812
9.84720856
3.42667664
15.52228053
0.63822667
0.92183192
6.50940159
0.48234070
7.99137079
23.21464206
3.93807070
11.99564606
2.24894226
0.45336914
4.06264739
0.64002991
8.62829590
5.84419769
0.37963867
9.74206387
8.75722353
2.51395722
10.42944149
5.10180851
14.26464844
4.21093750
5.71830231
41.50594055
4.39332549
5.08426972
8.28727172
6.07979278
16.67069488
5.88651457
12.11975067
10.07084536
3.01501496
6.89676972
2.08007812
3.32767731
6.79585661
5.14363586
0.71871066
3.37544769
14.09813830
6.00154477
1.85734818
0.59818512
10.69576019
17.56835595
8.59501440
2.86311890
9.17842310
2.37178745
3.13064274
2.92852171
1.91894531
21.73250305
9.53226590
2.40124667
10.16471188
10.28751773
3.51652039
5.40625000
23.74564606
3.92818207
9.39640071
6.85018007
5.30179964
0.76411957
9.50976064
16.20361702
3.76123171
8.77689606
1.56099457
15.78100399
10.93872257
2.45507812
15.71146388
6.24467198
1.15519226
13.42906998
3.41716201
0.68359375
9.44819039
9.14339982
11.68530585
4.61930297
4.35087129
4.92923981
3.17862976
15.58756469
8.25345856
0.97489472
0.42797852
4.76908356
8.50466867
7.40723404
6.84440436
11.53808594
5.48437500
7.38671875
8.59102013
3.53385749
2.44234098
8.93595523
17.59499022
1.20137605
5.81160461
4.68225067
0.69165101
7.63102172
1.16198263
2.65963237
5.26171875
8.96594083
8.30814606
8.86820589
11.70825133
10.46875000
3.96834414
7.74173981
4.49654144
9.82979278
2.25376704
2.72409795
7.37544769
8.52779144
7.49519836
9.02988698
2.24835216
8.43225098
18.43509918
7.55904144
2.65039062
12.98151153
4.51413452
19.13867188
2.03230774
12.81339539
17.96667138
3.12219581
7.25390625
17.98311309
1.48229139
3.10926196
12.82889739
8.98677582
3.66630097
14.21512785
12.57645722
8.61071808
7.99564606
0.76314301
6.79528591
14.25565271
6.13265514
0.50927734
12.05716949
11.14106273
3.18360372
2.38671875
10.94726562
11.33009116
6.35461270
2.04862644
9.43212641
5.06197362
0.55029297
8.37845856
4.08984375
1.21138519
8.63398826
18.58574026
13.51273913
18.15873199
0.41451019
0.48559570
19.03914642
2.27929688
4.12890625
8.22687722
1.68132590
10.11677665
2.45060616
13.17561392
9.73576272
4.05993683
3.97611481
8.96875000
10.29267385
1.81250498
5.62154144
1.18457031
8.19346743
6.76311613
7.51607269
9.06852172
5.47566773
1.57226562
6.03727172
0.82449818
1.45866467
7.32242797
1.09997590
4.70576186
17.99280252
2.92297706
0.93896484
5.66752106
13.81595856
3.50817840
3.75712129
3.63867188
7.08939606
9.08158356
6.14754211
7.28799961
1.31548647
1.92773438
8.06392177
1.97709386
4.20361328
5.37500000
1.72851562
14.77863254
2.43889239
2.25513131
10.69685727
3.12150210
4.77734375
6.67923981
11.68404144
9.19531250
1.05371094
21.18501552
7.98980608
3.97227282
13.59195922
0.36918121
5.23400599
14.09379432
23.86303524
18.69787598
8.08618351
0.74906402
3.67138298
9.28430518
17.23771055
11.50109708
13.18778037
3.28569259
7.69868988
3.81250000
1.28125000
16.40600586
0.91601562
0.19885254
10.00848389
0.63769531
0.13195801
10.28369141
0.86767578
0.18371582
5.54003906
2.63972961
1.00089539
0.52441406
8.91370790
22.75421964
5.74397828
1.66841644
3.59411278
13.27018561
11.62890625
7.17968750
9.72656250
13.16841644
11.67700133
0.89091035
1.50337738
14.03248015
5.45422208
0.57918523
11.23002106
14.97912567
12.10561614
3.61057069
3.53560394
10.95568817
12.37756317
0.38525453
3.25654560
10.02372783
10.05110594
3.64375886
12.89400238
2.98632812
8.44877106
9.09452239
0.15938386
14.27193207
4.96606383
12.88024933
13.19620789
0.26680512
23.08746233
17.34368627
7.00397496
6.39450686
3.13130707
7.81225399
8.08013599
0.28951767
17.81123560
6.98815825
2.59574745
2.72595246
5.41560727
6.18595523
3.15226009
10.57039616
3.94140625
5.90445922
0.56477906
18.13476562
6.11930297
2.71618683
14.17533356
0.25016297
14.01713043
1.38334137
10.45402039
16.08744293
4.98347961
0.26281769
11.61966700
7.72168218
8.00781250
4.27644338
7.68644725
2.39107269
7.12801086
6.35636414
9.26516724
2.45491173
3.27108100
2.96936004
14.48421265
5.25557403
15.90596465
4.84041445
21.64062500
20.88358489
3.28047761
3.43750000
8.11334996
2.09172816
0.85009766
13.06298828
13.62500000
0.52396637
13.06978363
10.74906402
9.79341644
3.00585938
8.57812500
1.39179951
5.56624889
15.13358489
16.72778258
14.50431460
19.41487423
7.96207890
13.98347961
10.40714539
10.27689606
9.73490138
12.68864140
21.02522454
6.04826241
2.23392731
15.45222961
9.95775931
0.92151346
4.83984375
9.50104278
1.05319702
11.81220489
5.39107269
16.52517399
15.45920101
9.70747894
2.07812500
9.72119016
1.43994265
0.59326172
8.13927195
0.74992880
3.37984223
1.06888824
6.93750000
8.40366745
0.26460785
2.26713043
24.31807403
3.54956117
4.01350330
9.77226174
3.37931460
12.73258422
4.85681183
1.74308289
6.92488586
4.01837988
1.92196863
2.77343750
12.92968750
16.03381317
9.34997590
1.52982574
7.29988586
1.56925476
0.35078949
5.41124336
20.40727774
13.56196864
6.65539893
7.48994903
5.15804078
3.77571532
1.03039644
6.49173981
9.16658539
1.07694488
17.14725676
11.47233156
4.70178192
2.37538686
2.93149822
1.31835938
11.18652344
4.63057403
1.70589234
8.39497894
0.30810547
19.31009918
2.66060394
8.52856383
8.05725067
5.64131497
8.06632757
3.66556793
13.58183670
20.04534320
6.06893506
2.75000000
0.07725006
16.36233342
10.85591644
0.89746094
11.78816711
28.66501663
1.50144669
1.84419769
15.71056849
2.43738073
4.45312500
6.90234375
0.40161133
7.75508201
2.80937112
6.46219194
7.61304396
4.39062500
8.34041196
1.95548648
11.32076019
12.74820922
11.33772828
13.54349762
11.39497894
5.60111481
2.57678192
1.50081422
13.44994681
8.92956699
16.80070257
0.26411957
4.38802943
11.77078124
9.57722961
6.41789007
6.59464539
8.63463764
3.07674756
12.35502106
6.04642731
1.28019226
18.35953236
11.34705119
23.45552582
18.02030364
12.47867797
2.31412843
11.27433289
1.13033051
14.26562500
0.64528858
3.46167553
22.65454102
8.66739805
1.56359957
17.18867825
5.88261081
1.61568207
14.73335661
3.97269808
8.13191711
9.32006649
9.02331450
3.17269171
13.85518340
0.23852601
18.27107602
5.75974569
0.79685560
10.94990996
11.60835661
0.27958347
14.08035351
7.42309508
7.01315298
6.76953125
8.48437500
0.95117188
8.45658356
0.37276215
1.94531250
19.66670621
1.52836214
6.30078125
11.33789062
2.81445312
2.00976562
16.60965973
17.25390625
7.68794769
0.58662871
17.91760254
10.16239472
9.10502106
8.51908356
3.20861038
1.39144669
4.59029144
4.05859375
0.41076629
-0.00106780
4.42187500
2.77591949
14.78560394
0.14660645
9.59362700
3.75305020
3.05957280
1.69531250
6.82759115
6.89950022
8.59375000
10.09041352
15.11539672
14.41931183
3.28861481
6.64933289
18.49173981
10.82287567
9.87243683
3.35262024
0.91703277
5.82210328
8.10221188
0.80306156
9.02651707
0.47445949
2.30859375
5.40791778
6.13386899
9.26033726
6.88671875
10.28275543
14.76818817
9.22721188
6.63350620
25.74157559
0.22542110
3.60075077
18.26309619
0.48788037
1.39941406
18.88138824
5.36328125
8.04687500
13.83068817
3.61043274
4.34846798
7.50248448
6.40759308
4.65771484
7.10546875
16.24238919
14.62900912
5.36987367
9.42087630
4.28214539
3.87198914
13.75423094
8.70132425
7.30616356
7.37845856
2.61027039
7.80562115
0.03493744
1.16451019
7.93994016
5.13932250
20.75582003
12.88179411
15.25083560
1.80078125
9.29690375
13.51274711
8.60770722
10.19230164
14.99637785
5.99564606
13.18583254
0.51363129
3.55438720
0.80258698
9.73437500
0.29927582
8.61516513
2.45124112
19.00781250
11.74629544
8.33182956
0.52148438
4.92402483
0.83281111
12.92879211
4.56730164
9.99385528
1.70731660
0.25952148
3.56253685
6.18709663
3.41886414
12.99206450
7.61295656
8.38065271
5.82312167
6.81327488
13.24670379
2.11267121
10.81123560
2.78642065
10.24893977
2.60164616
4.12890625
6.28658051
6.39664672
2.06384308
7.95019282
2.16744237
1.05175781
14.82348508
7.98681516
0.31640874
10.36193817
7.79906915
15.64037899
9.99324274
12.46745124
16.75537234
10.45182624
0.87988281
26.38728696
10.39627771
8.39905252
1.54296875
3.10591644
9.79687500
1.30566406
22.65433622
5.07613253
0.66699219
16.85502106
0.28560394
0.84130859
17.11873165
48.30269503
5.16674867
12.03437390
8.21216755
2.50781250
17.13605940
5.84636247
1.16121399
9.91060394
1.34517426
8.41483489
2.28243074
15.20788232
2.82922706
0.61425781
17.84375000
7.12869460
18.01481826
4.25602110
2.59489140
10.39497894
0.65673828
8.00194814
2.89062998
7.57812500
1.03222656
13.08939606
8.88448028
12.84554078
14.41119181
4.03035461
1.58960023
11.09455674
17.69083555
9.44117021
0.47558594
12.59232450
1.96162622
2.00468362
15.22191822
3.07735760
23.99783397
8.48470966
7.16105164
4.14888519
1.19531250
2.40607519
4.04021387
14.38874432
7.27633159
2.02783577
7.37711547
6.88590204
2.47571143
1.18945312
10.07103059
1.39682402
7.27062833
2.70124557
17.33370899
12.20389739
1.23164949
8.16650266
0.60254031
5.96875000
14.94713764
4.77161236
12.63627106
1.27193207
11.57763298
2.23682014
0.88476562
22.96346008
6.95454552
3.04390846
11.67700133
7.37845856
11.80993683
1.66292359
13.31320297
3.65681073
4.94174091
28.79012024
9.66182153
2.16532690
11.63370789
0.26196289
1.16511120
0.96668384
13.60635417
0.79004903
3.24381095
8.04736702
15.48640992
0.20239258
3.97074371
0.28613281
3.55476867
5.62565125
2.68916279
3.14978557
3.99636913
4.45826130
4.91931183
4.82076019
0.70751953
0.75585938
1.87259918
11.92332614
2.27979886
23.56250000
0.80171723
16.83271748
0.76404338
7.23527039
7.58658688
0.80892093
3.64648438
10.57730829
7.67615026
7.64843750
7.69185394
0.12670898
4.52343750
3.13085938
3.68558622
0.05074191
4.26171875
15.21581782
17.64143174
8.92345413
4.01181737
13.89497894
9.24950798
6.42973182
8.50554958
3.05237034
4.96862700
2.25553468
8.06900377
1.38216810
13.10549314
1.44874667
4.98091644
2.35005707
11.95827550
3.01594969
5.54187167
2.77913453
1.08736176
9.24393396
11.75472296
4.43884308
5.22851562
7.49430297
6.90759308
0.96236176
7.44115526
6.34416334
13.95072449
3.17081726
3.68009087
1.58651069
2.58203125
6.54943817
13.33947474
2.16923315
4.82466644
1.22460938
5.78625333
10.82914339
9.92789672
8.18672761
9.35167272
1.71976839
14.30743652
1.95161957
15.21459525
2.16874612
8.41406250
0.43892426
0.91166168
3.68208832
8.78035461
6.86032913
15.99859817
3.46032746
18.03848183
8.86467115
2.63448526
3.07661957
2.19628657
15.55753957
6.80078125
9.12923094
0.90006593
16.83319828
1.65166500
3.26953125
6.37455231
3.90123920
3.03198803
10.45389739
5.65682070
10.71862700
6.39453125
1.72908632
19.54418883
9.57164375
3.13050531
11.29597961
6.68404144
11.94607264
4.52380651
5.56685394
1.38281250
4.57030752
2.65190104
8.58593750
1.94966644
14.91564910
2.84313996
0.61376953
6.15926086
0.03135193
0.30126953
12.90917969
9.88281250
2.84676086
5.83683289
4.70556516
0.06079226
11.69864805
9.12629876
5.02187778
5.56093084
1.16308594
7.16752106
7.79523161
14.51114733
6.93664893
8.28174202
2.29431183
8.19531250
1.65527344
4.39798981
5.47277178
4.65365248
2.51654976
19.51924951
5.05375775
3.05737367
9.12500000
20.14257812
6.66707336
3.75815659
8.34234817
9.57812500
9.01363129
14.12983849
6.78520057
11.07250665
3.18099124
1.65665835
5.80859375
2.07812500
8.16406250
0.65283203
0.03579712
6.89029533
3.32454842
12.37744016
13.88614805
2.58992741
7.74990138
4.46884862
3.89603668
8.95747894
12.72391069
2.67086159
4.90181737
7.63069703
2.29146332
4.81933594
1.29524657
3.86250886
2.95943207
11.81070922
0.53450562
10.09094083
3.14148105
5.60754395
4.48002106
7.87918662
4.41455452
4.40157136
4.22285295
5.26302748
5.40279144
17.76678082
3.35476063
3.95267731
4.93404144
13.40115803
6.37529033
13.04073028
4.49532136
1.02201324
1.73579926
11.01716977
0.76505679
6.28906250
12.93261719
3.59916168
1.98384613
5.17533356
12.55484486
12.21513408
1.92435699
9.21512162
7.81164644
6.67831006
0.18717438
3.04101562
9.57596521
6.72872229
5.97552915
1.45114749
9.06595856
0.28072113
22.33744293
5.46862700
4.11775820
0.36938477
10.19762966
7.70185063
1.53606659
1.48339844
3.47407802
6.26061794
2.72965702
3.40482823
3.20731162
3.58565713
1.01285766
13.57600953
0.54536957
2.75726369
11.21900909
5.74040170
13.41060394
17.41397385
1.12696060
6.60937500
13.52432292
5.63103169
10.96153599
9.61275207
6.15458222
0.69437652
2.20161957
1.04882812
4.85099180
4.62512300
2.73099513
0.70866093
8.68135528
16.10648714
3.18863610
9.06900626
2.50029033
12.57747562
6.59073914
2.94140625
1.82051543
8.15804078
10.80468750
15.90628052
9.05464691
15.19387080
4.44240026
11.04410018
3.77014129
11.99284685
0.49414062
14.41804743
3.55616676
14.73398161
6.30269379
14.24360927
1.08593999
11.06997283
5.09562943
0.35152191
11.18992022
7.96197583
7.85396332
7.34317930
3.69384641
3.25398991
6.75000000
11.11238586
7.80593197
3.29217198
2.30904144
20.23591977
6.84220523
0.50943720
4.80159796
8.12845856
4.52148438
3.35314661
5.03753412
4.54687500
0.77494293
1.21484375
9.62650543
8.50002439
31.38372409
3.55078125
2.80279686
4.11273049
7.93314606
0.04453553
0.41601562
0.77490234
6.51859527
6.53169769
7.53906250
7.02006012
14.66451019
5.49609375
6.75301086
2.22745789
11.42895446
16.22006257
4.20792664
8.07137024
7.60843778
5.60783023
8.14167775
1.59119182
5.31294769
3.18119293
11.15199912
5.70737588
11.77510528
5.18973847
8.25569454
8.86397495
11.70019282
6.70695257
15.77058899
9.67264739
2.61340425
5.10253906
2.09033079
6.82705908
3.27148438
0.95706997
2.94832336
2.55973515
11.50435394
5.60937500
4.85937500
21.10880430
12.15637300
10.97041778
0.01800599
2.10742188
10.95825133
5.55737367
5.62890625
3.74218750
3.98742520
0.07116855
11.03637633
11.51049867
5.60892731
5.50390625
7.33593750
10.25377328
7.06308067
2.64453125
6.09815543
4.17761635
3.41540558
1.16121399
1.91984070
8.14603668
2.80664062
13.61283356
4.98046875
0.74943055
0.26538086
5.12109375
4.90189606
5.48482269
4.50736481
2.17622894
0.95474995
4.56881205
4.65000439
3.66796875
18.98469969
5.01184175
13.87764434
5.16194703
10.00077239
1.16133699
1.00826019
9.47696587
0.69295600
5.54687500
9.48437500
6.53141235
4.63167110
1.88289616
9.56685394
1.83736176
6.13236481
3.47452571
8.55969083
5.63965093
4.44734680
12.02038232
3.64758643
13.42443817
3.52673371
1.46927887
9.82031250
9.62577239
15.87398285
8.06083222
12.30944232
9.21782025
2.02148438
5.06176197
9.76509862
18.68342642
23.74849955
16.99678745
14.40144836
3.96797761
6.16406250
9.86091977
11.80314273
11.16752106
7.82076019
0.27978516
13.07161126
7.14420905
2.85351562
1.14550781
5.41393950
9.91674867
2.42472351
10.30608933
3.52203567
1.39302582
4.60553248
19.74017065
1.78531860
3.00374390
8.47285794
3.08894338
3.74907025
9.61417726
6.93578790
2.24931128
8.79178303
2.68327404
0.99609375
14.85758422
3.97745789
5.23917664
0.50000000
2.00258786
10.03258312
7.16331005
9.45304632
6.44779698
12.40693374
20.04985150
3.42106327
11.03433954
6.53898382
12.90226258
0.04605103
0.96008270
1.37154144
1.08683289
3.73632812
16.71260528
9.38806183
6.97605042
5.49528701
11.11995972
6.72977505
3.60119847
12.02254211
0.04087342
11.44071255
9.02803745
2.19982879
11.38370789
8.38793883
8.53393617
3.76367188
13.59380979
13.92679964
1.74601258
6.81205231
1.96138519
17.58765655
14.96313165
5.23999335
5.59419396
2.20166389
14.43066282
3.54834109
4.01127106
11.30468750
24.12559509
3.04404144
3.07470579
5.72636081
5.36938720
8.12845856
6.77254211
0.15653535
0.32840755
9.10457087
18.59473155
7.60066711
4.69026485
4.16231106
1.74357491
18.83756095
5.77002327
3.65458222
1.55566406
7.61486038
9.09294326
2.71724457
0.64526429
6.81250000
4.29222075
0.64918550
7.03899325
7.64264737
2.81054688
2.30273438
2.46875000
0.15185547
0.55615234
2.15429688
1.99841309
0.22684660
0.05810609
1.82271332
9.85847961
13.22387633
2.69063386
10.75435394
4.79642731
15.44297541
2.42465979
12.17187500
4.71093750
11.55033356
1.43586409
15.87589601
15.43098626
7.74622672
14.48586548
16.53704066
6.27791445
5.38472628
2.87683012
4.96106050
4.23347961
8.61027039
1.21662705
3.39628767
5.52478058
0.65775543
4.69576019
1.67545158
3.94759530
1.36283356
3.12740082
0.07373047
6.26074219
4.51517731
6.08691406
10.24121094
1.35449219
13.38627106
2.73136414
0.27905273
10.46158688
0.75582003
8.68448914
10.99218750
6.85937500
3.58626219
7.13293550
1.20072418
3.73286957
11.73002106
1.75113891
4.63114472
15.80407248
5.98499002
1.74316406
9.84375000
2.72851562
3.57001718
10.74951920
17.61861363
3.06307070
5.55590758
16.25060822
12.47102782
2.97473238
0.14156098
2.33789062
2.73168385
10.84794658
9.10591644
2.92984985
3.79280640
0.45214844
4.39094969
4.09297761
0.84179688
11.45914672
2.48811890
3.24849457
5.87320922
3.55257203
4.66658134
3.49703346
10.60201019
10.98079344
3.80745235
13.95349401
10.64050200
0.86092226
9.72900266
10.06843307
0.76799396
8.46093750
20.87441729
6.43448914
4.55167664
14.41406250
11.62064606
5.85502106
0.03913392
1.91458888
0.63765722
7.37601092
4.66178967
8.02087433
21.47355164
4.71142578
5.84466978
0.07480440
2.41752106
2.58097351
0.68554688
5.14248449
2.51978723
1.09163453
15.35156250
0.79874664
12.83850067
3.27327515
5.18750000
10.49039672
3.75134308
6.78560394
2.07137024
8.49654144
10.67011671
8.89262743
15.53316254
16.46875000
0.87072723
6.29040558
1.07714844
10.13711172
4.73046875
3.27779144
0.37396585
1.30888159
2.42533356
10.79048427
6.00293218
6.39575133
11.83374086
9.15091389
1.66133753
4.66796875
8.63024933
9.20056183
3.63810118
2.75402925
10.40087766
3.82649532
2.87610206
11.56250000
24.05033356
11.59004544
0.56079288
10.23246122
6.54097628
6.93737700
2.33801363
4.79642731
10.17427582
1.37957786
1.32934539
8.25268617
10.56250000
9.72663121
0.62806266
8.59745456
8.30468750
4.36828458
11.38985261
2.16373781
13.33402372
0.78947085
3.82421875
2.87304688
11.66715204
4.96459774
2.62952127
1.10375540
0.22530557
1.74023438
5.64916992
4.70312500
5.94140625
3.39257812
10.13972961
11.94620789
3.44238281
14.39062500
18.08862305
10.79462656
2.88461325
10.60937500
12.58158356
20.63842246
8.30921314
3.45614583
7.60835661
1.98807458
15.10693484
3.55350676
10.99507286
6.47966201
1.23038758
1.92277039
6.78906250
4.17866911
0.14847933
3.60742188
7.39403923
1.55127327
4.25231716
5.46048981
20.74153812
4.58862367
6.67797852
9.99796321
6.48551640
3.35831726
16.65010528
1.48799341
10.12805518
0.01529450
8.32377106
18.01562500
1.43300385
4.46830231
7.65144836
3.49894226
7.33203125
32.80635166
11.30122894
0.52250152
8.38525266
2.66988253
10.83158356
1.74849457
19.81087157
23.59200105
6.22656250
26.75592871
11.16155083
2.05525820
12.33084553
2.36597240
0.65962738
9.57722961
13.15347518
2.88062333
1.53417969
10.30623227
3.71927638
2.37683510
7.43705231
9.19966644
8.61706450
7.78829011
3.52237976
2.73046875
0.95031707
12.57902039
24.13698811
15.94824641
0.73270972
5.66015625
1.07324219
19.03189938
12.79771610
8.86134308
15.16841644
6.47945036
2.48197543
5.03515625
7.02575466
8.40755374
5.79821808
23.47086547
0.37573304
0.00910091
6.56986481
0.66548676
7.58984375
2.18818374
5.33525376
7.05033356
9.86604610
6.79141401
3.18392654
9.40905917
7.98026706
18.94915449
4.39113696
11.13358489
4.45581117
1.03169769
12.57550754
4.58855496
13.11193817
7.65563996
1.74564606
11.17879211
1.93253601
11.62557028
1.18864389
9.51440243
15.43481632
16.53332115
0.61609292
12.91845080
1.90772107
20.68419881
6.88611369
9.10888672
20.44954344
3.16996122
8.36397495
7.52433289
3.83593750
12.95621454
10.26729278
1.94551917
10.24308289
1.12402344
3.97070312
0.00558472
17.20710868
2.28459053
5.25390625
23.25105774
5.99015320
18.36706450
4.63684175
1.01464844
7.53906250
1.47070312
12.62374992
3.37638741
14.23669216
19.69885472
10.45389739
4.87032136
19.97342864
3.00016235
2.03617464
28.05255209
13.65117796
4.94279491
0.95454926
6.15970856
5.86718750
4.72656250
2.92232269
0.35498047
3.37072474
6.80115026
9.97131317
3.05964650
0.86552471
13.67516623
9.60563608
1.78365082
11.99129211
10.53906250
1.69478363
9.55025238
1.65384918
13.97761525
10.46769725
6.00813719
20.77176972
8.81774933
4.69576019
0.01287079
6.16015625
8.71439606
8.24218750
-0.00421005
11.94352172
17.70157525
4.74267952
3.11177582
20.96372674
3.82098182
7.52823914
10.05033356
7.38858821
10.42826573
0.54740387
13.32287567
11.07621122
3.01542331
12.16316711
2.12662781
7.28080231
7.27388519
0.24812711
0.11515414
14.73002106
8.69576019
1.38094055
5.25089539
13.80468750
11.04841977
3.84692321
12.68082890
11.65625000
25.82846855
9.62030250
2.47310394
10.86197252
11.57284131
9.24824358
1.73100509
5.15234375
9.83593750
0.14908844
3.37776485
8.73689509
5.23966866
7.25313386
3.07661957
1.33345551
1.76660156
2.57828735
3.36507203
16.21439606
0.38106293
7.86328125
4.09765625
23.52841430
1.74377410
12.79085328
1.63867188
13.65949690
0.77080064
8.57377106
0.17024781
8.41752106
3.00585938
2.52343750
9.06416778
0.15564027
12.43642731
0.72523437
0.85603260
4.68958111
7.14285600
6.71179853
5.91149933
3.06640625
6.84676086
4.97355164
5.73437500
10.84285461
2.38806183
11.45721436
1.37402344
12.97488974
13.99487367
3.08492409
13.52978516
5.47656250
0.18090820
9.83593750
1.77343750
13.90226009
5.27547429
1.77636719
11.31265736
3.38326518
0.09777863
0.00446320
0.03567505
3.59080962
8.80558289
6.94079621
16.16308594
1.42871094
8.71785461
3.72505707
5.46119827
2.11132812
2.55078125
3.24414062
10.07812500
0.01207733
0.81551086
9.66495789
4.29101562
20.21719360
0.71687805
9.88711215
0.15968168
0.31762695
5.10156250
10.32722961
0.54630555
0.49633789
9.26615138
7.18103058
0.46211326
4.34899300
5.64843750
6.00345856
1.22408051
14.84212157
4.91585328
1.47049895
12.82442044
2.38798315
2.34390487
9.80746232
1.44531250
10.22656250
0.66617797
5.95491578
1.18945312
2.43505859
0.91414367
1.19474180
3.74438165
0.30155862
3.59224457
0.04171753
1.19335938
1.95312500
4.28861481
3.16527760
12.11755651
0.10384405
2.93330840
0.64493836
2.20402039
6.68208832
8.29252106
11.38602567
3.36234652
6.29976286
4.47892398
1.57128906
10.33939606
0.71577973
0.02848297
0.20564789
1.32910156
1.55273438
1.29785156
5.93176114
3.32116855
0.05221558
0.05138122
0.06496186
6.30122894
5.47611481
3.57575854
8.63713209
5.22949219
8.47310394
6.69921875
3.95267731
4.65234375
9.16060394
8.80561725
1.54012273
9.50435768
0.19653320
4.21875000
10.79764739
6.82063719
5.14734042
2.52792358
8.21004211
6.91886414
0.13016754
2.44323637
5.30395446
3.24231050
3.83711824
6.16707336
0.12150086
7.10937500
3.35351562
8.18314606
4.58931488
10.06916099
16.78560394
1.05716949
11.18398715
2.80474179
1.36044488
3.01164007
0.25984742
3.08264129
8.38627106
2.72924867
1.64851867
6.63671875
2.00675476
0.27201324
9.85530142
7.90251108
2.53755707
11.22474151
1.09993500
1.65653286
7.51587101
4.43892426
8.49218750
7.10502106
13.38521332
25.07099396
18.04385305
12.96032497
5.06376440
4.82690492
0.30688477
1.75861052
0.15785767
0.67386684
14.20275599
11.32011081
1.97228973
8.43430005
7.80391511
15.17024158
10.71692486
4.35969969
2.54113863
3.09960938
0.92417835
11.28672863
1.67431267
9.05965851
11.14302582
3.97570645
5.93249667
3.44590145
5.27672428
3.14213043
17.95466977
4.75874972
1.95995845
1.97212987
4.50044769
5.48828125
2.31835938
1.73535156
1.36425781
1.32374261
5.76688940
12.68212766
1.45129488
7.78694703
0.46537262
8.48872894
7.22566711
5.28214539
1.85697418
0.11263031
8.58007314
9.20335314
7.66015625
0.40922027
7.97057862
1.27490380
8.51343085
2.33406306
4.93242194
6.57076019
7.71093750
0.59684203
1.33044465
29.11299092
0.76343334
5.28617340
4.25142426
0.34155273
10.05033356
3.54988586
5.14933289
6.06372008
1.56978363
1.02807679
0.17059264
1.07255097
2.68945312
4.32076019
1.39506012
13.70312500
5.76672208
7.72176086
8.31131428
6.54785904
17.03767509
6.25952460
14.65266844
14.19812167
6.96964539
5.62231383
2.06518617
6.73437500
2.71666394
2.83586879
4.18013519
21.45125056
7.37882757
4.93457031
7.41523826
4.39726174
8.87926530
4.58903701
3.95617520
2.39388187
13.56031280
15.20650238
13.41406250
1.61765533
2.55513519
3.98242188
0.14288299
2.92645377
8.09108377
7.74853391
8.50874225
4.09249556
3.88655640
10.13635160
0.23539339
33.35826796
1.09095079
2.60049492
2.66365975
3.46441599
3.53991855
3.31278535
8.02351618
4.14490026
10.76127106
0.05072021
2.07808441
8.30033356
2.12482270
0.38050781
1.34041196
10.41764406
2.19018617
1.70507812
3.22851562
6.29147245
4.84387300
7.24609375
2.84960688
11.85449468
0.60952717
6.92607158
1.47070312
4.72716756
9.12830119
2.09765625
3.12500000
5.60156250
0.19632965
4.44062888
11.52226174
6.22765958
3.83992160
3.15669769
3.89062500
4.36741856
2.75953457
2.83984375
6.18509918
5.04296875
11.30468750
3.75240082
6.34720856
0.06722016
3.24955231
11.30814606
2.85990138
3.39412290
3.18949745
6.39664672
13.03891541
8.74218750
4.92020722
5.28250942
2.96362367
5.12691378
2.44185394
13.69352172
2.88899781
3.41992188
8.01769615
7.23999335
8.67277039
4.88204011
0.77490234
15.18314606
4.45312500
6.18404144
4.64017731
1.15628841
5.98685948
14.24173981
9.42187500
4.98982602
5.33484042
6.36718750
2.10957170
5.64042830
5.50781250
5.69441711
5.98775238
3.73933899
27.66829344
1.05867492
5.69287234
1.29536957
1.39274047
7.34787235
5.37266843
3.01489258
21.40791092
7.59383865
7.02441406
9.00091553
12.10298427
4.50158909
10.46618683
1.21597892
3.78743905
0.40502930
9.32722961
1.57100247
8.45772495
8.55379211
8.34106383
8.06103090
1.71289062
9.01855469
1.34134918
2.01326352
6.97546542
4.68750000
3.71634918
4.87935394
7.69921875
2.72244958
2.49044104
2.61787747
4.19197695
4.77266511
0.94677734
1.32474762
3.51708611
5.14111702
10.53560394
1.22753906
6.00488281
18.44531250
8.71439606
3.19185394
0.05856323
0.16605759
0.98535156
3.88777649
2.65519226
4.58353170
10.80273936
5.93078458
0.53890140
6.03848183
1.82675254
0.53955078
0.83544922
6.70898438
1.25874193
9.59318678
2.77335384
4.03930851
2.94531250
2.85090814
5.04336361
7.09419769
5.80078125
6.49218750
1.56835938
2.23115249
0.70288896
4.76338653
7.48978668
2.03006926
3.13667941
4.68750000
6.69083555
1.70341035
13.57031250
12.32979278
26.57869570
2.66166168
7.90234375
6.62890625
13.84260860
3.09924534
16.51464844
2.75345856
5.78125000
0.38008637
0.12365723
0.01382446
3.29447418
3.63321400
10.14091533
2.06445312
7.37320922
3.76936890
5.18892177
3.53568761
1.36283356
1.69094859
1.83281360
8.82043550
14.52921321
14.97937167
4.88159242
7.77779144
6.82543883
16.49174043
6.91060394
2.18496371
2.79648160
2.74702599
4.03731604
7.50524933
2.32157192
3.70036015
4.39513631
3.91272502
14.73514739
4.10860261
1.91308594
7.70312500
4.12500000
10.14603668
3.63695978
7.73999335
4.23502438
6.24589206
12.21785461
1.80904144
5.72310394
7.01127106
9.11714691
6.26074219
2.34960938
0.58890777
4.84765625
5.14888519
7.16662567
2.03763263
9.23153147
0.34623324
3.67382812
4.04540393
4.74605939
2.40163509
2.22922428
11.99808622
7.09566378
2.39994293
3.19771332
1.57617188
5.35066711
0.04520691
2.63349125
2.62627437
6.55121898
6.33549977
2.47456505
0.75492714
33.90240249
5.23431626
1.50585938
0.59788627
18.62062561
11.75577820
2.13236481
14.15945756
10.17888076
3.64408356
11.30790005
0.03117070
16.46952239
11.51049867
13.06115692
9.08772828
2.29573298
5.15234375
8.35014073
5.55558289
21.93814938
15.56774933
6.61173648
17.22491455
2.98632812
7.50122008
3.09330231
2.24532136
7.38219748
1.95870401
10.77433289
3.36718750
1.14453125
6.19421044
9.97961768
16.70210661
5.52176972
5.90112367
12.15356383
12.25179078
4.58734930
3.27292109
3.33107658
1.51657967
5.25174957
1.48384613
12.18123227
8.95760195
10.35681183
6.13716644
6.49218750
2.93359375
0.66064453
9.60452904
6.13017065
1.80293855
9.54532774
5.79789339
11.86930297
10.05798371
7.80904144
1.96777344
0.98828125
1.34277344
9.90660905
3.65934951
10.36779754
1.13655640
9.86515071
8.74935062
2.58577515
4.99670876
9.05434618
1.79594276
3.78649933
5.97924867
2.29536957
5.93541889
2.97278424
4.25781250
15.12421765
6.02377216
4.95747894
13.33158356
0.48360199
3.55574524
8.72024536
1.42862976
3.59179688
6.05126330
2.35063275
17.72985840
2.36177582
9.69531250
10.56160461
4.74348751
2.81994847
13.35502234
3.30045656
0.96240234
9.05089429
0.91110095
6.03915862
11.06284908
3.87778479
0.17301422
12.29214520
2.46548565
7.28414782
15.09118683
8.55289672
17.76273559
7.97233156
19.56400543
2.20621215
4.09138354
10.30900709
14.09314093
4.47256760
3.89083665
0.49829102
21.88069485
33.61531555
21.44242464
6.89025848
1.94486605
20.61572266
26.40986592
12.35396830
3.22013243
5.66056460
6.53547097
6.44890403
3.20117188
8.69717199
7.23552637
16.10261525
6.07930076
7.41093860
15.52913453
5.69095856
9.43164062
8.55110594
14.43005443
7.54708665
7.84489140
8.72310394
12.96109486
1.76892619
9.98555076
1.43001717
13.69230164
14.40100067
2.81579621
3.44592254
10.09899933
3.25736481
4.22634399
9.50707504
3.38395390
17.90702114
2.11548038
13.91861564
1.93437112
9.34351157
5.11690713
3.52539062
3.08882536
22.33786348
11.69425227
6.95259862
10.65331782
9.18261968
8.47426973
1.01747007
6.84195922
7.99597075
16.26077904
10.29838541
6.82902039
1.26456726
9.28816711
5.03153037
1.44397440
18.60802195
5.71831227
10.49743683
10.95479278
2.21708222
0.20642090
3.13545435
34.67558081
15.10150821
1.34620511
1.52840149
8.43416352
1.88911957
0.21630859
5.25028037
1.23515237
4.54679108
2.69230164
1.09375000
5.72802610
13.31323367
1.95800781
7.87247119
6.95129986
3.19185394
5.88894146
9.05904144
12.27254211
0.95304383
0.28784180
12.43064662
1.88531194
11.77870666
1.05969083
7.46866384
14.12487700
1.90137466
4.42578125
0.07625336
7.89517066
7.50326684
7.67187500
3.78681779
7.22133310
4.09232823
21.43334805
9.90905917
0.23425293
11.39391683
6.35311724
0.48217773
6.49616246
1.99211879
14.64127438
5.37044437
15.94668548
0.26306183
8.33837766
2.64990359
7.97025543
1.37943512
2.51066101
8.66393950
1.61446199
0.09324158
23.18945281
2.63878990
16.42017038
5.24955231
3.19335938
1.10689301
6.43705231
0.04066986
3.69913509
3.90438054
13.60502106
4.01658412
7.28525487
5.03605164
4.99117989
10.22566711
5.26476397
5.37675642
3.77884918
8.26037255
12.88102172
4.87248116
18.47180145
6.94779449
0.76350953
5.77555297
0.40022828
11.44006317
10.10681183
0.03543091
1.87280087
29.24438663
3.61836326
19.64368018
13.57299867
2.25512633
11.18912843
28.55139129
6.53027219
6.85783023
11.76562500
3.37349457
1.92480469
1.12683012
3.45764254
4.77689606
1.87544769
10.28125000
9.33939606
4.46484375
5.38012633
0.04671297
5.28470856
8.83247894
3.89603668
0.88814301
12.31327239
3.64523577
9.54020390
2.04056793
8.35192902
2.51757812
0.28784180
9.72175079
6.54687500
15.65689938
27.62320922
3.03026098
2.76624999
0.59619141
10.82905973
4.91023493
1.07764046
12.32794189
10.03183079
6.78560394
4.08203125
15.08168486
0.14847871
3.87666279
3.98812389
1.65376801
14.46093750
4.32198028
6.29386414
18.24330108
24.01321920
4.96948803
4.74263519
2.49023438
4.62487700
10.54699551
5.69299534
2.67488586
14.01306183
12.37788786
4.38082003
16.46813498
2.39054632
1.94795933
6.36328125
9.57767731
3.72310394
9.14754211
1.26066101
9.92125998
20.49722518
3.81934840
5.74666196
33.38956726
2.15230441
13.60156250
4.73868711
3.54158632
8.61450133
4.36104278
6.19242464
0.34594727
16.17639129
3.47794493
11.61013700
10.47749972
7.33215425
4.52945922
4.32991578
3.43750000
0.65673828
0.78137176
0.78210480
5.18859708
3.01452792
24.27041667
11.01038563
5.34720856
5.80379211
11.14196808
8.67622894
3.96093750
2.08789062
6.99816490
3.34753823
3.26517731
16.06506317
23.17166335
10.93290005
1.00074301
1.92480469
0.68241301
0.03322420
4.62080840
6.16585328
4.69185394
5.06196366
5.79260970
4.21394836
3.91975953
5.24218750
1.13028868
0.96541445
1.16210938
6.45894254
13.19901208
5.48755319
1.90941822
1.44124889
7.23579926
12.11718750
2.26607269
13.82034686
0.88082502
44.35697418
8.06294769
1.94681793
3.40083832
4.89062500
2.35321158
8.49013131
7.68794769
4.69185394
7.38281250
16.11360594
14.35823360
5.04366245
17.23598848
5.07215757
5.18371675
10.59752328
1.27401817
2.27884918
8.33247894
7.64884087
3.46789893
5.85111481
2.18253601
10.64871787
1.71065713
16.34427638
12.92826573
11.25068374
15.24438165
12.54835106
1.03365082
3.62279090
1.99244348
2.19335938
10.54162567
2.49071643
2.06531416
12.10156250
6.80562223
1.77205507
2.20312500
4.24263519
4.79207336
1.09419769
8.72131317
23.91888054
11.69519448
5.07812500
2.42622894
5.46785461
1.32023133
6.63492797
7.89933289
13.79783910
7.63620234
1.58345551
0.00167465
1.17240387
9.49129211
9.50524933
48.36014739
2.81758699
5.05423981
1.74682617
3.21529144
9.84977172
4.10245789
8.98693817
0.63456269
6.97656250
3.52840149
12.15970856
8.97557846
1.89026595
3.53934785
19.88142802
2.39896886
1.34277344
12.92306487
3.52287810
6.18630983
13.11827461
2.75827016
17.22720939
2.45972240
4.69966644
1.46919769
5.87845856
17.60396332
8.36442535
1.50401804
6.26262411
2.52823914
24.04166884
5.81681959
15.99198581
3.54200226
1.74556488
20.39920989
9.70312500
0.78780183
2.77343750
11.95703125
15.83210993
27.02413120
7.00313324
5.65279144
2.53348847
4.11718750
15.23046875
9.39744049
14.27103668
9.42277039
2.17382812
4.84203790
13.19914007
3.22054078
7.13403258
1.89624086
0.44266754
0.02651978
6.76454234
12.20810394
7.89238142
8.49434729
0.79052734
19.87500000
13.31929224
10.41007757
8.47835328
4.32043866
2.15792276
5.79732269
3.23854734
6.97110151
13.65017441
3.05692411
7.38174978
3.68681626
2.15332031
29.46537262
7.56685394
1.97041321
14.94441711
8.57377106
2.44079621
3.66629599
11.37667276
1.18660461
13.41495789
2.44622729
2.23150708
0.01144409
0.57307860
6.85664451
5.52311537
10.10591644
4.34350399
8.25370456
0.66934868
7.98832557
45.90543080
10.29769420
4.65571366
3.78193101
9.62947695
6.76456726
7.04296875
3.10156250
14.83325133
13.94548428
13.09972295
2.28755707
5.05379211
15.77042664
13.08646388
4.24511968
12.35591644
5.57763298
6.67147163
0.61661805
1.19628906
9.25922430
8.20907801
14.06250000
1.90774671
1.10490802
23.56250000
2.75585938
1.04813567
1.88236481
8.96451906
2.47301779
3.90641733
16.73836569
11.86947030
22.34118683
5.20820701
4.17460549
4.75687684
6.19441711
11.14933289
5.91796875
0.10101318
4.47265625
9.29252106
9.84785794
0.53943027
2.29040558
11.35066711
0.08622254
15.46182292
9.06193927
4.92944149
4.12345523
3.54536957
1.77844332
1.24572723
2.86189820
29.80468750
4.06685394
1.28710938
3.28161341
4.29455784
7.62410461
0.59733156
48.23588043
10.45747894
7.90144836
3.95064052
8.89009862
1.96582031
3.04882812
12.78470856
5.69293607
6.71046542
5.11584442
3.88515649
9.17326241
4.87019836
1.08390320
6.83203125
2.55769836
0.48185242
14.68558622
18.73779421
3.40083832
15.90421321
1.20906804
9.86450133
4.76049867
0.62011719
2.15873075
0.01127106
6.40926086
19.88134641
1.61023105
1.67089844
7.76012966
11.83752659
7.68750000
12.82144892
6.47693151
0.04604096
4.30590820
8.08793121
13.05468750
6.02888852
1.25866855
14.19006317
5.67879211
4.11161347
8.12320922
0.30891969
17.57621122
18.42679964
12.42277039
0.20442688
8.32902039
6.61938165
3.73608710
8.39408356
2.61091977
6.82832669
12.50556406
10.94235593
1.90039062
8.29687500
6.43750000
0.20740628
2.33935671
6.72701019
18.79569426
17.36043242
3.70459109
11.01272583
0.99234860
7.09423205
10.48971298
2.88610871
2.23945099
7.59479901
3.12053302
5.71138519
4.65767177
4.24324773
6.83626219
0.63733004
0.16630035
0.77990692
6.91991782
5.64624335
0.75634890
5.79296875
11.00040337
17.43497119
1.06702626
13.09684203
0.38244660
10.11783688
4.23673648
4.96228058
7.30379211
1.78365082
4.98347961
2.62198914
2.30122894
10.67850676
0.44116273
9.02040263
5.56876773
1.97819093
10.91483489
1.41719636
1.49299642
7.69592752
1.04341644
5.50435394
5.87801086
3.56461547
0.84252992
17.89730072
3.22656250
12.90625000
0.40665493
0.06954136
3.33789062
1.22318512
3.99654144
9.39754211
1.08691406
11.92533356
1.02673371
14.55574274
9.20337101
2.51139406
2.34375000
9.99804563
1.97953402
7.60982269
0.06268311
3.54752438
8.18595523
5.03214539
9.97631649
10.75537234
7.46708222
2.19380707
1.27343750
5.08918440
7.33269060
2.99173981
2.87740082
9.19095856
9.50435394
7.53596299
1.47726119
11.72017177
17.08528812
6.58951906
4.56717864
10.15445922
11.74320589
0.11956787
0.62475461
2.50732546
13.38627106
1.84667969
11.26281583
9.29194485
13.11755651
7.82812500
7.61507203
15.00000000
8.08068817
3.80993683
1.18457031
3.43236993
3.30790503
5.29943817
3.70837433
0.87398285
6.26204344
5.04520722
8.71618683
4.39473294
6.36218417
9.00308705
11.52568096
0.50191254
2.04492188
8.76687570
3.22490469
5.06730164
1.48242188
1.10644531
2.97097103
1.92258366
8.64062500
2.10156250
0.40470336
3.20882203
9.00662927
3.20723792
12.92789672
18.54764739
13.78470856
2.40966921
5.63671875
7.41796875
2.26322418
14.24462766
10.08398438
5.00057070
8.48091644
3.35831726
2.63671875
11.19132259
7.12736148
2.26139406
20.31054688
14.48543274
0.09192382
7.91149933
6.28470856
12.23872894
1.58821220
4.25785682
1.02034547
1.54260223
5.14152039
12.76846853
8.99715647
12.73570852
15.61471548
8.30110594
13.57877687
3.80484985
2.73238004
2.74583072
2.99047540
2.27169104
1.38183594
11.72048649
0.78146664
6.36848626
8.88497229
15.69388575
5.07804632
12.81160461
1.13411375
12.23429383
5.09285461
5.63338320
0.39208984
3.46679688
13.19575023
2.23198415
0.55566406
4.60330896
5.31030585
12.44095856
16.21443540
10.77612367
2.27311281
0.21118164
1.03702820
2.21683622
2.10542941
7.44486481
6.51908356
0.90568055
2.62500000
16.62894684
2.60156250
2.03755707
16.06941711
0.89591492
0.60302734
5.83203125
9.63281250
11.34720856
10.82076019
14.59977172
3.76155640
14.76138908
2.72253823
14.10042110
2.79606327
11.44576019
11.06445312
5.24955231
8.57466644
2.51562500
1.63041168
11.58479610
9.07580784
1.85839844
10.06160461
15.16556544
5.84802526
6.94877106
0.67281098
10.48490138
8.55558289
1.67654616
6.04957114
5.25646942
5.52388519
11.14819149
3.72200189
8.94515514
3.49425491
9.83602615
11.65094637
1.96412566
3.51562500
2.81232519
8.15784906
1.84960938
4.05403064
5.64136303
14.89920989
12.21451906
2.02779144
8.98950133
2.34794160
5.41996122
16.22367464
12.00089539
11.76716977
3.27986757
5.16483489
3.83545046
2.70181129
2.62631371
10.01281084
5.73299756
8.72131317
7.32165558
4.27343750
5.13850953
13.68404144
11.49629544
13.59422208
2.00624334
5.60892731
3.26802582
2.04479202
5.23100509
6.11930297
10.68807070
5.15535461
30.55753601
2.77539062
9.01204344
12.73962433
1.83675172
24.22070312
9.48437500
3.34720856
3.03169769
4.94921875
0.01329560
16.81973183
10.06683599
7.02653701
5.82177859
12.40612700
1.35160433
13.09992908
7.02897717
2.35502106
4.34198859
1.94662621
2.41105164
6.57270834
3.24369791
0.75634766
3.48718168
12.00268617
0.94519074
5.32421875
5.37039400
15.68925642
2.03125000
6.56506317
3.93688996
2.50976562
0.33911133
16.33280833
4.43953679
11.32722961
0.12316926
1.61914062
7.60676751
8.09920102
4.11780252
0.75240082
5.79809508
9.40180741
8.34306626
0.10046387
12.38679743
16.52490359
3.22697085
7.45703125
1.66796875
14.50423094
4.37873892
1.85681682
8.84029144
1.58203125
0.00774765
0.95996094
8.54508422
4.37986537
8.73235815
0.88626856
9.34143284
2.44018617
1.93900543
2.49263519
11.55089813
8.00667110
1.22424534
0.42407227
19.53966756
7.01485261
1.92790170
5.81799285
7.47485040
7.89188940
11.14998227
3.87915226
0.93896484
1.44608489
2.77071199
1.94238281
8.75846188
1.27962406
19.06445312
8.57031250
7.81640625
0.00998688
3.54687500
1.57910156
4.97868989
4.03506315
9.71529144
10.59810394
7.96773161
1.27445589
9.81506317
9.34199358
3.74919326
9.56941711
8.19337878
12.52358044
11.13362672
7.03722864
7.12748448
7.70581117
3.15820312
9.60502106
9.13716644
14.85400266
9.81954011
2.26981660
8.32633422
0.10652711
5.94823720
2.03516123
10.12834549
0.19513367
5.76562500
6.66731937
8.52396388
8.75203679
3.95877272
2.16366411
15.96093750
7.29341644
4.07421875
11.01476397
1.85242353
6.05814606
5.52445340
9.80224734
1.12882508
9.90538897
7.92619459
14.92895126
14.08760528
8.99397828
2.83540614
4.66744237
15.89513631
0.52824412
7.77119653
0.13525266
6.15336214
5.59838867
15.26009125
2.16601562
16.33402372
7.52490359
18.35135895
14.57511414
18.00781250
10.08939606
5.30065825
2.03768007
6.49271637
11.93066406
12.90083832
8.87500000
1.71492492
9.21529144
3.12996399
0.69860871
0.91153556
4.03743905
1.11523438
8.12943263
4.38875554
13.37980164
4.65580231
2.35441101
6.67578125
2.30859375
3.83744293
0.08992523
8.49084005
4.36255319
12.64998227
1.21126468
3.28560394
3.90535461
0.18461121
16.53730608
1.77714705
1.33398438
10.26513298
7.22105719
2.52508089
4.03470856
1.46691552
13.10709968
4.90144836
2.68729707
2.95312500
4.17578125
4.94445801
12.63403320
6.82421875
9.99568041
9.82284131
3.13065271
10.43181900
1.88671875
10.13642842
20.78154033
9.10176169
12.88599069
13.14168024
2.15311863
6.20324800
5.67578125
4.06986481
7.17793793
3.20898438
1.76562500
4.79642731
0.47725434
2.59570312
11.16752106
0.09035217
5.15368683
5.98347961
5.41007508
3.85546875
11.63102172
6.53853114
2.49646276
5.52998560
2.91683233
10.73730469
1.36523438
1.72603363
10.20121122
1.80367160
8.21443540
2.10152316
7.55590758
1.19409242
10.39497894
3.69217864
6.94339872
3.31124058
11.10502106
4.02823914
5.38602505
5.59053745
4.53515625
4.15881317
7.60348936
8.35079011
12.72131317
8.65279144
2.65698304
13.94225732
6.41321143
4.88671875
9.07031250
5.66231106
4.63997562
4.65612700
0.41609804
0.95117188
10.29585661
11.37422761
1.80619168
6.52535128
2.16332946
3.77356050
4.71484375
9.65279144
0.04733276
0.18652344
3.11914062
17.17728170
1.02543495
0.73673648
4.28861481
1.30932088
5.76412455
7.59855164
0.04723114
0.89300537
2.29056793
7.55033356
10.80904144
10.44966644
0.90380859
12.27477264
2.14798981
12.96346039
13.49153625
6.89933289
0.78903484
2.88476562
10.47912567
11.93607574
5.29642731
2.17020722
4.15970856
0.45235199
0.40673828
5.41015625
1.70597458
2.25585938
8.41227172
6.81429078
1.39941406
3.07767731
6.97220856
1.74128235
7.62580674
6.47966201
14.82421875
2.13928192
0.08559258
7.14453125
12.71186310
9.37796654
5.41500221
7.49562592
5.59061614
11.19454011
1.74414062
8.75691711
13.98681516
7.48135916
4.68477947
8.11897828
15.47188324
8.69095856
14.78560394
0.86865234
8.59375000
13.56941711
0.53255063
2.33724124
8.87500000
7.51818817
0.32462586
3.96724457
1.63875305
-0.00681030
5.81551086
12.73437500
5.58459442
0.08890840
6.30199635
8.34257424
10.04589096
1.08102282
9.25000000
2.93359375
0.02696228
5.47220856
10.29829926
0.92822266
7.11238586
0.13777680
4.84375000
3.27974457
8.67187500
3.11132812
0.84427762
0.11010867
1.28658051
6.33544548
2.24463264
1.58256012
13.66755666
12.48665780
2.31262300
5.68013519
8.89062500
6.49173981
0.85933441
12.93608062
10.18929078
0.31298766
0.30814668
3.04536957
9.96057098
1.92083771
2.34525543
5.24218750
0.21569824
9.10156250
6.01216644
18.23663330
12.88052970
13.42566429
2.18646271
0.58154297
5.82287567
4.19274933
5.88448028
0.81229707
6.60066711
2.00284851
7.24564606
0.05318207
1.80371094
12.21341202
9.07565048
3.02148438
2.55769836
3.36808289
4.93001219
3.92155031
10.14062500
8.23437500
0.58642578
6.17187500
10.52539062
5.16406250
9.58158356
10.26349956
0.13982075
11.69478363
2.14843750
6.83203125
6.41752106
5.04732269
9.52539062
1.97619598
1.45642121
12.64318817
1.36169465
1.62162262
4.41060394
0.11100219
0.06307008
9.42789672
8.64831200
3.50289284
13.98543274
12.95300200
6.31651929
5.54342641
2.39453125
1.68111176
4.81506317
0.09244812
3.56250000
7.67008422
11.27868683
2.89302582
5.55122894
14.53125000
1.26660156
1.59623199
5.23872894
1.30131012
16.86629211
4.13358489
13.92244570
12.42142731
8.00000000
0.28432034
0.91873989
1.01265846
0.02531433
11.26269282
4.40873448
9.60054411
6.57523714
1.70064301
5.19429411
0.41752230
9.67984486
1.39347850
19.11452147
9.47594748
4.20040447
5.34375000
2.14025599
11.08195257
3.51008533
5.84973736
14.41227172
2.82405640
0.36726867
4.09073914
4.29563000
0.80548481
5.46919769
10.23258422
10.33915005
2.78886081
2.85229554
11.89843750
2.09452239
0.24507722
1.09082031
7.22086547
1.20753749
3.43742132
10.18065160
5.19088984
3.20129395
2.20312500
4.13736813
22.52180907
4.60469636
4.18339206
4.73828125
11.24475067
14.16458888
1.01058233
10.42187500
0.74169922
3.02539062
2.76053801
7.96427305
0.24931003
5.59285461
5.11782691
7.45460106
6.41284242
0.32328277
11.68916778
0.04376283
6.34867215
13.19596188
1.22001440
1.83451324
6.26607269
1.99324524
3.82661957
17.44360320
6.19820036
14.99064273
4.99955231
2.06144226
2.83789062
9.88627106
1.23343529
2.24589206
4.41520390
15.04492188
2.87349457
6.27408688
4.26888187
0.00822449
0.20155698
7.85783023
16.57812500
15.32812500
0.04202271
5.11673981
20.23002106
12.06327332
15.28125000
0.21081543
3.86104278
0.88602754
0.78808594
6.10448471
6.66504654
0.49340820
11.40319482
0.63224616
0.27661133
11.26216644
0.11722809
0.03142304
12.53458555
8.13838653
5.58003878
8.63752549
1.48641677
8.17533356
11.33199066
5.75390625
1.75781250
10.26037567
8.26084775
4.28174202
0.16871426
3.98197418
1.68395778
5.94734929
8.87410461
9.02766844
0.61096285
14.77986259
11.02482491
2.45357269
7.29687500
9.10847961
22.91841644
0.99458832
9.93705231
3.72072751
4.09763186
5.10546875
2.89017731
10.78995789
2.10351562
18.92394615
6.15718722
7.33105718
2.27237976
18.44452018
1.44883033
12.34208222
3.41841644
3.99609375
12.34419769
9.37109375
1.19726562
3.77343750
4.33113586
0.01542176
9.69877106
11.47656250
2.84810394
9.59586578
13.13281250
6.45690825
3.29060976
0.60209137
10.43892177
10.22514073
0.72509766
5.98437500
9.67712278
3.51167941
8.70812833
10.93263400
1.95010916
0.87606272
3.53682403
0.17130586
14.41478059
5.80006316
1.71289062
9.18558622
2.44136691
17.98392731
4.64843750
0.69331879
4.98526042
1.27662067
7.55257203
1.69238281
1.62336907
15.27124335
2.63956726
7.71606383
1.54272523
8.89216977
7.40470523
19.18066406
1.64160156
1.79882812
13.72912567
0.42102082
2.29447418
6.42488586
5.16039229
16.45544735
8.06474844
0.93750000
4.54642731
0.01955170
11.67187500
3.33398438
0.03717041
2.02652704
3.51404089
3.67728668
8.90625000
8.56685394
15.63165283
2.11372894
15.34285461
8.93744571
5.16110593
0.48950195
11.34304633
4.31531914
3.10876496
8.33247894
1.55371094
1.79028258
0.47880097
13.63716644
5.10546875
3.34720856
5.14453125
0.42114258
0.55708832
4.06026028
2.42122562
10.58593750
0.14314789
2.17187500
12.21695922
2.46577848
0.34855289
11.08219360
6.44051086
8.67020722
4.18839539
3.89981993
1.25838320
7.39798981
2.79447418
5.33638519
5.49910461
7.10127217
7.10665447
11.49218750
7.48872894
0.56192650
0.33655159
1.29394531
2.74849457
6.43615692
0.00888093
1.97070312
7.50553344
8.23181183
8.72131317
0.78810670
1.98925781
17.05814606
2.62890625
0.65279144
7.17874779
7.26265846
11.50000000
4.29687500
4.40535461
4.34029144
6.95312500
0.34785980
7.72227727
0.77141566
11.69242215
3.43550753
6.53267426
13.45800781
15.94762966
8.89522495
0.19535340
7.27734375
7.83459442
10.28279477
2.42122562
17.14497894
0.22733551
5.72131317
0.72347047
0.39208984
4.39408356
13.73766623
5.14726174
5.26741578
5.69742797
3.31278535
15.70267731
8.04596217
12.20170323
8.49475067
2.78108765
0.03503418
4.73005790
10.64201241
8.15600586
1.55814606
4.17818207
7.55814606
5.24654144
10.48477837
0.86483100
17.47611481
5.34419769
1.36140930
4.78169769
7.44531250
1.00728363
6.51428192
0.99865754
6.30814606
4.64497894
4.40144836
9.77433289
5.37109375
6.63972961
13.96386656
3.10319093
9.38041168
3.93359375
3.81294769
3.46133090
5.66366910
14.53893950
0.22839449
13.57515099
3.17777870
9.14062500
2.77884918
15.58247894
8.80468750
9.34785843
0.39811156
0.08211305
5.86600738
2.37500000
17.75887024
27.71846216
14.23258796
4.92923981
0.82076019
4.66406250
0.78564453
1.80289672
10.76964429
6.17314190
3.75093971
13.06538910
8.48258422
26.27620484
5.78861481
2.77193207
6.83203125
10.82377106
17.16678303
3.65007092
8.51077904
10.28174202
7.98433441
4.38281250
3.95658356
11.56685394
0.36287414
5.06205231
0.27600129
7.66930467
6.96660017
6.13326019
14.90970856
6.09631317
6.55603058
7.47701019
1.45869903
5.74332392
6.95479278
5.70406471
9.83939606
1.39737976
4.31205231
7.29732269
0.47021484
0.03338623
7.06013852
5.08785128
11.80122894
0.73392731
11.71699358
8.75732048
3.96318594
2.17818207
12.65402159
15.35933068
8.47538674
11.64843750
13.59195922
1.84456422
10.27689606
6.17982991
1.81040447
10.44787567
7.77132203
2.49218750
3.64013672
8.71004211
0.76945008
4.47265625
9.50090629
5.87683510
1.03515625
11.78906250
3.38732879
0.74153687
14.47159353
13.01741578
5.95630319
17.88281250
10.12369750
4.78145169
6.08618351
13.71964539
4.31358046
6.89798981
1.10591644
0.65673828
8.20825133
15.07299867
2.95898438
8.00736481
5.48778923
0.23291389
3.66316711
0.45690949
9.81929411
10.16508089
0.89697266
7.44867244
1.37420323
5.75406610
