0.11271055
18.64119570
11.34720856
7.66897113
11.76562500
1.45996094
7.91796875
1.00622559
4.07486813
1.62337406
0.75878906
9.85567044
4.91386081
7.82966977
9.44376773
0.10282379
1.70650238
0.03319793
20.23561096
2.59871399
7.24609375
10.07193969
0.62182679
19.05037290
17.14761954
9.45821697
0.12756348
1.07714844
1.70178192
8.66841644
3.45792664
8.77343750
4.42578125
3.28503325
0.50805726
1.75000000
0.19702180
4.89408356
9.25781250
3.36177582
3.86824524
1.82609070
11.12845856
0.74410004
14.38692168
1.84847047
0.95454926
0.95898438
4.08894836
1.95402039
1.02636719
1.80402690
3.09978169
18.44698028
10.90830537
25.23099762
2.76997894
0.68701172
5.41361481
0.02854919
3.35396332
16.94441711
4.86685284
7.06881205
5.06388741
1.60778840
4.20568817
4.40714539
0.95996094
2.18599457
4.82031250
4.19030419
6.28385749
13.96529144
1.24304106
0.16687105
18.68216949
6.70721300
0.22638075
12.14074886
10.90702239
13.41449405
12.56959441
8.40627670
0.57819896
8.45222961
5.41528258
0.89611910
7.08939606
0.51863617
1.60314910
6.61718750
5.14587433
7.61539672
1.63708527
8.19457447
2.30001385
5.72370900
6.04240041
1.78418218
2.54732269
10.04882314
4.87651041
0.24873871
1.09960938
10.18424469
3.98640961
1.25047821
2.67310256
8.24316406
7.01127106
7.64729485
8.75528369
5.39230274
8.71248227
3.81429078
6.72322695
5.99609375
5.25634641
7.98136895
7.86629211
4.97745789
1.69335938
4.58894836
7.51945008
16.02115844
0.18282105
0.24066707
3.07971409
2.44726562
7.49597075
0.95963625
9.01562500
13.79666335
0.14669603
14.29154449
1.32377106
11.28541215
5.00781250
0.80029297
0.02766418
4.76171875
3.91080563
0.54573734
0.68847656
11.05468750
2.07916260
7.98437500
4.05078125
2.36523438
14.34354333
5.07637854
9.89664672
1.84285336
9.14868351
2.45507812
0.22436523
7.48828125
0.29541016
3.25646942
0.82267273
2.01411957
2.43615692
0.68493683
0.70068359
3.59588462
11.61263436
5.78080231
3.85982269
0.52986633
4.37154144
6.14107269
9.31852172
2.29463653
0.02954195
6.00557403
1.68680879
20.05814606
5.91674805
12.78149352
21.19050089
0.30872672
28.08105469
1.81054688
11.55691601
3.18828235
0.57417349
0.38582834
0.91796875
10.81911681
17.97385194
0.12390137
5.90673828
1.84041196
1.80171847
2.10982269
3.66730552
-0.00215393
1.07812500
8.53548094
10.33028230
4.71484375
9.81941711
1.81726105
6.64932251
0.21464020
5.60982269
17.11530807
2.45382369
4.86641511
10.71093750
1.79492188
1.19824219
7.39192376
7.92057624
8.14408356
15.95898438
0.84590606
2.46317597
1.78267426
0.56449309
0.25704011
0.75000000
17.63975400
6.36230718
3.68889738
3.59029144
1.58398438
5.18750000
0.33837891
2.06595856
0.28902191
4.19441711
0.08762635
0.40869141
10.71195465
4.89192376
3.22916999
1.99849457
6.30033356
2.44380707
0.63281250
10.10156250
6.11034907
2.33601618
2.25362588
2.37963929
4.76607269
1.87792969
0.85498047
12.27689606
0.91841520
3.91162234
0.56054688
10.85847961
1.17085536
5.25728612
7.15624003
1.09799091
0.74039797
6.77298981
3.29402649
5.35290558
0.85648590
1.73677582
0.71044922
0.02146912
4.42968750
2.58203125
5.91454455
3.94047650
2.41377777
0.41825285
5.15893617
0.29951996
1.46289062
3.49173981
1.06685394
7.20579123
7.20948138
0.19605551
0.50297027
8.11718750
1.35404449
5.50480164
5.35502106
3.67232269
0.70214844
5.65625000
6.12577239
4.74487367
1.68481383
0.06359926
3.31880707
1.89648438
13.49039672
4.67366578
1.16406250
8.46785461
0.14799012
3.37500000
11.21004211
0.57316101
0.36108398
9.38883422
12.03108765
4.25390625
6.33939606
3.17232269
0.28784180
1.88822749
0.46254155
0.18457031
10.69531250
2.30273438
0.64701200
3.26949191
10.75781250
0.08437072
0.16080750
13.26955658
5.36572266
2.59602875
3.30241966
3.07767731
1.99263519
8.53125000
0.03204346
20.46134087
7.29784907
0.93026318
8.38920074
12.69877106
1.00284851
6.51855469
3.07377106
10.07223320
1.81001801
10.63281250
2.78906250
3.38671875
8.53381317
5.05407746
8.32482381
3.22595744
0.21405792
8.31595856
7.33894836
10.89587433
0.78808594
2.51953125
1.67045074
6.61661680
13.07201463
10.77275376
1.23925158
2.79248670
0.85453277
5.21138519
1.81445312
1.54935699
3.77583832
6.11328125
14.69877106
11.73091644
2.88309723
5.78169769
5.66462323
1.45842364
5.67968750
0.57958984
10.85937500
2.37695312
0.46411133
8.45312500
3.48632812
5.42923981
0.30371094
0.00735993
0.12133789
6.76196289
1.53051758
5.29296875
8.20800781
5.27298981
6.32076019
16.98002106
3.33638519
8.89664672
5.09554078
2.84765625
6.39017731
0.13338227
0.16062377
7.03259308
4.39062500
4.59029144
5.09765625
2.28763824
3.81746399
2.81579621
7.28051758
7.60156250
2.19921875
10.10412567
0.53568512
4.36449635
4.34802526
5.09981604
0.37182617
0.45983887
4.41699219
10.02298981
3.63769282
9.12703679
3.24791889
1.96513408
10.55737367
3.31880707
2.94921875
3.60367797
4.96663453
3.42683899
4.41105164
2.56746399
5.28995789
5.83575249
0.12701354
0.60428926
6.26607269
0.00988770
5.68164062
7.56986481
0.12007660
14.69531250
1.59863281
5.86629211
18.65429688
2.72314329
2.46329898
7.23002106
2.64107269
6.08275931
5.03955452
7.03698139
2.30750166
0.88671875
15.88423427
6.83256261
4.07985650
15.40256537
0.18260800
1.27384585
8.75484223
14.01486703
0.33775320
7.06095398
2.35457336
3.10831726
9.21004211
1.40226258
0.11480713
3.26098571
11.30737367
0.52978516
0.01709991
0.84322113
0.76111161
0.38509779
1.54386414
9.32466644
7.25390625
1.51029449
3.49609375
5.03951019
5.20267731
6.91548676
7.91137633
0.92224152
2.00870789
14.25858489
14.61641511
3.03096465
2.12768617
7.80680297
2.25861924
0.97461685
5.03254680
26.04698057
2.27103668
3.76171875
8.80379211
1.92464234
5.03369016
3.47082613
6.57076019
2.30558289
4.17187500
18.67162899
6.54520847
11.55419922
1.32031250
2.20161957
7.16406250
7.99218750
0.08666992
0.00380516
1.16210938
4.37638336
13.33158356
6.08052582
2.38431793
10.36027039
0.00428391
1.19628906
15.10058594
1.39506012
13.66548676
4.58784132
0.05774767
8.62823693
0.83750221
0.20306884
5.51472961
6.65413453
1.23828125
1.24218750
18.84713399
13.44864930
6.05078125
0.08899107
1.42749086
13.51602837
4.35461768
0.03452576
1.27246094
29.13982085
6.67960633
2.04146332
1.21679688
12.52433289
0.07006836
2.88085938
6.14363586
0.17887391
1.90527344
12.86283356
12.54508422
7.29304743
12.78340979
20.07868573
5.96159685
6.96362367
0.20417111
8.95593417
4.04732269
5.26338653
1.44816101
1.43404144
6.12589539
0.47802734
8.92968750
0.15974914
0.38016536
0.19189702
1.04154449
2.19185394
1.23730469
8.06595856
7.90657469
0.99035738
0.16149902
7.96830231
4.42459553
0.24577404
0.03717041
7.91406250
0.52411428
0.37524850
2.69665558
13.00435394
3.67382812
10.49104610
10.75459995
1.00728363
6.82352505
2.73116245
0.90039062
9.86014739
3.97969636
1.94140625
8.84916168
7.64107269
2.11216217
6.00646942
0.58138062
3.98242188
8.29406583
1.52331699
2.21484375
3.79856322
0.88073052
6.59847296
4.74955231
5.63716644
6.39062500
0.83824947
1.05514267
2.10396332
3.31445312
6.32421875
0.02816253
3.65669769
0.75244141
0.47045898
0.00367355
10.26562500
0.34619141
0.52636719
1.15131980
4.31205231
7.88161076
2.45507812
11.42533356
0.47627777
0.14392090
0.02372742
2.53080231
0.89945465
2.88688110
2.30542054
2.99804688
9.20312500
4.93750000
4.76127106
2.43008838
3.88578900
10.68253103
4.61434397
0.18615723
2.78102464
3.09446364
5.02376219
0.03141359
1.32958084
9.71435516
4.37890625
5.68013519
4.29040558
2.58398438
11.19531250
5.17789672
0.71423371
1.41743988
8.57377106
0.12457244
7.23571808
9.83789062
14.76587179
2.86777369
10.76037567
2.82706726
8.41662567
3.10485871
0.66129516
0.03287812
3.22277427
1.65889185
4.20231826
6.15698242
7.12890625
2.66796875
3.60351562
0.03976440
0.41113281
7.71364806
0.33863862
0.57515473
1.61303649
18.26122175
5.36918993
3.20161957
12.02587766
3.20609652
10.35400266
7.16597628
5.46484375
12.89550532
3.34818761
0.20556578
5.95625886
5.30859375
2.35546875
5.11238586
0.09519471
9.94864805
15.08947474
1.81539284
16.15946255
2.07011081
2.79927582
1.54243988
12.51855469
11.60863697
14.22115580
1.81917359
14.89660613
4.79475953
1.75292969
11.80191519
7.49631982
2.01507424
12.78125000
16.57678192
4.31429078
1.03653494
1.70418772
1.10351562
1.11718750
1.58105469
14.00602172
9.03035461
0.38281312
7.39896637
5.27416681
1.74149878
6.34029144
9.31250000
3.78828015
7.72343860
2.28710938
2.43599457
4.74609375
5.01940825
9.91582063
0.82057709
0.93603516
5.75000000
0.40820312
3.62304688
2.61397171
4.41015625
1.67480469
2.13085938
2.63627106
13.95312500
7.32198028
1.42111029
0.40182734
0.72574828
3.17517121
9.94966644
6.62276153
0.70389863
6.92474292
5.51031069
1.84436502
7.65714539
15.49849457
15.38574219
1.43705231
12.81544928
4.39905252
6.92610594
12.30826906
0.57572418
0.09419769
10.80155426
2.80479804
7.23918661
2.83785128
1.71431488
2.20507812
4.28515625
0.04177856
3.11814662
1.00880651
8.26671211
0.38074883
1.57641103
8.33398936
4.55033356
11.21588653
1.69667054
0.00521851
16.96041581
4.11573138
13.75870789
12.27831782
1.83992741
2.39514129
5.15458222
5.54597961
15.99746598
14.94234191
21.64624843
1.83947972
1.81152344
8.10066711
0.08787049
7.53371012
1.17985981
8.09514037
1.19063386
3.18404144
3.83593750
7.85546875
15.45312500
0.05029297
11.87500000
1.45267731
14.91406250
8.68750000
0.25288910
14.86383201
7.46453713
0.10382080
0.30376159
2.50736512
1.22859680
5.19620789
5.83894836
5.10278258
3.51440492
4.32076019
4.60591644
3.42142731
0.02641815
3.94712767
4.69260194
13.54493952
18.84476839
1.70194675
3.20658356
10.17533356
4.19698028
4.36596742
2.29732269
2.64843750
10.45914672
0.22835328
1.41601562
16.67439633
17.88476562
1.68648410
9.41752106
2.45206726
0.78173828
5.82352505
19.08228171
4.19486036
1.34659851
9.66796875
6.25000000
11.06673094
14.16841644
2.19649324
12.78189938
2.65364749
1.01936766
0.18424562
0.15942383
3.77050781
4.76863586
4.45011414
16.14444260
8.41415115
0.15612793
10.50781250
1.29882812
22.21695922
10.09651692
6.71453900
5.31250000
8.01306059
37.01890626
9.95252991
4.44230164
10.92578125
1.62447113
13.87487700
6.62109375
0.02115968
36.33984375
3.51684508
2.58426972
7.38663758
2.24804688
2.17124939
11.08850067
3.47790558
13.61335993
2.08976507
11.73632812
5.51863586
20.96059526
8.05826906
0.17940589
17.51127106
8.01562500
15.09375000
2.99312348
1.76562500
22.10847961
10.44901270
2.29289007
1.76151457
4.02978391
8.90380984
8.29264406
4.05594879
8.84375000
2.95507812
6.01953125
22.94847756
2.25866855
12.96504544
7.68008090
2.15520722
2.88521332
14.58882286
2.77498725
27.64915559
1.58371398
12.08451324
3.29732269
2.81640625
4.38537567
3.05993683
4.46439606
3.51953125
7.79384420
5.10414560
0.45231141
1.50000000
7.46740692
5.97009308
3.39062500
17.28670102
16.02221742
10.52412124
16.55969955
8.77164672
1.55810671
16.49820922
12.43147828
8.72619349
2.29138464
4.42934786
2.32260527
1.33007812
13.87759752
7.22005873
18.76896055
8.30814606
8.05135195
4.44185394
0.13842773
15.04418883
1.52648396
1.05632092
4.47310394
6.29296875
0.40502930
3.94266318
9.65161569
16.14192376
15.43070589
2.22664616
3.86914062
7.77119903
5.08984375
6.70536347
0.04920440
2.58344865
4.38912455
2.91583272
2.90771609
8.81595856
7.37154144
1.21679688
2.68705231
1.30708832
0.27709961
2.26810699
8.76562500
11.02779144
0.47363281
7.76037567
4.19112090
2.21663453
13.05505402
1.15181488
0.86083984
8.67561392
2.42594858
3.49023438
14.46093750
0.38916016
0.29227691
7.54532275
13.76770611
1.01322418
2.09464539
7.48437500
6.74609375
24.72733489
6.41719636
3.30859375
1.33593750
14.05292545
9.86032468
1.89533354
3.30273438
6.40917969
11.63256151
2.06079787
4.29471271
12.23023022
2.96333832
1.35668883
6.82502549
5.36399964
4.18660461
17.64933289
3.05513519
9.31188498
5.24235483
4.27290614
4.04980718
10.19743435
3.26355136
15.25068374
8.68333777
2.57423869
2.37109375
4.88448028
1.15775543
5.57255097
2.17163024
12.40169312
4.74308289
5.79827683
6.74513962
1.14103086
1.50427340
7.28267426
0.88671875
8.44999114
3.31997659
1.97728092
14.40189606
2.65279144
7.17968750
19.93314606
12.60156250
0.50484223
0.98974609
1.52988345
4.01177304
2.42338043
24.15498746
1.72314578
4.07108489
5.67891511
2.66125457
2.55558289
5.50494480
8.46683622
8.19722628
0.70613586
0.42932160
3.35937500
5.37845856
0.69640833
0.11238898
1.99755735
3.61671819
0.69046209
11.01997894
2.67879211
0.82026942
1.48189550
9.47196255
8.88350620
9.46004211
1.52441406
0.66349305
2.74609375
1.59082031
6.27990692
0.05841096
0.63281250
4.48067168
7.04280640
11.37629876
17.45437202
5.78906250
0.45678711
4.20019531
3.56152344
5.38916016
2.40234375
4.49173981
15.88463764
22.60319592
8.36319883
7.01139406
3.20979610
5.49511968
0.04139190
0.29223633
4.51411957
2.60742188
0.03692108
1.79492188
4.11767578
13.46529144
0.32255035
8.52270446
2.94116273
15.76997894
11.36718750
1.14160156
1.06152344
4.13866689
2.60095246
2.86930795
3.27929688
0.13738920
2.59838929
2.45552582
6.87544769
0.30310548
10.46952444
0.53060311
4.43359375
14.15888188
14.26971706
7.08398438
8.44624225
4.71782025
5.16060394
12.64453125
8.81400543
13.51216644
1.67399047
11.30647828
0.88223744
3.61690713
6.77356050
6.49084442
2.11417664
10.10752993
5.88981826
3.14132369
2.49218750
7.81794105
1.06531914
2.81250000
1.45365387
2.63521332
7.96907469
4.17936281
3.16406250
5.91796875
0.79162567
9.01341088
11.99564606
0.97998047
10.61718750
4.56294769
10.87845856
1.74263519
13.24039672
6.42008422
5.71617687
2.79432180
9.21183289
0.85742188
8.18135528
9.79825244
3.24304853
0.11059570
3.46936004
0.02578767
2.18164062
6.07767731
5.09029144
2.79882812
3.12845856
9.40933954
1.56136358
1.47558594
10.52978453
3.36055574
8.80033356
1.02290863
0.43920898
6.92467421
4.29016954
3.23828125
4.93269836
1.14501829
14.32714968
5.03879986
9.02022495
5.62589539
5.83158356
11.08443207
10.93750000
0.21683746
9.59390736
0.76697307
8.10591644
0.31030273
4.79732269
3.07617188
0.00765610
5.64062500
0.69677734
8.37011719
6.37500000
0.22985840
3.07474762
5.05078125
6.17533356
10.31272019
2.65625000
1.71582031
6.80268507
6.10392398
11.86638076
0.14461273
1.85937500
5.62584787
10.66327018
3.21563607
7.19531250
4.99787850
10.84310113
7.16105164
7.02787262
4.27828771
10.05314273
1.08300781
11.09419769
7.21484375
7.29687500
4.26171875
0.36075618
0.20992222
4.88415558
2.75195312
4.53125000
3.00443512
2.77779144
12.24027372
7.91817044
8.96492243
1.36251385
6.53906250
6.56115692
9.08772828
15.88675934
4.68359375
0.77506469
4.70837433
16.12980164
0.89160156
14.91361481
12.36527372
6.80704898
0.34301758
2.69140625
0.09399383
0.06543000
0.05453491
2.28547596
1.62227947
5.51171875
5.76367188
5.60402186
5.93261968
2.61132812
4.66512024
6.75040711
14.50000000
6.22778258
1.92634447
5.17627871
2.96679688
18.06250000
3.68794769
5.10758422
3.03942155
3.98385361
5.90535461
1.87068290
13.65853280
0.29931641
2.02539062
6.49873809
3.58186890
5.64741911
3.88037234
2.41992188
14.50691711
1.81046570
0.17687988
5.95043883
2.11987367
3.67675532
6.81905308
5.69576019
9.71272828
4.90856716
2.09924534
6.24612811
7.11775820
0.17672221
6.26261414
6.08158356
9.68481383
2.47383699
0.21325684
0.77347809
13.99165863
15.26611328
5.40189606
14.11389129
6.96378601
12.50435394
1.00878906
7.35565050
12.06255429
4.56020588
8.37654977
12.82377106
8.74308289
2.33203125
12.11478668
4.01336683
5.99755984
2.10156250
11.72265625
5.88179411
14.51395785
13.46154785
0.67875152
3.21590149
2.21423371
1.02929688
3.82767731
8.40384918
7.20747894
0.51900238
5.31282908
3.65172428
10.36283356
3.26338715
4.94858795
14.66662567
2.06188996
0.53076047
5.09517550
6.36088043
1.61718750
0.86035156
1.48962184
0.43318150
1.46789520
7.69620789
7.07812500
2.37023770
1.95833499
5.05366911
3.17830507
13.00401253
4.63281250
7.78125000
4.08581450
0.67785738
1.78808594
4.63972961
2.82706726
5.01460661
1.95404976
2.38681238
2.08593750
10.53548094
6.60883866
5.10177415
1.51464844
1.94799805
1.03515625
6.05423981
3.01216644
0.28344727
13.37890625
7.20267731
3.11753035
5.06602282
1.41068512
8.64294216
0.19222234
19.91137633
0.51489289
6.20524047
3.85899934
15.14843750
5.02343750
5.03110748
8.79572363
0.47869043
2.53666168
15.72310394
11.12154144
0.00219917
10.24218750
0.11849976
9.55033356
3.16166168
1.25284851
2.07523465
2.97261691
2.59375000
14.05114030
1.46643783
0.70507812
4.20043883
10.31086658
16.65133916
6.22013741
2.44486481
5.67056627
6.48763685
8.27779144
5.66560727
1.91353488
3.48632812
3.29292816
4.47220856
10.50333555
3.72172152
1.34818512
9.01004101
3.62989029
1.59489140
2.41965485
8.83019615
2.67456755
4.92105570
6.39798981
1.64400238
6.92533356
2.97212738
5.87365692
5.60245789
1.04785156
5.26383422
0.16906583
3.07072085
6.22265625
7.36673981
21.42024158
6.01379986
1.49458832
13.77148438
3.07181793
3.11885528
8.57299867
6.88671875
13.94095856
0.30855316
5.73828125
6.57205896
2.71671819
1.55159547
4.16451019
15.50846188
14.37435062
5.62109375
0.04190063
4.70703125
12.03458555
21.75060755
0.98690132
4.45792664
5.42232269
3.93164062
16.71101618
3.46867132
5.67923981
16.92773438
16.03584809
0.50614410
8.88232048
0.80953346
0.87353516
9.04274194
22.15816378
7.59733156
2.73995027
6.25000000
20.47131317
0.37536652
4.22460938
9.98091644
2.70932753
12.08197251
10.65804078
6.55814606
0.27583832
23.98851729
0.63941240
1.08398438
16.01439495
2.70195423
5.68304245
3.13185837
9.73437500
6.91304411
6.74397828
2.52071199
2.06229271
2.88765846
2.51277649
0.29093289
8.12255984
1.50427277
5.72045708
4.54687500
3.46891235
3.27132203
0.19580078
3.43625736
2.04101562
4.48437500
8.51074219
11.31250000
5.22176086
10.02608184
13.06319246
10.20703125
3.00150543
2.72310394
2.90580231
4.45625824
1.22904449
2.73872894
7.53861481
9.16451019
7.79207336
6.34419769
4.48905364
8.54154325
12.50394902
3.90295379
10.86718750
14.54866578
3.68872008
1.88061586
6.22220856
10.85684619
31.50952103
10.31791774
19.77303858
11.06829565
3.20041444
1.33353668
20.07787899
7.98462101
3.46093750
7.35546875
2.78755707
3.46289062
1.33203125
2.92715454
2.21289062
0.20617676
3.66601562
10.31070922
2.90730774
1.45251496
0.85107422
17.05598875
0.64506136
1.83203125
4.72656250
0.01695495
8.23961437
14.02210438
0.67942770
0.10526644
10.79576796
4.54003657
1.85124778
12.74731383
2.42651429
3.30708832
9.80818041
5.19181959
3.42338043
0.30372921
1.06657109
6.31640625
2.32076019
3.20719360
3.72349735
4.79001218
2.31131926
6.11596742
13.24432736
2.21270389
10.80468750
3.41166168
5.43448914
3.66361481
3.88867188
2.92773438
1.32596583
10.23795656
2.14449191
17.72032913
3.24780585
4.69246897
4.39978058
13.96529144
3.00000000
9.18314606
0.07076019
7.22656250
2.88476562
3.55785084
0.42950172
4.96187721
1.55513519
4.65234375
0.10295531
1.50748781
1.65527344
3.67805907
1.69889406
11.98400599
0.29781347
0.03663147
5.10400266
1.30504468
1.83248891
9.08158356
1.06481965
2.04056793
2.21484375
14.53348723
7.00313386
9.31250000
4.84810394
6.20658356
7.47310394
9.12845856
11.02472496
0.01102204
1.08593750
5.90580231
0.10890717
2.51953125
10.71004211
1.29459656
7.65970856
0.12449096
0.83138062
5.87064606
6.33939606
0.53552277
2.69531250
2.93029754
3.96618683
8.93407580
4.60828166
10.98014406
0.81738281
6.48828125
2.94726562
0.03615326
1.48046875
0.00260544
0.70983887
11.53816711
11.30814606
0.95259613
1.44087738
6.45703125
0.82210203
2.24621675
5.49173981
6.19217864
11.21797761
13.04092199
3.20561945
8.02392578
1.92976867
0.13053406
3.48854417
18.86940657
6.96048981
1.66715453
6.31038453
5.76367188
17.45214844
4.16202571
1.91113530
4.97517509
3.67537788
11.03816711
3.26049867
9.87833555
3.01814882
2.68750000
5.99784021
7.27514960
20.50210550
7.81450243
1.39965010
2.91602559
1.12304688
3.89187944
4.66280806
13.41270945
4.65471395
7.28682403
17.01383422
7.91418550
0.70259613
0.00205040
0.03845215
0.03164673
6.46439606
10.44966644
10.96093750
7.72542110
8.85420933
6.97656250
11.94966644
14.38525391
8.63627106
8.19095856
1.42472351
15.69291168
8.22310394
0.69750914
4.88940492
7.97265625
5.67101397
7.94181959
0.91988129
9.68395280
2.28434951
10.68269836
9.22013367
3.59224457
0.57470703
0.48697661
8.56221963
0.84765625
8.75000000
0.28702758
1.63874682
3.60767287
1.03515625
0.08850098
2.07588653
1.91585328
7.94140625
1.04146332
0.86669922
1.79492188
0.69531250
2.77343750
0.69754973
6.93237367
10.26997894
2.47176086
4.71183289
0.02328491
3.18119293
0.89684654
4.58040780
10.73732673
2.69233600
5.44438275
3.25240082
11.82421875
5.03966756
4.84359264
4.18509918
3.44291168
1.83158356
3.39737976
14.91106140
0.03765900
2.93074524
1.22611481
2.86071808
6.22265625
3.92578125
5.99218750
10.25948028
3.78440400
1.65384918
9.00435394
0.06806427
5.39497894
5.34676086
0.37076844
15.59720856
3.40669769
6.33459442
1.30700715
4.65926086
4.18013519
5.25887055
2.88724762
10.00667328
10.29943817
5.23091644
2.46964539
3.12259918
1.56258117
1.24210633
6.33593750
8.50781250
1.54109680
17.78995789
0.06435150
2.91406250
2.83548981
2.44502715
1.07991578
5.11027039
3.79618130
8.06709995
0.47314453
2.58270626
4.27129764
4.91796875
1.39941406
0.00178719
0.78894043
13.26668274
0.06486023
3.31640625
0.74910336
6.02880984
0.89400238
12.31852172
0.78397676
1.19974762
7.89062500
3.26367188
0.05385346
3.16210938
6.51908356
5.51517731
7.78145169
1.65409519
4.38838653
3.62333222
6.44230164
1.10217254
2.45642121
5.65144836
1.76562500
2.18644226
3.00931793
3.07200217
5.25860482
1.14355469
0.26790250
1.02099734
0.91107178
3.92427582
11.52856383
4.67334852
0.29948000
2.05212433
2.24068207
11.82031250
0.03747559
0.11705474
4.33817597
0.02583557
0.74410004
0.43530273
0.02308655
2.19726562
1.52472754
4.32402703
4.09118683
0.64843750
3.29597961
2.95239196
3.39811281
1.82421875
3.66332946
2.81713929
6.87500000
3.24453403
2.11244015
13.18404144
0.15856934
3.44547485
1.42126496
9.80318207
1.27396637
8.53535794
6.27368351
15.30814606
0.02061981
1.19921875
3.86787124
1.41337876
15.81664520
0.12605805
1.36035156
11.17709351
0.10559082
2.05033356
0.61982716
1.78455119
11.17187500
2.22420227
23.58674424
1.84188552
6.21740692
0.78991730
2.93554688
10.87304688
7.38236481
2.64693207
1.94042969
4.40234375
15.35156250
6.91503906
0.05634552
2.02689606
2.23136414
1.07128906
2.00158660
0.03497346
13.92049133
10.31506317
11.43486573
4.67578125
0.94051086
2.12980164
1.98775238
13.52547180
4.41015625
2.57706726
1.28710938
8.88972961
3.45703125
9.50256317
6.93699801
2.22299589
2.91841644
0.35188688
3.63773714
11.54252106
2.79296875
2.45357269
9.42680031
0.86861176
0.11309783
0.38248719
4.73872894
1.71191406
2.69473682
6.17098584
4.70703125
0.06936614
0.19250519
8.56595856
15.69504773
9.12601839
0.51200410
3.86629211
6.23347961
8.72550476
8.29496122
3.06335605
17.45825133
8.26306183
5.92443817
2.73706117
1.76269531
12.57958112
4.52153368
1.83247894
16.80790005
17.99499667
5.37198914
11.15279144
0.34688324
7.82722961
3.60115415
3.92513187
0.57714844
14.15836547
2.69425476
6.51652039
2.35103114
8.98295323
9.10937500
2.82927948
7.68750000
5.19030762
19.42227837
4.46488807
12.26517731
6.44531250
0.43648285
7.75621277
6.60982269
4.04456573
11.31099457
4.22265625
16.27254211
9.23091644
2.01806641
17.42097961
0.48230012
3.21435547
5.99218750
2.91992188
1.15482574
6.91451019
2.92789672
6.20056183
9.98872894
6.76383422
0.82263090
0.20870089
0.94559660
2.17305574
0.54789215
31.97831145
16.81831007
13.17916798
9.41829344
6.65942445
6.23437500
0.53287719
4.96573914
12.34464539
3.28710938
11.78995789
4.96875000
1.94238281
22.40923553
10.75463431
7.54659463
5.08548981
0.78564453
2.85156250
1.17427582
2.42382812
13.53702571
4.61084109
5.39420656
2.49039672
5.42846742
0.33524566
0.24157715
2.57271332
1.78613281
0.14774535
1.00427277
6.01216644
1.16406250
14.50345856
0.48917539
0.12650668
12.64178082
5.36603168
1.48069611
5.83153923
5.48124550
12.17280475
13.93221631
4.45357269
5.82588653
0.82401582
16.15974291
3.27661071
3.34640181
14.44681824
14.12141844
22.47819093
9.20312500
0.03860474
3.91406250
4.07421875
4.68750000
1.69750914
1.52026429
18.06424713
2.41650391
8.10156250
1.87500000
6.52288122
6.80133753
2.81835938
8.66406250
7.25642758
17.90470523
1.16637966
6.20381870
2.19457946
1.40885500
8.11718750
0.95735594
1.14225343
2.01953125
2.65242243
1.65145085
8.05647828
0.59716797
5.87463348
7.34509308
7.76171875
7.89017731
0.97558594
3.82144393
10.84306626
0.94506836
0.72412109
10.72220856
2.05513519
15.96004211
16.39318774
0.10154310
3.45507812
0.86376953
11.92354278
7.10032248
8.11285349
7.05379211
4.79581415
4.98519171
3.98872894
14.42968750
5.72265625
7.55904144
0.24975555
0.05584748
11.60937500
9.56054688
12.91662567
2.45109070
1.81018035
2.73030640
6.65580231
13.23514739
10.54081145
10.83349734
5.50813719
0.67700258
3.43705231
4.19755097
5.78951019
3.67923981
4.49084442
5.01741578
13.74039672
1.57263215
1.20173447
5.83289228
6.44018617
2.58398438
1.77050781
12.20568817
1.22627715
2.38444093
4.52140071
1.27742741
4.46415005
3.04366245
8.64831450
7.50793550
2.27343750
2.25919493
2.30135195
1.44213057
1.51538896
1.90625000
7.94006317
6.73527039
3.03951019
22.42101895
11.50386193
18.84529477
9.10144697
7.96927638
6.10494237
2.34224457
6.90970856
0.76851410
16.26670183
17.74304853
0.68212891
1.20507812
4.36974070
5.61418661
2.59301696
6.22534242
0.04350800
8.79252106
13.75423094
1.52132203
9.19185394
1.28670102
13.37312992
0.85884613
0.88667816
7.53426086
5.83357602
0.56282718
6.40234375
1.67773438
13.48002106
2.69145733
9.73437500
0.02780151
3.03906388
0.12898111
4.39896637
6.81282469
8.32043550
5.23002106
1.43404144
2.48469969
1.36055574
0.00654984
13.20174133
10.34538256
10.94980928
3.40429688
6.03592864
8.71016511
2.77148438
0.79475828
3.50614472
3.94230164
12.60156250
4.51509613
1.12109375
2.03666168
2.03474914
11.10591644
2.20206726
8.45703125
0.52294922
0.95288086
5.92879211
2.82511414
13.40970856
2.35786957
0.39526367
0.42415344
1.06339539
11.60283135
1.85765845
17.07466644
3.44254516
4.18538453
11.08593750
0.86820216
6.66699468
3.73091644
5.58158356
5.14461273
9.42968750
2.81964567
0.03244569
8.23437500
14.23196920
8.29146830
0.15547699
10.60696920
7.44531748
7.52779144
5.72721188
1.60311039
2.33744293
7.10591644
0.27590942
2.04492188
16.38448028
5.79520722
1.79492188
6.99519836
1.79158508
13.74027372
17.70217594
5.70464538
1.90376801
0.56894928
0.41206879
11.50410794
2.22831394
13.09375000
4.51127106
5.59494538
3.53906250
7.09375000
5.14408356
2.82092254
1.04528840
4.03906250
2.79146332
21.06941711
4.17842559
20.14772615
2.09471703
0.05759685
10.34899933
3.16278916
4.46744501
7.52975119
2.77193207
0.26143184
4.06005984
0.76338777
3.30143219
5.38472130
2.48637245
8.90714539
8.97656250
1.81228638
3.05920379
7.78259308
3.57226562
0.00494766
0.86702266
4.59444370
6.67622894
13.21186725
2.43657025
3.19726562
3.01478835
3.83334995
3.98389295
2.56266235
0.17098023
0.54597961
1.94276947
9.50826019
3.19697529
9.20732158
6.26127106
3.02539062
0.94592254
0.83382203
0.72070312
1.12011719
3.50532802
2.80131261
17.32787899
6.29886747
0.57393714
3.96536016
2.14401484
0.25878906
5.54012024
4.27042664
9.93314606
0.30578582
0.19494660
9.23872894
5.31298205
1.08350232
0.36132812
2.06232769
2.94157856
5.60412567
9.33516262
5.82881870
0.95308441
4.92354278
3.27132203
0.49690734
2.74838532
1.68359375
1.63130707
0.66040039
0.25699859
4.79776042
1.32288563
1.88635223
2.15368683
6.61417664
4.89318817
3.60485871
3.00064938
5.08919437
3.84090149
9.37413897
14.53600732
9.15324911
0.58451324
4.28169769
3.59785295
0.51347517
1.88606688
3.73510804
3.42427582
2.82421875
9.78560394
0.32885742
21.98823693
3.24027870
4.20267731
0.50772946
4.60514406
8.81641481
5.70703125
13.28881649
0.06083347
14.58837766
10.28527925
4.36507203
3.45117188
7.96875000
3.19486481
0.63378906
8.72955342
2.36171459
0.60119598
4.52433289
7.62109375
0.67183441
12.08235594
10.23335661
0.86983433
9.73437500
2.76367188
10.11885528
2.41109254
8.05277372
13.52189273
0.40795898
10.15331782
0.93652593
2.20418835
0.78121602
0.68429244
1.27201324
2.24068207
2.49396208
7.14438386
0.54577668
8.31494016
1.91886165
5.05082557
0.68896484
0.93701172
5.31986481
7.40669769
10.28755209
1.68119791
1.20996094
2.40405273
1.96777344
2.77148438
0.53433829
0.59664284
11.66540558
8.49218750
0.48559508
2.10620179
13.07405142
5.84993905
0.07265260
7.50515072
1.25026096
10.50214386
2.18013519
2.68119293
8.30468750
0.14949555
3.87109375
10.42354278
4.08638519
2.18990082
10.92968750
1.22009308
6.53080231
3.14693207
0.00817871
2.68119293
6.88618241
1.37989029
1.56149258
7.75033466
1.00781250
1.62837738
12.24218750
2.81835938
1.73307126
1.51595218
12.14062500
1.84037262
0.60314941
3.60937500
1.24023438
12.59720856
1.84269226
1.98197418
6.10175422
3.49244348
0.73734527
9.42232269
3.71208382
0.12697466
6.46887300
12.36718750
3.82714844
11.28470856
8.95987976
1.31982422
2.98572540
0.06579284
8.55265071
6.21130651
0.05838013
3.59179688
8.46829234
3.66647329
1.53194121
6.80692597
0.26806547
1.91373781
20.13448028
10.98466035
7.92232269
3.73002106
2.27583832
1.37500000
2.35937500
8.81973183
6.49667442
1.92968750
0.34977079
0.00435519
4.11773682
2.26082336
5.44395531
0.24320702
7.66040226
5.01953125
6.74609375
0.00407028
10.85156250
2.66210938
14.03433954
2.53792608
0.17297363
2.47957336
0.54345703
5.96964539
5.07783467
7.90263408
5.94128600
0.87276277
1.00781250
17.18570922
6.51179992
6.53739472
6.57218880
3.09039787
4.35435726
1.72635832
1.67891511
2.86523438
7.32466644
2.23242188
6.58984375
0.01045990
0.00188255
0.07146201
1.44311586
1.58398438
5.80468750
1.46134336
7.17244570
0.63085938
0.68086699
4.09989472
3.91406250
1.37987534
0.73926529
7.96439606
1.84322113
10.81932846
10.24227615
15.00435394
2.50435394
1.24902344
11.28727172
12.99385528
3.55887910
1.55940797
0.62597656
18.39754211
6.18269836
7.13403258
6.74141511
7.55859375
14.31787141
2.24604943
0.31645057
0.66162109
11.79132536
4.69357601
1.98970800
11.62410461
1.52628601
2.78613281
18.01751685
18.31192041
12.06250000
1.08593750
0.94628906
15.65335218
3.01770611
9.34847296
2.77343750
11.18475342
10.17041016
5.71875000
11.47566711
4.87980164
3.32616689
2.60156748
10.01421356
18.23258422
4.23851563
7.83280364
3.20039949
14.18314606
7.06294769
0.00995636
1.26855469
2.03080231
4.61718750
7.47701019
1.80257047
2.57419436
6.09375000
1.00195312
0.24361176
0.12207031
2.45143479
2.03843306
4.61372894
8.41101043
4.02095551
2.50179078
3.81705719
13.41406250
5.53957123
5.03665670
1.00631205
1.18998199
3.27343750
1.55244903
0.68753436
16.49459330
8.38818484
2.68359375
11.80021055
1.14856050
1.47505707
10.63232048
8.70093085
10.69409242
5.55468750
3.93378547
1.27129266
1.03808594
3.89062500
1.45466790
2.67208167
5.26216644
11.43660461
2.73136414
2.71020446
3.87377992
17.29687500
0.90039062
1.00585938
8.14843750
0.11499023
2.76367188
11.59529477
0.27091617
2.85984290
0.27628851
8.63212066
2.28470856
12.27433289
2.26367188
0.17126465
1.34561946
4.09578679
9.35310727
0.70174257
1.70882203
1.62823063
8.95747894
1.60644531
5.59977172
0.13411500
5.56086658
0.02946545
1.95151439
6.61890957
5.02734375
8.45222961
6.62589539
6.58984375
0.02904754
1.24458832
0.35477691
12.54341644
1.16992188
7.59649491
5.72772384
0.13452148
3.62109375
0.01265717
7.02343750
1.32999041
2.35348127
12.32722961
6.97733489
7.26530031
8.03125000
9.07031250
10.16187914
4.72351728
7.43314606
4.00361841
11.25907690
3.59615082
0.01427322
19.04687500
7.83203125
1.77193207
1.40917969
7.60937500
6.42488586
0.94816101
0.06394408
1.65120484
1.19165039
15.26908356
10.82966977
0.23551578
2.27388519
8.68994016
4.36429964
1.00630707
3.66406250
6.89309952
0.10201767
7.00390625
8.51729278
7.17304079
4.21982269
4.28470856
1.68798143
7.22552169
3.53080231
15.97310394
1.96830231
1.66829344
4.92199800
11.77689606
2.10396332
1.20898438
8.19095856
0.76285766
1.14579316
10.09094083
4.79187167
8.25781250
11.78906250
1.32128906
8.59195922
1.26253297
4.36860335
2.40841478
6.87942266
1.35149379
0.84863281
11.00345856
3.10680187
0.16415364
1.49316406
4.42325493
6.79211768
1.80025238
0.23144531
1.57128906
7.92923981
5.92822141
6.57222628
0.42972622
10.44991245
1.75976562
8.57812500
12.31595856
0.46317411
0.68204898
9.13972961
6.33252991
7.81640625
5.47656250
1.44164977
15.22489472
0.47090668
4.41406250
3.33983877
1.03817209
5.30167664
6.26562500
2.50195312
0.01296764
0.41133637
0.00573349
3.82031250
7.03861481
5.80692473
14.33660370
7.42155031
9.37935394
3.98217773
5.31986481
0.95357269
4.96077017
5.22477670
3.05183899
1.67089844
5.20011414
0.34619141
0.75301086
0.72501648
0.23510742
2.39981993
11.49401264
2.23462599
3.26802582
8.23604278
7.45491578
8.05509087
13.44490913
1.88130707
0.68656402
10.60982269
0.78271484
19.03849180
2.27596132
10.12845856
1.12837489
3.20170323
9.78560394
14.03369016
13.51652039
0.75154726
0.04940796
0.88916016
0.60546875
6.38045102
1.49088562
3.59867464
16.45660794
3.89930850
0.86645446
2.89135804
4.95812833
6.09220523
4.61328125
5.61763519
4.96952239
0.47050019
0.94820160
11.63281250
5.92232269
0.72509766
12.73437500
6.70615631
6.32678192
4.33459442
8.87923250
7.18359375
0.01029968
5.47989836
3.49754987
1.33130817
10.50710883
1.95622949
12.65538897
2.16260389
4.28649933
2.43676696
2.49877992
2.36328125
7.38236481
1.07100371
2.18042054
8.91483489
5.79219636
1.60449219
4.58203125
1.52441406
3.47671488
37.53793356
4.32421875
2.40820312
5.52298981
19.12915492
11.91242908
4.42061060
5.54586657
1.16841644
9.94006317
1.43884308
3.19551543
18.48888631
4.08575876
23.84455674
12.20377438
8.94442459
4.29545323
7.02600067
12.60611252
3.59127548
3.35937500
2.69335938
4.00061004
2.19771332
2.20402039
11.71439606
1.90376552
3.91131810
7.68660461
8.98079344
8.27921321
5.32381538
1.87695312
10.34716735
13.86014739
2.98868960
6.85758422
11.30381806
2.79101562
2.46244293
7.49891079
1.79101562
14.58873993
4.25536985
4.25492464
5.69071255
1.13928441
0.47583008
10.23168883
22.25268617
10.00345856
3.31099457
16.02099635
0.68318913
0.84810145
5.90047429
0.55464691
8.35469387
5.91485720
3.30993683
11.35937500
1.93448914
0.50732422
3.71816185
0.69838264
8.95806854
5.55647828
0.50244141
9.18743865
6.02443451
2.04191101
9.93737700
5.44543550
12.75390625
2.78515625
5.04296875
40.41947418
3.85734802
4.01261414
10.07454344
2.89123504
15.90417480
3.26823000
13.55610927
9.52664784
2.05993683
7.43794769
1.97798676
3.02103668
5.39558899
5.72375333
0.51489445
3.56250000
14.39013298
3.97106217
2.44890403
0.60396332
12.30468750
16.58916925
7.47648382
2.52327515
9.06546654
2.40617132
3.11322446
2.45322362
2.04101562
21.48978668
9.50984680
2.70446808
8.79841977
11.64253878
3.22310394
4.44531250
23.13627106
4.03560394
8.83223294
4.07454593
7.07722961
0.81921418
9.94469748
17.29122229
3.09371066
9.25781250
1.65376801
13.47957336
11.20011414
2.35502106
15.23465537
7.09391733
0.75537109
11.28005960
3.49354055
0.61861176
6.29694371
9.63367353
11.57284131
4.65356383
5.63008699
4.93660461
3.01997894
16.43855774
5.02510528
1.04069093
0.59863281
5.11283356
4.19405059
6.77668939
7.25138741
14.08300781
2.77734375
5.90433746
7.22379080
2.83459940
3.01159575
9.13728945
15.14252103
1.02152621
6.50301086
3.66377715
0.83805422
7.84301696
1.07327717
2.10836408
4.42142731
4.11047208
7.93436614
5.97847628
10.84273161
10.59977172
3.76119237
7.94486481
3.78365082
9.67610594
2.49961416
3.21876994
9.85335328
10.19966644
5.89017731
9.68625998
2.40793771
6.95801788
18.90181488
7.51171875
2.71439606
5.64648438
3.98632812
16.25240082
2.77449524
11.19966644
15.17480469
2.68314606
6.67277039
17.25728239
1.57095690
3.68982712
13.64139739
7.37129793
2.49609375
8.22830906
10.95926972
9.83878601
8.14062500
0.56640625
4.95812833
12.43163564
5.65320478
0.47485352
11.72078430
10.18102062
3.14799977
2.34765625
10.83398438
11.11638801
5.87731965
2.55859375
8.52396512
5.22847628
0.60400391
8.01127106
4.29732269
0.93994141
4.94388824
21.91751553
13.29670970
18.49715149
0.44425476
0.71044922
17.43603516
2.21093750
4.53515625
7.84511747
1.90292940
8.21630859
2.66406250
13.51423759
8.39795296
3.58195008
3.45703125
9.12064606
8.42629444
1.86251385
5.58593750
2.48046875
9.97703458
7.04204897
5.78169769
9.35066711
5.01749695
1.92578125
7.91662567
1.18708604
1.57866134
7.63537567
1.08780945
5.11367465
17.00200243
3.45410655
1.38183594
4.92142731
13.72566711
3.30924375
3.80464816
1.95703125
6.97265625
8.80635528
4.93493683
7.46468914
1.02084995
1.71777344
9.55394947
2.30542553
5.46777344
3.28275543
1.46484375
14.34984043
1.78443691
2.30122894
11.18904477
2.64298648
4.41796875
5.11238586
10.41060394
9.19531250
1.08789062
20.30460259
8.51148716
4.52627658
12.53214539
0.27571594
5.34106383
10.44108156
19.90246364
15.60125520
7.34399601
0.21472168
3.20430076
9.37626440
15.20491578
10.20186433
11.62182181
1.85278756
6.46679688
3.29882812
1.19868988
14.52832031
0.65478516
0.10205078
6.74457169
0.34106445
0.13232422
11.56933594
0.39208984
0.20849609
7.11425781
4.12410461
0.78898133
0.42651367
10.39849624
21.36000778
4.79386414
1.09082031
1.09293609
12.26021332
12.22611481
7.01997894
11.44531250
7.99597168
11.86795989
0.60180726
1.34667969
13.97404937
5.98323360
0.60246038
11.74218750
12.80725067
9.38385528
3.60532136
3.30468750
12.28816711
12.18660461
0.30668183
2.63964844
11.98002106
7.52254211
4.30558289
12.61568207
1.29003906
9.17097961
8.13960661
0.08650851
9.89453125
6.72688719
11.93929078
12.56339539
0.29215516
19.11404367
16.29346700
7.28871787
5.70269724
0.54052734
7.20621454
4.05648272
0.24768783
12.40332031
6.09138852
1.12496066
2.58443207
4.07966977
4.90515292
4.13129710
10.15385915
2.66601562
7.78336547
0.34822633
4.93554688
5.95780364
3.47054078
14.97656250
0.15759308
11.72265625
1.24475067
7.29732269
14.64107269
4.53861481
0.23527039
12.84623199
7.66361481
7.01562500
1.48628380
6.92627327
2.38911957
7.86718750
6.45703125
5.82512665
1.94706207
2.02734375
3.82722961
13.46032746
6.36930297
12.60485871
4.07031250
21.65279144
20.16182403
2.91044160
5.18359375
7.10142953
2.04896110
0.47509766
8.18652344
13.67968750
0.33349609
15.88183594
8.16308594
10.02343750
4.76171875
5.78125000
0.86946002
4.44784131
7.16874114
13.34688386
12.06709809
16.46875000
7.11718750
14.53112700
7.55871675
4.55468750
6.08235594
9.54610261
13.45821827
3.62435062
1.20703125
14.98783356
7.20397607
0.69153175
5.53169769
10.99142953
0.90656027
12.59342957
5.07466644
14.51736149
15.44357601
9.45312500
1.72851562
13.08581450
1.40201906
0.53658051
9.05674868
0.42664976
1.67016602
0.89168274
5.52388519
8.51734787
0.18632019
2.32812500
23.29630430
4.50447695
3.50703918
9.03812279
2.36271553
10.10758422
3.82165558
1.12003601
7.22566711
4.16026430
1.83477171
3.11914062
13.93652344
11.43660461
7.49112976
2.23445617
6.35111481
0.92716492
0.29927582
5.43891180
17.38202964
13.01302249
8.07377106
3.14754211
4.22790558
3.39342919
1.30135444
8.04687500
8.03733307
1.83418793
4.16529581
8.27176972
7.59541778
2.71982714
2.82928634
1.23579926
13.13671875
4.57018950
1.97473238
6.45312500
0.38183594
19.43216949
2.17036957
8.68481383
8.34273161
5.56740482
10.10156250
4.04732269
13.10682922
18.46100632
6.14205673
2.31445312
0.04758697
12.65579701
10.34720856
0.81245941
12.64754211
29.72674425
1.30540114
1.22460938
13.81034021
1.76782538
4.91015625
6.50826019
0.45507812
6.64269615
2.88224678
6.99413564
6.89058940
5.10937500
9.93090758
1.88940492
9.22855621
13.95658356
11.22310394
13.06978363
8.33593750
4.49609375
5.86193817
2.93688996
7.25430962
8.96720523
12.80582890
0.73828125
4.78146361
9.11217225
7.68232935
3.48848792
4.72656250
7.06586991
3.37553634
11.15189606
5.37890625
1.00923676
15.20881705
6.94157358
19.06152344
5.84159270
8.05497285
3.46891235
11.08081117
0.96923828
15.12500000
0.60534170
2.95312998
24.43090820
8.36450133
1.07893922
14.46093750
5.48527039
1.50781250
12.89741911
7.51664339
8.86193817
9.03893950
8.12141844
3.53434452
13.68330840
0.24934937
16.87756317
5.30658135
0.61858986
11.13085938
10.42752771
0.28585120
14.16576463
7.94449579
7.52446462
5.67142731
7.01216644
0.77978516
9.14408356
0.33638519
1.01562500
19.96370235
0.57926640
3.20703125
4.22094727
3.00390625
1.29199219
16.14074676
15.61808289
7.56294769
0.42224028
4.05260642
1.43876191
8.73347961
8.95312500
3.25357159
0.90552692
5.01171875
4.50781250
1.33504211
0.00512207
4.00390625
3.07617188
16.10502106
0.41109223
11.96862700
4.48831561
3.78524490
1.24316406
7.05476867
5.00826019
7.64843750
11.53157562
5.64485594
9.71797761
2.53096465
6.47924867
13.48881012
9.58158356
9.60201019
3.63777649
0.65136719
5.31384308
6.34439938
0.76058109
3.72340870
0.93825298
2.79536957
6.02990692
2.47505707
11.46040863
6.37544769
9.00390625
13.81852172
8.97119016
5.73327792
23.94669586
0.22542110
3.60075077
18.26309619
0.48202100
1.39941406
18.88138824
5.36328125
8.04687500
13.83068817
3.61043274
4.35530391
7.50248448
6.40759308
4.65185547
7.10546875
16.25020169
14.63676058
5.36596742
9.41013602
4.27087433
3.88326019
13.75423094
8.70523050
7.29835106
7.37064606
2.49894226
8.14147186
0.03893524
1.20064301
7.86661680
5.13098113
21.15246675
12.87923094
15.10115939
1.79589844
9.45384434
13.51030695
8.56774933
9.57991578
14.26481078
5.56461547
12.51963381
0.46952301
3.29693873
0.75579565
8.90625000
0.33418793
7.81886083
2.07522273
17.76216644
10.29060727
6.63126773
0.48950195
4.69359542
0.70288896
11.84720856
3.29146332
9.33414672
1.38557984
0.30249023
2.60864071
5.69856937
3.71183289
8.54406583
6.16597628
8.57954677
6.12634308
6.71102116
12.44160918
1.94266816
10.71402704
3.24300421
10.10689052
2.72123448
4.12890625
7.53320312
6.16528258
2.41674867
7.42341977
2.23283023
1.43652344
13.73909391
8.06070922
0.27335757
9.46439606
8.72696587
16.01578236
10.49039921
13.60066711
17.45003546
11.72974069
0.53177887
22.92700133
9.61221853
7.14091533
1.96582031
2.81445312
10.63627106
1.54829926
17.62007536
4.81351839
0.72509766
14.24564606
0.22847504
0.80810547
5.84209593
49.69694093
5.07076019
10.54641734
7.21574911
2.40429688
15.68163564
4.97461436
1.47416168
9.31250000
1.05318207
8.93570922
1.94567902
13.21248227
3.44812167
0.60791016
16.91796875
7.14598737
17.57219193
3.27400758
3.59749390
11.61808289
0.45019531
6.92516623
3.15881815
7.53906250
0.63769531
13.22220856
5.94006317
12.41931183
14.15747654
4.10982269
1.66984070
10.11750222
18.75614472
8.28260305
0.38675934
11.32999571
2.05175844
3.25524933
14.16316711
2.40804078
23.06444565
7.45321365
6.68404144
4.98091644
0.91845703
2.73982104
2.52971021
13.34268603
7.45483959
2.46272828
8.45133422
5.96960107
2.87984596
1.04980469
9.01736149
0.89580562
6.89831450
3.31611592
15.94617353
11.14575133
1.19018617
7.51293883
0.40889558
5.30033356
14.58711326
3.74145944
12.61283356
0.68355316
9.77933622
3.00972628
1.33593750
21.22383606
6.62495910
2.62679078
8.79073028
6.71183289
11.91060394
1.32316101
13.47293960
4.64159409
4.43156693
27.86824524
9.46386719
2.00435394
9.98872894
0.21643066
1.03954237
0.71603197
13.86351729
0.68620622
3.91263824
8.46529144
16.87967926
0.14082855
5.56860352
0.32885742
4.57861328
5.95791626
3.46378103
1.84631815
3.38410129
6.21656582
6.37980164
3.97070312
0.89937348
0.52050781
2.93705231
10.53369016
2.71240359
20.52779144
0.47314453
17.38561544
1.10465952
6.10502106
7.29284575
0.65433871
2.70117188
9.90828430
7.41451019
6.48828125
7.74263519
0.23937988
6.63281250
3.44921875
3.55094360
0.02712037
4.61718750
13.46760860
16.58934176
7.70999779
3.80291666
12.18750000
9.50488032
5.12837987
6.54319244
2.86958832
4.07934508
1.76635804
6.27693041
0.77189771
12.22101286
1.44606050
5.06730164
1.83398438
11.67912793
2.63818484
4.18269836
2.27042664
1.17818207
8.92000305
13.48258422
3.96752992
3.06933594
2.38537567
6.39152039
0.20869965
7.42203735
3.76501496
14.68921280
1.03658051
2.09830563
1.15853031
1.66113281
7.24686614
16.61596742
2.41060394
4.82031250
0.96093750
3.37805020
11.81351839
8.27343750
6.08728058
7.36387634
2.65083832
14.98379517
1.14355469
7.90637352
1.76717475
7.21529144
0.49906402
1.00142426
3.76757812
7.64363586
7.88754988
15.74526262
3.47355164
17.88272385
11.49186904
2.50240082
3.38130707
1.95003048
13.35260186
6.71093750
8.36271055
0.88244722
15.55658758
2.53614527
3.29882812
6.33984375
2.52494293
3.18164062
5.74662013
3.93697362
10.35066711
4.87935394
1.10636414
22.68481383
9.12856629
2.61179077
8.98783356
7.32076019
10.68691643
5.00004432
4.10982269
0.88525391
3.52986633
2.08292664
8.49218750
1.41361481
3.56580501
2.97355164
0.47412109
5.17923981
0.01892609
0.24157715
5.84134918
9.35591644
2.28230774
6.05948914
3.56782802
0.10062902
11.33837766
10.11938165
4.46661958
5.69040779
1.21431488
7.05033356
6.53087102
12.82176967
7.33906638
8.57247229
2.19242464
6.88203949
0.89453125
4.11539672
0.73132355
3.85982269
2.55492105
18.65571997
4.73347961
2.85725953
9.14843750
18.62500000
4.58939606
4.02593640
7.57517840
9.62296570
10.06591797
14.24666320
5.98527039
9.46313165
4.46854831
1.76265597
5.75000000
2.24414062
7.32031250
0.65332031
0.02194214
6.90091949
4.21138519
11.64485594
15.20568817
1.71488558
6.06545657
4.79001218
3.34720856
10.01216644
12.10508977
2.72067500
5.69006317
7.22489472
1.78125000
4.05619293
2.24519836
4.32946808
2.45312500
11.00256317
0.30261262
10.26192044
2.04472019
6.23144531
3.06595856
7.32176862
3.80925310
4.31864472
5.74413564
5.35307291
4.64107269
16.40879323
3.66151927
4.20267731
5.02734375
12.48099762
6.55513519
11.98002106
4.59419769
1.16255707
1.02734375
13.34195922
0.35823609
1.42578125
13.31205231
4.11763519
0.60253906
4.98437500
12.36583445
12.32166555
1.50000000
7.28271484
7.79519102
6.96559175
0.28067930
2.25028535
2.95840869
7.96179853
6.89648438
2.05468750
10.00435394
1.60058594
18.15197723
4.88448028
2.83756593
0.45117188
10.47721188
9.56546654
0.22099346
1.22806793
3.40039062
7.21833666
2.94511081
2.95614084
3.19441213
3.54972850
0.57495055
12.43237367
0.68847656
2.18719970
9.76234437
6.42533356
14.06685394
17.37247119
0.84131482
5.79252106
11.80814606
2.10831726
8.58976078
10.21187285
6.19364472
0.61328125
2.40429688
1.18164062
5.37666778
4.94710328
3.56534353
0.91581643
6.49084442
16.63293550
3.25858551
8.49771471
1.76082834
10.35693484
4.07637605
0.21130371
2.06547027
7.03169769
9.57722961
14.70124329
9.49173981
13.18679633
4.95773492
9.56843307
3.91019559
12.65463153
0.03860474
14.13065271
2.31134863
15.80597168
6.81050629
14.84439938
1.21419437
10.78868668
4.73613142
0.31897004
10.37306628
7.40382978
7.03125000
6.09586547
3.67927915
3.09053745
6.95267731
9.74414062
7.08596189
4.40667331
2.33007812
18.09529477
7.43204898
0.62918848
4.80806737
8.65625000
3.79589844
3.94209497
4.63576491
4.30078125
0.50126129
1.48091644
6.21260528
6.02575715
28.66837586
0.18090820
1.57005901
6.49687610
3.41210938
0.05067963
0.20996094
0.62585449
5.40063477
6.77298981
6.71830231
6.17081726
14.58939606
5.42285156
6.28906250
2.12544769
12.15970856
16.89392418
1.67631012
8.91210938
7.81729977
5.72200687
8.40327350
1.75342420
5.20703125
3.15820312
11.06899380
4.65321475
10.69583888
5.99992132
7.64611785
6.85681183
12.81188498
4.39905252
13.12109375
8.58414672
2.60530640
5.49060059
1.53682403
7.50711557
2.86328125
0.70426422
2.41426419
2.18579288
10.49218750
5.39062500
4.17968750
17.50679411
10.53812777
11.07198028
0.00767060
1.97851562
10.90087766
4.63427859
5.06640625
3.37500000
4.24283688
0.08064945
10.60489805
8.31262300
6.41796875
5.85982269
5.52343750
11.03526929
6.07365802
1.71919769
5.63308006
4.21048981
1.88468445
1.18066406
1.56542969
3.79394531
2.25345856
14.02343750
5.24564606
0.49845398
0.15771453
4.99743683
4.49658203
5.37500000
5.02734375
1.23242188
0.31614791
4.61372894
4.86052174
3.66015625
16.46756926
5.23750886
13.26428192
5.44230164
9.60412567
0.68977906
0.52250152
9.33735927
0.52539312
1.96972656
6.12064606
3.68013519
4.68648161
1.17777621
7.39453125
1.46093750
6.76908356
3.71659021
8.11820589
1.92500886
5.01896304
12.01256982
3.64758643
13.42443817
3.52771027
1.46927887
9.82031250
9.61450133
15.88574219
8.06083222
12.30944232
9.21782025
2.02148438
5.06176197
9.76509862
18.69123892
23.74849955
17.02368351
14.39408356
3.97969636
6.16015625
9.86873227
11.78751773
11.16752106
7.82857269
0.27661133
13.58198693
7.12699745
2.95898438
1.15234375
5.05802305
9.76485261
2.52478058
10.39939163
3.51467087
1.12011719
3.78713127
19.94431404
1.51615387
3.71333832
9.02665005
2.75658930
3.81990913
9.48233126
5.69840204
2.59216589
9.19970080
2.41793439
1.32670074
14.59977172
3.40759308
5.48917664
0.24792480
1.75295563
10.65616135
6.07301612
10.36006870
5.79712101
12.57880874
18.96281693
5.28259308
9.78389185
5.86108710
11.73291016
0.03292847
1.27795379
1.46769226
0.83003754
3.03666168
15.55200133
7.40893617
8.42255866
7.15718971
9.67024781
6.83402372
2.91056460
12.30814606
0.03169769
10.60310727
9.89493960
2.96199524
11.65279144
9.67533356
9.21183289
5.01908356
14.35823516
13.36942597
1.68892426
6.79687500
2.07617188
18.55858337
12.66324579
5.61889960
4.85367641
2.36202183
18.56782988
3.41044160
2.54492188
11.35937500
22.64424092
1.82406139
1.38740996
4.73661347
4.98731995
8.37231383
7.92277039
0.07047578
0.35310602
10.58854250
16.66821476
6.75301086
3.53014794
3.81608156
1.79874944
17.16035794
7.42033023
4.03694703
1.16894531
7.35818928
10.73767619
4.10636414
0.67032898
4.43359375
5.68374114
1.52914948
7.21624558
8.34926528
2.54581726
2.74955231
2.37935394
0.16345215
0.60595703
1.58789062
1.31988525
0.24955168
0.09179750
1.64941406
7.21875000
2.78023161
2.52445589
7.01607269
4.96439606
17.90011969
2.73704675
11.07812500
4.28861481
12.59810394
1.26162667
13.78024033
13.60221188
9.10653147
16.64841756
19.56105385
16.12422761
4.74051972
2.28397551
4.81954011
4.64754211
8.03995789
1.22175338
3.89551529
7.45402039
1.03710938
2.94095856
2.52021748
4.62573803
1.68066406
3.75390625
0.17102051
7.24298096
2.00976562
6.32812500
4.95072418
1.06587738
14.12064606
3.35591644
0.26831055
9.03458555
0.25972566
6.75915558
9.61629211
5.85937500
3.08911071
8.08170656
1.09916168
3.24804688
13.06250000
1.97965453
5.80301972
13.08625222
5.15202903
0.96142578
8.01562500
2.30273438
3.79229694
10.39947521
18.39558836
2.65726839
6.33573332
14.08658906
12.53442321
3.23164949
0.03941864
2.61132812
2.78877217
7.97640514
8.85156250
2.98197418
4.77042664
0.28149414
4.68570922
3.48225953
0.80521637
12.13537567
2.21423371
3.91060394
5.23828125
1.63964844
2.53373199
2.93404144
8.31205231
6.06372008
2.53430020
15.44299534
9.76204344
0.74332765
5.91271942
7.56350843
0.59408466
8.26562500
21.66102219
6.69531250
4.69140625
14.13716644
9.43314606
5.25044769
0.05899048
1.09143035
0.18981965
3.73644988
5.22656250
8.69620789
22.29341644
3.88183594
3.01532968
0.04965231
5.68750000
1.84810394
0.49194336
7.94754101
1.49732380
0.98974609
12.68013519
0.63598633
12.84720856
4.37154144
4.03906250
3.24084442
3.81339539
4.46138519
3.37259918
9.44185394
12.29089324
8.32120789
6.23482269
13.79687500
0.53914367
5.21964539
0.57275391
8.51926416
5.21919769
4.84375000
0.25898757
0.87170628
2.45312500
9.85798759
6.27091866
7.14005430
12.47473238
9.80460549
2.13647079
3.16406250
7.20658356
9.68839539
2.28641567
2.39477726
10.24385528
3.64872285
2.68404144
10.12500000
20.22469055
10.63899158
0.55428662
4.87532469
5.51139406
8.00288786
2.07133089
5.72265625
9.96386719
1.56184116
1.50264683
8.34375000
9.45312500
8.96202461
1.37545766
8.49499667
8.92533356
1.61291224
10.43518284
1.74682679
12.18570922
0.61649629
3.87109375
3.12304688
1.22310145
5.57291002
3.02287677
1.26692127
0.24671002
1.72070312
1.99365234
4.81250000
4.13627106
3.11958832
9.93660461
10.18058289
3.01428223
15.71093750
12.90771484
10.56920546
2.94446642
10.62500000
13.12320922
16.57330989
7.95591166
3.79492188
9.20735594
1.65990775
14.10912899
2.26461159
9.56767065
5.69966644
1.09570312
1.28951019
7.58939606
2.62906860
0.14847871
2.84570312
3.19913509
1.09676335
3.32617188
7.62104943
19.89172706
4.16495789
6.03422027
9.89102837
5.71008643
3.20402039
16.71004211
0.31966000
9.85872562
0.01615906
8.27689606
17.85937500
1.15321869
5.53861481
7.94486481
3.01411957
6.84029144
32.70629549
7.69921875
0.23099762
5.66182403
2.47294160
10.98091644
4.15234375
19.33227477
21.76196351
6.46875000
25.53990983
11.42804547
2.26078402
12.22159353
1.70658854
0.78275543
7.40535461
10.36120014
2.36670545
1.35351562
9.53727172
3.87585480
2.62544769
6.96093750
6.15234375
6.34452239
7.01049867
2.19185394
3.12500000
0.99047789
9.22489472
19.56939316
2.70608209
0.45194675
5.22220856
0.92085785
20.17386747
12.38618241
9.60791888
15.10502106
8.11706450
1.78816836
3.66796875
7.91682735
7.95585300
5.32031250
18.60201019
0.39445008
0.00996351
2.85742188
0.27465820
6.51953125
1.71719651
7.13290115
6.19531250
9.19840204
5.44835772
2.74244099
9.40331782
5.99556737
14.88362297
4.25922982
10.49039672
4.34163453
0.85648590
12.64337988
3.97425531
13.06160461
5.33097351
1.40970856
11.82287567
1.93733765
11.33854789
1.13961159
9.25878906
13.90010590
12.01639739
2.85079011
14.09992908
0.80436779
22.41242908
6.12663342
6.94042969
15.15018645
4.79963985
8.56543218
6.03649933
3.22070312
12.78503325
3.56738032
1.58960272
9.66149933
0.92089844
3.85742188
0.00439453
16.36364403
1.71594581
4.91015625
21.62064606
6.37500000
13.53881649
2.27803745
2.84814453
8.93750000
1.70756012
11.71472970
3.27498725
15.44058954
18.90218390
9.20568817
4.27823914
20.33715758
1.97045961
2.35786957
16.68440049
8.00228280
4.74007452
0.78076172
6.37890625
4.79296875
5.14062500
2.93554688
0.12048340
3.17927915
6.27189273
8.26472961
2.87597407
0.90421819
1.73067168
8.82645722
1.86230469
10.29252106
9.48783356
2.02237976
8.40136719
1.71875000
15.38398826
8.87382424
3.37776485
18.99845523
9.52612367
4.91361481
0.02156586
6.64843750
8.87845856
7.59810394
0.00622559
6.69006317
16.29093445
4.31595856
3.11612976
18.96857270
2.87863585
8.70312500
10.10156250
5.95519615
10.25228280
0.66162109
12.17097961
10.49808622
3.20007480
11.75345856
2.16451019
7.08548981
7.52388519
0.21640897
0.19185519
13.53470856
6.65669769
2.11193817
4.61853058
13.98347961
10.14050200
1.72456754
9.48641179
11.24218750
27.38103061
8.03649044
2.36763519
9.68911348
15.49301418
13.19778702
1.79586657
3.74414062
11.01562500
0.01449257
2.46154256
4.80335002
5.97310394
6.34676086
4.61027039
1.01367188
2.24218750
3.32873504
2.93103058
13.06160461
0.74943055
7.80078125
4.30078125
18.70466614
1.84248809
10.75614472
1.11328125
15.45317377
0.47952459
7.67578125
0.11136902
7.35546875
2.32963043
2.06294769
6.14363586
0.11368836
10.39989362
0.14502825
0.89208486
3.89648936
3.17435699
6.26216644
3.94531250
4.34586547
5.93013519
3.15173371
3.15775543
9.39754211
2.29431183
11.24536133
0.93896484
11.83744293
12.58146055
2.41703402
7.74121094
6.39798981
1.38741059
10.33939606
2.12349457
14.33170158
4.48621010
1.93013519
9.82633422
0.79691559
0.16520234
0.01101685
0.02340698
5.20966583
7.54687500
5.53963227
15.08353668
1.78462738
5.81551086
4.72355164
5.31805420
1.48242188
2.22656250
3.33593750
7.53906250
0.00274277
0.40653473
7.71529144
4.37207031
21.84385681
0.43241363
9.68447917
0.28569509
0.24230957
4.64017731
10.55468750
0.37056488
0.53568512
4.89351286
3.21386843
0.46211326
4.34899300
5.64843750
6.00345856
1.22408051
14.84212157
4.91585328
1.47049895
12.82442044
2.39925421
2.32775100
9.81527482
1.44531250
10.22656250
0.66617797
5.95100953
1.19486481
2.42378754
0.92297332
1.18542387
3.74242853
0.30155862
3.59810394
0.04171753
1.19921875
1.96439606
4.28906250
3.17406666
12.11755651
0.09261358
3.05244903
0.60245789
2.32165558
6.09667969
8.11283356
12.06286434
3.41190769
6.48457669
4.57491245
1.88476562
9.89408356
0.71773285
0.01570129
0.16052246
1.24466949
1.42622894
1.69238281
5.19173094
2.52506593
0.04925537
0.04711120
0.05247010
7.18013519
4.52298981
4.54532026
8.08012743
4.41894531
9.21093750
6.82031250
3.83984375
4.55468750
8.45658356
8.82905475
1.64603917
9.81759011
0.19958496
4.14843750
11.77075133
7.08536680
5.63606937
2.37368774
8.26472961
6.95792664
0.10980225
1.69299285
5.82124723
2.15637300
2.07059785
8.32198028
0.69120332
4.24591064
2.46289062
7.21875000
3.67407227
7.08658367
10.26562500
0.26778168
5.58873671
3.46204454
0.79591027
1.97481604
0.18526215
3.85473571
8.24218750
1.44161043
0.65783660
5.04821808
1.31445312
0.09684234
2.62849353
7.79069592
2.73091644
11.32480865
1.14131684
0.87349208
7.26375554
3.54687500
9.04341644
7.65836547
12.07796265
25.45626831
17.90429244
13.19238032
5.38273382
4.31429078
0.32128906
1.69658599
0.15234437
0.20886168
14.78625333
10.65747008
1.92317625
9.56515956
3.45020279
11.20579123
3.76340646
4.36002438
4.17557956
7.23002106
0.63668024
10.41721899
2.14289783
7.09557183
9.73677582
4.13952294
9.52649268
2.80360635
5.57977836
2.71830231
18.23950133
5.97286043
2.20800283
2.34916666
3.22310394
4.68750000
2.57617188
1.34863281
0.97363281
1.07209747
6.14152039
11.21939938
1.49222933
8.94018617
1.22851562
8.32031250
6.90881317
5.47399933
1.92045074
0.10567230
8.05330009
9.45572739
8.51562500
0.23583984
4.61952209
0.63826477
7.29207336
2.57808068
5.96363330
7.79296875
8.94531250
0.82922332
1.33044465
30.85798759
0.79000221
4.10498047
3.63228363
0.24914551
10.43314606
4.60546875
3.80318207
6.38448028
1.44523133
1.51892121
0.14609709
1.15991273
2.37740082
3.47070312
0.89115387
14.50781250
5.61104278
6.98828125
7.95763631
5.87663342
18.95442376
6.27816046
10.81774933
14.40714539
7.42187500
3.75061004
1.51208527
6.48828125
3.73085419
2.58631648
4.62890625
23.03861481
6.87589539
5.01464844
8.86888963
4.35376662
6.98806960
5.21460771
4.18123227
2.66491855
14.58439117
16.66768402
13.38627106
2.44543457
1.67329926
3.50000000
0.15584289
3.19863060
3.10402260
5.80322141
9.54882314
3.91569592
4.36027039
12.54268340
0.22530183
15.21043572
0.26090827
3.81431580
2.58138510
3.54294935
3.30322141
3.37886691
5.75247452
3.97453568
7.79207336
0.04703797
1.87695312
8.35156250
1.84992036
0.34099761
0.90824371
8.25602172
2.76350953
1.46236176
3.15625000
6.76915022
3.35664949
6.41406250
0.94091797
12.00435394
0.80630783
5.94540115
1.17187500
1.52526513
9.55774268
1.20214844
4.10937500
2.06746399
0.35689301
3.88903591
5.86487034
4.99206450
3.78404854
3.27734375
3.54536957
3.94904145
2.84392730
1.81347656
4.50736481
4.56294769
11.40625000
4.17187500
4.94051086
0.10526551
2.33548981
5.11975067
1.74332392
2.14030280
2.29268340
3.40014462
15.79970196
8.04341644
5.47310394
7.18021637
3.30729001
7.82658023
2.33923371
13.52420989
2.53711000
3.73046875
8.37719415
6.72176086
6.77950354
4.15714539
0.65917969
15.02929688
4.51127106
8.52343750
5.70357269
0.97440582
5.88326019
9.11328125
8.64843750
6.25724180
5.08260195
5.43750000
1.43965107
6.34794658
5.80033356
6.46439606
5.42818207
4.47265625
6.48935668
1.38370789
5.51261414
1.63281250
1.12906860
9.75005874
5.79470079
3.21899414
21.39383786
7.17513187
7.06665039
9.40026855
10.92496454
4.24511968
8.07991578
0.67199551
3.24890292
0.38916016
7.96830231
0.79799408
6.75781250
7.69877106
10.12487700
7.46956013
1.14204926
6.78861481
1.43892426
1.85807126
6.33919437
3.78906250
3.08789062
5.18359375
7.38281250
2.87808954
2.42269171
2.59277344
4.01745512
4.91809175
1.03710938
1.26810699
2.86925865
6.64892952
11.33337433
1.39746094
4.18648285
15.26562500
8.23002106
2.68013519
0.01878357
0.17532730
0.72119141
3.40189606
1.63130707
2.75784686
9.37496564
6.57564052
1.12260167
3.25523937
2.72132313
0.53763824
0.65917969
5.50044769
0.33093262
8.40478516
2.83329067
4.07267398
2.95206726
3.22830896
4.48447231
7.15580231
7.59029144
5.75390625
0.70068359
0.92772877
0.48999584
3.07137024
5.62003601
2.45348903
3.02022495
3.95987976
9.24027372
1.22082613
13.08683289
13.89741911
25.89111453
2.55708832
7.91361481
4.90234375
13.29239805
3.40922152
16.56347656
1.79101562
6.09375000
0.08752441
0.02549744
0.01126099
1.90087891
1.59574371
8.86568207
2.43119293
8.10502106
3.96183289
5.21158688
3.80208499
2.48046875
1.39997542
2.67375443
8.70926972
16.35196587
10.28251440
3.27958222
8.41841644
6.74385528
15.65559937
2.65039062
2.38125527
2.49321586
1.80517578
3.47432403
9.36897828
2.69119958
3.77995124
4.33691157
5.47558843
14.78470856
3.54732269
1.69628906
5.54980469
4.88281250
12.00150543
5.56587738
6.84720856
4.29515792
7.85958665
1.43457031
2.69335938
5.86673981
5.84419769
7.84423828
5.72656250
1.94726562
0.54638672
4.46439606
4.64497894
7.26908356
1.85046387
10.51896055
0.08679293
2.64933289
6.83202128
5.40625997
2.48163329
2.10576905
2.65775543
7.21919769
2.39603668
3.01562500
1.76704926
2.56160461
0.02448548
2.42336548
3.38132202
5.66763409
4.13607685
1.66918634
0.70386054
9.25689712
3.59023270
0.88037109
0.19501739
18.62843811
11.75773133
2.13236481
14.15164506
10.19796431
3.61568207
11.31917110
0.03214726
16.47342864
11.51049867
13.04988586
9.09899933
2.29085016
5.15234375
8.34232823
5.54431183
21.96069149
15.55212433
6.60392398
17.21419281
2.98632812
7.51293883
3.06640625
2.23901429
7.41780142
2.05005319
10.49308289
3.40625000
1.27148438
6.38976646
10.08777260
15.25154477
5.55782136
5.86641511
12.45825133
12.01395722
3.68597962
3.27149933
3.72804799
1.21095744
5.20747894
1.16699219
12.55533688
8.50883089
10.52522828
6.41841644
4.18314606
3.16646332
0.54931641
9.03641069
5.43913342
2.17439882
8.97643950
4.82869570
12.07922332
10.20792664
7.92232269
2.41166168
1.05513519
1.23339844
10.89753526
3.73747451
10.64379821
1.42163148
9.83658688
7.10587710
3.04838043
4.74572976
8.32564937
1.60884987
4.31115692
5.48706117
2.17427582
5.29337212
2.73006538
4.59765625
12.00951463
5.40845412
5.30468750
13.34375000
0.10021973
1.88777649
7.64494843
1.54536957
3.59765625
4.77139573
2.16956283
16.85970062
1.93847656
12.29882812
8.91316711
5.72851562
2.61523438
12.84084755
2.72595246
0.58837891
8.54780475
0.66321393
6.28737991
6.08783135
4.03940713
0.18680816
10.44484001
2.53918426
7.23225953
15.39843750
6.65055297
14.83821563
7.65291445
17.56815582
1.88419036
3.94233600
8.62842420
11.64073383
4.32559619
3.63066267
0.60693359
21.66719543
31.57901790
16.93652593
6.80729094
1.51875886
22.20072418
24.49930630
13.11653812
2.80908079
6.00911624
6.53139739
4.96424866
3.66015625
8.50840759
7.22010804
15.75406361
6.54022829
7.09889627
12.66975953
4.76908356
4.91939301
10.24731383
10.30661423
3.60982269
6.42488586
5.93538453
12.50809287
1.56567819
9.84187431
1.94474678
13.84615082
12.98347961
2.37589539
3.53275543
11.01562500
3.49458832
3.71885680
7.72251761
2.86222351
18.52323208
2.38936558
11.87418391
2.30867741
9.05405465
3.72961768
3.58203125
2.60774657
20.64872041
12.97896332
9.52779144
5.17386747
1.43160128
9.56867908
1.68718029
6.37455231
8.86437833
14.35758422
12.54276706
1.44816101
1.66646332
9.69095856
2.58198693
0.93168495
8.20922042
5.32520279
7.92846742
9.49731383
2.16329011
0.20520020
3.13138824
16.86372120
6.55068263
0.28525487
0.83557098
5.16864045
2.11132812
0.37622070
5.61075244
1.14421154
4.07551056
2.93103058
0.72900391
6.49511719
12.10209137
1.71919769
8.06989916
7.46773908
3.33833832
6.08830786
7.78906250
11.33068817
0.62292512
0.30200195
11.08502716
2.53020722
10.71637451
1.42012543
7.65726092
14.41829344
2.12508865
4.04642731
0.12841797
6.04515293
6.88888851
6.70703125
1.40178924
7.19628657
3.96041112
5.46948055
7.96118351
0.14896637
12.14304141
6.04549756
0.43017578
5.78071366
2.19780197
14.58491911
6.84086214
16.53178862
0.30814668
8.01928524
2.09594913
7.74218750
1.15580231
2.20357269
9.61795989
2.19649324
0.02505493
21.76116668
1.95996094
16.93058289
2.49609375
2.12064606
1.23286957
7.30334442
0.06329377
3.58190825
3.42395113
13.14062500
3.54373117
6.74008200
2.28995789
2.89040512
8.36975067
3.44628159
5.54138962
4.76953125
6.37406402
12.13602505
5.07926640
14.81298797
2.11381012
0.47737672
7.04943817
0.53454621
11.99385528
10.01741578
0.02312226
1.57377106
11.55629486
4.22069814
17.59391733
13.90625000
1.47521942
8.68282136
6.67282563
5.87544769
6.83158356
11.74654144
4.28515625
1.69921875
1.43965232
5.19438089
2.28230774
1.83683289
10.30814606
10.07031250
4.87935394
6.09887633
0.02844301
4.48437500
8.53320312
3.60697418
0.71382660
13.25203430
4.59903324
9.10502106
1.56107574
10.44620789
2.46712157
0.22668550
8.15246582
7.44531250
13.92252438
26.58789062
2.36282608
3.03593860
0.60400391
11.08646637
3.61592310
0.76831366
11.87928772
9.50393158
6.22701019
4.44140625
15.42590545
0.10274293
3.28400987
3.75700576
1.32324219
12.27884918
4.46048981
6.56685394
18.30089232
20.23514739
4.14388187
4.78125000
1.75000000
6.06213099
6.78019476
6.44832336
2.24503601
12.70043883
9.67517121
4.27132203
15.78999225
2.87919658
1.37182679
1.45800781
10.65625000
2.75195312
9.31595856
1.54589844
9.68265404
20.70417775
2.46863696
6.04634613
5.15933227
3.38757480
11.86718750
4.57084137
4.39107269
9.66918883
3.85746122
5.52022495
0.41113281
14.29455535
1.18151762
11.33166924
10.07047983
10.47310394
4.40445922
4.29431183
3.19726562
0.56441254
1.04838043
0.82368988
4.83947474
2.96521276
21.91247341
12.06799534
5.43961547
3.54732269
11.79821808
7.92187500
4.47220856
1.90865082
6.11055076
2.98710549
3.57812500
13.97912567
27.58656694
12.45191489
0.74704094
2.27343750
0.69209622
0.04044773
4.71927887
4.05513519
5.36629211
4.89101840
2.56617519
5.26261414
5.81774933
4.90669769
1.24837157
0.70231203
1.25781250
5.98046875
10.47220232
3.31592420
1.79128851
1.67453180
5.24214691
9.37410461
1.41398133
7.05821477
1.06092586
38.34570312
7.78666168
2.07857269
3.86088043
6.21138519
1.74604133
7.38164422
8.56250000
3.89062500
7.34765625
11.47000817
10.58772828
7.19734929
12.00569703
3.12845856
3.77823914
8.41405253
1.41407247
2.30273438
6.64746094
8.14371454
2.64534796
5.01472961
1.96378601
10.38476064
1.42969248
18.34301197
10.15263408
10.53026596
15.36445701
10.53541223
2.11673981
3.24474070
2.04867575
2.92578125
10.11283356
1.73131732
1.76424756
8.45312500
6.56982422
1.93855774
0.95255555
4.44921875
3.62455231
0.52046723
7.82377106
14.73679394
9.01322418
5.21093750
2.16646332
4.96830231
1.90376801
7.64754211
9.76562500
13.78131871
8.08241023
2.54341644
0.00257874
1.04541016
10.06160461
9.43058289
8.29608061
2.63488863
5.04687500
1.31718445
2.86328125
9.16573028
2.91931183
7.24597075
0.66414492
7.50044769
2.96394836
9.16186523
9.23953569
3.28255873
3.26110871
18.48130243
2.09200354
1.59375000
13.39216095
3.47059080
1.54312166
11.61058511
2.89323747
17.18212268
2.41712267
3.52779144
1.66202820
6.25390625
19.39257812
7.29985015
2.05874239
4.39983488
2.04235871
14.32933563
2.36718750
10.21529144
0.47680664
1.50292969
18.57287567
6.65714539
0.09938568
2.99609375
12.73632812
12.94954344
29.09733156
7.33268188
6.40279144
2.99157746
2.40625000
15.46093750
7.87966400
2.18179321
8.50826019
2.66752106
4.63167110
12.59053745
3.43839539
7.89408356
0.47408051
0.27282684
0.01962311
7.07549757
11.89671098
6.45434508
5.51049867
0.39135742
18.86372894
13.91340388
8.50549534
10.97399933
5.28078212
2.63953291
4.32812500
0.55472440
6.44636525
13.25897352
3.69452631
7.13480497
3.46366799
2.03979492
5.50192261
7.21875000
1.01029968
4.25301086
3.62740082
1.03072113
3.48892565
10.26205092
1.14355469
14.53125000
2.26824971
1.82904033
0.00466537
0.97570770
8.72594748
5.42215083
11.74218750
4.08312833
8.43595523
0.92089595
6.05416112
3.64771515
10.02266449
3.29243241
2.96245571
6.91316711
7.39001496
4.67923981
1.84517426
4.66963653
12.54280142
10.20898936
2.25240082
3.34720856
17.35591644
14.06416778
3.40653535
11.20312500
0.55256891
6.06197362
0.70259613
1.30761719
8.35070147
9.04773603
14.99218750
1.08939045
1.07105053
22.96484375
3.66255707
0.20707121
3.06278535
7.42232269
2.18904228
2.98380928
16.37965351
12.92521055
17.34115248
4.44628906
4.53470856
3.27376312
6.35502106
11.75781250
4.36763519
0.05111694
2.83203125
9.36283356
12.08325133
0.55346742
2.43359375
9.57812500
0.04692597
5.88236481
7.81542720
4.94555851
2.65543329
2.95394171
1.15315797
1.67801723
2.17297581
14.16036648
1.15429688
1.59057617
3.50752341
4.37895057
7.25435394
0.55350801
6.63959747
9.93892426
8.24910461
3.05362478
7.27148936
3.94140625
2.57617188
8.34285461
3.39550781
6.40580231
4.60245789
3.82498074
8.43404144
3.33308899
1.71232117
5.37500000
2.24369293
0.46114105
7.69714200
16.81921542
3.82617188
17.65575798
0.78857796
8.08670989
4.69454011
0.39208984
2.41943359
0.01127106
6.40926086
19.86226286
1.62150210
1.67089844
7.76012966
11.84879765
7.68750000
12.82340204
6.46566046
0.04604096
4.30590820
8.08256012
13.04341644
6.03625333
1.26062167
14.19787567
5.68269836
4.11551972
8.12666778
0.29764863
17.57079954
18.44197695
12.40714539
0.20406066
8.31339539
6.37304438
3.74902593
8.57377106
2.62894559
7.12955563
12.59919105
10.95916167
1.72558594
8.20312500
6.73046875
0.19754911
2.21871066
6.98828125
17.84391235
16.29071014
4.06563386
10.37540680
1.46561364
6.21858267
8.94373337
2.62740082
1.93475342
7.77774587
3.15295877
5.21529144
3.51842919
4.51725593
5.65567930
0.58109652
0.14823395
0.82340453
6.20003234
5.66092864
1.37540835
5.41015625
11.47916501
14.55459885
0.63127521
11.23693817
0.44177277
10.08491911
0.31827758
3.15319980
5.97176086
2.37443055
3.37845856
2.18314606
1.50089539
11.61059508
0.40356508
8.64019163
5.11417664
1.60221437
11.81327239
2.37768617
1.41068325
7.67167331
1.33585633
5.75435394
5.04597961
4.17911680
0.85160433
17.33373207
3.41601562
12.90625000
0.41389829
0.05973453
3.36718750
1.23347961
3.95011414
9.83068817
0.84126801
11.98091644
1.99263519
13.85221250
9.26562500
2.25057070
2.76367188
11.05729125
2.07556183
7.34810394
0.06945801
2.25724180
7.34777925
4.91406250
10.99670379
10.93314606
6.21663453
1.94283051
1.09570312
4.92027594
9.67054438
2.56746399
2.48331726
8.07377106
8.32812500
7.89456561
1.51017896
11.13838653
15.14754211
4.71797761
6.18660461
8.65266844
12.66853945
0.08343506
0.66052153
1.87707613
13.78125000
1.95117188
10.05098294
8.11754436
11.39408356
6.98693817
8.38985261
16.29687500
7.16874114
3.57299867
1.20064301
3.53328430
3.98527039
5.49295989
3.27657136
0.91992188
6.10323028
4.88281250
9.50614472
4.11458001
6.55851507
4.87626191
11.86763519
0.60595703
1.76367188
7.62337157
3.99532136
5.35982269
1.36328125
0.89550781
2.42820646
1.95460604
8.37500000
2.82812500
0.44514953
2.86222351
6.21643035
3.50720246
10.11885528
15.74975399
14.59375000
1.81889073
5.16796875
5.60156250
1.58203125
12.11706450
9.70768312
6.18359375
7.08548981
2.69380707
1.59224457
10.44344055
7.31896942
2.06473847
17.02103668
10.98319573
0.03690498
6.99743683
6.92219969
11.22233156
0.67301391
4.70792664
0.97306336
1.94584137
5.52388519
13.38044105
8.92335106
5.51687136
10.82629488
9.50064938
14.97640140
2.12304688
1.52705840
2.76764985
2.72969138
2.12187112
0.32714844
11.72527816
0.65167497
4.52677305
8.35168550
8.45727103
2.43526651
14.55379211
1.49039672
9.93237367
5.56974180
4.85994570
0.11016846
3.15039062
15.83572585
1.35763353
0.41040039
2.19925934
4.28951019
13.71785461
7.16206879
13.09427638
3.22363530
0.08782959
1.22745789
1.36588376
3.86263187
8.03906250
7.29988586
0.82560242
2.26171875
16.47302246
2.23002106
1.99849457
15.97912567
0.53653992
0.74458832
6.49218750
8.76127106
11.10937500
8.98482269
14.91137633
3.19604554
10.47762024
2.54581726
14.36091977
3.39839816
18.06099457
9.17285156
3.35502106
8.39497894
2.36673981
3.08052582
4.04825743
3.62414644
2.11372894
12.24129211
11.87674895
6.25402925
6.46875000
0.70849609
7.66055962
8.78251440
2.10240173
6.29070589
5.61149047
5.19185394
10.89000998
4.19888908
8.98035571
1.89274047
9.21183289
12.32220635
1.85101174
3.20898438
2.97300533
8.46840092
0.99414062
2.67158965
4.84208222
10.44518950
11.51920656
2.01021332
10.22106716
2.68518284
5.81457115
15.90808510
13.01562500
11.10042110
3.17842808
6.47432403
4.28393617
2.47069066
2.05762965
9.72912567
5.36372894
8.08158356
5.35591644
2.30139129
4.56429078
12.54687500
8.45006982
12.33140626
2.17120123
4.86763519
1.31490082
0.61413543
6.19921875
5.85066711
9.43583222
1.81994598
7.57430298
3.36132812
6.80635528
10.50166778
0.14412539
23.46154785
3.33007812
3.14168274
3.22941101
4.35156250
0.02639771
14.91258644
6.62181050
4.19633089
5.97745789
12.20479278
1.14233461
14.50568706
5.89665669
2.31445312
3.74753741
0.75449689
2.05362976
4.77262079
2.98714483
0.60062652
2.90718598
11.36629211
0.56974305
3.86328125
6.86002039
15.04452349
1.17773438
5.82287567
2.90563996
2.78320312
0.30419922
14.84482109
4.26997894
11.51908356
0.53556336
2.04492188
8.27160240
8.64550532
3.66447584
0.46138519
6.35713653
10.88695479
7.15825243
0.05761719
8.47025543
15.79125914
3.23555574
8.12500000
2.06054688
14.44698028
3.02175976
1.18120290
7.52388519
1.43802887
-0.00465637
0.81640625
7.03816711
5.88384033
8.35985260
0.41125519
8.51729278
2.25374390
3.69140625
1.86861176
11.27526855
7.37552638
1.83345800
0.54492188
18.59496510
7.63159242
1.70508311
5.99361145
5.94726562
7.91316711
12.22900266
2.73372562
0.95996094
1.82987395
2.78829011
2.22460938
9.03637633
1.82885804
4.92093139
6.32812500
8.77779144
0.01651001
3.69335938
1.62597656
3.88531140
4.11334551
8.99308289
11.86718750
7.14697141
0.86035281
10.75602172
8.19266069
3.79395279
7.86238586
6.99680187
14.57696918
12.10343445
5.49198395
6.49955231
5.82360871
2.93359375
10.08886719
8.07812500
12.16137633
10.65881317
2.87076906
10.45914672
0.04929658
3.04671141
2.04219636
5.64410919
0.26193197
7.82210328
7.30448581
7.95141290
9.11409796
3.80487922
1.17062555
16.99308289
7.63671875
3.79296875
12.63117908
1.10221936
5.70133422
5.38122590
10.23693817
0.97737672
8.43134531
5.36943594
14.76288086
11.59016844
9.65547761
3.36299092
3.91134197
14.80960218
0.60836657
5.40336090
0.13525266
6.14945589
5.59838867
15.26009125
2.16601562
16.33402372
7.51363253
18.37434875
14.57511414
18.00781250
10.08939606
5.28157469
2.06022218
6.47375488
11.93457031
12.89107269
8.87109375
1.72912567
9.21183289
3.12410461
0.69860871
0.83048150
2.92733100
1.07226562
7.93847532
4.18807070
11.90323914
4.33548981
2.09029144
5.28222656
2.47656250
3.46679688
0.09509277
8.19868490
3.71545877
11.66996122
1.12487949
3.43164062
3.55078125
0.14868164
16.95596853
1.56160959
1.27591949
10.03344415
6.61506206
2.45350398
3.25931793
1.19052788
11.49434729
3.77327515
0.68725586
2.11523438
4.05078125
4.74851471
2.76305145
9.03125000
8.96625555
7.49378656
2.61893146
9.94046093
0.98872894
1.34671529
15.72662852
9.48164388
12.95117686
12.85103052
2.44869237
6.13069703
3.21830231
4.15669769
8.29248047
2.73828125
0.90531402
4.72957336
0.55163605
2.79101562
11.50691711
0.04987579
4.34118683
6.11283356
3.23482269
4.00781250
12.33235594
5.97391692
2.07702792
3.36189384
2.75484596
9.88716644
1.54304992
1.26704926
10.60387966
1.92391179
8.11091977
1.63419742
7.93481383
0.84655793
9.88024933
3.10188719
6.35164118
3.45963874
12.14933289
4.05078125
1.12817321
5.31864472
3.78755707
4.95222961
8.38293576
8.19722628
12.28381317
6.45402039
1.50036652
1.54198970
6.15918218
4.91015625
4.51953125
4.24523458
4.69893838
3.32153258
0.26383547
1.14941406
8.30200133
9.45056183
1.25142052
6.04301307
2.10038176
3.25988863
4.30423981
9.55122894
0.02043671
0.19775391
2.25195312
15.70022718
1.43185228
0.28295961
5.40580231
1.68256663
5.49565602
7.39408356
0.01224793
0.58243805
2.12500000
8.59285461
10.30122894
10.02779144
1.01269531
11.88534111
1.55859375
5.67660522
11.85100799
5.10742188
1.15962452
2.69877106
11.32377106
11.70222961
3.93705231
2.66434785
3.48783356
0.45992035
0.34985352
6.22534180
2.06141090
2.35546875
8.38102172
5.16931183
1.46138519
2.50585938
7.69742797
0.30440308
8.69676862
6.52588763
5.18457031
0.92545531
0.08809884
7.15669769
11.62039185
6.29601895
4.77970523
6.15425629
6.58203125
5.35156250
2.36718750
6.93750000
8.63871122
3.85766539
4.10738253
6.65502992
11.13525391
7.64709442
14.75524933
1.49609375
9.83158356
13.15189606
0.73571372
1.52572030
10.92622894
7.63793883
0.46655336
3.99609375
0.48250305
0.00548829
6.59541778
12.99308289
5.68750000
0.05511506
5.14387938
8.16393950
11.01911791
1.58419603
10.34720856
2.56640625
0.05075073
3.66841644
6.07128906
0.79935699
4.91361481
0.06443299
4.64843750
2.56445312
7.23437500
3.60892731
0.69539180
0.02868870
1.28417969
3.68920712
1.52856632
2.07226562
2.88093930
11.37923219
1.92785738
7.80078125
7.38326019
7.55814606
1.21724457
12.37174282
11.74678745
0.43741634
0.42781804
1.91992188
5.38285309
1.36395264
3.44681793
4.69966644
0.21004242
9.56595856
5.50435394
16.77545166
12.09748892
12.64722582
2.25447464
0.62304688
6.10847961
4.60245789
4.38537567
0.49353058
7.16227172
1.39436890
2.35306793
0.03654999
0.72558594
7.01048870
9.59843860
3.48482269
2.11389129
3.20056183
4.13268950
3.42004488
11.07031250
7.63627106
0.64111328
4.96529144
9.47416168
4.86372894
9.73783356
9.35459775
0.26844913
10.52266449
2.64648438
6.29296875
6.14798981
5.52388519
8.82812500
0.74479125
0.82845094
12.82633422
0.59407594
3.35111481
5.13716644
0.09865295
0.03464783
4.98002106
5.21651153
2.58862367
17.44877106
6.05334442
5.07755430
5.85347628
2.47265625
1.48775238
3.93074524
0.16817230
4.28951019
6.93225067
11.44274933
2.31030273
5.25781250
15.75781250
0.43998199
1.36425781
4.70747894
0.67285156
15.39843750
3.84590481
13.76151706
13.53515625
8.69877106
0.17317656
0.31013852
0.32145390
0.00952148
13.61238586
3.01802582
10.33850067
7.29431183
1.30513519
3.28816711
0.14933289
3.18462792
2.22676917
9.79987091
6.34659353
4.48543772
5.40279144
0.91357422
9.82377106
2.58849568
5.04281139
13.24475067
1.45642121
0.25764953
2.22355164
6.96892178
0.73375553
4.80122894
10.04764739
11.72004876
2.42672096
2.52823914
11.89843750
0.94799742
0.24731508
0.77490234
4.98258422
0.92415406
3.76367188
6.30203070
5.25851617
2.79553223
3.39843750
4.15901485
21.01411895
6.43505984
0.88720828
4.35591644
1.63981078
10.45922540
1.49666694
9.63281250
0.19055176
2.56054688
2.03336547
7.53637633
0.29504488
4.43705231
3.39793053
7.22723182
4.72143617
0.19482422
12.15791778
0.03883912
5.57759613
6.84773493
1.05904394
0.52876801
5.03710938
1.88777649
4.04386414
7.99015258
0.65596465
13.51139406
4.18794769
1.32519531
2.17382812
10.01562500
0.62495817
1.35770785
2.02539062
3.14379883
2.27734375
4.27107602
2.73087710
0.02038574
0.20351041
8.51664339
7.84765625
13.44531250
0.01875305
4.33504211
21.06250000
9.85105408
15.07031250
0.21667480
1.60615996
1.09989472
1.05566406
4.82355940
7.23894060
0.44628906
12.17508755
0.31001988
0.16068512
9.88716644
0.22379547
0.04132080
12.76025266
5.81734347
5.33113586
2.17381816
0.97160848
7.92968750
8.09960938
3.67382812
1.50150543
10.35502106
7.60923206
5.46017508
0.31039450
3.04101562
0.65132141
5.11328125
8.96439606
10.93725399
0.63407566
14.14631206
3.11239583
2.73588043
7.56685394
8.85502106
22.78951019
0.76904297
9.15580231
5.12652483
2.78407911
4.73738586
2.73331726
10.86718750
1.73046875
18.36604610
1.78629765
6.85803192
1.98767121
3.69051086
0.07487944
9.19364472
2.17338043
0.96618683
11.12162262
6.44038910
2.15234375
3.44531250
2.76143340
0.01658174
4.40948486
10.75000000
2.00976562
3.37005615
8.87064606
6.26293883
3.22676668
0.56693512
8.98490138
8.98384862
1.43750000
2.55078125
9.43965668
2.81054688
8.20646055
11.50954668
3.21906971
1.23112561
4.79707669
0.36942722
11.46780032
4.30954343
1.76660156
5.39213043
2.51562500
17.62500000
4.83984375
1.22603363
6.68219637
1.48158078
7.88895722
1.51855469
0.95381497
12.45593417
1.78800476
8.56595856
2.58247894
8.70117188
5.25390625
11.31347656
1.13582336
1.45650238
13.54943817
0.30769898
1.82572418
6.43526153
5.45417775
12.85811362
9.10572473
0.66699219
6.13236481
0.00803131
12.22656250
3.00736481
0.04372162
3.15433746
3.40865082
3.91316711
8.23002106
9.43839539
14.73533201
1.19868988
15.77600067
4.49392399
3.39804410
0.14208984
11.38767288
3.19167220
3.56083222
7.80122894
1.34570312
0.96707973
0.38838902
13.82816559
5.62544769
2.63627106
3.83699524
0.43570984
0.32930512
4.47306305
2.72115082
10.83670989
0.26778230
1.76420074
10.83939606
0.65046931
0.45064550
7.67517121
7.17533356
8.75781250
5.02779144
4.07169493
1.26086519
7.32767731
2.25976562
5.44185394
6.19441711
5.52498227
8.33964206
9.18750000
6.73392731
0.26456664
0.18046113
1.50195312
2.47460938
4.77209442
0.00647004
1.33593750
7.75687652
8.21875000
8.46093750
0.36208100
2.24804688
18.67879211
2.86222351
0.64941406
6.56481716
6.83707890
10.61372894
3.84375000
2.26713043
4.35156250
4.63326019
0.27539062
5.46848904
1.06036014
11.41597504
3.82572418
6.87101746
6.13671875
13.04150266
8.74755984
0.10725922
5.12500000
0.66442778
4.08504211
1.75980746
15.15970856
0.07843018
5.07934508
1.76094636
0.64111328
3.70825133
10.58772828
4.08850067
5.04475953
4.14318817
2.88761414
16.03214539
4.76488381
6.86368960
8.58068817
1.67614777
0.02336121
4.07474762
11.59810394
7.41117340
0.98490387
2.90665711
6.14453125
2.00195312
13.63590204
0.39437140
15.70703125
5.35937500
1.45214844
2.11132812
8.48002106
0.88326019
5.57198028
1.36136933
5.86523438
4.69095856
2.97762024
6.56339539
5.66451019
7.60066711
15.00610289
3.28873781
8.75000000
4.26562500
3.32767731
2.71328403
5.36333554
14.22643950
0.26452730
13.04256164
2.93599457
6.18794769
2.56595856
11.56490082
8.45658356
9.35869641
0.23441527
0.13305695
6.00386566
1.66654449
17.00406860
32.58581574
13.82511414
4.19531250
0.79789215
4.94576019
0.44555664
1.70568817
8.05128769
3.20693192
3.75390625
10.27636719
7.96875000
26.70601410
4.61718750
2.91601562
6.90234375
12.45133422
16.29827683
2.51992020
3.31070922
7.71663453
5.44775391
1.04349762
5.57076019
12.30814606
0.35009766
5.05635528
0.44604554
11.20726366
6.66537123
5.90625000
14.87410461
7.26517731
5.71964539
8.00000000
0.98636871
3.98486328
4.73420767
4.58655252
7.59720856
0.85929383
2.01517731
6.72310394
0.14172363
0.14150389
5.93835107
5.29000221
9.95926972
0.88033051
11.10582780
6.20348405
3.12428191
1.79740387
9.97097778
12.87654602
9.06774933
12.69921875
13.17700133
1.72045961
8.90970856
8.13445037
1.38162233
8.54764739
7.19844636
1.54597961
3.65128601
7.98392731
1.01997894
4.37109375
10.55110464
6.52014627
1.55566406
13.27689606
2.90580231
0.40230316
14.35892731
13.07340204
6.90405585
15.66796875
9.30653838
4.54573609
5.34375000
14.55904144
1.87865794
8.13281250
0.40722656
0.72119141
7.64786680
14.58260195
2.82812500
7.61193817
6.46350067
0.13114472
3.07377106
0.11979187
9.08979943
9.87113807
0.89111328
6.98109819
1.20550642
6.10392273
