0.11271055
18.62557070
11.34720856
7.66994751
11.77689606
1.44966644
7.91796875
1.01110840
4.05969083
1.63464511
0.76074219
9.85567044
4.91776706
7.82966977
9.45939273
0.09173584
1.71875000
0.03444916
20.78773689
2.48152649
8.25781250
10.73567625
0.71732699
19.35839595
17.49222435
10.13277814
0.16687012
1.35351562
5.96785461
10.48437500
2.97745789
9.90970856
4.46138519
5.01594969
0.55212433
1.69087738
0.23079469
4.44486481
11.53470856
2.93888367
3.95853668
1.64107269
11.71439606
1.00337738
13.71655211
2.68237367
1.37890625
1.28906250
4.24776153
1.49344941
3.30273438
1.92072986
3.33366467
14.88012633
39.22231080
22.67818207
2.21529144
0.78320312
7.29899047
0.08996613
3.15279144
16.15881317
9.32518285
9.79023826
2.68971409
2.35050476
6.33414672
5.74698914
4.40421321
3.48490636
4.78951019
7.27679744
7.97710881
12.33939606
2.89619404
0.09595287
18.67240387
6.53627771
0.08676916
9.73754830
12.02498227
12.72774842
12.21648714
8.98909516
1.13480621
10.58670989
6.18627992
1.49068207
7.47749225
1.62354139
1.55672180
5.53816711
5.08728058
8.12845856
1.48339844
9.90461658
1.15487256
5.61653189
29.08898150
2.66862311
3.08247894
12.73734154
5.95227393
0.35335328
0.98828125
12.21614563
5.69237793
3.71737965
3.07861702
12.35156250
6.92142731
7.50589373
10.09072917
6.39796542
8.60310727
6.10335328
8.35949800
7.68794769
7.02705342
8.67123264
8.14318817
4.52868683
1.38574219
5.77254211
9.91007508
15.27893035
0.23254426
0.15051389
3.31005984
2.27343750
8.02075133
0.93575105
9.32377106
14.16450023
0.50151540
14.21280696
5.27758976
8.73750993
4.68750000
0.83203125
0.01982117
6.05423981
6.85701352
2.28601230
0.93261719
13.96093750
19.82421875
7.75390625
4.50000000
2.10351562
14.53685994
6.08142619
9.71850399
2.23973737
9.40503989
3.69335938
0.26049805
10.29252106
0.33028168
3.52990692
1.85298676
3.53019226
3.95930907
0.89469484
0.65722656
13.24483184
11.39685090
7.05513519
3.15234375
0.40775543
6.82076019
7.90625000
7.88883422
2.00496399
0.03944978
6.23815825
1.71647218
17.14294216
5.67793980
12.38480497
22.99478502
1.35568040
28.97115082
2.58789062
11.99568041
4.73043439
0.93185684
0.32076767
1.80806488
11.84373006
19.21095744
0.18103027
12.74759918
18.73156583
3.77624667
2.72701019
5.64960914
-0.00351578
1.83300781
14.21044548
13.57385223
4.43542885
11.27331450
1.16251711
5.76469940
0.22859680
6.49308289
14.61506206
11.20166888
4.67545656
11.17533356
1.86275238
1.06347656
10.98054743
6.07023382
10.15625000
19.12064606
1.69608489
1.48466035
3.30212433
0.76891996
0.36560152
0.78564453
18.50548101
8.55533688
3.82472074
3.59615082
2.23002106
5.73482269
0.28454559
1.40759308
0.23868805
2.51953125
0.21150727
0.56689453
10.27941490
16.83707890
3.46118351
3.00000000
12.40625000
4.45357269
1.70898438
12.75781250
7.89351286
1.99031306
2.81120124
2.33382203
5.66060394
1.95703125
0.80664062
11.48002106
1.35078762
3.84790226
0.71097809
11.47656250
1.06278286
5.06754765
10.81846743
2.49118406
1.12491883
7.71484375
5.39363586
6.85245789
1.01908356
2.20747894
0.70654297
0.01850891
4.71875000
3.32421875
10.33918440
3.48503435
1.72607422
0.53287657
2.75057070
0.25292969
1.96386719
3.34375000
1.26464844
9.30565160
6.80086990
0.17424022
1.99429923
10.18107491
0.94750914
6.14721742
7.47701019
4.37410461
1.24548371
11.65535461
8.19461880
4.81799534
1.34509059
0.11999730
3.35892731
1.58789062
15.91113032
3.56929784
0.94681793
8.24218750
0.27022309
4.42578125
13.40445922
0.71370484
1.41699219
8.41918883
11.76285517
4.41711768
5.81685394
5.13281250
0.83056641
2.56154284
0.48256482
0.17781617
11.64062500
1.31542969
1.49779713
3.53198803
13.82031250
0.22857541
0.35742312
11.18168121
7.53515625
7.45214844
3.58048153
4.26997894
1.68261719
9.20312500
0.11212158
18.89859486
9.83146055
1.95353834
12.26863337
13.38830784
1.14091035
7.27494293
1.55664062
12.58964157
4.91841644
11.03470856
3.56099457
3.34375000
9.65881317
4.97814163
11.35196587
2.18686059
0.07199860
7.97957336
12.24910461
10.33772828
0.66357422
3.77929688
1.78515625
8.01371122
13.64180076
12.35230053
1.46894545
4.79619126
2.05078125
3.88769531
1.99121094
1.72851562
6.10351562
6.64453125
14.89904754
16.38024435
11.66675303
5.23392731
5.62804522
1.32552748
6.89408356
0.71240234
8.82377106
2.71875000
0.48185242
7.12845856
2.35201019
7.26908356
0.19006348
0.04482025
0.17997223
5.63838715
2.42187500
7.10111481
27.63911459
4.89559397
10.07755555
16.14062500
1.82910156
17.21516844
6.56998781
2.20117188
11.65189606
0.27022309
0.38435789
7.41764406
5.25345856
4.85591644
4.45312500
2.84305380
5.10685616
3.83772828
18.01171875
8.64497894
3.18164062
10.32364805
8.49898161
6.18464650
6.67346409
5.16300975
0.12988281
0.27551270
4.40527344
9.64058068
18.05403812
11.67635195
4.02053968
1.72087544
10.34810394
3.35786957
8.27095052
4.30831338
5.81038453
6.54943817
5.18058289
3.81595856
3.60201019
21.81896942
8.15266844
1.05623476
6.34464539
0.01417542
6.09375000
8.84375000
0.12658691
15.06595856
1.08300781
8.09285461
18.75748283
18.27636968
3.26045933
7.03861481
2.58833832
7.21422873
6.13074135
7.70482713
2.36621841
0.97216797
17.01436060
5.75354222
4.32545823
11.04726395
0.39558743
1.60091312
8.01460785
12.06232270
0.26047179
6.99332267
1.88570534
3.29671265
11.67443817
1.33532746
0.22351074
2.25768950
11.16764406
0.51802582
0.00705719
1.04988586
1.17356820
0.70590231
1.89534547
9.72310394
6.90234375
1.54980469
4.30033356
5.04732269
5.09330231
6.15201657
7.99397828
1.45377687
2.12528535
13.60489805
23.58581450
6.08227726
4.59419769
7.39941157
4.45393174
0.95968556
4.57944994
24.19035184
2.50565769
3.57918274
12.30725067
4.08471742
7.57372673
2.94100288
6.01997894
4.14408356
5.02779144
15.64192376
8.41988253
13.86104527
0.93949371
2.06144226
8.46093750
9.10502106
0.79296875
0.01943970
1.02388519
10.72509766
12.83760528
9.06420712
1.98010472
10.49654144
0.00815582
3.46289062
19.70747894
0.80082184
16.00044769
6.02646776
0.19769392
7.32253104
1.35565103
0.71914330
5.84021276
6.44018617
2.92187500
1.10990387
16.77965239
14.21122285
18.18570922
15.88435727
3.13261081
10.91869681
9.23755319
0.16080750
1.35644531
23.63232360
10.30167415
2.06437444
1.51757812
11.72310394
0.04390473
3.40039062
6.36885528
0.35111543
1.83691406
12.63281250
21.68147330
6.75325687
14.52816046
17.59694261
16.97922428
16.18465647
15.44404810
10.27124335
3.03515625
9.68225067
12.71594083
3.69437777
7.62467531
1.05664062
8.68750000
0.47237090
0.87824939
0.82809064
1.94824219
2.96484375
1.30664062
9.19441711
11.60835661
1.28609347
0.33935547
8.66406250
5.55093861
0.40999889
0.10345459
6.37890625
0.62965382
2.34993407
1.99923260
15.30289672
2.37182679
11.50142177
15.54455784
0.58239777
8.57693928
3.31954510
1.45117188
9.48860594
4.40547761
2.03365082
11.19823970
7.49121343
1.96984863
6.49295989
0.73409090
3.48046875
9.03023161
1.65922152
1.66699219
5.93843566
4.44829416
7.48519171
3.09720856
5.93013519
7.67968750
0.85549768
1.42135361
6.21138519
3.45747894
9.65625000
0.19576871
3.85046542
1.07617188
0.35620117
0.00429916
10.27343750
0.48950195
0.53369141
1.58510073
4.55505651
8.68542627
1.75435394
12.78470856
13.13948360
2.94751163
0.06347687
2.68465149
0.81640625
2.90177305
1.82621371
3.90279144
10.55814606
4.10591644
4.94095856
2.51382674
4.20199357
14.19994681
4.28487588
0.16027832
2.87184620
3.12424755
8.82161126
0.11881843
14.94832336
6.96146388
4.24723515
7.13460328
5.53649933
2.76171875
12.02343750
6.04675200
0.53576754
1.15917969
9.04162567
0.28889953
8.27176972
11.83203125
17.86093053
3.56070033
9.83133755
2.41235538
9.17777372
3.38322085
1.18880125
0.08536867
4.87759752
5.65714539
8.37061170
13.32857269
7.55859375
2.85156250
6.28951019
0.12939453
1.10404449
12.60487811
0.94980939
1.32617188
9.52583458
18.26122175
5.36918993
3.21289062
12.01460661
3.19482546
10.35746122
7.17085910
5.46484375
12.89550532
3.35795323
0.20568785
5.96752992
5.29341644
2.35351562
5.11629211
0.09562195
9.94864805
16.68562556
1.85400764
15.39660240
3.06299202
3.80753601
2.00976562
11.63130707
11.31265736
14.67773936
2.07698609
15.78393492
4.28002992
2.14017731
11.98180720
7.20335107
2.39398049
11.71093750
18.84285461
4.01306183
0.82523216
2.62398659
2.08353668
1.79447418
2.08292664
13.27856383
7.23046875
0.43632051
8.47115082
5.31062182
2.66480053
9.47579011
9.65970856
4.22065382
6.35836657
2.55228668
2.96919769
3.51953125
5.83414672
10.81421067
1.07415771
1.03808594
7.25390625
0.52978516
3.49414062
2.99543953
3.64062500
1.52050781
1.20214844
2.44486481
13.10066711
14.35758422
2.13043451
10.22377326
2.47159851
6.76997894
14.14408356
9.70621454
1.75712378
3.26012966
3.12918412
2.50786181
6.76350953
21.51411957
16.95410156
0.80082184
13.14942403
4.02718639
8.88358489
13.10860261
0.95658356
0.20007324
12.66678863
4.51662844
5.98308621
3.72143617
2.17187500
2.24849457
4.22611481
0.06184906
3.04213958
1.16000886
9.41169105
0.24553551
1.83088736
9.51969858
5.45703125
11.18972851
1.97583942
0.00868225
18.41496014
3.56218528
16.42801972
11.43379544
2.12931460
2.46634918
4.95491578
6.47131317
15.31839020
18.25887024
23.07424190
1.71146886
2.15669769
8.45568817
0.11063660
8.10171622
0.81609153
9.07442838
2.56726230
4.00931793
4.59855164
9.33593750
13.11629211
0.09291596
15.60937500
1.79243988
14.01127106
7.00390625
0.20686859
14.80613365
9.21998940
0.13574219
0.25341797
1.92140198
1.25638824
5.43013519
6.59330231
5.78637633
5.92411347
5.82857269
6.83984375
4.15625000
0.00813812
6.13133644
3.84042442
14.86709034
20.75447695
2.46232491
3.18326906
10.64062500
4.11494903
5.96272828
3.07661957
4.37500000
10.72477172
0.30818726
1.62988281
17.63802000
21.08385639
1.89539228
8.45658356
2.85681183
0.81298828
6.53157469
16.82013520
3.22250886
0.98779297
10.76757812
6.53906250
11.22106716
12.97066378
1.75162843
12.71081450
1.90051363
0.91841520
0.08500277
0.56152344
4.06445312
3.45117188
3.12500000
19.50503768
7.85433732
0.69580078
9.34375000
2.37890625
18.89440825
13.07888731
7.56471409
5.15580231
16.40111869
32.37694814
10.60881427
6.76350953
12.48828125
1.66548676
14.52510528
10.10143950
0.06441378
34.61478668
3.98933899
3.19185394
8.80212433
2.15039062
0.80567932
10.83850067
3.89782746
17.85607381
2.29342143
13.09029144
4.63236481
22.97744130
11.74487367
0.87337904
15.77779144
7.46830231
15.61372894
6.44877106
6.91060394
21.56941711
17.81802970
4.89323249
3.23856660
3.78922485
8.68058289
7.92456117
5.18599457
8.98783356
2.53320312
5.45357269
21.95244531
2.16186835
12.79329344
5.65049868
2.12261413
3.04341644
16.09220025
2.27453956
27.13439163
2.56136857
13.73392731
4.49654144
6.69486481
3.97371399
3.64587433
3.90580231
4.27298981
7.03419660
10.98565934
0.96834414
1.10449219
8.55725067
3.62536652
4.76562500
18.63960661
21.16304411
10.52412124
16.57438857
8.76037567
1.55810671
16.49820922
12.43147828
8.72619349
2.29138464
4.43475954
2.31133421
1.33007812
13.87759752
7.21224623
18.76896055
8.31595856
8.04789339
4.44531250
0.13745117
15.04418883
1.52562916
1.06787732
4.14843750
6.18359375
0.59082031
5.15156513
9.98421764
16.49617243
15.82194093
2.58272495
4.29296875
7.97041778
5.15804078
6.32857269
0.06567383
1.68389332
3.66768838
1.94576295
2.99772218
11.35847961
7.42277039
1.91015625
2.88431793
1.07076019
0.61771637
8.08736176
10.14408356
10.59810394
0.53076172
8.93660461
3.60062528
2.27986757
14.16691101
1.18298371
1.73002106
9.56676530
2.80672927
3.81054688
14.26562500
0.50195312
0.26269531
7.47411486
12.66117963
1.52412871
1.79663148
7.15580231
7.16406250
23.73168883
6.07902039
3.91044160
1.43261719
17.63232617
9.95037012
2.41583886
4.67923981
6.90474457
12.54894116
3.05803302
2.75345108
13.90812943
1.93457031
0.74662137
7.81623892
4.79144626
6.45222961
18.35424867
3.85111481
10.64745346
5.87342087
7.50657248
2.75079232
13.34745083
3.31657109
16.47764961
8.69383644
3.51601395
4.15625000
14.97989805
9.78125000
5.66809175
4.70633630
11.01143714
5.16316711
5.39686781
6.75486590
1.39298399
1.91170351
10.00000000
1.66263824
8.41218806
3.99278757
2.49880192
14.93660461
2.14152039
7.51908356
17.39575133
11.83593750
1.96211824
1.93554688
1.63021424
4.33566710
2.17089844
36.04217643
3.97735482
13.86258755
11.25024601
4.48628380
3.49178413
5.38094128
7.22887966
7.77112034
0.64135680
1.29077211
6.75781250
5.99519836
1.46602200
0.10958042
16.22240027
17.05646831
1.86912122
10.93404144
2.44681793
0.72476798
2.66288674
10.84378436
11.07809064
8.21004211
1.57963043
0.84415711
2.98872894
1.58886719
7.58581450
0.25988863
2.74804688
5.27066642
10.10339760
13.52473626
18.28729209
4.17968750
1.63964844
7.70267731
3.06783051
4.56640625
1.82617188
4.77343750
15.74262523
21.17880208
8.72308899
6.53879210
2.70991911
7.49935062
0.05551147
0.52742492
4.65083832
1.40722656
0.04063935
1.83886719
7.48783356
12.99218750
1.64896450
5.40319980
2.65120484
15.38281250
10.96875000
1.54829926
1.17382812
2.35696421
2.30571088
3.30322639
4.67622894
0.11177520
4.49564606
2.51753723
13.35835661
20.00654810
12.67857649
0.93807568
5.87064606
14.69945479
14.16919475
6.44128698
9.95853170
4.07662455
4.76953125
11.20507812
13.04980469
11.64062500
0.73168883
7.07299867
0.65006126
6.41584331
6.39023160
11.18379544
2.60722019
10.52440160
7.02925753
3.21497672
1.66939301
6.16287678
2.16764904
2.33886719
1.94681793
3.13326019
8.79418883
5.82690492
4.56595856
5.48482269
1.62312057
23.99210098
14.05468750
0.90930145
12.68929078
5.03080231
10.20312500
1.62154144
12.62231383
7.21830231
5.52989695
3.17546653
7.25870789
1.51269531
9.84106383
11.24930131
3.20065048
0.17785645
4.62577239
0.01979646
2.78515625
7.96500360
5.71566046
2.99715149
3.30513519
9.36335993
1.53996038
1.35493988
10.46236051
3.59672152
8.50000000
1.24662262
0.70259613
5.99531140
5.52812610
3.22265625
12.19787567
0.86722684
15.76720911
23.80452458
8.62524601
5.49654144
5.67622894
9.83105469
9.88281250
0.21134430
9.60070147
0.70797346
7.20402039
0.32482879
6.89436890
4.82031250
0.00796509
4.99609375
0.39550781
7.57645660
7.93013519
0.90039062
9.84191240
5.32418439
9.19531250
11.54676331
2.85351562
2.38476562
6.21438609
11.02226174
11.73165447
0.44091797
2.28169769
21.62150955
7.99168551
4.86724179
16.94417110
22.82580784
14.41356872
7.18929078
7.07136525
4.73149048
11.35347628
1.38334137
9.82564301
10.83939606
7.03951019
3.71679688
1.55127596
0.40968168
6.43448914
2.82421875
4.80859375
4.13630790
3.46232491
14.77665005
9.60208888
9.58019615
1.52889849
7.38671875
5.81762633
9.63204011
16.03022880
4.52828346
1.30484985
4.37980164
16.01652039
0.60640473
12.54670767
11.08272495
6.67916112
0.31884766
2.67773438
0.22233000
0.06746492
0.10382080
3.63243352
2.10780086
6.72867797
7.38415558
5.83625907
6.46232491
2.81245941
10.88426862
7.19438525
12.99458832
7.07352505
1.96504294
8.66886487
4.28995789
18.01818817
4.48571808
13.54943817
9.05854943
5.16304909
5.66227172
1.92036708
15.61141179
0.36140992
3.54972351
10.51487700
3.51547761
10.96260528
6.33276429
1.51562500
14.34977172
1.31766816
0.43261719
9.33544548
4.05517952
6.28991357
5.98376247
7.39950022
9.55045656
5.55944482
1.90104499
7.37812390
7.06307070
0.19747728
6.73482269
5.48002106
8.42097961
2.47595246
0.20129395
2.83434716
14.93131843
28.47195191
4.96537262
15.51040504
8.67335106
11.65067597
2.97851562
9.01285018
15.62345523
21.01780420
15.01426563
13.21785461
9.05737367
2.38281250
13.49279754
23.77901028
3.83317265
2.20312500
8.38822418
8.82710661
14.04056918
16.11523438
0.93550629
5.79553192
1.12634308
1.04785156
10.20572751
9.87150210
9.47550476
3.73046875
24.19377386
3.03099954
10.36283356
4.13989258
6.30647797
11.28291778
2.82796265
0.76810450
5.43697362
7.17427582
6.24910461
5.62589539
15.48317931
23.21559175
11.20278536
7.27874113
9.54341644
6.44603059
3.21111480
8.43188165
2.45483710
25.59927994
4.49218750
11.88671875
3.91857879
1.36897828
1.49609375
4.02058899
2.10005707
15.42765071
19.80814107
2.37793716
3.44921875
11.88102172
9.29194039
6.37000664
0.99951172
5.41654449
2.88867188
9.38716644
3.57226562
0.63525391
11.08007812
8.70723294
2.36799829
3.85999002
1.62740082
10.38012633
0.27836152
19.24898161
1.80545677
15.39920989
22.90007092
14.93660461
4.59419769
4.49979645
10.34215094
1.32235926
2.76924590
15.62243683
9.39587433
0.00443649
12.65625000
0.41459137
11.19185394
3.41422485
2.21077515
3.80895778
3.01721409
2.87500000
10.96992576
0.94511331
1.07617188
10.80346244
11.61527372
18.61214359
6.01355385
2.27103668
5.99449469
7.37073969
13.24654144
11.44322142
14.88783327
7.48392731
4.37740082
6.23437500
12.17162899
4.54321476
0.86132812
6.20901375
3.39038896
1.38204261
2.43381713
15.04524158
20.51090702
6.52445488
6.21138519
1.17329926
5.97936669
4.06946143
8.73693817
7.46004211
1.72001191
16.04490692
0.16906583
3.07072085
6.22265625
7.36673981
21.42024158
6.01770611
1.49361176
13.77148438
3.07181793
3.11690215
8.57299867
6.88281250
13.95658356
0.30782074
5.73828125
6.56371759
2.72408300
1.55257203
4.25044769
16.01973294
14.53841312
6.50390625
0.06508393
3.95853668
15.13358489
21.23974360
1.42562140
4.78605164
7.79386414
3.70507812
17.49572474
3.74646276
6.38671875
17.42968750
15.80664062
0.64363586
8.96288564
0.83293162
1.08789062
9.71486171
24.24833222
5.56876773
3.77388551
8.26908356
15.36450133
1.38061586
4.60937500
6.73872894
2.55658135
11.39564826
12.57902039
5.96875000
0.31640625
24.50976064
0.94141123
0.49023438
17.06716867
2.66915946
10.82143396
2.93202459
10.38716644
7.67175200
5.73482269
5.08561281
4.42130181
2.37459663
16.67650931
10.02226174
16.45568817
1.75667359
14.19628906
5.64017731
2.83548981
2.76652039
0.11560059
3.97022384
1.25000000
4.89017731
8.99511719
10.57466644
5.92142731
7.98327356
15.53869909
9.99263519
3.31640625
3.26367188
2.75000000
4.41690063
3.08548981
2.59029144
6.80033356
8.67036957
8.21439606
6.93359375
4.52420989
12.20507563
14.64840003
3.71590149
15.36629211
15.11551972
7.52945922
2.44319703
7.90234375
11.02001330
32.49889437
10.48975838
16.90271472
9.88165668
3.05852504
2.04687500
19.24279505
8.26945257
5.10111481
6.78951019
5.73437500
4.06294769
14.68456782
15.03373448
3.75061004
0.87630250
5.98392731
12.24385528
1.62740082
8.99308289
1.50870789
18.67988919
1.09301945
2.04101562
4.96830231
0.02664185
14.63312722
15.14466422
0.39937108
0.06502445
12.36737922
5.70251994
2.79142896
12.23002106
3.76367188
2.22310394
5.50719748
2.76233377
16.86938165
12.21041112
6.57600953
5.69576019
1.94140625
5.39363586
3.30569593
4.90178302
8.77603502
3.79382978
11.41620236
2.39283909
12.30814606
2.95239196
5.88895722
2.22660184
1.56628574
2.88598571
7.61657248
8.89892952
3.59476839
17.35098183
5.36227033
4.25452127
3.72489472
13.58158356
4.25826019
9.14408356
0.09899902
6.62845856
7.34464539
2.54563332
0.85945739
4.21717087
3.29732269
16.48258422
11.62243683
16.62935394
0.60205078
7.16092864
4.28829011
9.85338764
1.49805186
0.10034273
10.34952571
1.74766914
2.12550199
7.75903258
1.08223543
2.16796875
9.54597961
13.92793232
7.54325908
11.20568817
4.49051972
6.19877106
7.66841644
9.38281250
10.61048752
0.01584381
1.13724762
6.62154144
0.18981934
2.18554688
15.17956450
1.12955812
13.35758422
2.86868795
2.80648326
4.71484375
8.22656250
0.57706726
2.72806793
4.51562500
5.67622894
10.66514961
5.20260486
9.92134862
0.64644379
5.23738586
3.56957946
0.07755617
2.94531250
0.00336456
0.95703125
11.44877106
10.62500000
0.82275391
1.39204926
7.17488586
1.19254516
2.12919160
5.70747894
6.71594083
11.96720523
13.85150821
3.18018949
12.66605621
2.04492188
0.09193939
3.57676696
19.48955562
6.86832890
2.14603668
8.43058289
12.90710107
17.91817542
2.09655668
2.27490359
5.53792110
2.97770390
9.69698028
3.31083222
7.75545102
3.03751773
4.87500000
5.42439384
8.09078346
20.65631871
16.14031028
1.43985151
3.15459219
1.60644531
7.11981938
2.42900875
12.60956672
8.06242506
7.61959330
16.60323028
8.68672761
0.89599609
0.01248508
0.01758332
0.04266357
7.74173981
11.18404144
11.07031250
7.97586880
13.30277372
6.93575354
12.09029144
13.53417969
6.01908356
9.62064606
2.85636414
21.49759918
13.19966644
0.83687223
6.26619570
5.15625000
5.47630652
7.75851617
0.78076172
6.64594305
2.55327570
10.25581007
8.43559618
5.42187500
0.63134766
0.59945637
8.47294658
0.86279297
8.65535461
0.68493559
1.81876025
4.02698470
1.22656250
0.21329742
3.93660461
1.98091644
7.85156250
1.30362976
1.24902344
2.43554688
0.76562500
7.92923981
1.01725094
4.21028812
9.03906250
2.94140625
9.40279144
0.02035522
12.80468750
0.89013298
4.90283577
10.61501037
3.02371787
6.10518838
3.71378601
10.98706024
6.04979721
4.65857712
4.75325189
5.94612921
3.58097351
4.09375000
15.02990723
0.05735291
6.85803192
0.70703125
3.93058289
7.78951019
3.96439606
4.76216644
10.27640404
4.35463845
1.53275543
9.19185394
0.14274078
3.99654144
4.69006317
0.17667664
14.96875000
7.71919769
9.96606383
2.70581117
6.73347961
3.73722351
10.11328125
11.34293329
18.33825964
12.81595856
4.76607269
2.20747894
10.17533356
1.07625305
5.26306183
6.60111481
5.22656250
5.44921875
18.97310394
0.06127930
6.67142731
1.84667969
3.71455840
1.14827515
5.76997894
4.96972407
8.26509862
0.88818359
2.20571193
4.22275487
4.57421875
1.96777344
0.00262070
1.74275197
20.87191046
0.27645085
6.73437500
3.59289395
3.86173648
2.30468750
8.60233489
1.68965730
1.32368988
10.11283356
6.12019836
0.21289094
6.17142731
7.30228668
5.57812500
6.87442930
1.77836214
4.73258422
5.39587433
4.40474457
1.19103973
3.51066101
4.89017731
1.87207031
2.89587433
2.72851562
4.04505930
6.00588430
2.51607269
0.30529598
1.84338597
1.64424185
3.00122506
13.76037567
6.84963452
0.30399753
3.29927582
4.76997894
13.75000000
0.05348725
0.12101195
6.41194703
0.02729278
1.81490082
1.68457031
0.02905273
4.22611481
3.05793440
4.99195146
3.12784851
0.46679688
5.81986481
2.73693817
4.35335328
3.13521332
8.78925422
3.51498559
7.23091644
6.35695923
2.07663452
12.50345856
0.91353363
7.01761747
1.72705203
6.88476562
1.61576324
14.58300532
6.93742132
14.10156250
0.02645874
0.84375000
6.96736259
1.13322335
15.34859435
0.14310730
1.68599457
18.65403229
0.12353516
8.49820922
1.00198748
1.44511580
11.87154144
7.95312002
17.79162567
2.37545268
8.92443817
1.86551972
2.08203125
14.56205231
6.01216644
3.27929688
2.73632812
3.50781250
15.76908356
5.88423676
0.05029297
2.51277649
2.06730164
0.92431641
3.49475067
0.03216584
16.22956962
10.74959663
14.06895997
14.89664672
1.11336242
1.58915254
2.50000000
16.06269670
4.52974955
1.44270999
1.57226562
9.67968750
3.70898438
8.96695922
7.38845524
5.37460660
3.48527039
0.33573332
4.31127992
11.78906250
1.94238281
1.96138519
9.37470245
0.92773438
0.11692291
0.23067230
7.07377106
2.73872894
10.90205342
3.08573955
2.07226562
0.08614074
0.08512391
10.89062500
15.67053830
10.79008089
3.68058289
4.96484375
6.52420989
11.17524989
7.63997562
2.67903812
17.77075133
11.74564606
7.91194703
3.95251496
0.57816559
8.21052416
5.21916334
0.55171723
16.42549092
13.54996952
5.74345190
13.17277039
0.49361176
7.39318817
2.59334165
4.44555851
0.92919922
17.52958098
9.05301972
5.44185394
1.87507868
7.34802526
8.58593750
3.29266357
8.12320922
5.22570832
19.03038897
9.55990248
13.62109375
7.23046875
0.38500977
4.80286651
5.98482269
4.31434112
11.10156250
4.71138519
15.81506317
8.30212433
2.23392481
17.69690159
0.88899781
4.58076685
6.95048315
2.75195312
1.50345856
7.18013519
2.53576629
9.36462433
9.31941711
7.10457336
0.39066434
0.17850925
1.21846465
2.82841035
1.02539062
38.97387633
15.51964429
14.82874501
9.93391844
14.03381067
7.81901374
0.49450652
5.92488586
12.32812500
6.09561697
11.59741772
5.11283356
1.85591644
19.10254394
9.63130209
12.25496897
5.12589539
0.65767426
2.29642731
1.47896332
1.88041168
12.25154477
4.00211547
6.20337101
4.61450133
5.08907136
1.51171875
0.10770660
2.93359375
2.48433068
1.24698291
2.85368794
6.62154144
3.36763519
12.67252438
5.42834442
0.46407261
12.22153924
5.23939826
19.82542886
5.83153923
5.48124550
12.17280475
13.93221631
4.45357269
5.82198028
0.82352754
16.15974291
3.26924590
3.34595412
14.44700135
14.12141844
22.47233156
9.20312500
0.03863525
3.91406250
3.92089844
4.98002106
2.34798094
1.69445894
16.44515991
3.86083984
8.18750000
2.10546875
4.47096854
6.25950021
4.09330231
10.67622894
7.05643396
20.25215979
10.07096188
7.76664339
3.30334442
1.72135500
6.75000000
1.23705868
1.14770695
1.70019531
2.64631705
1.39034463
6.63716644
0.44580078
5.04593778
6.63082003
9.51127106
7.03861481
0.85782898
8.53892953
12.40593528
0.74837250
2.82767731
10.68135528
2.50419160
16.21875000
19.50521339
0.22479664
4.20312500
1.37935394
11.09195922
15.99244793
7.54405141
6.79508422
6.33414174
6.09224955
3.72579011
13.60668883
4.76082336
11.21451906
1.03841063
0.30851320
11.45747894
8.99218750
11.01472961
3.10367859
2.02058899
3.09419769
6.08548981
15.01293883
11.80667997
10.81290835
7.22041778
0.94987062
2.68753934
5.49153812
11.17968750
3.06880707
5.98303192
4.95837433
17.77689606
4.14062500
9.23749890
8.63660571
8.41149933
2.60546875
1.63183594
10.11193817
1.01090453
2.82539949
4.45763631
0.51892619
14.18968917
4.09562943
6.92187500
8.72835328
3.45703125
3.15075466
3.05387577
3.19009254
6.33920434
1.79341644
10.70133422
7.36116578
4.17968750
22.14155973
10.39936725
19.88908023
5.82442791
10.26688193
6.31612588
3.46590149
8.88627106
1.09411652
17.33601971
18.70435505
5.10982269
1.37402344
3.98339096
12.25354720
2.83398438
6.73527039
0.05470795
9.86629211
13.90958555
4.19454011
12.74910461
1.60587461
13.87817539
1.04581726
1.21341949
7.09631317
6.34390736
1.03145916
2.53951019
3.18164062
16.14754211
14.91262671
10.10335328
0.14233461
13.76582336
18.96048981
5.38911957
15.22721188
10.73718417
7.42187500
1.77681488
2.20222961
0.88468445
0.00916290
12.00720184
10.13878601
10.76031806
3.18208832
9.19877106
15.31685394
8.92968750
10.49116911
5.77791445
10.54687500
13.87154144
3.88964844
6.16963653
6.09330231
6.36592434
11.08797429
2.15429688
9.02388519
2.49369293
2.01851410
6.56551086
3.45792664
15.38627106
2.35201019
1.07519531
12.99475067
1.50036652
13.73101951
0.70798592
14.26607269
7.09854479
4.44271498
10.83504211
0.96520903
12.15291445
8.62845856
5.27779144
4.72847504
7.17578125
2.78371455
-0.09426142
8.34375000
14.30150931
8.63509530
0.26969422
15.24759420
6.88993628
5.59444370
6.18066157
2.82153570
3.26562500
12.98347961
8.62589539
2.39888519
16.73388298
6.49658577
2.64843750
7.17399047
4.24800006
16.28304078
23.31142731
4.21108044
2.39843750
1.33642578
0.88183594
9.80163232
2.84094581
12.65970856
4.93676446
5.83719374
4.57421875
4.65669769
5.62845856
13.07543883
1.80782136
9.39843750
2.73783356
20.82377106
5.55430852
18.16256953
11.11296632
18.46516844
11.06954011
4.27820705
4.46614251
6.88102196
4.07902039
0.88313470
5.28495456
2.51452792
6.86131566
5.69845633
4.16162234
8.82405640
9.20747894
1.85644531
3.11629211
8.53560394
3.58984375
0.00626755
1.33642080
4.17550088
6.88549867
14.33881539
7.27837211
7.09330231
11.29685506
3.70566378
4.32996010
3.12996399
0.08213318
0.52880859
1.00597407
12.61922429
2.83695091
9.18799202
6.48091644
4.39408356
1.22627715
0.99682679
4.23783356
1.54296875
5.65319482
4.54647163
19.17577128
6.18111923
0.67533605
6.07640293
2.68922207
1.06835938
13.38519837
3.73801085
10.82031250
3.77929688
0.21370484
7.53861481
6.25516069
0.94548232
1.01615387
12.48684952
7.95065048
6.48046875
9.76069537
6.14795545
0.95609527
4.28381317
4.42578125
0.81994598
2.05993672
0.96280945
1.61132812
0.90429688
0.63529449
3.28852616
2.38290115
2.61433899
3.41540558
5.17968750
4.53983489
4.35514406
9.49991135
4.89852615
4.54296875
7.15253547
16.38472628
8.20101950
1.53674285
2.09855164
2.74979333
0.42598792
9.50602172
8.85912401
3.31604720
4.45402039
8.78906250
1.72904449
22.45877771
3.23502936
10.32377106
0.70340910
10.13985261
9.77854676
5.20312500
14.10273826
0.30448831
16.55175532
12.91459386
4.18404144
0.80664062
7.81640625
3.56250000
0.76708984
8.92812279
3.56601783
0.80232727
4.69230164
10.02343750
0.24951172
12.00589872
10.28535794
0.76245429
10.25000000
3.53320312
8.94787567
3.08080369
12.58744791
14.58797429
2.18945312
13.22887966
0.86389378
8.52274566
21.07701796
1.38632036
7.53080231
5.03906250
12.14390626
7.48890624
1.75142426
6.85355497
2.46728391
5.01900487
0.83691406
1.65592157
5.91744237
8.20056183
13.96841534
3.26986591
2.31640625
3.36889648
2.82137024
5.91886414
1.08320950
1.48079593
12.91707336
10.17712433
2.20719360
1.39436890
11.56111259
5.99621675
0.27474249
10.17295214
0.87587599
10.95816149
2.49695478
3.77343750
12.30904144
0.80668121
7.23437500
11.57250665
3.60868628
2.70674590
12.09208222
2.69185394
8.28560394
2.48437500
0.00453949
1.86425781
7.82843972
0.58855247
4.06813256
6.82098182
1.72318512
2.09810394
11.14843750
3.16992188
3.51138908
2.49056405
16.71875000
5.76517731
13.60635666
5.48881759
2.05033356
12.77343750
5.66060394
3.86914062
8.87176752
5.06137854
1.96724457
16.47216797
11.27872711
19.61527372
5.67378878
10.39062500
4.56148161
14.32824800
18.80407746
5.19287109
3.03134918
0.09849952
8.78291778
6.45235261
0.08567322
4.09375000
9.42080231
3.88046722
2.62215149
7.03214539
1.30643645
1.71211824
17.04943817
10.32413509
7.83541112
3.62695312
1.68457031
1.96244293
1.90181488
10.42398050
7.06039450
1.54589844
0.43108819
-0.04150079
17.53662109
4.44360040
10.46509101
18.91292110
8.82145390
6.05078125
6.20658356
-0.00468307
9.82722961
1.68351258
18.33430408
2.63444592
0.12329102
3.18900543
0.65873199
7.61763519
11.40909353
7.88778147
7.67548033
1.84680269
2.40429688
22.21390404
13.81436946
6.85844525
15.65570068
20.96876940
7.88385083
1.56221465
3.23120179
2.86763519
6.98783356
1.85591644
8.59720856
0.05061859
0.00531387
0.07204756
2.24487367
3.06205231
6.56685394
3.45121122
6.60347628
0.91459137
1.24259212
4.43607823
9.01908356
12.92752771
4.26823249
3.44637024
5.53605164
9.94571587
10.19836768
14.46427305
2.76228945
1.43111176
9.29931516
13.47233156
0.44018555
1.15608765
0.24353027
17.49641844
9.33202128
6.75782247
3.58382203
7.95011414
16.04777039
2.77176474
0.57686807
1.20410156
17.57399713
4.09718417
2.37764683
12.46350067
2.15909851
14.83711762
21.91887428
15.77843193
12.23091644
1.73730469
2.23632812
15.96047984
2.12939827
9.27340314
2.58353668
12.91451019
10.27587891
9.17097961
12.78267177
5.01900487
8.90530032
3.25485593
9.29528046
12.82917775
8.63216655
11.30362478
2.77299479
16.91662567
8.52868683
0.01136017
1.25000000
7.67142731
8.77779144
9.78906250
1.87733272
2.78871342
6.05423981
0.64888519
0.15356445
0.20812988
2.65048964
2.38755540
8.49654144
7.46586059
5.17157968
2.68808067
17.89819149
13.44466312
6.09928406
7.61481605
1.98869957
1.59179688
2.84826629
2.94505372
0.68753436
16.49459330
8.38818484
2.69486481
11.78893950
1.14074800
1.47603363
10.63232048
8.68965979
10.70536347
5.56595856
3.93228004
1.28256371
1.03072113
3.89062500
1.45906243
2.67208167
5.26997894
11.43660461
2.38956726
3.00903258
3.86596742
18.28125000
1.61132812
1.28320312
9.75781250
0.14587402
1.94433594
12.94071255
0.24263706
4.06098172
0.46981147
8.75830078
2.84240692
14.02433289
2.68599457
0.19897461
2.33540614
4.83842198
8.76639739
0.54573609
1.51892121
2.05910110
11.66752106
1.63423676
6.49910461
0.08164490
10.03934287
0.05001260
2.78592204
4.24977393
5.60937500
8.70568817
5.23181183
6.39453125
0.07213805
2.43811066
1.57519531
9.23872894
1.13378906
8.94288676
6.33836324
1.28125000
4.59765625
0.02078247
6.94921875
2.19005818
2.14347850
13.71439606
7.17956450
7.98449800
8.55558289
10.62064606
8.95004843
5.54704233
7.84285461
3.81323055
11.66866245
3.17232269
0.01372200
15.53710938
7.59765625
2.64497894
1.44433594
8.15189606
5.26472961
3.19860871
0.06655853
1.42321808
1.89160156
15.18314606
12.37475399
0.43139835
1.96431488
6.24853391
4.98584109
1.48535156
3.47460938
6.76720413
0.22205369
6.49218750
8.68045989
14.54113365
4.84481272
4.07242797
6.72659935
7.28811044
3.98482269
16.20312500
5.45222961
2.10774657
4.46150820
11.48783356
2.34029144
1.00390625
7.89408356
1.41613614
2.80403812
12.53165337
4.45227393
8.75435394
10.12500000
1.37402344
7.32678192
2.01892121
5.73371877
2.28410350
5.43708666
1.64103834
0.97416168
10.89062500
3.44115526
0.35812056
1.89355469
5.10769975
6.63155806
1.27148438
0.32348633
1.54394531
11.44877106
18.42598294
9.82837101
1.26208278
9.99564606
1.33113835
9.12845856
13.24218750
1.12585107
1.52596382
8.49820922
7.18033875
10.36470551
6.50826019
4.35803192
13.85591644
0.90568055
4.11718750
4.68814440
1.50086103
4.23482269
5.04296875
3.34375000
0.00506973
0.87500000
0.00754929
3.05078125
8.43570922
4.51720911
15.15816378
11.53060062
9.72941101
5.21630859
4.17968750
1.48046875
6.93240803
7.61642010
3.06913176
1.44364472
6.83683289
0.41308594
0.46956359
0.61661805
0.28515625
3.73351397
12.92879211
2.03255873
4.93794769
9.93200466
14.53584995
11.75117576
13.06958444
1.97993988
1.29296875
11.88134766
0.95898438
18.35522025
2.63208444
11.45222961
1.09411403
2.85795323
11.76562500
13.50244016
15.25756649
5.10718085
0.12817383
3.62064606
0.61861176
6.64306516
2.06660669
4.26400155
15.30975954
5.25709441
1.45817016
3.75374390
8.66393950
8.25793550
6.17533356
5.41451019
6.09842864
0.68387910
1.08292664
11.21093750
5.87109375
0.85156250
12.74173981
8.46655273
6.44832336
2.61734985
9.54512605
7.41015625
0.02545166
5.66178282
3.54987589
1.61972129
8.23387301
2.20407468
14.06778369
3.88427859
4.64559397
4.21215758
5.25268617
2.27779144
13.67968750
0.86503020
2.38594636
13.28112700
6.42981050
2.25781250
4.40234375
3.59765625
4.65782414
36.09705867
3.55619293
2.01802582
4.99910461
16.15005218
10.12361259
4.80854943
6.50322251
1.22265625
8.15010528
3.06864472
5.16438221
18.48888631
4.08569772
23.84846299
12.21939938
8.93661209
4.29545323
7.02209442
12.60568528
3.60254654
3.35937500
2.67036957
4.00451629
2.19771332
2.20402039
11.65189606
1.94836145
21.40291445
4.60136081
7.91259641
7.17297208
5.51644171
1.74023438
10.71423246
12.33251829
2.78869847
8.04162567
11.58209260
2.31250000
2.78035461
7.38420433
1.64693207
11.50277954
5.16621731
6.08829898
6.94820036
1.17761386
0.75882965
10.21415005
19.89567265
9.49910461
3.49698914
16.14716915
0.64233585
0.97513575
6.23295323
0.42618836
6.08894587
25.60168550
3.81876773
12.30904144
2.87784851
0.73046875
4.75015238
0.81047567
9.20286072
5.92968750
0.44873047
9.82464444
8.63220308
3.59057679
10.78714872
4.65816378
15.69921875
4.40234375
5.87064606
41.79764739
7.29496246
5.12679078
9.00256317
7.26985594
16.56604066
6.62149961
12.08158356
9.96895968
3.22729554
7.09118683
2.18208832
3.00736481
7.57291501
5.30647828
0.76513796
3.53951019
15.25092975
6.27408688
1.92029587
0.48315430
10.47656250
18.10359431
8.50639073
3.29581726
9.57340204
2.16955784
2.74701851
3.36007867
2.07031250
22.24666320
10.06510251
2.23657413
10.72196255
9.54712101
3.76997894
5.90234375
22.62500000
4.21484375
9.83735927
6.26489196
5.71476507
1.39099152
12.26529034
16.01148271
3.60754488
8.31685394
1.68750000
16.27905087
10.31327488
2.32421875
16.63167110
5.86051640
1.16060394
12.79458908
3.57776595
0.77339691
9.17398050
9.15556626
11.97078679
4.56941711
4.77095551
4.41015625
3.14737976
15.54732207
9.88972961
1.17260804
0.38472504
6.32812500
12.96092504
7.42444813
7.00578069
12.18013519
5.53125000
7.23828125
8.79597494
3.89469858
2.54540891
7.88908023
20.03857297
1.22554660
6.32332336
6.38883422
1.45634004
8.44645141
1.22806295
3.77568096
4.64888519
9.82006649
10.18672761
8.97924867
10.94787567
12.94274933
3.85282441
9.15445922
4.32556183
11.03100399
1.86021983
2.47938164
4.53125000
8.28125000
7.39453125
8.47003879
2.62415890
11.96401978
19.15332031
8.27343750
2.69291168
16.04897053
4.70448802
20.11417664
3.09977172
12.30993683
18.35465204
2.86755651
7.43404144
17.44795684
1.84011788
3.00192375
12.92956450
8.89888519
3.65938386
14.43623809
12.54085328
9.04874695
8.14062500
0.63378906
6.27229610
13.87731716
6.71366799
0.48242188
11.74857574
11.47533245
3.48995899
2.30664062
10.98632812
11.30029986
6.99198083
2.47074745
14.24568540
5.88863253
0.49507660
7.58548981
4.69832336
2.08923371
7.89375388
18.95601730
13.44397058
17.46582031
0.37325043
0.42553711
19.25408936
2.28710938
4.08203125
9.61188387
1.46819425
11.06603724
2.63513464
12.06314938
9.85355746
5.16044160
4.49218750
8.85066711
11.50397055
2.00212045
7.69921875
1.56347656
8.36322696
6.57036679
8.87500000
10.64664672
5.94759156
1.77636719
6.89363586
0.89932728
1.85425365
7.29117797
1.13317902
4.40925588
17.99308289
3.57662455
1.40039062
5.09330231
12.77343750
2.99202453
4.79138215
5.58203125
6.67968750
9.06941711
6.97176086
8.61514638
1.10752049
2.08203125
6.93188165
2.10913397
5.46484375
8.19877106
2.54927582
16.14267621
4.83351728
2.18005651
11.86616911
3.38383089
5.27343750
7.81160461
11.29972351
9.15970856
1.20747894
21.65107935
8.92641069
4.11257313
13.40445922
0.36177582
6.52620235
13.70304632
24.08931239
19.92285250
7.60783023
1.19388824
4.48689384
11.24703346
15.39562833
15.05277372
14.06379876
3.59416334
9.63041168
4.26216644
1.34667969
16.44187408
0.97359223
0.13598633
9.85239654
0.64497894
0.12561035
9.75146484
0.95996094
0.19299316
6.48681641
2.79012024
1.33052582
0.37520355
8.72226730
24.37363751
5.80314273
1.49450715
4.48209220
13.42611092
12.26127106
7.26997894
9.66752106
11.77095551
11.72208555
0.90787843
1.51163758
13.62812987
5.38378657
0.56368323
11.92533356
14.93570922
11.95026153
3.58277925
3.67773438
10.13627106
12.35323028
0.35229554
3.77567099
10.45284463
11.93225067
3.64693207
13.66398133
2.70357269
7.82767731
9.36104278
0.12683168
11.75736481
5.06115692
11.80212433
15.13716644
0.36108398
23.21246233
16.61480413
6.27208445
6.61992796
3.26216644
7.43245235
8.25422427
0.39278978
18.42419216
6.14644503
2.03588929
3.22595246
4.30411680
9.77010195
4.92899380
11.65454288
3.31640625
8.34195922
0.92899629
17.62500000
7.80680297
3.16495789
15.91739805
0.50683718
13.23828125
1.65384918
9.31250000
15.83593750
5.46394836
0.23230012
14.46703790
6.80639960
8.40535461
4.56717365
7.18913342
2.35351562
7.07421875
6.56685394
23.36730957
2.59842521
3.22058510
5.83158356
16.10636414
5.01472961
13.28580563
4.58182956
20.09810394
21.61360594
3.35905031
3.91406250
7.59483711
2.33094414
0.77197266
14.13867188
13.09720856
0.59224457
13.18509918
10.51338715
10.60937500
5.00345856
3.15083832
1.44420795
6.38656139
15.82287567
17.50589872
14.89514378
18.21178857
7.78776374
14.08593750
10.76562500
10.01127106
9.43892177
12.41866245
20.06133722
6.04301307
2.36328125
14.78816711
9.67793108
1.09347213
4.48482269
17.84076353
2.13880983
15.19490539
4.31774933
17.43037124
18.77275376
9.67968750
2.19771332
9.62398161
1.15096132
0.57080078
9.58572585
0.70573747
3.11429840
0.88920074
6.50480164
8.33486419
0.23787445
2.03906250
23.86873227
3.35933566
4.46512412
10.03987921
3.29337710
13.18570922
5.29866578
0.71280945
7.20613586
5.02969526
1.54737200
3.44140625
13.91015625
15.24039672
10.27132203
1.88191711
7.19531250
1.18013519
0.28072113
5.40387855
23.01087485
13.48925034
6.67989915
7.81461547
5.44319703
3.20572751
0.94511081
6.37500000
9.09295654
1.15629059
19.06166533
11.54956117
4.50736481
2.14583457
3.15313607
1.81498199
14.87349457
4.18269836
1.99849457
9.53906250
0.35127777
17.46875000
3.40625000
8.44006317
9.25052638
6.33577266
8.19682291
3.97505707
11.83673340
20.23330522
6.25611037
3.73046875
0.09476715
20.57327193
11.28125000
0.83105469
11.71862700
27.55523826
1.38389017
2.49654144
15.30932181
4.75858987
2.26713043
6.84855164
0.69189453
8.13667443
2.92147163
7.03267177
6.95410405
2.99759918
10.49641844
1.85026125
10.43013519
13.68391844
10.82735261
13.12988281
9.60156250
7.38281250
3.51127106
1.39933289
13.80419548
7.97412234
17.04199468
0.35498047
4.04420075
11.68252160
10.19787567
6.45862034
7.18371675
9.96801197
2.88159740
12.68750000
6.41707336
1.16931183
20.97134752
10.91838209
23.84855164
20.41918883
12.44832336
2.19319703
10.43493683
0.92427582
13.79687500
0.76080675
2.92468916
25.53658051
8.48425200
2.44018617
18.82572169
5.79724401
1.75923676
13.23591977
3.85445285
8.12845856
9.49373227
8.04195036
2.67765569
14.07348571
0.27120027
19.34094083
5.75372397
0.55377271
10.32905973
11.44787567
0.50529117
13.33507647
7.69302970
7.44992118
7.05468750
8.73783356
0.86279297
7.50736481
0.99601258
3.75000000
19.87971922
2.34102449
7.56294769
12.38671875
6.03515625
2.18164062
17.12190734
14.26261414
6.85937500
0.81376067
17.04105683
11.69966644
13.08939606
10.65714539
3.62450300
1.12745013
5.26517731
3.93013519
0.19445770
0.02347840
4.20357269
2.67386871
14.05122894
1.14453125
10.63012633
4.54662899
3.04394780
1.26660156
8.53051197
7.18433178
7.95613586
12.22306336
13.75166778
16.97489472
3.71154754
6.71618683
17.00345856
10.36283356
9.90474457
3.80183899
1.18412262
4.97054078
7.67988919
0.75809910
7.56960883
0.33957086
2.25781250
5.00467864
5.91792692
9.95007511
6.55423981
14.02779144
15.19262633
8.95466977
7.25805851
25.84875208
0.22542110
3.60075077
18.26309619
0.48788037
1.39941406
18.88822418
5.36328125
8.04687500
13.84977172
3.61043274
4.34207973
7.49121343
6.42622894
4.63911957
7.10546875
16.25020169
14.57698672
5.40938386
9.54448913
4.25044769
3.80603058
13.64139739
8.51504433
7.21074578
8.34285461
2.44185394
8.34158177
0.02198792
1.25000000
8.15177305
6.04715910
19.92574191
12.94775266
14.85901035
7.01997894
8.95535101
13.15516289
8.06685394
10.58337433
14.58276180
6.55000886
13.27858584
0.46358246
3.55756040
0.98886690
10.29687500
0.30757660
8.78195812
2.80397938
19.46093750
12.16292110
8.62614140
0.71240234
5.39802416
0.65275709
12.86283356
4.95747894
10.88537567
1.57946808
0.22241211
5.54268091
6.22693151
3.38175476
12.96427305
8.08951906
8.58198693
5.79968417
7.12606023
13.57051543
2.07450410
11.14973626
2.58073249
10.54919216
2.40393284
4.50736481
5.62935394
6.67789672
2.01306183
8.60208888
1.70499944
0.79056793
14.93491483
9.33007314
0.56681959
10.64318817
8.51513298
14.77408688
12.02933497
12.46578346
16.15470523
10.04032690
0.80712891
27.07328153
9.82506982
8.13778147
1.43314606
3.93013519
10.07377106
1.34224457
21.89998227
5.42033023
0.98246246
15.42187500
0.16206879
1.17773438
13.57039087
50.21476507
7.18404144
10.49429300
8.65503989
2.37109375
18.46140958
6.64405917
1.44396942
9.93839539
1.79634613
7.46126219
2.79024324
13.34785794
3.12719913
0.36840820
17.02343750
8.25181517
16.43946808
5.62556634
2.26160073
10.33247894
0.72701019
7.80093861
2.86507701
7.74955231
0.96577973
13.13972961
6.64798981
13.03995789
13.94433295
3.94698028
1.67057375
11.65221078
18.36474734
9.79554188
0.36356598
14.01452543
2.20893943
2.63477061
16.86836326
3.73454233
22.55809675
9.60702349
6.82466644
3.94966644
0.97412109
2.20828070
3.71554742
13.60668011
7.08455881
2.13839151
7.50646942
6.88199579
2.78190436
1.33203125
10.56012855
1.41944481
7.53893950
2.81208666
18.82955673
12.70479278
1.36507203
7.66393950
0.61238711
4.67968750
14.28295213
4.38892287
13.02689606
1.16353363
11.46455342
2.16976451
2.12349457
22.48840301
6.77266013
3.41768838
11.06762633
8.68750000
11.88895722
1.53019226
12.75092041
3.69196698
4.77332446
29.91752106
9.05798122
2.14807347
11.58683289
0.49902344
1.27668378
0.73434314
13.55907580
0.61617658
2.97643700
8.41532690
15.24133332
0.26094574
3.75150543
0.42891449
3.29549133
5.41245545
2.69050588
2.86914561
3.99034741
4.41696032
5.72790558
4.96138519
1.08256012
0.85640473
1.90091949
11.69554356
2.75127437
25.95747894
1.08443207
17.49828541
0.81474346
7.26953125
7.30533688
0.77274753
3.83007812
10.07437860
7.61320257
7.21529144
6.85982269
0.06666046
3.93359375
2.85005707
4.25288786
0.03226839
4.67968750
14.35029810
17.97851064
7.95853170
4.04078457
14.33593750
9.06558954
6.62927526
9.46832057
2.97273991
8.05387079
4.17659796
8.24043108
1.61263685
13.45844305
2.00009363
5.75480164
1.82324219
12.91562983
2.48823817
5.61710882
3.00028535
0.99271637
9.24145196
12.00126440
5.09464539
4.40234375
6.25557403
7.24833222
1.37357574
8.01293385
6.87695811
13.01904359
3.57076019
4.35859763
2.23515237
4.08158356
7.94140625
13.16324579
2.08480108
5.16841644
1.91601562
7.42822141
10.52791445
9.35668883
8.67110261
9.71237652
1.90950687
16.44172425
1.72558594
15.65889185
2.26058233
7.51216644
0.69339996
1.14107269
4.19140625
8.24564606
6.93556628
15.57135083
3.27087433
17.66270945
7.98307873
3.15267342
3.64392121
1.23713985
16.51590237
7.81595856
9.38704344
1.02506593
15.87226141
1.88184840
3.57226562
6.10502106
5.16287678
3.16195201
11.84798094
5.99755984
10.54752438
4.76741578
1.32133089
20.31762633
9.82107398
2.76421320
11.65535461
6.66060394
11.77850793
4.31030585
5.78125000
1.16060394
3.74234735
2.11214483
9.42533356
2.07466644
13.91813110
2.24983765
0.59863281
6.51472961
0.07291687
0.29956055
13.00781250
8.89843750
2.95267731
6.16060394
4.12878325
0.05957125
12.71081450
9.71248227
5.61124446
10.58655252
6.84240692
7.96484375
5.37250555
14.89424050
7.12292885
8.07515846
2.31278535
8.00000000
1.60156250
3.45418274
6.48237257
3.92041888
2.83779948
19.56882647
4.90942819
2.99442597
8.75781250
19.85396332
6.39709442
3.75962019
8.56647051
9.51216644
9.59716797
15.17211353
6.07886303
10.83455009
3.04020390
1.51054050
5.89497894
1.77246094
8.42187500
0.43534332
0.05212402
7.85701352
2.48718417
12.88614805
13.47041778
3.51408023
10.98904367
4.51140403
4.07812500
8.45312500
11.42215537
2.75325438
6.15385416
7.84509308
2.27974457
6.05078125
1.80895778
4.86487034
3.75345856
11.78202239
0.92740968
10.54931516
3.96630984
5.60650635
5.06640625
15.47505209
5.45931405
4.78829011
4.53156971
4.37272717
6.55859375
16.38853392
2.97084108
4.00887024
5.74308289
14.60583029
6.15898049
13.19095856
8.44364472
1.92578125
1.10546875
13.18892177
0.94193761
1.82421875
12.95410156
3.45117188
1.46289062
4.92187500
12.51142842
12.89482158
1.99609375
9.62670213
7.91540558
6.78902814
0.17256684
2.88627106
10.43521720
7.24536569
7.17816712
1.74370788
9.81250000
0.43286133
21.67293274
6.04585661
4.09957003
0.45996094
10.05700466
7.59503879
1.68975343
1.68945312
3.76855220
6.21134087
3.73372562
4.46366799
5.36405364
7.34297761
2.33386137
14.84041445
1.69726562
3.30299356
11.47564771
6.49634225
13.94531250
18.73953569
1.40003158
7.06595856
16.66087434
6.27271941
10.10581072
9.11706574
4.98405031
0.28519684
3.03755707
1.07474762
4.56160461
5.14196808
2.31591423
1.01200659
8.68660461
20.36295656
5.26304563
10.48068040
2.34448803
12.82837101
7.06144226
3.75976562
1.59387176
9.92610594
11.42635195
15.67949433
8.60253906
14.72910573
4.18060283
10.96866135
3.74157746
14.64026595
0.59960938
13.71594083
3.44650766
15.00298814
6.03353280
14.65177305
0.96097933
10.70960144
5.40589095
0.38887543
10.45013853
7.37363253
8.29927582
7.55623227
3.60656583
3.48323858
6.98046875
10.68074524
7.10484376
3.73243683
2.43509918
18.68033688
6.14823581
1.52025931
4.51489694
9.78125000
5.84390985
3.35111481
5.64699114
3.72701019
1.68607574
1.35786957
10.83369903
9.64020169
32.12916721
3.75826019
3.03688775
4.14865912
9.19352172
0.06111695
0.44458008
0.90966797
6.50732422
6.29296875
7.69668994
8.74426861
14.22656250
4.42915863
6.90881317
2.53995789
14.08115526
18.64033158
6.13806183
7.47904449
7.54007840
5.28796542
7.56940714
2.59314993
5.36718750
3.13911957
11.52826353
4.98255983
10.92443817
8.20926972
6.69786071
9.00286347
11.12206782
6.55326573
16.88350122
8.73384862
3.00073304
5.31494141
1.71891235
7.77265484
5.56250000
3.60351313
2.93688996
2.55822972
11.59029144
5.11673981
4.50826019
24.80366911
13.34476839
10.81762633
0.03540101
2.24218750
10.69262633
6.34057679
5.96875000
4.50000000
4.79150266
0.11303836
10.25679411
8.95955507
5.14497894
7.16406250
5.81551086
10.86864362
6.67912677
3.72460938
10.82132928
4.65995456
6.62601839
1.20898438
2.04732269
9.35697418
2.93359375
13.37500000
5.17533356
0.77339691
0.26460785
4.60937500
5.30273438
5.52343750
4.64017731
1.99263519
0.93899526
4.30184397
4.41260231
3.45792664
17.82486813
4.73763187
13.72818969
5.52087433
10.49295989
1.06608156
1.15775543
10.59415337
0.68363807
5.47265625
9.70312500
5.42256621
4.39729610
2.19584386
9.79341644
2.07812500
6.27388519
3.52876552
8.78869349
5.78609596
5.43721465
12.02038232
3.64758643
13.42443817
3.52673371
1.46927887
9.82031250
9.61450133
15.89624023
8.06083222
12.31237201
9.22563275
2.02148438
5.06957447
9.77636968
18.68342642
23.52511026
16.95304632
13.66617797
4.18762300
5.63236481
9.10925200
9.98103945
10.87410461
7.57511414
0.47025543
13.99617243
14.75622839
3.47460938
1.64746094
7.24161680
9.41329011
2.43103058
10.17954456
3.35125775
1.40865082
5.55634032
18.83623780
2.30200133
3.01440492
7.69384641
3.03474416
3.58321697
10.12390199
7.36156915
2.09350897
9.44510085
3.05534685
1.22753906
15.22477172
4.41886414
4.82120789
0.42578125
2.23504752
10.35635417
7.68040364
9.51469027
6.33028479
12.55638963
19.44576518
4.16430851
10.72257259
7.03328679
14.26367188
0.07130951
1.18233184
1.43404144
0.96956422
4.59720856
17.13960661
10.46541445
13.10046947
5.42310505
11.27490266
6.76896055
3.82568484
12.09720856
0.03963227
12.21683622
9.36670046
3.40384918
11.05122894
10.57979278
7.99051972
4.21093750
13.96150508
19.73807956
2.91975953
6.74955231
2.82076019
18.96363312
11.69559287
5.09737588
7.13496606
2.36889960
13.16786557
3.28556460
5.38671875
10.99564606
24.75522940
3.77032357
3.01985594
7.25927859
5.23921066
7.90669769
7.39575133
0.11836824
0.48119774
8.37137661
18.98962932
7.90144836
5.08178524
4.70210661
1.94791999
21.00748283
6.45752327
4.00569703
1.66210938
8.20470413
7.99483931
3.17801972
0.59118683
5.81640625
4.59328735
0.77390015
8.20985484
7.83657246
2.69576019
3.54838043
2.65474457
0.31616211
0.69970703
2.30859375
8.24096680
0.19698028
1.59456422
2.86763519
11.49898161
11.08772828
2.22774324
12.08593750
5.92923981
14.28863919
2.33680850
13.36718750
4.12500000
11.38191711
2.18541141
18.42879959
17.38683179
6.40219636
19.29567931
20.38607934
13.78304078
5.79301307
3.11633145
6.19812167
5.23738586
8.30558289
1.26521041
3.39986923
6.21529144
0.66556793
4.36718750
1.64794548
4.19971077
1.39400238
4.56640625
0.08447266
6.17968750
4.64017731
6.90474457
11.92578125
1.71341949
12.32031250
3.52583832
0.28466797
10.11962766
0.73108004
8.39587433
10.76127106
6.32767731
3.41483489
7.98795656
0.70019531
3.97505707
11.13281250
1.14086852
4.54174867
15.72505209
6.04057291
1.44824219
10.44531250
2.68164062
3.68529588
12.73934397
17.40279207
2.70308566
10.15942321
19.01087495
13.22688719
2.82975343
0.10805268
2.85937500
1.72439897
10.08423537
9.02343750
3.00887024
5.34509308
0.86669922
5.09907802
1.73250554
1.42187500
12.89050200
2.35559175
2.85005707
6.19787567
4.31774933
11.26260916
3.35848459
12.27734375
13.35579344
4.36393063
13.72949468
11.46773161
0.97660433
12.47375333
10.24824358
0.85222185
8.24564606
21.13150057
7.43493683
5.91149933
14.65279144
10.74564606
7.54028258
0.04524812
5.41414118
0.58394628
8.12356827
4.55298537
7.58125886
25.44576019
6.18847656
6.76992465
0.22669797
1.98828125
3.16451019
0.63525391
4.48363199
2.46456837
1.39945589
17.20312500
0.48791504
14.17789672
3.00960328
5.35156250
11.18916778
2.46317597
9.40625000
4.49519836
7.75826019
12.11514510
8.89775376
15.53613281
15.62064606
3.22281860
7.22054078
1.32076019
11.40206390
4.29687500
3.95552582
0.42424350
1.24540503
2.71093750
10.20352837
5.03865913
6.65702239
12.03438386
9.65205581
0.75431514
6.20593417
8.23616578
9.01306183
4.44051086
5.00870789
16.31660794
4.50789367
2.70186558
11.60591644
26.51127106
11.79792775
0.99646526
11.84785794
7.39823581
9.68367243
1.54439550
4.78906250
11.33886719
10.43755419
2.24784573
8.08516511
10.77343750
10.83323139
0.40464150
8.30314273
8.43404144
4.41292110
11.25537234
2.52071199
13.68648161
1.01611453
4.47265625
3.07963043
10.29984154
4.12076906
3.04663397
0.87788661
0.17777745
2.07617188
4.78910309
7.58626219
7.34688386
4.11808289
9.15970856
11.88281250
4.12349457
13.67187500
15.72045898
11.38630541
3.24605939
10.49129211
11.35245789
19.49127162
8.50545850
3.48279587
7.01550200
2.81408411
13.60046542
3.91092864
11.79658716
6.60486369
1.34012910
1.76118988
6.92187500
2.34647551
0.14851961
3.77103668
5.54235373
1.49129709
13.48848294
9.83760528
21.11698581
4.72489472
6.81034332
9.82173427
8.73897495
3.38895722
17.80635528
6.70658356
14.08081117
0.02819824
8.98002106
18.20747894
1.64453125
3.76127106
8.31595856
3.98917664
8.57031250
33.35008961
9.07466644
0.67582184
12.80366911
3.28271609
10.10156250
3.41752106
20.93135465
23.32328402
6.36718750
29.12716965
12.49835579
2.07035682
12.67626330
1.81685893
1.13143007
10.64408356
13.85147385
3.00879654
1.66947418
13.37487700
3.48668717
2.49435228
7.49564606
8.02779144
9.10925200
8.18237367
3.20056183
2.24414062
0.88484680
12.46964539
26.12786537
16.75373548
1.00862921
6.53080231
0.99556488
17.70287899
14.05447585
7.81641622
15.72656250
6.18827239
2.55192140
5.47656250
8.44404810
8.45512120
6.01350953
23.18615692
0.48466035
0.02297300
7.28560394
0.73779297
8.76127106
2.81355026
5.69719193
6.82031250
9.79137966
7.19823471
2.35958416
9.19633089
9.45784796
21.20472851
5.28745899
14.10758422
4.95446808
0.91206879
14.17564828
3.11687278
12.03470856
7.41060394
1.78222656
12.45658356
1.79386414
12.38639821
1.17082225
9.53730981
15.75907690
17.01513298
0.81254432
13.17524491
1.98535904
20.17471853
7.39950022
9.39550781
20.34016844
5.01761747
9.04712101
7.83337433
3.52734375
13.84907802
7.47432403
2.31828069
10.30904144
0.81099457
5.04687500
0.01036072
17.08308400
1.88371287
5.02298981
21.69637024
5.34313996
18.47900266
6.18896609
1.25720215
8.24218750
2.28666168
18.32755305
3.14461491
14.75373892
18.52600565
10.95043883
4.85034242
21.27197141
3.53775876
2.49646276
27.74306295
11.76848847
6.46985331
1.34375000
7.43314606
6.58247894
4.94140625
2.53320312
0.37406402
2.87129544
7.07837101
9.64575133
2.94356106
0.95463292
14.59773244
9.41646830
1.65572113
12.60156250
10.07287567
1.68493683
9.47460938
1.75683594
16.53100399
11.77714206
8.19518950
21.69799867
9.58337433
3.76171875
0.00642914
5.97265625
8.70312500
7.51953125
0.00578308
13.20133422
18.27892786
4.67704565
3.07661957
20.18117798
3.70073913
7.12198914
10.99218750
8.47298094
9.17981050
0.54882812
13.99039672
13.01704677
2.74646276
12.34285461
3.05362976
7.51863586
7.84464539
0.31632383
0.05513613
15.07812500
12.25781250
1.42879211
5.21183289
12.00691711
11.82096188
3.11987367
12.62601839
13.84375000
27.73268176
8.20481824
2.46919769
10.33418108
11.51725842
9.05012190
2.52226673
6.51562500
10.32812500
0.05234772
2.93940880
7.44685852
5.56120124
7.55603058
3.57556183
1.31302887
1.71919769
5.44942044
3.46073581
15.84720856
0.63330078
7.49654144
3.55078125
21.24975067
1.16528258
13.08516511
2.01757812
14.65986592
1.64347850
8.01863586
0.15800019
9.25345856
3.61523438
3.04296875
9.63883422
0.15580293
11.52696477
0.73040004
1.13439287
4.08724623
6.90482076
8.02148936
5.07031250
3.90279144
8.40535461
4.21671570
5.01908356
10.92443817
1.84554078
13.29248047
1.12162262
12.56367576
13.27933622
2.97579510
14.36206055
5.65625000
0.12390137
10.25781250
1.79394531
13.62967864
5.48750886
1.19238281
13.08856938
5.03284906
0.13224367
0.00448990
0.02934265
3.81119200
12.04777039
7.73539277
17.70796723
1.73437500
8.52689606
4.68404144
7.50699859
4.08203125
2.66060394
3.02929688
10.58593750
0.03417969
1.10502106
10.88716644
4.79252106
19.89165253
0.98197418
9.62340094
0.46786707
0.31372070
4.99173981
11.21785461
0.63171418
0.46728516
11.44034353
9.48706117
0.46211326
4.34899300
5.64843750
6.00345856
1.22408051
14.84212157
4.90804078
1.47049895
12.82442044
2.38993628
2.34390487
9.80746232
1.44238281
10.22656250
0.66520141
5.95100953
1.19877106
2.42378754
0.97969512
1.35766539
3.93733267
0.45483959
3.89497894
0.03335571
0.48535156
1.84863281
4.17923981
2.42093404
12.14188940
0.13977269
3.42309508
0.40462281
2.31730164
6.18359375
7.65970856
15.70861536
2.90181737
6.02856383
4.40592531
2.86568207
9.55033356
0.87495941
0.03075653
0.22847504
1.41308594
1.55664062
1.24121094
7.64912622
11.71350067
0.08830085
4.04268340
0.73522980
6.70011414
5.17187500
4.64553968
8.63135638
4.94433594
8.19185394
6.25000000
3.89648438
4.88281250
9.76127106
8.86478170
1.85868379
9.31946268
0.21594238
4.45312500
10.54675200
7.55847075
4.71508976
2.46191406
8.48591977
9.29533023
0.41235352
2.02840149
5.67569759
4.73974734
4.35213320
5.07722961
0.51546265
7.69335938
4.00390625
9.25691711
4.62980164
6.58334595
14.48091644
0.31323242
8.23367133
3.44210992
0.83352394
2.25065436
0.23148652
2.91271942
8.12064606
1.40360566
1.41804992
6.65669769
2.20161957
0.56449371
10.65250111
7.73421764
2.51997894
11.21308380
1.11745209
1.53678219
7.68640292
4.96333832
8.82031250
7.01082336
11.45987976
24.42820740
17.52437377
13.03849180
3.93339206
6.45926972
2.57857269
12.21537262
0.60432953
2.54878380
13.12923094
14.61775820
2.05928745
9.05479833
8.31518617
14.26553635
10.70756759
4.34887633
2.63204011
2.49609375
0.81464225
11.79891366
1.63455896
8.74531575
11.17427582
3.88195645
9.69812167
3.23259864
5.20835992
2.46333832
18.37833555
5.98274781
2.05810422
2.74438663
3.47656250
4.56250000
3.11328125
2.47070312
1.45996094
2.16392683
5.54407579
13.82877438
1.29736453
8.20145722
0.41210938
8.89062500
8.17879211
5.11027039
4.36238586
0.14412445
9.41332447
9.79253567
7.43794769
0.55037414
8.70023102
1.59937551
9.02751108
2.50007868
5.18609316
6.64497894
8.67622894
0.73270598
1.54707918
28.97403369
0.76717725
4.90332031
4.05175781
0.44974762
10.07377106
4.00781250
6.45747894
6.73034575
1.45499695
1.21549562
0.19291106
1.05782136
3.46537262
3.06250000
1.64400238
12.70222961
6.25097407
8.21875000
8.75528369
7.08313829
16.55509087
6.62715979
14.49116911
14.70593417
6.60982269
5.91182403
1.85815492
6.44531250
3.46044035
2.71554742
4.62935394
20.44522884
7.66609929
5.85351562
6.97721188
4.00280917
9.85968972
4.51486258
3.59916168
2.43103058
15.61981201
15.48978668
13.36718750
1.38994354
3.16406250
4.82812500
0.30057676
3.22007564
8.02231604
8.17162899
8.65998892
3.20174756
3.65653535
9.28950895
0.12935519
33.58828901
0.76620318
8.13859039
15.67189440
5.80840951
3.94722628
3.73901429
8.57006649
4.54801640
10.93314606
0.03041596
2.09570312
8.95658356
2.24530516
0.02809175
1.34358579
10.92545656
2.28002992
1.87695312
3.95898438
29.42521055
5.33996675
7.56294769
3.38126025
12.96346631
0.69697498
7.04850842
1.60644531
3.82649158
9.36446697
2.05122894
3.72851562
1.75008117
0.21207703
4.79870014
11.89225842
7.20768063
3.93487694
3.79492188
4.43314606
4.68394781
2.78329676
3.84570312
5.95853668
5.99654144
11.46004211
3.22159851
6.56640625
0.04614258
6.74173981
11.82377106
3.07295435
1.92651056
4.05151928
5.40580231
12.00335587
8.88191711
5.60123781
6.04272274
3.21695922
3.97770390
2.58487976
13.26729278
2.87430879
3.29687500
8.67561392
7.53084663
8.02343750
4.63338320
0.69726562
15.50345856
3.85156250
7.36718750
5.99609375
1.31799036
6.36755651
9.14107269
7.58984375
6.60579344
7.11686281
6.22265625
1.91104292
6.03915240
5.42578125
7.02644836
8.26997894
3.59525543
28.14139739
1.16695036
5.30493351
1.09269226
1.75594055
7.86664119
5.74362920
2.73657227
20.92520432
7.43669326
7.34195984
9.04834991
13.65677638
7.06754765
10.58862367
1.47969138
4.04525155
0.46309418
9.09285461
1.48970333
6.90393284
8.94006317
8.44006317
7.89717874
1.26855469
9.90527344
1.13529449
1.99942930
6.73929964
4.91015625
3.87500000
4.05078125
7.69921875
2.95519615
2.01160073
6.26326352
4.29520722
5.66027925
1.08593750
1.03177887
3.97333999
4.03056626
11.03560394
1.34863281
6.21777344
18.00345856
8.56250000
2.96333832
0.05587769
0.16539764
0.94677734
4.12410461
3.30753601
5.16576463
9.92708998
4.62507868
0.50911749
8.28553968
8.46836657
2.29838043
1.92773438
9.20943207
7.31798849
10.08097788
2.78222407
5.50984929
3.97302028
3.25134308
5.55366978
7.28560394
6.26127106
7.00000000
1.49751801
2.82897108
0.70716173
6.20568817
9.62170379
2.11661680
3.38757480
4.07076019
7.15042997
0.92785738
13.81595856
14.58760528
25.20129488
2.68990082
7.73783356
6.61763519
14.22452571
3.15393284
16.55562348
3.36478668
4.94966644
0.61230469
1.14355469
0.03037506
5.83638519
2.62617576
7.18197030
1.99609375
8.03727172
3.60380097
13.66279810
4.50126440
2.23632812
1.54686441
1.72807790
7.90157136
14.60696920
13.88688608
4.71317597
7.21484375
6.90356383
16.69413301
5.81685394
2.22838016
2.83119015
2.63110040
4.39400487
6.82645722
1.99918578
3.54280640
4.74080009
3.88175850
15.11450133
3.96362367
2.12845856
7.83247894
4.09765625
9.53278595
5.91357173
7.92480718
5.81404477
7.54187167
12.41316711
1.80753601
6.23828125
7.00390625
8.79296875
9.74173981
2.55122894
0.64404297
5.43705231
3.72310394
8.65266844
3.36978502
9.70565381
0.45556765
4.28951019
3.18761802
4.86556405
2.69635777
2.23235316
13.93896360
8.20414339
2.04056793
4.10636414
1.58398438
6.45178192
0.04254182
4.87136913
2.84542774
6.22769393
8.41097794
2.71150322
0.65177803
31.88547873
5.03249002
1.27832031
0.90139272
18.62062561
11.75577820
2.12455231
14.15359819
10.17888076
3.63281250
11.31917110
0.03263554
16.45043883
11.52176972
13.06115692
9.07210328
2.20674278
5.20280031
8.31543218
5.68448914
23.27062833
16.45747894
7.15905917
17.05200195
3.90234375
5.83325133
2.81311004
2.19543550
7.40416889
1.72384197
10.26652039
3.74218750
1.60644531
7.69547235
9.65316046
16.15702239
5.99698914
6.43192597
12.90445922
13.69620789
4.00751220
2.71213319
3.18467213
1.33925365
4.03483063
1.27681488
11.14485594
6.66585328
9.29866578
6.81250000
6.26127106
3.11958832
0.92333984
14.18778037
6.66589760
1.68343140
10.02937680
6.71720523
12.16369598
10.25870789
7.52388519
2.24759918
1.24804688
1.25630707
10.25808975
4.56393173
15.06070922
1.21761109
10.49604943
8.65767675
4.26831117
4.24023988
9.66750490
1.77185214
3.39526429
6.41239472
2.45161957
6.46577350
3.42485150
4.52779144
15.32982713
5.63066267
4.82812500
9.36718750
0.61275238
3.39017731
8.44425445
1.35636414
3.23437500
10.32213764
2.89465924
17.64231354
2.05664062
8.73677582
10.03035461
5.53503075
3.07772163
13.83118048
3.77506593
0.89697266
10.54783910
1.06845301
6.96616545
10.77699912
3.19187388
0.14965820
13.33769804
2.34528854
7.73190048
15.20747894
7.54162567
18.39043151
8.58081117
19.34330231
1.74214660
4.11583943
10.07361369
15.18951735
4.23200854
4.50444259
0.66796875
19.85831540
34.09781860
17.26920656
6.09903930
2.77136386
20.31783051
29.04345080
11.01034131
4.22131317
5.21468140
6.50454566
3.35918328
2.79296875
8.18928081
7.97583942
17.30777704
7.95234265
7.28976617
17.73962433
5.27343750
10.14107269
8.12923094
17.14850091
6.28973182
6.66540558
7.87154144
12.30740803
1.48014904
11.67044576
1.38627604
11.78409851
14.19006317
3.10876496
3.78186004
10.39933289
2.91015625
4.18333372
9.52204245
3.95707557
21.51126919
2.82100620
14.40392786
2.56677526
9.39426905
5.65316046
3.31445312
3.12727782
23.03240510
12.17585993
5.23954565
12.02831782
9.81889073
9.24343197
0.62420323
6.64575133
8.39306516
15.84785794
10.55505651
8.01485261
2.33638519
8.96004211
6.58711326
1.36495401
17.91555796
6.26864583
10.54431183
11.97900266
2.05765902
0.20393891
2.95067986
35.04346077
16.33962213
1.31858100
2.19547485
9.89687135
1.94726562
0.17456055
5.51443928
1.31722545
3.72312683
3.16646332
1.28169769
6.64143673
11.69962773
2.45703125
7.87406029
9.39058815
4.36328125
29.83744293
8.91841644
13.00691711
0.82120789
0.39916992
11.54730276
2.49175974
11.39933196
1.69665122
6.96667013
14.06669658
2.69474678
5.19877106
0.17488617
9.82013520
7.41423980
7.92968750
3.88783897
7.53077792
4.19222296
23.38439786
10.59220523
0.21700043
10.25616780
6.27633532
0.51025391
6.19749668
2.26885250
14.68725399
6.42700382
17.22497465
0.52742617
8.58621787
2.35083444
6.83789062
1.25683594
2.70703125
8.62398161
1.73982851
0.08860291
22.52796661
2.11795615
17.40295877
5.30033356
2.25976562
1.25240082
6.45267731
0.04057831
3.99181849
3.73474401
13.62500000
3.87559259
6.41115026
3.77282746
4.42854309
9.26472961
4.89546100
5.32418439
3.24519836
11.97171778
14.49654144
4.94914007
18.63826477
8.38724762
0.88468445
6.61193817
0.35848023
11.25512633
8.03739472
0.03654999
2.06900751
29.90759558
3.52249779
19.29166999
13.72054078
2.08024047
8.76049867
28.26623504
7.45877771
6.85461768
12.42968750
2.72460938
1.65376801
1.47403868
3.97005312
5.59240692
1.32413758
9.90279144
8.36539672
3.37634308
4.93481383
0.06665101
6.13582336
7.51208527
3.90820312
0.89453125
12.69457946
3.56023627
9.98116245
2.17142731
9.55163605
7.68782469
0.53580812
13.48785400
6.35847961
14.01806516
25.55562223
3.33267565
3.16830341
0.88671875
9.21390653
4.48131982
1.31409159
11.82694519
10.94178825
6.60546875
3.86372894
14.42465179
0.15515168
5.17260306
4.15161569
1.18457031
14.82377106
4.40535461
6.49609375
16.68703186
23.67996787
5.75541666
4.80904144
3.84375000
6.21422873
8.45589234
5.69926307
2.88521332
13.91931183
12.58447141
3.89253878
15.65702239
0.45169950
1.66955784
7.78125000
10.56054688
3.87695312
8.36283356
1.15083832
10.81034021
19.60147385
4.55302969
5.25170712
33.76066101
2.42273105
13.16841644
5.04060727
3.55509585
9.46170989
4.18436614
6.26798648
0.39916992
16.04357879
2.84647551
11.59719311
11.43656527
7.84566378
4.32722961
3.59855164
3.38716644
0.59277344
0.76912414
0.80997742
5.47350732
3.36633643
23.20978613
10.79412012
5.36629211
6.85457336
10.41585328
7.52734375
3.40039062
2.02539062
6.73990470
3.47644448
3.85786957
15.83760528
22.19367908
10.19238032
1.03024157
1.86718750
0.75667235
0.04423097
5.04142149
5.54655031
6.59419769
7.28763077
5.73145279
4.54597961
3.88265015
4.73828125
0.58190762
1.63269199
2.42382812
8.07750998
12.66386081
6.88753546
1.46984458
1.30758034
6.92720551
10.80814606
2.08292664
12.84573250
1.46872063
40.47326629
8.11417664
1.92915863
3.81250000
4.90234375
2.27113975
8.15121730
7.39600232
4.79687500
6.71093750
15.34273161
13.76395722
5.07153258
21.17247009
4.77809175
4.85949800
11.26760750
1.08981438
2.38085938
8.01757812
7.10587212
3.65930518
5.90189606
2.35831726
11.38232048
1.45805214
16.75052638
12.45605718
11.06574690
14.84985040
12.61264184
0.88525391
3.13206949
2.05347739
2.32617188
10.42879211
2.26452045
2.23149213
12.98783356
6.64367520
2.67077792
5.26517731
2.59615082
7.83203125
2.93404144
8.37756317
24.28161150
11.07548315
5.06294769
2.61523438
5.90144836
1.48038758
6.94441711
8.34029144
13.89903259
6.99159241
2.94771332
0.00234222
1.32055664
11.33068817
9.86462433
48.18481383
3.11010804
4.35892731
1.58709468
2.99752050
9.52856383
4.01005097
9.28035461
0.61608918
6.58984375
4.69441711
8.78861481
8.73033578
2.21513907
2.87333222
21.51221780
2.51672706
1.27343750
12.22286956
3.11911352
6.88292109
14.56537789
2.79464649
16.78006490
2.63652205
5.03951019
1.13716644
6.16361481
19.37984223
8.85425812
1.30520702
6.48515735
2.35831726
21.94992107
6.26148271
17.11653812
3.98796601
1.68750000
21.43391844
9.64408356
0.79748629
2.96484375
11.29296875
15.41727505
27.00972628
7.27237945
6.04687500
2.93672761
4.61283356
18.26607269
8.65926086
13.62943512
8.16540558
3.31986481
3.69897274
13.75370456
3.28019226
6.75211547
1.20686890
0.41776520
0.00807709
5.74541945
18.09587544
8.42501883
7.91532690
0.56648742
19.04252106
12.99122765
10.41711768
8.55301972
4.53289353
2.22493905
7.50826019
14.70646055
6.75190382
13.64870287
3.40502680
7.04630430
4.07483377
2.81835938
29.09427887
8.04341644
1.96018463
15.62064606
8.47912567
2.02958222
3.39904256
10.00285350
1.65873199
13.51652039
2.96144207
1.27317707
0.00753784
0.88679868
6.68257536
6.77127843
11.14843750
4.36706450
8.83951906
0.49141262
8.07401706
48.80687916
10.85494549
4.02001330
3.99272695
9.85486369
6.80558289
6.30423981
2.90323914
15.00423094
13.39418662
10.30035349
1.79536957
6.69006317
15.62634308
12.22810727
3.95113253
11.44966644
10.07380541
6.44092420
0.61710633
1.22167969
9.03628768
8.33089982
13.75345856
1.65843917
1.16427415
24.40189606
3.81831879
4.61629211
4.66145501
9.83899268
3.22590814
3.85071143
15.86020437
12.08565713
20.86808289
4.94327571
4.31799534
5.35074891
6.85892731
11.20658356
5.76997894
0.08595795
4.46875000
8.92968750
10.12564938
0.43107242
2.36612976
12.10412567
0.07853211
16.35122784
8.97543107
4.75870789
4.65901485
3.30566655
1.64001496
1.40124418
2.76607394
31.39310699
4.05122894
1.54642731
3.05977044
4.20784796
7.60746122
0.68339206
45.00000000
9.84029144
8.46785461
3.44266567
8.98205784
2.75781250
2.78515625
12.62410461
5.15386484
7.46592641
7.41048094
7.09697157
10.61165780
5.57377106
0.96793641
7.50000000
3.40100067
0.49206574
14.38390958
20.08439273
2.96333832
17.00642509
2.03459053
10.26985594
4.89811281
0.73535156
2.04231625
0.01127106
6.40926086
19.88134641
1.61023105
1.67089844
7.76012966
11.85661015
7.68750000
12.81754267
6.46566046
0.04640717
4.31420898
8.07788086
13.05468750
6.05187833
1.87780917
14.18660461
5.07198028
4.33907136
7.64139739
0.18257722
16.05834774
19.43249667
11.92277039
0.15209961
8.51216644
6.25284353
4.25887522
7.37064606
1.31156278
5.92585993
13.18691933
12.02825409
2.01562500
8.64062500
7.19140625
0.31367825
2.27909519
5.91015625
19.52119903
17.58443051
3.52803745
11.06556183
1.42508755
7.33743795
10.28736037
2.27868683
2.31856262
7.67748587
3.18180795
3.87455231
4.26883755
4.99674687
4.82153258
0.65502992
0.18029785
0.73600219
6.27139666
5.75208111
1.71175172
5.26350953
10.84773493
19.12145280
1.20809895
13.04801391
0.42362519
10.47375333
4.57946808
3.55029421
7.20658356
1.96333832
4.13191711
2.68599457
2.15083832
10.48559508
0.48266664
9.52176967
6.45434508
2.02335882
10.66573028
1.40848847
1.93851341
7.57861702
1.31783051
5.16406250
5.19441711
3.70495512
1.03670351
16.90654129
3.89648438
13.75000000
0.30077969
0.06237949
1.94213867
0.99418121
4.03560394
9.74910461
0.98046875
12.71695922
1.32983461
15.48526665
10.04622562
3.18774601
2.92187500
14.11832516
2.32702792
7.61763519
0.10203033
2.71402766
8.52893284
4.00826019
8.12210965
11.19889406
7.38895722
3.37215149
1.62731965
7.22032913
7.18201462
3.73392731
2.97896332
9.36283356
15.16060394
7.51407026
1.45423204
13.02982325
16.01151706
5.87902925
4.08760528
9.31852172
11.55481050
0.12951660
0.75524809
2.24231050
14.36283356
2.16841644
10.73848294
10.48136102
13.71745124
8.14766511
7.58471742
15.53470856
8.84285461
4.75915558
1.36230469
4.03291528
3.52425421
5.14664672
4.03694703
0.85156250
6.01428192
5.45312500
8.37679078
4.09696255
5.92167331
8.31733849
11.88179909
0.82128906
2.08886719
10.04361065
2.83387134
5.74654144
1.85156250
0.50146484
2.19017246
2.06812832
8.90625000
3.09720856
0.37536590
3.53845246
12.48917166
4.73197916
11.99385528
17.16092864
13.83247894
2.44437777
5.87890625
7.44877106
2.54101562
14.04496122
10.66467254
5.15515292
7.81595856
3.22595246
2.61914062
10.65962489
7.53015292
1.87565187
18.89017731
14.95019531
0.10917113
7.54130097
5.90189606
12.17187500
1.66401693
3.35323526
1.27815797
1.22611481
6.15279144
13.25654810
9.43786901
13.68431583
15.81763630
9.08056516
13.52250277
3.56746399
2.63488614
3.26812931
3.42663232
2.13541999
1.11470551
10.85867133
0.94992242
9.28600732
9.32682624
15.04536583
5.25830452
13.38627106
0.86210051
12.47070063
5.35840093
4.99967531
0.29516602
3.50736481
12.74608378
2.12155141
0.46850586
5.22908134
5.52783577
11.60156250
16.15083707
9.22912567
3.40621066
0.19954437
1.11124695
1.63675809
2.05074191
7.54687500
6.65144836
0.61173523
2.60546875
16.18383789
2.60111481
2.12935394
15.91316711
0.98722351
0.77640777
5.78169769
9.19441711
10.30122894
9.17622894
19.16137633
3.54956117
16.05537373
2.73812389
14.17073360
2.67692265
13.88521332
10.39798981
4.60892731
8.48527039
3.01713043
2.50826019
10.24873560
8.77079565
1.93998199
11.85502106
14.51501247
6.20516179
6.72701019
0.72021484
9.28625333
7.18627992
1.75422346
6.28398548
5.02209442
6.01216644
11.90498560
3.21300865
9.15633865
3.21927139
9.89417220
11.83267066
1.92693262
3.81205231
2.46084636
8.15581227
2.35742188
3.58959151
5.78793107
12.35579344
12.73795656
1.73038758
8.73168883
2.41284242
5.93078458
15.73584109
12.32120789
11.83223294
3.76753878
5.50813719
3.97847628
2.82493933
2.82447473
11.98220524
5.95785793
10.71260528
6.87500000
5.89587433
5.66194703
13.12154144
11.69083555
12.81615027
1.95891566
5.34375000
3.06054688
1.63301045
5.26412455
6.25390625
10.55151429
4.12801086
27.94327820
2.88476562
9.30981383
12.87935394
1.53837129
24.95703125
9.37500000
3.39017731
2.90429688
3.59615082
0.02969360
17.90990027
10.16913434
7.20028147
6.38684175
12.87320922
1.30932679
12.34301197
6.95386303
2.24804688
6.00723183
1.47864860
3.03515625
5.17170767
3.29944315
0.96435547
4.43835356
12.40893617
0.90026887
5.62890625
5.61486681
15.51994459
2.05078125
8.07979278
5.18192597
2.20703125
0.33007812
20.31550762
4.57190159
10.48002106
0.06734223
1.52343750
9.81904810
7.40344083
4.06612588
0.81783051
5.98604278
9.17524491
8.73279587
0.07680268
12.19722130
16.50744847
3.27730441
7.99654144
1.38671875
14.82979278
5.92317376
2.26221077
9.40279144
2.04056793
-0.00453048
1.03808594
8.95043883
4.04380985
9.05909574
1.29528404
9.20963874
2.87166445
2.64648438
2.89648438
11.73478180
10.26025266
1.41890597
2.57181793
21.18639296
7.64713874
2.34074412
8.19547485
7.04646665
7.18986148
14.30110594
2.72172152
0.73384613
1.74039672
3.35921265
1.34082031
7.40632868
2.21041112
19.48046875
7.91796875
8.71529144
0.00929260
3.56445312
1.40527344
5.36048649
3.88817042
9.33683289
11.19185394
6.99206450
2.43957613
8.07198028
11.26590537
4.57617686
10.01818817
9.53033467
13.18796763
10.62634308
8.77648521
6.44881538
7.02807679
3.11328125
10.19877106
9.39843750
15.43994016
10.48360261
1.92553773
9.93302305
0.12190859
5.62406029
2.18648659
10.41522980
0.22908798
5.79821808
6.98372562
8.85990138
8.14701573
2.55972518
2.06031083
15.37500000
6.96138519
4.35937500
9.66690603
1.56702127
6.64017731
5.81473598
9.40995456
1.12581422
10.91934619
9.66223736
15.27166504
13.37666778
9.00524933
3.00174646
4.78039893
16.87759752
0.78211103
7.38419243
0.13525266
6.15336214
5.59838867
15.26009125
2.16601562
16.33402372
7.51363253
18.36281311
14.57120789
18.02343750
10.08939606
5.25423094
2.04895113
6.59509277
11.65641235
13.59216340
9.99947113
3.19832336
9.05122894
4.23347961
0.89978058
1.02843833
3.76355385
1.08203125
8.76598778
4.82291999
15.86763519
6.22131317
1.53267426
12.80704773
2.00345856
4.42578125
0.13313812
8.90730026
4.13770279
13.37910794
1.31417027
3.28470856
3.92443817
0.17134644
16.00593307
2.10148880
1.50000000
8.21646720
7.29711104
2.48446863
3.60998504
2.24576532
13.50276983
4.59765625
1.40808137
3.46875000
3.97265625
5.01847320
13.11446137
5.90580231
8.97326131
8.33142619
1.83735927
11.18450700
1.75585938
11.62963431
17.70024026
9.80618795
12.80363475
8.37200097
2.92297457
5.78719304
5.14453125
5.55814606
7.90083832
2.42728668
1.38911957
6.77990692
1.32751496
1.83691406
11.03816711
0.42484527
6.02868683
6.89754211
7.77583832
3.93404144
11.87141844
7.13675809
2.69690159
4.98880763
3.22408300
11.79785156
1.51420074
1.59224457
8.96248227
1.80021304
7.24417997
1.85933566
6.82588653
1.45259613
10.26741578
4.08325133
9.28804411
3.70202792
10.86283356
3.94860871
8.02685173
5.39892952
5.26517731
4.49564606
8.13233885
8.40458222
14.08760528
8.36027039
2.95385804
13.15409021
6.37325354
6.39062500
8.75345856
4.94758782
4.22180518
4.19518950
0.44641207
1.04349762
10.70121122
10.61987367
2.06978239
7.10136081
1.83325133
3.91914949
4.56685394
11.40535461
0.09141053
0.22045898
3.87695312
20.02822917
2.64278978
0.50818027
5.56986481
1.54817064
6.30029920
7.06685394
0.03373230
1.00973511
2.70463043
7.40970856
10.51997894
9.80904144
0.95507812
12.03233337
2.71048981
15.50349945
13.51399719
7.80167664
1.15047699
2.48437500
10.55814606
13.02990692
5.75826019
3.68929078
4.55814606
0.35005707
0.36206055
6.46732574
0.81521553
1.63476562
10.38448028
10.04520722
1.33105469
2.91406250
8.34631317
1.72909577
7.07641290
6.84892065
15.40279144
3.10457336
0.11542458
7.52734375
12.93174225
14.60587212
6.55473182
6.93463135
5.92488586
10.12243683
2.35156250
8.14664672
13.58491911
7.10395834
5.11491467
8.10770722
14.93990082
7.99564606
14.84029144
0.88916016
7.76517731
13.26562500
0.38602567
2.25626773
9.15625000
7.58068817
0.32458527
4.19140625
1.18269836
0.00121826
4.51171875
14.62845856
6.18794769
0.05788178
6.37751884
8.50549534
10.26130541
2.14669603
8.11718750
4.85156250
0.03344727
4.64062500
9.78027344
0.73681641
5.81070922
0.17061402
4.62500000
3.22851562
9.17968750
3.64408356
1.44868739
0.14502202
1.21679688
9.16869681
1.99341256
0.90527344
12.28055380
13.06148597
2.00402925
6.37980164
9.03560394
6.67142731
0.63911957
13.99778716
11.18058289
0.37963805
0.55391511
3.12304688
11.14664672
1.72609498
2.49955231
4.83203125
0.19588227
9.53816711
6.01261414
19.03625488
11.48758755
14.67731933
7.59515630
0.25699859
9.17097961
3.98917664
6.43660461
0.53796418
7.19787567
1.97985871
8.21439606
0.05261230
1.25337738
12.71328901
9.04016954
3.14693207
2.89168274
3.58487976
5.25077239
3.83862367
9.09810394
7.83984375
0.60644531
6.60502106
11.42622894
5.43359375
10.23783356
10.49608378
0.24610372
11.36763519
1.94824219
7.02734375
6.93660461
5.75435394
6.60786957
1.58797180
1.00773133
13.15433622
1.52730441
2.23588043
3.35396332
0.24922575
0.13407504
9.77075133
9.23587794
2.82051917
19.66752106
12.68737700
3.20897441
5.75794547
2.54296875
1.73828125
5.74955231
0.10477723
4.17578125
7.74820922
11.23181183
3.21972656
5.59375000
15.06685394
0.86523438
1.98925781
4.52343750
0.77201324
16.73693817
5.31673094
12.93896609
13.35502106
7.51908356
0.24552305
0.60831540
0.94808233
0.11411529
13.22599180
5.88383089
18.16573028
7.11027039
1.39392121
8.89603170
3.08834330
12.13366357
1.51831366
19.37727782
10.62975732
4.18766733
5.08203125
2.45039575
10.78597296
3.14814717
5.37573803
13.38191711
2.32511414
0.36136871
3.64693207
4.97775516
4.46808620
4.82076019
10.94352172
15.13769282
7.17000554
2.84838929
11.26562500
2.65942321
0.33422914
1.37109375
5.65625000
1.75179223
4.15796210
13.58633090
6.01177304
2.27176910
1.74165863
5.02933622
22.42085661
4.12902925
5.35437167
5.27343750
8.84977172
12.84321864
0.91833776
10.01908356
1.09179688
2.50044769
4.38537567
7.19262633
0.38781832
7.07242797
6.84862035
6.88966090
5.79866578
0.38354492
11.25768950
0.02917574
8.93208583
13.32979278
1.64738226
4.02823914
9.76757812
2.24173981
3.71724457
23.95995907
7.82812500
15.28495456
4.80033356
1.42329926
2.25630707
8.05033356
1.54255790
1.32918523
4.25716312
13.39648438
2.03951019
5.49161680
3.75838320
0.00962067
0.18714261
6.78707003
14.87890625
15.63281250
0.06036377
5.40926086
19.67187500
12.08658875
15.22656250
0.39628082
4.51037567
0.82845094
0.81738281
8.17255874
7.46025376
0.45678711
11.91165670
0.95357768
0.46984832
9.72399933
0.13187652
0.05511475
17.18212766
8.10245789
5.06998781
8.66446587
1.39209358
8.10937500
12.61568207
4.79642731
1.57954926
10.25256317
9.56386747
4.92106826
0.29961048
3.78515625
1.60094966
5.72168218
9.84285461
8.66393950
0.55672304
14.26525599
10.97693151
2.37349457
7.15234375
8.81160461
23.30513519
1.03169769
8.64506012
3.56496953
4.33586879
5.80423981
3.04943817
11.21272828
2.97460938
18.16702904
8.28023410
7.06063054
1.28312195
18.30645834
1.53655861
11.32645722
2.81595856
3.91691101
13.82421875
11.17045074
1.38326019
3.83789062
3.24971465
0.00165864
12.20007324
12.83939606
2.85201019
15.07275391
11.22912567
7.33882536
3.67716617
0.56693512
11.31237700
9.28918550
0.59615082
6.66752106
9.05537747
3.48462101
8.47810727
10.38738650
1.92174950
1.76086768
4.95825133
0.12756410
14.36917000
5.98629875
1.80761719
8.82169493
2.26184175
15.16556793
4.09810394
0.76509613
5.91616800
1.05469747
8.47054078
1.25781250
1.43041805
15.26932956
2.50435394
8.04630430
1.61873476
11.00532802
7.45170323
17.35502106
1.63326019
1.47806793
14.07722961
0.38541687
1.95454926
7.13403258
6.89257314
12.88585408
8.79220633
0.92089844
4.40625000
0.04146820
13.19966644
3.89213043
0.06447357
2.84854915
4.14612034
3.64558899
7.68794769
8.84464539
15.31529724
2.62394226
15.08850067
8.23884198
5.55111591
0.57421875
11.77505098
4.11423093
2.85485871
10.63281250
1.83984375
2.77677305
0.58162539
13.49702973
5.37455231
3.10156250
7.47664118
0.41642523
0.35176605
5.08630215
2.36413730
10.73347961
0.17643250
2.48828125
12.10668883
6.44608489
0.32690554
10.54703735
6.61718750
10.56774933
4.92667664
6.48591977
1.48380679
7.62064606
2.82963043
5.44620789
5.16707336
6.19270501
7.38631538
11.32377106
7.55122894
0.40490505
0.23925999
2.40625000
2.49369293
7.12801086
0.02545197
2.44095856
8.16695036
8.64510195
9.51562500
1.31290711
1.65722656
15.46439606
3.34419769
0.60888672
8.11091977
7.92814273
11.80033356
4.14107269
5.81595856
4.46830231
8.39933289
0.51464844
9.51223516
0.94239527
10.59342282
4.24544437
4.69392914
15.19726562
15.61067376
9.25382757
0.46264711
6.61718750
8.00301086
9.43558622
3.07658023
16.15625000
0.09759521
6.05680297
0.88749238
0.71191406
5.06986481
19.73042443
5.18965979
5.50480164
6.32767731
3.81534851
16.67667664
9.46602137
11.11185948
8.34541778
3.55887910
0.05300903
4.63838154
11.65263408
9.44071441
1.64453125
5.13911957
8.45312500
5.05468750
11.42406915
1.56669409
15.96484375
5.60937500
1.81986481
4.15279144
7.55814606
1.24796570
8.96427305
1.18347261
7.57421875
4.57812500
4.69531250
12.74218750
5.15625000
7.72131317
13.81168516
3.25236148
9.54882812
5.01171875
3.46048981
4.02590205
4.98235815
13.84452239
0.22969636
15.25316822
5.48812389
10.45747894
2.92142731
17.01997894
10.04341644
17.60734039
0.37662719
0.11039277
6.21537262
2.59375000
19.87951629
29.16291861
14.91406748
4.05334442
0.97843445
4.65669769
0.72998047
2.96154754
14.71764296
7.94767647
3.68075022
14.70629883
8.09541778
24.74247285
5.47265625
2.82812500
6.63671875
11.32377106
17.97236592
3.71513408
8.52998560
10.23999335
9.30668121
4.41841644
5.27298981
12.56685394
0.63570036
5.72534242
0.17472383
12.76708237
5.85421431
7.36942597
16.10066711
4.74084442
6.82991578
6.77388519
1.50024352
5.77742243
15.46760860
7.64046764
9.80379211
2.03214539
3.77298981
8.01997894
1.04492188
0.11383057
6.91393950
6.75748781
12.35156250
0.74365234
10.46097186
9.12308622
5.49016068
2.20357269
13.59236539
15.85086132
8.06910239
21.98437500
16.10066711
2.45402039
10.05033356
8.38462767
1.84238253
10.95568817
7.00524933
2.92773438
3.99584961
8.81160461
0.42277039
4.54687500
9.90573328
5.78251440
1.26464844
10.87064606
3.21545379
0.57015015
15.42549092
13.94299534
6.33854499
19.87109375
15.68454955
5.12564938
5.99544437
13.42366578
6.91861582
6.73392731
0.93697113
0.67529297
7.85758422
14.66585328
3.06835938
6.61238586
6.08649823
0.59318927
6.99173981
0.90710480
10.15356383
10.51395722
1.01216644
6.64679411
1.28545655
6.66365290
