0.11271055
17.30090425
11.46875000
7.70805305
10.09029144
1.13574219
8.11718750
0.97996002
3.90917720
1.01660405
0.58150238
9.46594083
3.61564273
8.37666778
8.29956117
0.05865479
0.84375000
0.02307129
16.54716682
2.33459442
7.43404144
13.16324828
0.57641664
18.27693540
17.94782885
11.26839982
0.27026367
1.11621094
2.56986481
7.88236481
3.47941101
8.91752106
3.71138519
2.73201352
0.65279269
0.86629211
0.36560090
5.20658356
9.14408356
3.34366883
4.34720856
2.29101562
12.19531250
0.33882660
12.50870727
2.20642121
1.32466644
0.94384766
3.25691711
1.89933289
1.62695312
1.72224104
3.20769060
17.89139739
8.68470826
24.54634613
1.45507812
0.45727539
3.28275543
0.02171845
3.66361481
12.57031250
6.04674203
8.47794991
3.95142287
2.19034851
6.76127106
5.20357269
0.50374328
2.06534851
4.80859375
3.71129655
5.21794326
14.40279144
2.14680907
0.13627199
18.46954346
7.62363698
-0.00059010
11.33299923
14.80891844
14.03327526
14.20358266
6.81648731
0.72673416
8.48002106
6.09330231
1.43741883
7.56115692
1.28165711
1.46936004
6.36763519
5.72790558
7.49609375
2.76953125
7.06106827
1.85104111
5.99051287
7.56741063
4.04000221
1.93990082
7.91137633
0.16149902
0.37622133
1.38964844
10.98396789
5.96955384
1.38782452
3.23893811
10.22265625
6.05423981
8.20702377
8.67215537
6.16521387
8.95466977
2.88899657
7.87703679
7.53906250
6.66588764
4.66131874
9.17879211
5.32076019
1.89888519
4.24129211
8.20792664
12.90657531
0.36466492
0.18903439
2.75866855
2.96138519
9.80891844
2.02506593
6.42443817
11.01874890
0.27120899
13.39037899
1.77474124
10.97382248
4.55513519
0.62988281
0.01576233
5.55468750
6.62699247
0.98921847
0.59672027
9.12154144
1.85052490
7.81640625
3.80619293
3.07076019
17.10408134
4.31779366
9.62231383
2.37820881
9.43746564
2.35156250
0.32031250
9.65189606
0.57173676
2.74129211
0.60742188
3.45792664
2.01517731
0.81978363
0.96879059
5.48406515
12.83309397
6.96439606
3.33052582
0.61433899
3.61568207
4.86718750
5.45959442
1.95410156
0.01906373
6.78035461
1.81783051
19.33760528
6.01839234
12.29988088
19.98778923
0.34896747
26.94091797
1.73437500
12.65147275
4.31727725
0.40831139
0.28227089
1.00195312
10.32803635
17.23055740
0.13232422
4.21826172
4.18379544
2.35091312
2.11372894
4.58292633
0.00049347
0.89111328
7.79809508
9.69156860
5.07434175
10.58760528
1.47827211
5.00524139
0.32796203
6.23136414
15.47166224
2.85813053
4.26395722
9.39408356
1.24849457
1.08789062
8.40921654
7.47359596
6.12109375
20.81250000
0.40706359
2.16060394
3.36177582
0.61433899
0.33146180
0.40747070
17.51842016
4.52314717
3.53749334
3.87198914
1.38867188
4.35546875
0.20145598
0.90889558
0.17456055
4.40970856
0.13240570
0.27343750
6.96951802
6.21419437
4.29903479
2.26216644
6.53906250
3.15669769
0.40018707
11.62154144
6.75301086
0.49230739
3.45743960
2.49772218
3.65669769
1.81933594
0.48046875
12.05033356
0.97302153
5.08650820
0.57080078
10.13972961
1.14977809
3.86967198
8.34784797
1.73662344
0.65092074
6.02298981
3.52014129
5.87333222
0.76420074
2.25240082
0.74365234
0.02206421
4.79296875
3.74218750
2.68163564
1.61914561
2.16845703
0.42215848
4.38472628
0.15209961
1.71289062
3.48002106
1.50044769
7.60298427
9.03958888
0.13818858
0.92948145
9.56978612
1.01090453
5.64978058
5.51607269
2.40189606
1.27095551
4.86718750
3.12516235
6.32165558
5.45959442
0.05000855
2.73242188
1.63529449
14.34785794
5.24511906
0.75394684
7.71048981
0.11100281
2.98632812
6.54943817
0.26623566
1.30468750
8.46695922
11.22200189
4.60596077
5.13281250
3.46244293
0.21187348
2.38346270
0.49969525
0.12386109
9.74564606
2.29146332
1.34370817
3.42679964
12.91406250
0.13146942
0.14038117
11.95066314
4.81880707
9.85156250
3.87296724
2.48197418
2.41060394
5.50781250
0.00849915
18.72338431
6.62478835
1.22018672
8.40152392
13.69503213
1.57898105
5.16406250
1.30867492
9.62769783
3.19726562
10.50000000
4.24218750
0.60009766
7.47912567
4.47383201
9.88516401
3.78297207
0.10401917
8.56595856
8.27254211
8.31774933
0.93554688
3.00585938
1.85449219
3.80920379
7.80130763
8.85628546
0.49658016
1.85571476
1.15722656
3.69726562
1.61718750
2.12845856
3.43501801
5.62064606
11.47192383
15.84781860
2.59794160
7.08548981
5.73518174
2.67151595
4.54687500
0.48291016
9.92968750
2.23933899
0.43497742
7.02343750
2.40429688
6.50345856
0.17801879
0.07560273
0.11059570
5.49755859
1.88281250
6.63671875
17.22599180
5.75358156
6.14127625
16.03125000
2.61718750
4.65747008
5.18237367
2.66947418
10.07377106
0.25797547
0.06646697
6.99743683
4.74609375
5.79296875
4.22220856
1.75707572
5.56343971
2.45190492
6.82006836
8.33593750
2.50976562
11.55981383
1.01033508
3.72158855
6.07637854
5.83993240
0.24239105
0.66137695
3.42871094
9.99995568
18.18672761
10.85795323
3.60525211
2.31572750
9.69799867
3.49068207
5.36575826
5.44983377
5.27132203
6.80769836
6.21138519
3.74759918
5.00870789
12.60888672
6.44205563
1.43986148
7.18448914
0.01641708
6.00195312
9.61718750
0.18684906
14.20312500
1.98099762
7.06595856
16.21479943
4.49031804
2.42663730
6.98828125
2.67187500
4.31688830
3.97864361
8.23851729
1.94056017
0.69091797
15.00463431
4.37142342
3.37189052
12.76962987
0.13066114
1.22367464
8.06542969
12.00917997
0.28920046
7.92761137
2.01395722
3.61551972
9.92533356
1.56978363
0.37182617
1.14078735
8.43929078
0.40970856
-0.00351578
0.27465820
0.84053543
1.00444259
1.62589539
9.72310394
6.69921875
2.39257812
3.45658356
4.58984375
6.37500000
4.98388547
8.11295656
0.75862672
2.01021332
14.83146055
14.45324800
4.58593750
0.67822266
8.96350067
3.10107048
0.22595620
4.43631815
24.31207126
1.82401706
4.21919769
10.52689606
1.58097351
6.29585661
4.87902925
5.47656250
3.10591644
3.69185394
16.68546321
7.91768340
13.32019323
0.90580231
2.08984375
7.08247894
9.02343750
0.21325684
0.00635147
0.99023438
3.98388672
12.98347961
4.57063719
2.14375886
9.90368683
0.00843048
2.71830231
16.76509613
1.59037262
11.58007812
6.27231550
0.13694536
8.00652816
1.77606493
0.56656641
6.63696476
6.38549867
2.01411957
1.78808594
14.17868035
14.15661652
8.26127106
15.27217310
1.95980108
13.04280142
5.03385749
0.31905246
1.89204926
24.02642169
7.51822813
1.36360843
1.21394836
13.37589539
0.06475830
2.79732269
5.35847961
0.07230652
1.88183594
13.37845856
12.55204067
6.85213320
14.58260195
24.30220746
12.94595743
5.96277260
0.34963709
9.64099401
3.06250000
8.32722961
12.38871122
0.95129488
7.67456117
0.63574219
10.53906250
0.74662262
0.59049064
0.35282815
2.20117188
2.26953125
1.25878906
9.55033356
10.87450798
0.88863503
0.25341797
6.53906250
2.54629932
0.28186627
0.03062958
8.82812500
0.26298305
0.91609555
2.97615913
12.67187500
2.39888519
10.31574690
12.92989915
0.27144379
7.37259420
3.50240580
1.10351562
9.64920989
4.51485261
1.73144531
7.29923399
8.13293550
3.46870941
6.42443817
0.48669465
3.53710938
8.84183622
2.59761691
2.60546875
3.79292692
3.23957541
5.30973515
3.46048981
5.55513519
3.83984375
0.25543597
1.88395390
3.13521332
4.02343750
8.17968750
0.10824004
2.80000886
0.68750000
1.39257812
0.00932312
10.25000000
0.29980469
0.41137695
1.31686660
3.55973515
9.60826058
3.18945312
7.99519836
12.46964539
0.10959869
0.07845062
4.14017731
0.51175934
2.86450133
1.69889406
3.88085938
9.67968750
3.84375000
6.58939606
2.80391013
1.59257424
9.63154810
3.55054022
0.07104492
3.16440784
3.19545544
6.84863032
0.00146734
11.08469635
3.89631580
4.77148936
5.02612367
5.48962433
2.45898438
8.61283356
8.80200133
0.38155183
1.05761719
6.36718750
0.14036010
7.27478058
11.40865082
10.34135403
1.78502880
8.02555297
3.46618683
7.32633422
3.45145722
0.42997223
0.04058838
3.62988032
2.29198970
2.82662455
6.33886719
7.28861481
2.14693207
3.23197418
0.03932709
0.40039062
8.00681849
0.54742131
0.87056488
7.94599810
18.77725199
4.85682180
3.44966644
12.66035794
3.07792331
10.02510528
6.70536347
5.58593750
12.66906583
3.70743960
0.11583403
6.04174867
5.25345856
2.31880707
6.48783356
0.05757660
10.34887633
16.78881649
2.42676030
16.83646388
1.77051030
2.81445312
1.46919769
12.87500000
11.78189938
14.26574800
1.59102449
15.53084289
3.70747894
1.26704926
9.89343737
6.22548981
2.09612643
12.46529144
17.45170074
5.01953125
1.05171473
2.21191655
1.33548981
1.29101562
1.16255707
14.55033356
4.74039672
0.32401582
7.48388672
4.80411306
1.95915170
6.99308289
9.06595856
3.53417221
6.59473404
3.01997894
2.16210938
3.79492188
3.80680297
7.70490964
0.82820648
1.00781250
5.00390625
0.49707031
3.24564606
1.71828217
2.82181793
1.00240082
1.52201324
1.72477172
11.80212433
5.91662567
1.52277379
0.37033383
0.74471008
3.82902039
9.25000000
7.33760528
0.68241426
4.77912456
4.71207952
2.12931959
7.73917664
15.64737976
14.31347656
1.18855774
12.51262397
4.48275155
5.02075133
12.61551972
0.89457184
0.15140809
12.36063629
5.41425422
6.70504875
3.93343140
2.26997894
1.90234375
4.26562500
0.03878784
1.80963840
0.83464871
7.78558401
0.90972849
1.17646872
8.71322030
4.46919769
12.08572585
2.13257646
0.00923676
15.51656557
3.89238142
15.38281250
13.89713376
1.74987949
2.42142731
4.98527039
3.62019836
16.68291748
18.91556793
19.32688680
1.26127604
2.00976562
8.06250000
0.05865479
5.65743649
0.44642204
9.70372435
1.37609957
3.22025543
4.71484375
8.47310394
16.62064606
0.04768891
13.80814606
1.54101562
14.52779144
11.13191711
0.12491883
14.06862479
9.83786935
0.06555176
0.52013641
1.63366699
1.25789367
5.32556183
4.77254211
5.13012633
3.32149324
5.52388519
5.45703125
5.64843750
0.01609802
5.78708944
2.68662455
12.67895352
14.15844664
1.49031804
3.25781250
10.33593750
4.21606383
6.24833222
2.73331726
3.03710938
8.55289672
0.28328492
1.26757812
14.93526028
18.37345274
2.08195257
10.36718750
3.90865082
0.71830231
7.17297208
20.65530032
8.22942597
3.64392121
6.75541168
5.69576019
12.48693817
11.84285461
2.83186890
13.71785461
0.83825715
1.93338957
0.06075105
0.78466797
3.56054688
4.15970856
4.07466644
15.19709331
9.37712544
0.14575195
10.59375000
1.04785156
16.50887024
10.65701833
6.48183177
3.54252106
11.85680872
33.66329011
7.47981937
6.61116578
12.24263519
1.55078125
13.20133422
7.65461658
0.06885389
49.03816711
4.23347961
3.25524933
8.97896332
1.94238281
1.02252197
10.76037567
3.83142121
14.52961658
1.61296154
13.23046875
4.86975067
22.72020143
10.54770168
0.29187541
14.74564606
7.09419769
14.39062500
2.79447418
2.04492188
21.80200133
11.60078513
2.53666666
1.89636137
3.88810118
8.21899601
6.41495789
4.09277344
8.44877106
3.25195312
6.18750000
19.85946557
2.84574745
11.27921321
4.46044050
3.50058067
3.39843750
11.69115837
3.75395057
25.39887523
2.34766622
11.34716797
4.23437500
3.47070312
2.70133422
2.63806183
3.96138519
3.55619293
6.60515848
4.01068594
0.35115601
1.12109375
8.85847961
3.92960633
3.88867188
18.17207669
11.47932735
11.79474956
16.32463458
7.74385528
2.32133089
16.42879211
13.55122894
8.67484154
3.30607491
3.38267454
2.16179964
1.73144531
11.65819814
6.50195811
17.81583555
8.42712433
7.64766511
3.90279144
0.18029785
12.18570922
1.08943290
1.66093362
3.78951019
5.72656250
0.40747070
4.42105642
9.83655252
15.33800865
17.84106632
1.67781804
4.32421875
5.80244903
5.92264739
6.97021609
0.00807190
2.36701737
4.35832225
4.95704576
2.83724124
8.17533356
8.00435394
1.07324219
3.49609375
0.75439453
0.22131348
2.44921875
8.06250000
10.91406250
0.44873047
6.69441711
3.17097961
2.08007812
11.86901887
1.01411957
0.95756012
8.90473959
2.66602061
3.73046875
15.78906250
0.36279297
0.17081695
4.21475759
13.66512522
0.57429992
1.78356965
6.80078125
5.51517731
21.31160461
10.07287567
2.59838929
0.80957031
14.21129912
13.58253324
1.27281803
3.39213043
6.08443207
9.96280198
1.76961990
3.87483018
9.77242721
2.90429688
1.70576934
7.35916335
4.47991099
3.84285461
17.83683289
2.79536957
8.09439938
5.35091312
5.90660655
2.63103169
9.71681368
3.09696753
14.76809952
6.36078680
3.62501994
3.14798981
15.38435727
6.38940492
5.39856050
2.18261594
11.23539339
4.19185394
5.12908800
6.29278700
0.76383422
1.18322785
8.80859375
0.49312348
8.73945950
3.88328957
2.33046940
15.48437500
0.31689453
5.00000000
17.79252106
11.51562500
1.52290863
0.14013672
1.51726962
4.64804410
1.51708984
22.94176530
2.55237533
9.82543883
8.69799867
3.19714262
2.34733156
6.25483084
7.61213985
7.63004765
0.82539824
0.70878144
3.46919769
5.53470856
0.88435602
0.12683386
14.13365360
15.52293800
0.51190602
9.97310394
2.73197418
0.50239895
2.09399601
11.55370346
8.80567154
7.49039672
1.62740082
0.55700715
3.38671875
1.86673981
6.68180297
0.03159639
1.10156250
5.75841880
6.67814522
12.08467310
21.38953139
3.08203125
1.72123199
4.02681488
1.78373199
4.24800629
1.94042969
4.92142731
14.98095080
23.08936170
6.63378408
8.58549479
3.43399712
6.03174202
0.03167725
0.60795074
4.89400238
1.57519531
0.07245880
0.81490082
5.96875000
13.51127106
0.39290344
6.58911071
3.51920656
14.92968750
11.65279144
1.58203125
1.12597656
4.47082115
1.71854582
2.98889627
1.86230469
0.05385315
1.56306447
1.40072030
15.90140404
15.82479194
9.03213890
0.78943401
4.69531250
14.52826353
10.75431368
6.19323762
10.07433179
3.79676196
5.21138519
9.11328125
10.85986328
12.80468750
1.03190063
9.18929078
0.74966939
3.15116675
7.95426640
10.09785794
3.59505374
9.53909686
4.69461381
2.88152371
1.45507812
8.22048649
1.58855496
2.29223633
1.32714844
3.42968750
8.85579344
5.27311281
1.51171875
4.53515625
0.59879516
32.93263795
12.98347961
1.87988281
13.55904144
6.12109375
9.45747894
1.20996094
13.72823028
7.16881982
4.24299424
2.89075797
11.30122894
1.85937500
8.00211547
18.21723959
3.54626994
0.16723633
5.67952017
0.11735483
2.23437500
5.24934813
5.17110261
3.02539062
3.06250000
10.69315271
1.45581366
1.13468445
9.16833403
3.37219332
7.78125000
2.06445312
0.65429688
6.77794881
6.28800975
2.72701019
8.89318817
0.65673828
13.91336880
2.52824901
9.78072362
5.38281250
4.19185394
8.01171875
10.46875000
0.33304840
9.56034021
0.34888007
7.68750000
0.34440125
4.70605469
2.58398438
0.01018524
5.75000000
0.54345703
8.91459137
5.69966644
0.19217926
6.04093196
5.15002659
9.98437500
12.34530486
4.82812500
2.72851562
7.76976729
5.56449247
13.58370899
0.20922789
1.59155336
2.77942896
9.75120014
3.93194591
15.22696587
19.50350288
8.65224987
7.70402039
4.66047845
1.72998812
10.12345523
0.94335938
9.82173676
8.11283356
6.65669769
4.10156250
0.80514879
0.27527510
6.27779144
2.70117188
5.04296875
3.51488946
3.37821753
12.30444149
7.25801419
9.31762633
1.79374612
6.53906250
5.10412567
7.19319703
13.65714902
5.62255984
0.55078063
5.19319703
16.79777039
2.73828125
10.41906583
13.20222961
7.08573581
0.46533203
3.83007812
0.12760375
0.01488282
0.11895752
4.76683511
2.20386801
4.87455231
4.59908051
5.92445363
5.77584330
2.60445160
8.78641505
7.61568456
12.29687500
5.70735594
2.38679494
4.66857358
3.32421875
17.60502106
3.58443207
14.48994903
7.87332226
4.16211934
6.15535461
2.14859735
13.63407690
0.57210141
4.39343417
5.40852782
4.11686281
5.62052305
3.21976839
1.59037262
11.84977172
1.90360566
0.15966797
5.28804411
1.43754183
5.19417110
2.67903812
6.26216644
10.91149933
5.29329344
0.69156984
6.77937057
2.47725620
0.14673412
5.62935394
5.63671875
8.86193817
2.76110871
0.19604492
1.13338195
13.45235199
24.51550812
6.22025543
14.89168274
7.91748047
9.96618683
2.11914062
8.10072585
17.17510748
19.40582171
13.73870872
12.64241578
8.05122894
2.13326019
10.50797485
2.81108719
3.82059785
2.80859375
9.77734375
8.09362700
13.53796480
11.77996826
0.81787109
3.84676086
1.08878601
1.08593750
5.51472961
10.38236481
6.91540558
0.99462891
3.53995969
3.79218195
10.71093750
2.20764160
5.07171631
11.82018950
1.54655031
0.69453700
6.38281499
6.31933594
5.15189606
5.14497894
15.46727394
25.32178856
8.10310478
6.52047096
7.37845856
2.80333694
2.11064439
6.57108489
4.28829011
15.07323325
4.87890625
9.21875000
4.60188719
0.92057375
1.22851562
5.73783356
2.22896332
14.81314938
17.73937334
2.73263353
2.64453125
11.12666778
6.94721632
5.19564716
1.77929688
2.63085938
0.79931641
4.64408356
2.96333832
0.30497223
13.41060394
6.73604278
3.64259940
4.88629099
0.80078125
4.01232879
0.04457642
18.75768950
1.15099817
7.81811835
3.40373292
13.33593750
5.03906250
5.86466461
6.01374557
0.49699662
2.70312500
16.33939606
9.62589539
0.00351906
10.93750000
0.21238189
8.89062500
3.81311004
2.17757203
0.97277676
3.00671542
1.57812500
16.12808954
0.70784796
1.03613281
7.82632924
11.37032136
18.45056277
5.39758643
2.23197418
5.84337102
7.38998684
9.90625000
11.34711991
15.17485275
5.10843902
3.14107269
5.00736481
9.79150266
3.35107546
2.27974457
5.84267731
5.48731715
0.82234929
2.38357025
10.90665337
1.88062255
4.71247750
4.64453125
1.89355469
6.27734375
2.06298828
6.69441711
5.91841644
1.13228363
7.49376663
0.24796321
3.24031804
6.03470856
7.39843750
20.80927749
7.06617021
1.59525543
13.72896332
3.73002106
2.67309508
7.71362367
7.00435394
12.11629211
0.44132508
6.60546875
7.06074607
2.72961768
1.53446504
4.01696808
14.11962766
16.04984652
5.50826019
0.04507446
4.97220856
13.36681849
22.21891235
0.82397772
4.24654144
7.05468750
3.97505707
16.93867576
3.65898049
6.09765625
16.23783356
14.97359223
0.62748199
8.13085439
0.76217143
0.97363281
10.80006772
17.94409242
3.30737367
3.03812684
5.96875000
18.74820922
0.44661500
3.89310699
3.71724457
2.87031533
10.73859152
9.07120789
5.85502106
0.27925629
23.40628436
0.40621564
0.92089844
9.89248449
2.04892176
5.70253436
3.15684064
8.54687500
8.21606383
7.82800200
1.80163730
2.89888146
3.44686225
6.96484375
0.24358944
6.83093417
1.79378297
4.66965818
5.56250000
3.27644836
3.75284851
0.20141602
2.63856816
2.01757812
3.91015625
8.61230469
9.92968750
5.24129211
8.63777649
10.45338990
11.19921875
3.42142731
2.73286957
4.21093750
3.92303467
1.42728668
1.52148438
8.85156250
7.39497894
6.64363586
5.56294769
4.30635528
8.17663356
12.73551702
3.25646942
14.91292110
16.24511968
7.97521942
4.70056183
6.23783356
6.75674978
28.10910353
7.83336544
20.98345967
9.00944592
2.38600066
1.70064301
19.86995235
9.14868351
4.33548981
6.95792664
3.69185394
3.32812500
15.38590204
14.90901983
3.97806793
0.23262543
4.67578125
8.47823028
1.49182098
2.25223847
1.20499695
17.18078582
1.23128297
2.24023438
4.01562500
0.00566483
8.01240249
13.05400376
0.67037638
0.23385112
11.73769061
6.43551750
2.14124501
12.51472961
2.72851562
2.56880707
7.61453569
3.09099013
6.76953125
0.11055449
0.27860566
5.68359375
3.14453125
3.13281250
3.02615055
4.17013851
2.30004821
5.80301972
12.58625222
2.34974235
12.18750000
2.39408356
4.85546875
1.91796875
1.79732269
2.96484375
1.90002036
10.33374335
2.15218140
16.97875665
1.89627771
4.44271498
3.90865082
12.38716644
3.29642731
10.26562500
0.06197113
6.65970856
4.23872894
2.69878006
0.27425517
3.62597905
1.57617188
7.72656250
0.07148193
1.77620484
0.52982574
4.39473294
0.39184757
11.52538564
0.90873698
0.03526825
5.34497008
1.54311894
1.85177914
12.02844083
0.86120761
1.68066406
8.40625000
18.57706103
7.39661236
10.77254211
4.98571808
4.31205231
7.87154144
11.00691711
12.55159272
0.03292847
0.96142578
2.39603668
0.10662842
2.89107269
11.68827239
1.44502840
5.44140625
0.08484862
0.87833680
4.80859375
5.65279144
0.32466644
2.58398438
2.34525543
3.43404144
8.94636525
5.61384821
10.55746232
0.48364258
5.27298981
2.47851562
0.03468842
1.77832031
0.00262260
0.54052734
10.78125000
10.65970856
1.54980469
1.69478363
6.76127106
0.73811766
1.86783937
4.88716644
5.39876219
8.03393617
11.18419881
2.15609264
9.70406098
1.29500305
0.07853211
2.37327295
20.03602725
7.86128878
1.45222961
6.24353058
4.97684536
16.24971714
6.17040891
2.42964816
4.87585107
3.29903479
10.22220856
3.99353058
8.97810727
3.77579898
2.42187500
5.97753657
5.55761968
20.86888963
12.02930186
1.72622659
2.43954676
1.00976562
4.70840371
3.43417442
10.63858821
4.87967864
7.29378546
15.84541778
7.01786347
1.43599457
0.00362206
0.02873230
0.03298950
6.65926086
9.43058289
9.85937500
5.63333888
11.78580563
7.56478280
11.25781250
14.22066254
9.29687500
9.33939606
1.56783051
16.95312500
8.43750000
0.63207946
4.33036347
7.11283356
4.76285018
8.93335771
1.13183594
11.05114030
2.32145888
13.81387744
8.88676557
5.53470856
0.20918793
0.54223993
10.07617686
0.75390625
8.11718750
0.83247645
2.04450604
4.00192375
0.66845703
0.20536285
2.97762024
1.82120789
8.17622894
0.73978668
1.45943207
2.10156250
0.90189606
1.42089844
1.13268950
3.62947695
6.73437500
3.00736481
5.10201019
0.02740479
8.60156250
1.62463099
4.06677526
13.04137039
0.95531915
4.62235815
1.57759613
9.96182251
4.79670767
6.11344858
5.06062805
3.52779144
2.07332336
3.02282746
12.78716003
0.04564423
0.78137176
1.78507508
2.69034851
5.38476562
4.83593750
7.67187500
11.15535461
2.12447113
2.80423981
5.90714539
0.18680816
5.06294769
3.79012024
0.07352723
17.44441711
3.85831726
5.91271942
1.21521027
4.63972961
3.29191101
5.43939209
1.85164243
14.93326968
9.84285461
5.13326019
2.93990082
1.92435699
0.58227477
6.97098847
5.62980164
7.20312500
2.12064606
17.53560394
0.04342651
4.00781250
2.64453125
2.68347075
1.42252687
5.99654144
6.41292110
5.25895390
1.05912262
2.67625333
3.75388186
5.22656250
1.90722656
0.00324059
1.01831024
16.60640348
0.17496890
2.86718750
0.39416348
4.20849734
1.30362976
9.57198028
1.06962129
0.77535004
7.38236481
3.54732269
0.04403687
3.48046875
5.15873199
6.03470856
9.45800532
2.08602116
3.89379821
5.09733156
5.14933289
1.48640930
4.46529144
4.67968750
1.40287262
4.63761414
3.05664062
3.69715579
5.60268948
1.91601562
0.15834471
1.30578707
1.55014007
3.87784851
12.44531250
5.15887523
0.26196414
1.91743988
3.29207336
12.09118683
0.02809143
0.08593719
6.71228058
0.02628570
1.54439301
0.17289215
0.01982117
2.29146332
1.64561773
3.49333887
4.12154144
0.31127930
2.32181793
1.63867188
3.38326019
2.10156250
4.29690686
3.70992907
6.25736481
5.16986758
2.49419492
11.89062500
1.15962738
6.68961547
1.78890015
6.63671875
1.09143035
10.52498227
6.19901706
12.72220856
0.03447479
0.91210938
6.55541556
0.75806100
13.54380905
0.11503113
1.49609375
12.44244873
0.11881531
4.54252106
0.77180408
1.73014904
9.44185394
3.11742728
21.26326352
2.10274822
5.20312500
0.57076019
3.31054688
11.71289062
7.29642731
1.67525238
2.08593750
5.14062500
15.03906250
5.08007812
0.07175689
1.85013824
2.92862976
0.57177734
2.28861481
0.00964874
14.26244930
11.58874667
12.69000275
4.26428192
1.34789977
1.64668855
2.08878601
13.41869681
5.15898049
4.11238586
1.42277039
8.29252106
3.43013519
8.70312500
7.30621233
5.50628767
3.28755707
0.36950528
3.19812167
8.77343750
3.21439606
2.41451019
8.54150581
0.79687500
0.09509246
0.08990510
5.19095856
0.62056488
2.77090371
5.59921348
4.10156250
0.10465453
0.05055787
9.86718750
14.43366511
9.49935062
0.45971742
2.45328735
7.34195922
10.06030087
8.21106050
2.30298038
19.36014739
10.68147828
10.91841644
3.17862976
1.09863281
10.96736259
5.19669991
1.01562500
15.91409686
17.64310948
5.43709663
10.23181183
0.29659027
6.54899047
3.21728391
4.40169437
0.79296875
14.64062375
7.14510195
12.78214539
0.98107630
7.21521276
8.07812500
4.12396240
7.33158356
5.46691895
19.51781915
4.58809729
12.05078125
4.84765625
0.32641602
6.14120483
7.42578125
4.15020752
11.20703125
3.53906250
15.23783356
8.31685394
2.11584317
16.61429964
0.51741578
3.65608516
6.99288120
3.80122894
1.57279449
6.88716644
3.29357879
9.54341644
11.07377106
4.28906250
0.43464962
0.12675206
0.59244750
2.01936890
0.58593750
34.85879454
18.65940825
14.23292636
7.62878325
5.85875998
6.52629100
0.83215301
4.65368683
11.40368683
2.34077474
10.62207530
5.81986481
1.98091644
20.03906494
4.28088099
10.14099401
4.89888519
1.13867188
2.76713043
2.00826019
2.32421875
12.57917775
4.23934397
7.46228058
1.41491606
6.59822695
0.20715332
0.14066559
1.85786957
0.50931793
0.19276854
1.20715425
7.97611481
1.64790863
14.17533356
0.75154352
0.16662878
13.68080896
6.13950354
22.48383741
4.26541833
4.05202552
20.62682514
13.80977947
4.88761414
7.20389739
0.85567293
15.21516844
2.40176557
2.54769669
14.09804416
11.36283356
20.71476258
11.78125000
0.03598022
3.80468750
2.79862457
5.22310394
1.27315215
1.57938691
15.67262268
2.42919922
8.90189606
1.85449219
7.47762967
6.95641178
2.72460938
6.79687500
6.37015528
19.36666112
0.53560114
6.52201573
2.22521942
1.71167054
6.78515625
1.86539672
0.33772828
1.74121094
2.87271720
1.76115303
6.96964539
0.28442383
5.13590453
6.75915558
8.84375000
8.67622894
1.54394531
6.35851397
9.60588209
1.10835785
0.43579102
11.57812500
1.40527344
17.52254211
13.88714469
0.18829232
1.72701019
0.79736328
11.28202239
5.84491579
10.14259308
8.82377106
3.10501607
4.39213541
4.46529144
14.55904144
2.94726562
7.54732269
0.09596190
0.10522523
12.13627106
11.70161957
9.90970856
1.98726410
2.57002715
3.00179078
7.55033356
14.20902372
12.97953153
10.22212987
6.73469969
0.92350343
3.54809508
4.56563386
4.67622894
4.59375000
4.40657469
3.25207613
12.46952239
2.09252992
1.74958666
5.40051861
6.89331117
2.82812500
2.02929688
10.47912567
1.85278258
2.97473238
4.30631095
0.52034921
5.36653189
2.83716256
7.58459442
8.77176972
3.17187500
6.34753325
3.10168550
2.89431960
2.07638353
1.66699219
9.33068817
7.18058289
3.01997894
21.09895750
10.59122119
21.04891179
5.80343057
7.14139489
6.73262854
2.25195312
7.84419769
1.30078125
16.19609028
18.67953014
1.28853363
0.56347656
1.76232131
7.10734818
3.17053192
5.74397828
0.04632568
8.74910461
13.57096188
1.85978335
8.84439938
1.97399933
13.70418460
0.80611176
0.87988281
8.32287567
4.67879211
0.29716035
6.84330231
1.88521332
13.89664672
5.91166104
9.25435394
0.01608795
7.24100494
19.30184937
1.78063965
12.54585661
8.80570589
5.00000000
1.00390625
2.44657192
1.77901402
0.00662994
12.65755156
9.96454167
12.03808781
2.49955231
10.07198028
9.10424867
5.55423981
1.59940520
3.15547761
4.11328125
13.48872894
4.43164062
1.72859680
4.68013519
3.49776153
10.02087433
3.28605164
7.85591644
1.53816711
1.05533875
8.46439606
2.20552582
13.02689606
1.74263519
1.31445312
11.20043883
2.17260804
13.05392953
1.08474234
12.75000000
1.22420133
4.51619570
9.09029144
1.02135888
12.43184729
4.48392731
5.39542664
4.25435394
8.19877106
3.83573083
0.03727546
10.03906250
13.40075466
10.39957890
0.10707611
9.05932181
5.28296210
7.15771609
5.43257536
0.58427035
2.38342254
8.78995789
0.18086762
2.16601562
17.21952239
6.60860261
1.70996094
6.62064606
2.55146748
16.54122229
21.57733268
5.33876661
3.33638519
0.35095215
0.87060547
10.68802638
2.01705175
13.19877106
4.09964872
5.51948237
3.73437500
5.52193207
5.85502106
11.71952239
1.94303468
9.05814606
2.92427582
20.17744903
5.50894393
16.56417650
7.48802704
17.91874114
9.42545656
2.98748170
4.64123192
6.62882342
1.54235871
0.28722989
5.78125000
0.49548496
3.46101867
4.89692958
3.62300753
6.36474734
6.74955231
1.39825439
2.89709442
7.32210328
2.25781250
0.00724792
1.08886470
4.83618351
7.22489472
12.66335883
5.86052637
6.03125000
3.53822461
2.64455119
4.37337655
2.01562500
0.05639648
1.21244293
1.37830109
9.59863281
2.44823720
8.16992686
7.75000000
3.48828125
0.44242340
0.89693207
0.79541016
1.29882812
4.20601286
3.57523714
22.15396720
7.74703346
0.14685090
3.86334996
1.82610316
0.75004059
6.84631317
4.31774933
13.29687500
1.18216949
0.15555848
9.58939606
4.92959885
1.22709884
0.46634918
2.28603918
7.98597406
5.93404144
9.55216368
5.83695589
0.55615234
4.73994903
3.68253601
1.34375000
2.56224717
0.13643402
1.59472656
0.46594238
0.33837891
4.59657858
1.74387521
2.48783356
1.64294465
4.81685394
4.80244903
3.92801972
5.93534021
5.25606604
4.13281250
10.25272053
15.96263963
8.09713984
0.63138824
5.18013519
4.45437944
0.19308150
2.11759087
3.96288813
3.09973736
3.34375000
7.00000000
0.84810394
19.06123560
3.02079565
5.31640625
0.71512598
12.64266179
10.45564683
4.92533356
13.60480940
0.65397966
15.93904477
10.91544742
4.10937500
1.03710938
7.19576019
4.11718750
1.02689606
9.80498228
5.73355135
1.05521637
4.50435394
10.94877106
5.25044769
13.91137633
11.19518950
1.04577792
8.83593750
3.49609375
6.14558400
2.36018673
11.98242686
14.48641179
0.89257812
12.37731716
0.81799534
9.32946777
20.09166889
2.48254986
3.73543274
3.78409851
11.01479832
4.17135859
1.25817902
5.15535461
1.49686614
6.62902925
1.49804688
1.62190672
5.70100953
7.46663453
12.56997784
2.13900653
1.05814606
2.04805512
3.29447418
3.78365082
1.44351424
1.36516068
10.43058289
8.50000000
3.99837157
1.78190187
14.48033578
3.73483266
0.06010011
10.73460107
0.82940436
8.87227994
2.20788730
4.89062500
9.44095856
1.45996094
6.39497894
11.36335993
3.77982823
1.39168274
13.07210328
2.28755707
7.51171875
0.71484375
0.00310898
1.68945312
5.83576020
0.74191710
2.91531561
7.62847849
2.66556793
1.65376801
11.02689606
2.08443207
1.20857602
2.23868960
12.95312500
2.96679688
1.08780384
4.01937389
0.91308594
11.64408356
1.79732269
4.14453125
3.56915615
4.46404698
0.61621094
4.71618652
12.54095459
17.63993130
7.46899601
9.92968750
3.02982512
13.85079011
15.24226867
3.39978058
2.16193962
0.17515514
9.04943817
7.13985261
0.03591919
3.22656250
8.09679522
2.80457197
2.94832336
7.02823914
0.41133512
2.07869570
17.22721188
8.82572418
8.05493351
3.56640625
2.18945312
1.47949219
2.46875000
8.57062722
6.45671653
2.85742188
0.24562405
0.01530124
5.69201660
2.19868739
3.78170125
0.32295427
7.53975620
6.89062500
7.16406250
0.01753235
9.26127106
1.27681488
15.65409021
2.39473792
0.29736328
3.25691711
0.52880859
8.25089539
3.45499446
9.08016179
6.65161558
1.74381593
1.32812500
18.70825133
13.08947349
6.98108377
6.11092186
2.74987789
8.17417774
1.97102782
2.39074800
3.00976562
7.31640625
1.83007812
8.07812500
0.01148224
0.00822449
0.03321563
0.78898133
3.66015625
4.74218750
3.13045102
4.86173648
1.05371094
1.82340453
4.44319703
6.08158356
1.11759336
1.04496371
6.48046875
1.77246094
8.52493795
12.98242686
14.21260528
3.53979554
1.42968750
8.26037567
12.48783356
5.66540558
0.78902191
0.14908844
11.65100067
7.26375056
5.43563054
6.53560394
7.50179078
14.92517121
3.81729666
0.43758616
0.53662109
15.88328458
5.43377105
2.14974124
12.69441711
3.10441101
4.90039062
14.13398949
19.78132423
8.23437500
0.98632812
1.26810699
17.84504876
1.63476313
8.64225842
2.73286957
6.64597564
10.08455414
5.42923981
10.28291778
6.31909242
4.82929577
3.65703235
8.91845375
17.27257647
7.48183851
9.02521831
3.24431294
14.18269836
6.73917664
0.01545715
0.66552734
3.07617188
6.14453125
6.83593750
2.28367209
2.51641732
3.60937500
0.25000000
0.06184906
0.15332031
3.09626530
1.32522273
7.46618683
8.95410156
2.67308885
2.51827681
4.73803711
13.00781250
4.57092285
5.40359819
1.61397994
1.44433594
1.78320312
2.91975018
0.74388963
15.13355053
7.89164339
2.55513519
11.79329344
0.74580965
1.43599457
10.82405142
9.45015846
9.30977449
4.87890625
3.62100012
0.64710688
1.12251801
3.34375000
1.21361931
2.78369514
5.03125000
12.07287567
2.55212433
2.85082946
5.13159242
18.59375000
0.99023438
1.53125000
8.32031250
0.17810059
2.79882812
9.92700133
0.36596742
2.13321180
0.48047000
7.68048096
2.46830231
11.74218750
1.69771332
0.24121094
1.03425837
3.74992132
6.90811946
1.12028202
1.08390320
1.34086227
9.14843750
2.31835938
5.25781250
0.03802490
4.91800311
0.02828596
1.82582782
7.42770500
3.15039062
7.26818817
5.31384308
6.68359375
0.09668913
0.70577058
0.46175109
15.70402039
1.24414062
9.01649048
6.55772827
0.25756836
2.51757812
0.02890015
6.51562500
1.17396691
2.24613807
12.36629211
4.88793883
7.30782136
8.03560394
7.90625000
11.25811207
5.93388408
7.99564606
5.16023493
11.25036901
3.34224457
0.01416779
14.33398438
7.47220856
0.92281098
1.61621094
10.25000000
3.15401153
1.25614472
0.07152770
1.76936890
1.49890137
13.71439606
10.72733489
0.35787019
2.06880707
9.81058622
6.41207003
0.84814453
6.01953125
5.17419216
0.06164769
6.30468750
7.44486481
7.99824358
3.82251662
4.44095856
1.88760542
7.22946001
4.28951019
16.26562500
2.61283356
1.44518950
5.45324800
10.86718750
2.04341644
1.05175781
7.59765625
0.70536223
1.98120179
9.05098294
4.70682956
9.46529144
12.53125000
2.95507812
5.65580231
2.81490082
6.75984399
2.74495733
3.63720080
0.91305158
1.19140625
10.87845856
2.54219138
0.09204538
2.23242188
5.62853287
6.58948470
1.62988281
0.23681641
1.75443512
9.59375000
5.95133422
6.55301972
0.60514821
10.97461436
0.81876648
9.19441711
11.08593750
0.38549742
0.80143312
6.76204344
6.34135011
10.15232330
4.89497894
3.07783965
15.21272828
0.75093598
4.60937500
3.07287068
1.22115580
4.12198914
4.08984375
1.88476562
0.00477219
0.36254883
0.02038818
3.10591644
6.88671875
4.59850856
14.20340853
5.83170656
9.57466644
2.84326172
2.79296875
1.18164062
5.77404256
4.62830119
4.10457336
1.10644531
5.44230164
0.40649414
0.66414367
0.47257508
0.19104004
2.77237353
11.68033688
2.85148880
3.13822418
8.41573028
8.24833222
10.40742576
11.87382424
1.59615082
0.90824371
13.72310394
1.09765625
13.39607353
2.39982491
10.23783356
0.46109860
4.04231937
7.62455231
12.69429411
11.21285128
0.07999664
0.00571198
1.67968750
1.43750000
5.76082336
1.34293298
3.49133643
14.08706893
4.17074357
0.56957946
3.10815492
3.98982602
7.98283023
4.82812500
6.04296875
5.36494903
0.66194703
1.02095551
12.40625000
7.55078125
0.91703277
10.97582001
6.14122772
6.04642731
2.74641844
9.45910738
7.84375000
0.02357483
4.78946899
3.74827793
0.89999722
10.50917997
2.75253878
8.11425532
2.05912262
3.90572362
2.27449524
2.27823914
3.31054688
8.10156250
0.12042205
1.07263215
10.86734985
5.69710328
1.64453125
5.19921875
1.70019531
4.77542000
49.66012688
4.40234375
2.92578125
5.64709442
14.22015181
6.92195368
2.69327571
4.70174756
1.44238281
6.14664672
1.27380402
3.14184010
18.14481162
2.62862983
19.72790060
13.30830342
7.71513658
3.77950354
6.89664672
11.79890525
2.91903147
4.39453125
3.08353668
3.85127715
2.39632203
1.15909851
10.36718750
1.64871911
6.45516241
7.25134308
7.77197141
7.64863919
5.77816046
1.58789062
11.66056274
12.91756040
2.73116245
7.65791778
12.52792665
2.15234375
2.33219360
7.81439145
1.56685394
13.24653488
4.26721036
4.69722628
6.01249114
1.22127382
0.55224609
9.93916778
23.35380097
10.03470856
3.79536957
16.52102599
0.42875215
1.36653563
7.12723847
0.76692750
7.81945645
8.31498324
3.85831726
11.88716644
1.66255707
0.41455078
2.87002355
0.50062250
8.89836608
5.52868683
0.58544922
9.44932006
6.93733734
2.69860871
9.31148161
4.43807070
11.70454926
2.97070312
5.32767731
41.04012024
3.62963867
5.22399933
9.53202239
4.06640625
18.53063996
2.90860899
12.67700133
8.46459048
2.25358156
7.06730164
2.15820312
2.78666168
5.86059508
5.06192930
0.57255222
3.37500000
15.10619681
4.33027483
1.10845024
0.85888672
11.44531250
15.53876521
5.64176640
2.04191101
10.41267509
2.15197972
3.33376026
2.38576462
2.00781250
20.73343902
8.24568664
2.50134308
8.20121122
11.42724734
3.70552582
4.38191711
19.82812500
3.90519226
10.94852505
4.46293246
6.53784242
1.12544769
8.78613032
18.13037234
2.81441378
10.12064606
1.33833832
11.72477172
11.52478058
2.31880707
16.77103170
5.61178080
0.83740234
8.61195171
3.31507313
0.65869141
6.67344416
10.64966755
11.94898271
4.70747894
4.60591644
4.43314606
2.90323914
16.91906707
8.20043883
1.05676363
0.74462891
4.82031250
5.63777399
6.01037567
6.78642065
15.02343750
2.49023438
7.93164062
6.68631459
3.11658244
2.65478391
8.86128878
15.20532971
1.27677554
5.61673981
3.74129211
0.58483918
7.32816559
1.11319759
2.57670323
4.72656250
4.23445368
9.71785461
4.52266511
14.03584995
12.32006649
3.42452183
7.61328125
3.26216644
9.81558954
1.87494633
3.28155030
7.98962433
7.74218750
6.25435394
9.71408578
3.29763297
6.65783691
19.48881012
7.43404144
2.92187500
4.16015625
5.37890625
17.33984375
1.36051391
14.44710328
17.05957031
3.38387024
7.95011414
17.89107145
1.43256912
3.52499224
14.47041778
9.87288453
2.63130707
8.87322426
10.61474734
12.60982269
9.53470856
0.70454926
5.22765958
14.90359819
6.75155474
0.33691406
14.41361481
10.93003658
3.98447362
1.77050781
12.51367188
11.63560216
10.10587586
2.43404144
9.78336485
5.03182070
0.60742188
7.40926086
3.57572418
1.84802277
3.05725067
18.48254434
12.05596205
15.40238434
0.32926453
0.56884766
17.16825348
2.04882812
3.83833832
7.63434730
2.33244957
8.19079372
2.32776097
11.82482381
7.37221019
3.55753601
3.18359375
8.21350067
8.12538997
1.62150709
6.22265625
4.80423981
12.12970302
6.93971409
6.25915558
11.57377106
4.82924408
1.80619293
7.34305630
1.43948997
1.16081311
8.39408356
1.40669769
4.76659907
17.45747894
2.15381109
0.97070312
6.15234375
13.92879211
3.62202910
4.43920961
2.75826019
6.12500000
8.52254211
3.99369293
4.95109028
1.43112422
2.06054688
8.36278923
1.84228889
2.37597656
3.41210938
1.02734375
15.15631871
2.02706837
2.05098792
10.72119016
2.81005984
3.73046875
4.60892731
10.30664062
8.16841644
0.82568359
26.46113919
7.25506207
5.21950797
14.55468750
0.28682465
6.41406250
12.37634308
28.26724845
17.11095527
6.00268617
0.64261871
2.80635528
6.76216644
19.85323028
11.82527150
12.56453679
2.46037178
7.57421875
4.18705231
1.63716644
16.79443359
0.85791016
0.11859131
5.99026489
0.51025391
0.13724762
11.46626801
0.72119141
0.24096680
6.24072266
3.61238586
1.20792664
0.41141754
11.86358600
20.37727886
4.76306183
0.66552734
2.35644157
12.27392952
11.89843750
7.55859375
13.06250000
9.26171875
11.77689606
0.77193207
0.96630859
12.87876861
6.13602505
0.62068913
11.92533356
15.55379211
13.35345635
3.91697029
2.77974457
12.01818817
10.09029144
0.32316101
4.36677541
11.11222850
10.69608489
3.81758699
10.89941406
4.68750000
9.53035461
7.34330231
0.03680451
13.74804688
5.24552305
11.98270722
12.62679078
0.28393555
23.31337545
20.02365912
10.12469970
6.25746342
0.82572418
6.79650599
5.17292900
0.19458693
15.35343196
5.28356716
3.01009530
2.70011414
5.83357602
4.55749667
3.83284298
11.04118046
3.37304688
8.33760528
0.38602754
5.37402344
4.20300200
3.87227449
14.70747894
0.08223480
12.05078125
1.29357879
5.47745789
16.69726562
3.63431793
0.25699891
15.27099236
7.06645057
6.60937500
2.30566157
7.42090093
3.34960938
7.95703125
6.66060394
6.86352539
2.12019462
2.88330452
3.26367188
13.76066101
4.23303192
13.40978724
4.45093085
21.24564606
18.40694121
3.03784242
3.51171875
6.01121676
2.65284574
0.49072266
11.29882812
14.56250000
0.44384766
12.09208160
7.21875000
10.76997894
3.88867188
6.30468750
0.65089375
4.10140514
5.65266844
13.61161347
15.05285676
13.74491301
9.34733156
13.86360594
7.09342531
6.68359375
6.11572141
13.24141511
22.54076930
8.61666112
1.51908356
13.94441711
8.33146055
1.13419742
6.71048981
9.73509309
0.46563109
11.79993714
5.00000000
14.63797319
13.08663619
10.06250000
2.33398438
11.71801197
2.61401928
0.44799805
7.96129655
0.25647689
5.79687500
1.03719055
3.59855164
10.43694030
0.14737976
3.57617188
24.79508422
3.88850953
3.67520806
8.03991855
2.94360538
12.93660461
2.24068207
1.47941101
6.61193817
4.24327959
1.66191267
2.34810394
12.21386719
11.81506317
7.26892121
1.54349762
7.14754211
1.14445008
0.67476410
5.84812833
12.24901545
11.68436863
6.26587101
8.04117797
5.68147828
3.53263243
1.23584109
5.65625000
7.08795166
0.93583160
16.91572965
10.59130984
4.12845856
2.83458963
2.43435172
1.21679688
10.56054688
4.63102172
1.81722047
6.66015625
0.04098511
15.61035156
2.70267731
10.09696255
5.85693484
4.26529938
8.21887300
4.69877106
13.14550823
18.15157463
5.67973182
1.11132812
0.02790833
13.93890029
12.16406250
1.40083832
13.09375000
26.08417111
1.86459995
1.83443207
13.72863365
1.85583901
3.76472961
6.63716644
0.58984375
6.56636193
2.46142952
5.95780364
5.31270418
5.65926086
9.41662567
1.53153535
7.50541168
13.33158356
10.32466644
17.55269379
8.30814606
5.09419769
5.69877106
4.53560394
13.35888298
6.33187140
14.99141511
0.70650238
4.88599514
13.43439604
8.44018617
3.67993351
4.37544769
5.40974291
3.10002271
12.79252106
6.01216644
0.89204926
15.16190271
13.39188940
23.76847351
18.83504211
11.97477172
2.55061890
8.35591644
0.68892426
11.75345856
0.61864798
3.22823526
22.79223633
9.36271055
1.17305574
14.25256317
5.70971742
1.90527344
9.20019282
4.47168218
10.59541778
8.51818817
9.75256317
3.90336214
13.07979278
0.14815308
17.90791778
5.55284243
0.64861480
11.39078735
11.28804411
0.24202640
14.22236592
7.94123892
8.56934591
7.28560394
8.06160461
0.90665711
9.08158356
0.44917816
0.64257812
16.16670684
0.46122285
3.26367188
3.65039062
2.51171875
2.08007812
16.46667387
13.65246675
7.67578125
0.49173918
18.82747437
10.79431183
8.81595856
8.15189606
3.56212600
1.36996232
5.34810394
4.42578125
0.54935699
0.00089020
3.14257812
3.45727539
14.39062500
0.43701172
11.30110594
3.26574302
2.61283854
0.73828125
7.47240712
4.82963541
8.07812500
11.52638764
17.53381317
14.21183289
4.34285461
5.65759308
16.80273438
10.18225067
16.24743683
4.70088653
1.16548676
3.94124390
7.74731383
0.67749086
6.42751774
0.31857601
2.10546875
5.50211547
5.54483821
9.17185735
6.96093750
10.91210938
13.86539672
8.96415005
5.96688054
23.32121671
0.21415005
3.70487644
17.73697252
0.40507674
1.26704926
17.75683594
4.73783356
8.37935394
14.94441711
2.69701962
3.73807707
7.69433843
5.69230164
3.90279144
6.82421875
19.80700466
13.18144901
3.02372285
8.16954497
5.22399933
3.81534851
14.14473294
8.05997119
7.40467087
7.81115692
2.94816101
5.95724022
0.02177948
0.87207031
8.05891844
3.90966797
19.80887910
11.41227172
13.94214449
1.48046875
9.01585574
13.79245234
8.33081117
8.24458832
15.66088805
6.06327239
9.88923282
0.44702148
2.76361135
0.60609873
9.73527039
0.40673828
7.59376442
1.13279808
13.87650543
9.95031583
5.77669437
0.69482422
4.04983655
0.50973376
11.82377106
5.32466644
10.44006317
1.81872590
0.09332275
2.82592587
5.46810062
3.59269226
8.42508755
6.84700687
6.47574579
6.55871675
6.91316960
10.95357145
1.31254183
10.04805076
2.43782967
9.73713985
2.15197972
4.61718750
6.59472656
6.20568817
2.59313996
6.77274380
2.54952183
1.30273438
15.53875670
10.55712766
0.26953312
9.31506317
9.26745014
16.04727837
11.86393312
12.15840979
18.53918550
13.69592752
0.63521332
27.53434203
4.48213154
3.89225842
0.98925781
4.28125000
9.81685394
1.02246094
19.56896443
5.31580119
0.85937500
14.76383422
0.11946656
1.04394531
13.69824094
50.37670961
4.51786347
10.77606938
6.62672207
2.47656250
17.44423981
11.70517425
1.53959137
10.35937500
0.85786957
8.42354278
1.80594941
16.03548094
3.48209718
0.23522949
17.03906250
7.03246011
14.59754321
5.70190430
2.38863253
10.52433289
0.60839844
8.13085439
3.84180186
5.71875000
0.88427734
14.27945922
7.24353058
13.47656250
13.30890523
2.59570312
2.47009308
10.88544438
18.47974069
7.42387743
0.26660156
12.02070887
1.88867250
2.22786624
15.44685727
3.13366855
21.09045192
5.19600620
7.75480164
4.01171875
1.58451324
3.16580397
3.65300310
15.34801654
9.25089788
1.88647772
7.64831450
7.30322141
1.79305241
1.29589844
10.41795878
1.17534352
6.97798427
4.86836326
19.56035017
12.13089872
1.27730441
8.63704344
0.67496828
6.36718750
13.44815603
4.05965647
13.12845856
1.98677582
9.45238697
1.45386303
0.18945312
20.51375305
6.23807333
2.63147440
10.74820922
6.45658356
10.11116578
0.94185394
11.17206436
4.12254987
5.87789782
25.39994293
7.31318872
1.57495429
9.60937500
0.25244141
0.93582412
0.68465896
14.08646388
0.24300421
3.39053884
7.77751108
17.00777191
0.13094086
4.26757812
0.19445801
3.75109832
5.82438172
3.04837545
2.42818705
3.84451242
5.45057180
5.48225953
4.46484375
0.25069184
0.61962891
1.75443512
12.27419493
2.36057069
21.69185394
1.23437500
16.73738088
0.63236979
6.48527039
6.80110594
0.44543550
2.60156250
9.30566157
7.99857823
7.91406250
7.94185394
0.14453125
4.89843750
2.95312500
4.40356383
0.02002015
4.58203125
15.20812833
15.84610151
6.68903480
2.58005872
13.45747894
8.95661791
7.06726728
2.43893776
3.18624058
4.70043883
1.76005097
4.70450244
0.87362256
14.76251552
1.23072971
5.01306183
1.28320312
11.28586432
2.06685270
5.63126773
1.81429078
0.83837891
7.58434591
12.13509530
2.94799867
4.24271637
2.13102172
6.43973847
0.10418701
8.43252854
4.46057845
13.68138123
1.12154144
3.86303524
0.90454288
2.62695312
5.93526153
14.07698360
2.09428136
5.31730164
0.93896484
4.46337766
12.52356050
8.74295989
3.43566988
9.43001263
2.09655917
14.46276612
1.99068207
13.33983877
2.06746897
7.36417664
0.62646484
0.83691406
3.25781250
8.57722961
7.58233600
15.90639294
5.92187500
18.35508977
9.81267231
1.92403479
3.32421875
1.42321559
16.57933782
5.55468750
8.51293883
0.73173066
18.99306171
2.44244458
3.14648438
4.58593750
2.85404075
2.42822639
6.20352837
3.30037788
11.74218750
2.96199524
1.39880402
17.81807403
7.33246643
2.17803468
9.33504211
5.86027039
11.94858643
4.37024268
1.93111176
0.66552734
4.22891900
2.40149268
7.84419769
1.13085938
2.19919687
2.35786957
0.31762695
5.89408356
0.01355499
0.33642578
5.50976562
9.71439606
1.64115387
5.78214539
4.06949579
0.25862921
14.43570922
9.87821255
7.23110816
5.19715757
0.58207184
6.80078125
7.06179633
11.94552817
7.50525432
10.03930851
3.58484042
7.36962891
1.56791168
3.82572418
3.49031430
6.00280917
3.91100233
22.02476543
5.18786901
2.71724457
8.23872894
14.91601562
4.89062500
4.30656639
6.76993017
8.99576906
9.04003906
13.21036680
6.27356050
10.10465204
2.42663730
2.09415835
6.17578125
2.29296875
7.25390625
1.16992188
0.03155518
6.80899961
3.93416445
13.19518950
15.31929411
1.42887577
6.40085772
3.89601728
3.94140625
11.35502106
12.86802860
2.85605067
4.40592531
7.43493683
2.02974457
3.75878906
1.59594664
4.90067597
2.93990082
9.18827239
0.40747133
14.48067044
2.30298038
5.47796631
2.83158356
5.53876220
3.92327238
3.55403812
5.37003103
5.80920877
5.74654144
17.74037678
3.62290447
4.06205231
5.10546875
13.02208943
6.22550975
16.34452239
6.40637300
1.27832031
1.92480469
10.92443817
0.42834504
4.92578125
13.19531250
4.71875000
1.32767731
4.96529144
10.64822585
13.21025376
3.59615082
8.42247881
8.11653812
6.42293772
0.20284027
2.49564606
11.87104943
6.55819038
8.14110207
2.21135582
9.60591644
0.36425781
21.03788176
2.07975094
3.34818761
0.65527344
11.02665005
6.85846964
1.21253656
2.53125000
4.56518368
6.25931668
3.27164672
3.69535682
3.80138631
4.16646830
0.65388977
11.38069703
0.37695312
2.71861204
12.57431238
5.73653479
13.57902039
18.46597518
0.86109208
4.35156250
9.97879599
5.73755319
10.46325546
9.74686614
5.50402925
0.34985352
2.80228668
1.47896332
4.87845856
5.70747894
3.02416556
1.05367409
7.50646942
13.80782136
2.27180844
7.15217642
2.10958167
9.73039007
4.00675476
0.67041016
2.06258117
7.88370789
8.78470856
14.67883057
9.46264648
13.09804965
6.69101285
10.64847186
3.99645778
10.09725786
0.11773682
12.94685727
3.03765453
14.16205131
5.93526215
15.57608821
1.01570866
11.07961390
3.40369680
0.84619141
6.70855608
7.89398298
8.07377106
7.84932403
4.25109708
2.47033909
6.35156250
7.81054688
7.54409021
4.65122229
2.94681793
17.69238032
5.76509862
1.25484098
3.43265902
6.75781250
2.09916168
3.54845911
4.68190950
4.26171875
0.59969055
2.42232269
5.78548094
5.01310118
27.52071324
3.12740082
2.05793689
6.52116467
3.31009918
0.01936859
0.32202148
1.28961182
5.29174805
7.42923981
6.30078125
5.48775238
14.84765625
5.89941406
5.47656250
1.80078125
11.92626829
14.92962824
3.18164062
7.28320312
7.19107844
5.45560948
9.52680741
1.26225509
5.18359375
4.20312500
11.75726619
7.49965092
11.96785461
5.32210328
8.17203735
8.05647828
12.74861259
5.60294991
13.89213043
8.56852172
2.67997285
4.72216797
1.84024961
6.29052822
1.45019531
0.61413574
2.90889185
2.68005651
11.03214539
5.13281250
4.56205231
17.35355497
8.71285128
11.80379211
0.03037537
1.94966644
10.70300200
4.13248781
5.35982269
3.89213043
4.00646942
0.08321168
10.94173094
10.59928468
7.32031250
6.69531250
5.03861481
6.33043219
5.70907801
2.13085938
5.83750241
4.24499667
2.08203125
1.26660156
1.71138519
4.48242188
2.42097961
13.11718750
4.81986481
0.74792512
0.12276184
3.77042664
3.40527344
5.34375000
5.03080231
1.66939301
1.21742975
4.39038896
3.87530697
3.75541168
18.54028258
6.14375886
14.07678192
5.79386414
9.14664672
0.59012910
0.39261871
9.48656915
0.62671210
3.33638519
6.06986481
5.04162567
3.89066434
1.14681156
8.67968750
1.60786957
6.88236481
4.04304743
7.01562500
3.34761691
5.16088929
10.76647607
2.60852393
13.98693817
3.41984070
1.61718750
9.89843750
9.29073028
12.29032410
8.80558289
13.91711021
8.39290780
1.53951019
5.93900045
10.22628213
19.54536459
23.24691046
16.57100620
10.78727172
5.14900820
5.90189606
9.70108821
11.35795323
9.28035461
8.95747894
0.44702148
11.68277704
6.65751440
3.21875000
1.49218750
5.64831450
10.85860261
1.74991883
10.76319926
4.99807180
1.79536957
4.89084609
18.85720079
1.16406250
4.34375000
6.13000333
1.76557881
3.27234541
8.59268739
6.16959220
2.58040780
8.31644061
1.65275709
2.04492188
14.45222961
1.71883117
4.98616578
0.07489014
2.63278945
10.60403702
6.92649739
9.87952127
3.07613253
11.46915337
18.48909796
4.69063386
8.18953181
5.94478612
11.22233094
0.09088135
1.55086242
1.72265625
1.00773133
2.80078125
15.34977172
9.51652039
5.98982787
5.93408577
8.40861542
6.92040891
3.70743960
10.36718750
0.01417542
13.13411126
7.78581061
2.04642731
13.08593750
8.00736481
9.28995789
3.77539062
12.66617797
14.94620789
1.93253601
5.72611481
1.81001801
16.02517181
11.90331782
5.76900487
1.27998684
3.02323581
15.68570860
2.42244570
3.32572418
11.00781250
24.66218307
3.42810837
0.81290586
4.35168550
5.69997025
7.61283356
6.27343750
0.02418030
0.41394707
10.84708804
14.99918827
5.81986481
4.39448693
3.57031250
1.56938026
21.90425255
6.99434729
4.33817597
1.13627106
6.88252217
8.56490580
4.01460661
0.36653812
9.03125000
5.94936614
1.37485261
6.35666391
7.33234152
2.30122894
2.17338043
3.17622894
0.07495117
0.60156250
1.14746094
0.56555176
0.20450774
0.05464754
2.31640625
10.85323028
13.80379211
4.36596742
8.14497894
4.16406250
18.42924425
2.68403700
12.47656250
3.91601562
10.88627106
0.74643359
17.27900529
14.09038009
8.13265514
11.90953126
17.88616300
11.92277039
2.88549867
1.90470274
3.72322695
3.66556793
6.87544769
1.83568027
2.61801418
5.87980164
1.24804688
4.08548981
3.61494404
2.89677471
1.57661957
2.57617188
0.16906738
8.06604004
3.79838043
6.04736328
3.59908051
0.58841949
11.84375000
3.64107269
0.15454102
4.53580563
0.05888003
7.00996918
11.91060394
1.72477172
2.14200743
7.08394503
0.75154602
3.83532746
13.64843750
1.73266539
4.97534242
13.96813498
4.69592752
1.18554688
8.11718750
1.90332031
1.92418717
11.96932444
15.12220401
2.18176363
6.24340758
15.23776245
9.22501524
3.32702792
0.04106659
2.44726562
2.35981771
10.60217752
10.30558289
2.76517731
5.57076019
0.50976562
4.83915005
1.12817570
0.66992188
13.80891844
2.57584718
2.56294769
5.37455231
1.47603363
2.91674369
2.72778756
9.15287262
5.61930297
2.64684841
14.67134862
12.03869349
1.03597296
7.55289672
8.74575909
0.40349263
9.28125000
23.85173693
5.38114472
4.03605164
14.57031250
11.33593750
2.81551086
0.03214539
0.69409117
0.24389711
3.98632314
4.10128213
9.54866578
20.60201019
3.28125000
5.68435617
0.14527426
4.46875000
2.67036957
0.59179688
9.26634309
1.41139128
0.55175781
10.41015625
0.51086426
12.95914672
3.50329621
4.88716644
5.42879211
3.11372894
4.23872894
0.84187805
8.46093750
11.64102463
8.31348404
13.86035156
16.06250000
1.16467254
5.26261414
1.55025238
7.28461319
3.47701019
3.88281250
0.38145587
1.75305518
2.74804688
12.31148161
4.34086214
9.17255874
13.61214982
14.22679664
2.10830089
3.39046265
6.58984375
9.40279144
2.23364196
2.74877992
9.82031250
3.56915003
3.08825964
10.44531250
28.52298981
12.32710661
0.61572390
9.71516844
3.99186281
7.25378325
1.52453707
2.71875000
9.81030273
2.87569497
1.59464726
6.82088320
10.13627106
10.16416557
0.51511358
9.44812167
8.59375000
2.66288176
13.38716644
7.13505097
11.88191711
0.34753449
3.34134918
3.18599457
0.34183684
7.22614916
3.33903701
1.14082170
0.35376662
1.94531250
5.27661133
4.57421875
5.76908356
2.58638519
9.15970856
10.58247894
3.45117188
13.69531250
17.74902344
8.17299646
2.32220190
10.63370789
8.21875000
13.04252317
7.10943428
3.60738253
9.12141844
1.53437888
13.62313054
3.22306460
8.90750942
6.29468085
1.05761719
1.89640320
7.51171875
1.98640930
0.06309021
3.05664062
2.72542110
1.32438359
3.70422208
8.29394282
16.29346077
3.94816101
5.97688812
10.58377771
6.88843085
3.31099457
14.25000000
1.11368462
11.29647163
0.01462555
9.89843750
12.58593750
1.23668152
4.44140625
8.46695922
3.42606660
8.67187500
25.47382717
10.48527039
0.79060852
6.12666778
2.81172761
9.85937500
5.36283356
18.69982848
20.63789949
9.50781250
21.76635493
11.26352116
1.78881898
9.75935727
1.38224429
0.87500000
9.06941711
9.18520723
3.47193816
1.25976562
8.99641844
4.27611869
2.45793162
8.14843750
9.55468750
4.73335661
6.57133089
2.62695312
2.84960938
1.31575438
11.00358156
25.62901073
17.25610833
0.49678870
5.14843750
0.72753906
19.39261747
11.47320701
9.54433177
15.13627106
4.79508422
1.81730195
4.02734375
6.82885306
8.55367409
5.89978058
16.95361328
1.41984070
0.04423809
3.29056793
0.37329102
5.00435394
2.13813179
8.99712211
7.75390625
8.61885528
3.86409298
0.95926848
9.40637300
9.08797429
14.04648449
2.50755207
11.10066711
3.62394226
0.80566406
12.59715426
3.84815824
13.83325133
4.30053773
1.19974762
10.95479278
2.27221742
11.27642324
0.65820811
9.80334192
14.29907507
14.55277372
0.63912082
14.03397053
0.98653729
17.32945812
5.54944813
7.05664062
18.97643950
2.14306516
8.15995456
7.24788453
4.14843750
11.41080563
6.10505541
1.68937943
8.94274933
1.61718750
2.96138519
0.00862122
17.44266567
2.05342808
5.12890625
19.80871520
5.78784242
19.27384087
4.60897163
0.47456360
7.25390625
2.05859375
9.63603666
3.74023936
14.32608821
15.28719304
10.01781915
5.09936835
18.54943817
2.08715633
2.65393284
27.78754212
15.50351285
2.45015597
0.75927734
7.49564606
6.35546875
4.74654144
5.35546875
0.15860992
2.88602505
6.67301640
9.20568817
2.29960051
0.83748476
15.50036154
9.59436502
1.82714844
11.97220856
9.13627106
1.26652039
8.81542969
1.53320312
14.44201131
7.26457225
5.87129544
18.99666445
8.42545656
3.86673981
0.00565094
6.16406250
8.25000000
6.78515625
0.00396347
12.58068817
15.34277095
5.89054632
3.04687500
18.60354500
3.54098625
7.51171875
10.31685394
7.69698028
10.17801972
0.34204102
16.44006317
10.89550532
3.54138464
13.78470856
3.08516449
6.68180297
5.45882203
0.15135618
0.15568117
13.24129211
3.19132508
0.56449371
4.52388519
11.96004211
11.61104278
2.06965564
10.07898603
10.51562500
29.42481607
8.74270498
1.97798676
11.13841091
16.73044436
5.26618075
0.98996398
2.59179688
7.99218750
0.01403480
2.36893396
6.76497250
5.64079233
6.78470856
4.79431183
1.54101562
3.16166168
2.24564606
2.26021332
14.56250000
0.64449066
7.12500000
3.35546875
19.75786835
1.63614805
11.46195589
0.87695312
9.54806517
-0.62317931
7.08939606
0.10376008
7.78861481
3.03125000
2.01802582
5.52990692
0.13195832
12.32355940
0.47624529
0.96674850
4.19328568
4.01472463
5.64693705
4.48828125
4.24173981
8.19095856
2.52185090
4.57377106
8.14843750
2.26216644
12.07228088
0.93847656
10.70674092
12.68965979
2.11922429
13.07592773
4.30078125
0.22082520
11.58593750
1.39941406
12.99035489
5.80359042
1.48339844
10.28125000
0.41137633
0.08606019
0.00864410
0.01721191
3.92654907
7.98046875
6.37447113
16.04243988
1.28710938
8.61283356
3.49955231
3.81208695
3.38671875
2.44140625
3.26562500
7.31640625
0.00380898
0.54687500
5.30859375
4.22167969
17.60324860
0.42171203
9.68419881
0.11894268
0.29443359
5.01953125
12.19531250
0.14990234
0.38818359
4.70857602
6.09269226
0.43957115
4.31237679
5.36763519
6.19441711
1.44087738
15.35624114
4.46228058
1.49116911
12.77754544
2.90149268
2.52301918
9.22893395
1.58203125
7.21830231
0.61734985
5.85380097
0.98046875
2.19238281
1.23372313
1.83251829
3.13069703
0.29793460
3.42968750
0.03274536
0.43290191
1.78267426
3.88822418
2.40205466
11.52880984
0.05591132
2.69563719
0.56909242
2.37003601
6.44433594
7.37500000
10.70361079
3.79020390
5.63448028
4.97668550
2.45898438
9.45312500
0.55126953
0.02110291
0.06781006
1.32812500
1.26855469
2.17578125
6.21838348
1.80362976
0.02434296
0.02118164
0.06727081
6.98091644
3.69140625
4.09166390
8.38685172
4.41353363
8.50781250
6.13671875
3.33398438
4.41406250
6.35502106
8.48848294
1.27473875
7.74723577
0.42944336
6.40625000
12.09183622
6.54207336
3.36999667
2.83753204
8.16316711
6.82902039
0.10656738
2.23124114
4.44128325
2.39058566
2.40759308
6.48079344
0.38492922
3.41329956
4.43750000
6.80078125
2.99682617
8.51292273
10.87858156
0.12127686
10.22240027
3.03541223
0.92919917
2.71838597
0.31921418
3.15222075
10.05826906
2.54927582
0.99129211
5.45402039
1.56392426
0.15588379
2.89859486
7.76021830
2.45642121
11.05703735
0.75408936
0.89599485
8.36820589
3.63618988
8.07377106
6.04687500
11.95943207
23.11880493
12.70779920
12.43289880
5.64681405
3.81233765
0.16259766
0.72319031
0.14308167
0.33190887
13.13000333
10.40311614
2.74442597
8.30472910
4.64656804
10.62482270
9.33521941
4.16271942
1.98856660
3.01171875
1.37752937
11.09437157
2.69559287
7.83639385
10.15429688
4.55667997
5.19332003
3.25724366
5.21743682
2.26021332
17.80891844
2.50956269
2.27973959
2.99849955
3.13911957
3.92533356
1.71138519
1.64550781
0.80859375
1.35674737
5.89970190
10.63191711
1.10713653
8.61295656
0.54349762
9.46529144
7.35457336
5.04386414
2.82092254
0.13810242
10.34276596
13.16575655
9.09810394
0.91455078
2.38791656
0.88637932
7.62101507
1.79097379
5.25237063
7.56250000
9.80468750
1.05769836
1.53116883
27.94840204
0.47200812
5.97949219
2.25683594
0.26912414
9.35245789
3.78906250
5.01953125
8.53291778
1.51631621
1.65779726
0.10911010
1.09802277
2.38423676
3.85742188
0.95711242
15.46004211
9.09260860
4.17199800
8.53063498
6.26034131
17.84276596
5.68599955
13.43339206
14.49141511
5.17232269
5.32979278
2.08036347
5.61718750
2.95556814
1.99964594
3.38716644
20.68009087
7.17928413
5.33691406
7.78742908
3.57975842
7.54007093
4.05278368
4.10851895
2.22050144
14.26130157
15.13458252
12.67622894
2.15052276
1.67818207
3.15820312
0.46879059
3.25840260
3.05124888
7.37117243
9.24116911
2.61121010
4.14062500
12.30452266
0.80237034
30.38052970
0.48031014
3.84756660
2.36541232
3.29835604
3.38452460
3.24003269
9.56522053
2.68567486
10.41316711
0.01801575
2.06323242
8.70312500
1.73179657
0.47267120
1.59911985
10.85770722
2.65743074
1.83691406
2.28470856
7.99926208
5.22098847
6.69486481
2.31461422
12.24153812
0.52664755
7.19157358
1.14550781
3.19949912
9.65596963
1.49316406
1.89062500
3.75931793
0.33907074
4.98054743
5.22558843
5.29060727
3.69841487
3.61328125
3.70463043
4.65566435
1.72759585
1.50195312
4.84375000
6.06762633
9.87679078
3.79777039
5.81986481
0.07564301
3.80484985
12.78995789
2.02058899
2.49727200
2.88606937
2.75919493
15.42225761
9.33504211
3.85681183
10.20812833
2.24023438
6.97802859
2.13566101
12.95222961
3.18005402
3.79296875
8.88154810
8.01753878
5.65905917
4.53125000
1.66939301
11.68750000
4.83984375
4.38671875
3.67382812
1.20094538
5.46476507
10.10351562
8.67187500
6.14652372
5.70503878
7.58447266
2.35285628
3.92399919
5.33203125
6.09285461
9.01066101
5.74385528
28.13448028
0.79170808
6.39542664
0.92085785
1.66654449
9.73145724
3.53852171
2.66870117
23.20650679
7.46896165
7.32885742
9.40132385
11.39115138
7.76074468
12.27433289
1.63199205
3.83333998
0.20202637
7.88826352
1.53576754
6.68192597
8.65535461
10.83748227
7.53137167
1.20507812
6.42728668
1.11816406
1.64245263
7.70618018
3.37544769
1.79935699
4.77779144
7.02343750
2.47765958
0.98230136
3.02644836
4.40478391
5.20548648
1.18945312
1.03035461
3.09561946
6.86442265
10.82210328
1.09728973
4.29821808
16.86718750
8.10156250
2.01953125
0.02320343
0.17276520
0.39038086
3.22851562
1.31933594
4.30085993
10.03507757
6.73375998
0.95817514
5.90310617
2.43523215
0.61332184
0.94726562
6.52388519
1.16023814
10.83826649
3.00410794
3.72005374
2.68314606
2.91682735
4.65148518
5.75000000
8.42533356
6.39107269
0.42944336
1.82400710
0.47970384
2.18660461
3.37898742
2.14697141
3.46569980
3.32857269
8.63704344
0.88110414
13.38102172
13.84452239
23.39058566
2.17968750
8.17187500
7.07767731
13.14318817
3.42366578
16.52050781
1.63867188
4.40234375
0.04364014
0.00419235
0.00544357
2.08245850
1.33731743
8.41365913
2.20312500
6.84285461
2.27628601
5.85143950
2.96691988
1.01269531
1.78530395
1.35279753
7.49532136
14.51948693
13.44401374
4.12243683
7.86328125
7.05635528
14.79284699
4.43839539
3.07973848
2.99057402
2.29683192
4.27848515
8.46964539
1.99238919
3.72485538
3.14013298
5.74906776
14.39037899
3.26827183
1.58593750
6.11767578
3.80468750
11.47128540
6.03568263
7.33150487
5.01513298
5.07515846
0.84236633
1.50284851
5.85546875
5.91796875
5.58837891
6.83593750
2.33593750
0.41064453
5.42533356
4.89107269
7.97566711
2.03649310
9.23344525
0.10164367
2.69185394
5.21097186
3.21135084
2.15810388
1.64340979
11.29402524
6.42033023
2.81205231
3.41451019
1.87402344
1.43802887
0.01424164
2.17181759
3.57989139
9.13516401
4.80428911
1.95084469
0.77278812
30.99164119
4.31695256
0.77978516
0.48650780
16.37369750
11.04772980
2.14062500
16.57282636
7.67566821
4.56640625
11.61181516
0.02404910
13.93916778
12.09208222
13.48933899
6.35546875
1.73233759
6.64798981
7.48909796
5.09509308
21.44482048
12.90661901
6.74186281
16.32637543
3.45703125
8.93570922
3.10217254
2.66329011
4.37320424
2.43449412
12.26652039
2.97070312
1.21191406
5.87308372
8.77047096
15.53893950
5.91886414
6.10860261
9.17443817
10.25870789
3.52667942
1.85462765
4.36847131
1.39670600
5.01363129
1.64941406
11.86962766
6.93326906
11.92366578
5.42968750
4.36718750
3.36523438
1.16015625
8.31289340
4.25082668
2.12919160
7.50069121
4.87768617
10.26717102
8.42667664
8.07812500
2.25390625
1.08496094
0.48437500
10.52405989
3.83659685
9.76265348
1.40140902
11.73591977
5.56929660
2.92578125
5.39296955
6.34044648
1.74666570
4.12890625
6.07120789
2.50044769
6.41414118
1.91398382
4.68359375
12.37739085
4.74956227
5.01953125
13.55814606
0.13509125
1.14656555
6.81978363
1.81490082
3.62304688
4.67194870
1.50533798
16.60286469
2.15039062
13.52343750
10.53035461
5.45377563
2.52176972
16.67799537
2.81429078
0.88330078
6.66039229
0.55746232
6.57790307
7.17108268
3.91791001
0.10345459
11.81782198
2.97578762
7.17859042
16.70747894
7.11661680
15.16411347
8.09822695
17.80322266
5.59108459
4.03877217
9.09705119
11.48434661
4.57653092
4.17119126
0.81302887
17.00858364
35.53214539
11.75390625
5.86047519
1.82067902
22.75199371
25.28999225
11.25688275
1.62446864
7.59623448
6.57351508
3.62570367
2.93013519
6.28762080
8.34429631
15.32962545
6.04796211
7.97442264
12.19576019
4.89017731
4.72363281
8.88537567
12.92973167
8.22013741
5.67622894
6.31864472
16.23274158
2.22970135
8.00784872
1.71216256
14.90909851
12.63793883
5.43627992
3.28592864
9.10860261
2.33548981
3.66127179
8.89845410
3.12406527
18.33666868
2.47066378
12.27318931
2.22599678
8.62715870
3.90698803
3.25976562
2.41243407
20.98505792
14.64261747
6.65470523
5.84798094
1.23795656
9.11506206
1.42204731
6.74564606
8.82262966
12.31954011
10.78316378
1.53959137
0.80358918
11.48783356
3.96491745
1.74646775
12.66156555
5.24838652
9.42020722
8.38268950
2.40922152
0.11535645
2.63842587
38.06425144
14.58576020
1.17054687
1.08317016
6.52395661
1.83833832
0.23242188
5.02436725
1.27551861
2.93094116
2.20056183
0.41284180
4.86303524
13.18558933
1.77974457
7.58027483
7.94173842
1.75533051
8.58645058
8.82031250
11.33158356
0.89742035
0.25830078
16.02765847
1.10906028
13.43254058
1.31819578
8.42386497
12.97090979
1.76542331
2.57873504
0.12963898
6.85638853
7.00298647
6.68359375
1.25788692
7.09330231
4.21553745
22.12076657
8.31966312
0.21215820
11.80536948
5.74264516
0.61279297
4.87657913
1.00037400
16.29073028
3.67020722
16.63934189
0.28584809
11.66320147
1.95984541
7.60351562
0.66271942
2.95642121
9.28535794
1.34452488
0.03668213
17.37420104
2.55488669
15.65393534
6.50390625
2.51127106
1.24361176
7.86059508
0.25952211
4.51896055
3.45955507
13.22220856
4.17539728
8.60210881
4.61942597
4.08331585
9.85502106
4.32030752
5.25240580
4.83984375
7.28869473
10.71004211
4.66776706
17.89420531
7.87658660
0.67061433
5.70959442
0.36535676
11.14318817
7.69665558
0.01554108
2.35957606
29.09481023
4.07946310
20.12841423
13.18592087
2.54630430
9.85722019
37.05725067
6.17016539
6.75793550
11.34720856
2.92232269
0.89697266
1.14554341
8.64010112
3.09631317
0.69226105
9.83939606
9.24218750
3.31294769
5.27075133
0.04123994
4.07031250
7.86177582
3.79492188
0.67041016
10.26906311
1.83334057
9.21183289
1.85030059
9.30143312
2.68347075
0.13151125
7.32632965
5.51562500
15.24002771
19.70141788
2.00788121
2.51747007
1.22167969
9.65152953
5.29837545
0.54911846
11.21800995
10.48034578
6.87544769
3.81835938
13.89670776
0.51155640
3.15819814
2.60547373
0.63968902
9.36372894
4.72733489
5.76350953
16.14128632
26.54141401
4.44731493
3.68599457
1.19531250
7.24035240
7.89367769
5.93050421
2.63822418
13.32466644
12.00948028
6.03438386
13.43444482
1.39339483
0.88407441
2.74955231
7.72310394
3.41601562
7.46048981
1.89257812
9.72708888
20.56586991
3.01954122
5.20218778
32.74141511
5.26094636
12.55468750
5.18936946
4.22859929
8.72131317
4.12833555
6.84566378
0.35937500
13.57926391
7.30411680
12.69130898
12.00000000
8.13908023
4.34887633
5.38114472
3.35786957
0.59375000
0.98197418
1.39302582
4.39383755
3.47334995
24.09826131
8.70837932
4.84452239
3.50854554
12.19531250
6.12500000
3.50826019
2.34570312
6.91324579
2.28987921
3.69140625
14.93570922
24.64033467
10.56639628
1.84779421
2.05468750
0.43029754
0.02389558
3.84997465
2.96451906
5.36372894
4.72529311
1.19373337
5.30033356
6.55993683
6.42578125
1.06868407
0.81510500
1.80664062
4.71223875
12.81453181
6.99524268
3.09149657
3.01157136
7.14302582
11.50345856
1.41886414
10.71418440
0.73165697
40.78320312
7.59419769
3.90189606
3.47896332
3.56640625
1.42395849
9.77218805
9.32857269
4.90625000
9.23437500
15.45361204
12.44108156
5.67097961
15.16601064
2.57572916
3.36401429
7.96772164
1.29053856
3.01757812
4.33007812
6.95255430
2.61971132
4.23392731
2.34810394
11.82096188
0.85481937
19.69754101
9.67310505
10.43790337
12.57482381
11.46383532
1.30220551
2.83474679
2.76486258
3.40429688
10.46875000
1.88740249
1.52080064
10.08939606
5.56791168
1.83984375
0.88468445
4.14062500
4.79207336
0.90665711
8.47220856
16.46726972
9.04284824
4.87064606
2.15865082
5.58850067
1.60636414
6.17187500
10.60937500
12.96140958
7.41794436
3.21289062
0.00337601
1.38574219
9.73258422
9.90022828
44.99206450
2.55285738
3.10306793
1.23293061
2.65625000
8.85323028
3.58337433
6.82499114
0.42203859
9.23872894
2.70222961
7.73164824
10.42614030
1.48161513
3.03979554
19.99326207
3.30754100
1.37695312
12.09576385
2.70275525
6.06044879
13.88377660
1.14901817
17.99490678
2.59546708
4.05993683
1.24796570
6.01863586
17.85367859
5.95112610
1.83283051
5.72104277
2.66886414
24.18423223
6.59913231
15.59265292
4.34521484
2.00976562
18.80244903
8.85066711
0.83174715
3.58984375
15.20117188
13.49157248
27.95496010
7.21895324
6.54431183
2.43778535
1.84667969
10.90625000
8.64988189
13.95951324
9.27042664
2.00736481
4.65140404
10.14111702
3.79777039
5.22176086
0.51505555
0.11779785
0.01133728
6.01218086
9.89678966
7.40430186
5.70882203
0.37719727
15.40368683
11.77515188
10.24613807
8.25883089
4.86583402
2.37260416
8.61372894
0.94465681
8.32864141
9.73024861
3.80453242
7.24592642
3.44149490
1.40332031
6.23284912
8.18750000
1.25122070
3.72762024
6.47355164
0.41308594
2.19444897
9.67762134
1.42097961
14.50870789
3.23174321
1.34174312
0.00804901
0.97542235
6.23689384
6.66171303
9.21529144
5.45666224
8.26945257
1.01175684
7.74601507
47.60412567
9.58813508
3.02330951
2.30656893
7.77779144
9.60201019
4.24955231
2.73828125
9.67879211
16.62427639
12.29503545
3.30468750
7.77298981
17.92232269
12.47823028
4.89286347
12.29687500
4.56372008
5.84989472
0.42163086
1.18208832
9.32022385
7.36292220
15.05904144
1.29898299
1.97303025
27.39843750
2.94380707
1.60856078
2.65234375
8.83337433
1.74885611
3.99280252
17.93949454
11.91365913
17.94799867
3.06444939
5.04000221
3.67537445
5.44486481
12.81685394
4.89062500
0.18420410
6.03515625
9.82031250
10.34619016
0.59330355
2.21724457
9.90535461
0.06571473
12.44305907
6.09681515
5.23449800
2.49328458
3.23791722
1.50630707
1.41641900
3.29240303
31.59082031
3.04101562
1.09330231
3.72623251
3.96232491
6.53906250
1.35424867
44.31986481
11.50826019
8.10502106
3.59533411
7.72347296
2.24369293
2.78125000
11.14497894
7.05065825
6.54174867
4.95747894
4.18979656
8.62243683
4.71830231
1.95109070
6.78515625
1.76517731
0.64302582
13.30289672
16.63850953
3.08548981
14.48567376
0.45764503
8.17443817
4.37198914
0.28926605
1.53959137
0.02254211
5.99173981
19.70389739
1.34822695
1.69335938
7.80098294
9.74935062
7.59029144
11.94685229
4.48869459
0.01296234
3.78759766
6.75244141
13.11718750
10.59992908
1.53093029
14.47477172
4.98091644
4.18884308
6.22086547
0.26155640
17.49613309
19.95670656
12.30647828
0.16174316
9.78125000
8.59696255
3.84489140
7.83459442
2.87202848
8.09741024
12.48252993
9.57281194
1.53027344
8.26908356
5.29341644
0.14412321
2.20023714
6.19531250
16.72717254
16.86771637
3.95882203
10.19739013
1.65144587
7.60338764
7.71985704
2.64392121
1.45083618
8.24849083
2.99613807
4.58548981
3.90742576
4.93241799
4.23905364
0.65446047
0.11519348
1.47456754
6.82010957
6.08190825
2.23417331
6.09375000
12.89546598
15.59109819
0.61011552
14.88883422
0.44368531
10.10990138
4.80757536
0.74711464
12.18314606
3.23282898
5.28861481
2.34419769
1.62011719
10.57979278
0.40116426
12.00561645
5.02010195
1.93896609
8.83504211
0.70499695
1.44172689
7.91467752
1.21138519
5.82857269
4.28470856
3.67460051
0.89323000
15.32389832
3.09179688
9.89408356
0.43542325
0.10701664
2.10742188
1.63431793
3.53365082
8.95222961
1.00337738
12.57031250
0.66060394
13.76171813
8.99564606
1.66524324
2.04101562
14.05704711
2.30212433
11.22310394
0.06579590
2.78759641
8.27445589
3.24849457
12.44156860
11.92622894
5.97521942
1.57405640
1.44523133
3.90883755
6.42372257
1.96980774
1.97009308
6.97176086
7.73091644
11.28718307
1.03553025
14.10343196
13.79699800
4.10347628
5.72176086
9.18045989
11.63293550
0.21569824
0.43546446
1.96346132
14.27689606
2.23091644
10.33223294
7.58301278
9.98103945
8.73950133
9.14420656
15.67968750
5.81115692
3.66931183
1.09179688
3.71227809
3.58947972
5.69006317
3.49743683
1.09375000
6.66573028
5.19966644
9.45837433
4.04032192
5.08003878
4.45857602
12.37268284
0.51123047
2.14257812
9.52282372
2.67749335
4.85290558
2.12304688
0.78320312
2.68898923
2.14060061
7.76953125
3.65775543
0.96101867
2.82706726
6.55948665
2.66264073
10.62666778
15.10294493
12.23103945
1.85966035
5.95658356
6.61763519
1.28515625
14.02998560
7.72033909
4.83426972
8.05033356
2.71468140
2.12695312
11.01065977
7.44018617
2.13806183
19.38867188
15.18208832
0.07559619
7.65848847
6.47131317
9.96272828
1.09623137
4.29085328
1.29235871
1.56941711
4.28995789
14.46927638
8.42391179
10.38179229
11.26436433
10.17008422
14.06233765
7.34330231
1.29081082
3.96506900
2.46732325
2.51119237
0.52539062
10.43655032
0.79391843
4.15348017
7.95784796
14.66080563
4.19856937
13.34720856
0.79833984
8.34134918
4.71036680
3.44633089
0.17781586
3.18164062
14.72211991
0.52592697
0.27709961
4.84151153
4.13460328
13.30033356
5.84724945
12.73335661
3.25492464
0.09067779
1.32902039
3.24027372
2.06636691
6.64843750
4.24519836
0.74796570
1.73144531
16.99609375
3.26322418
2.17578125
16.13191711
0.99991883
0.94966644
6.40234375
8.36283356
10.92968750
11.66255707
13.42097961
3.03995789
12.12813137
3.00370456
13.02677305
2.47668550
12.40625000
11.82173676
4.96830231
8.28560394
2.19291168
1.47603363
3.61511137
4.46008394
1.82714844
10.99129211
2.69490539
2.80452515
7.74173981
0.48360199
10.01627438
7.37622008
3.11745540
7.34649545
5.23693817
6.53259308
10.24910461
2.43012772
8.39596298
3.96117198
8.95602282
10.83168662
2.94879099
2.60005707
5.24506539
8.67680961
0.31054688
4.24145072
4.45194924
13.34541778
12.88114472
1.02681488
12.76025266
2.91357546
4.69762966
19.74935062
12.20926972
9.00244016
3.60408632
6.02510528
4.45625886
2.82339456
2.64242575
8.48250056
6.07670323
7.90189606
7.44576019
4.29597961
4.29866578
15.94531250
11.81892509
12.10740692
1.81691322
6.12109375
2.09509308
1.09459951
5.54358377
5.95658356
10.83577515
2.25736481
24.07405609
2.56640625
7.80021055
9.84208222
0.47196504
24.01708984
10.56595856
3.49369293
2.93644226
4.61718750
0.04319244
15.52297984
8.83429091
4.51869015
5.07869570
8.51037567
2.09899933
13.51313055
4.44044215
1.32421875
2.86538177
1.22356659
2.37589539
5.48888631
3.80798869
1.00195312
3.79756621
10.39575133
0.94242464
3.97220856
6.63933217
14.33778257
0.80859375
4.62711547
3.01741578
2.35546875
0.43676758
16.78065432
4.59432070
10.89062500
0.04713959
2.61132812
10.09940271
6.16670435
3.61279920
0.42045074
7.37878325
11.49873560
7.30216866
0.03677368
11.12206782
13.97037843
2.90800144
7.72656250
1.53613281
11.64318817
5.41938055
1.41114527
7.94230164
1.30371094
0.01300049
0.90966797
7.16752106
4.87452738
5.67865469
0.54382106
8.71553745
2.35201019
2.18990082
1.54980469
12.31024170
10.96683622
1.27295046
2.39062500
18.25410794
9.34081782
2.28052194
5.37923156
5.11502771
8.35282690
11.03971188
2.38741245
1.09517426
1.74527953
3.14436890
1.83007812
10.15165005
3.36202183
18.23193359
10.52689606
7.71919769
0.01539612
3.39257812
1.66210938
4.01376248
4.74368350
9.17277039
9.78560394
10.09004544
1.17948581
7.01517731
12.76801087
3.08399933
10.14920989
7.71726397
13.53977614
9.54589844
5.07710536
6.95381870
5.07210328
3.42578125
8.86771637
7.25781250
12.78369016
13.86206117
3.88204011
9.91048094
0.08634523
5.49787955
2.23258920
10.34501362
0.22742000
8.03592864
6.42615026
8.20474845
6.92761635
2.12311683
1.37301750
15.74308289
8.56250000
3.23002106
7.08002882
1.40479388
6.48213653
3.37093016
9.02791445
0.98376496
10.04323915
7.44894835
13.52852249
14.62141844
7.98014406
3.30541556
6.45239694
11.31778369
0.60950299
5.89668606
0.11271055
6.36385195
5.54443359
15.86010742
2.21093750
16.72643950
7.07824800
16.03774940
12.88326019
15.45406098
11.24910461
1.49312223
2.45503878
5.89868164
7.99047852
13.40039062
9.68261719
1.52893035
9.18839539
2.77180907
0.35022066
0.61995173
4.42960882
1.33451324
7.58105344
3.74560671
9.91646332
5.76908356
1.45650238
5.68359375
2.90820312
3.14798981
0.05910248
7.66401755
5.86556405
10.21427305
0.67484652
2.50195312
3.59330231
0.18794769
12.71023383
3.88742242
0.49316406
10.11323693
8.07554190
5.65497118
4.13281250
1.08152885
11.22314827
4.23482269
1.53804535
2.57031250
4.08984375
4.78049713
9.33765167
8.48002106
6.96557181
7.79569924
1.44128075
6.46858362
1.00390625
11.06290337
16.50240425
7.71699856
13.36743351
12.20353086
1.97660309
6.42289339
4.55859375
3.73543274
9.70499695
2.49759918
1.56197113
6.42053192
0.30456574
2.29252106
9.49820922
0.12382019
5.48181183
5.44486481
3.03515625
4.15669769
14.88052970
4.27087683
2.01167941
3.93700798
2.58642952
10.92285156
1.31693512
1.47798676
11.31302638
2.01314550
10.83040282
1.42838625
8.71504544
0.97945285
9.04431183
2.83984375
5.98888631
4.18254100
11.28995789
2.41406250
1.80192016
4.96272828
3.64843750
4.16316711
5.72980437
8.72579011
12.23950133
8.05647828
2.88806183
3.04947751
5.86263187
4.63671875
8.19531250
10.56599790
4.51753878
5.99072141
0.39205050
1.04785156
10.58146055
8.91585328
1.38631102
6.68896609
1.72733489
3.19889406
6.35156250
10.23091644
0.04278564
0.14672852
2.50585938
12.34248560
0.66988129
0.87581671
4.31205231
0.88960380
5.44971077
7.99654144
0.05967225
1.20779419
2.07767731
10.08504211
9.71529144
8.55904144
0.75390625
13.24341339
1.88378906
9.26287842
11.74334686
4.12634308
1.29580116
3.14453125
9.11193817
10.75541168
2.74654144
1.61071808
3.98437500
0.59521484
0.29150391
3.57861328
1.47082615
2.08007812
10.02254211
4.63370789
1.40527344
2.44726562
8.22566711
0.80391968
12.78925422
7.40951684
5.71919769
1.04695617
0.12897385
5.92923981
11.57192993
6.94689661
4.91878546
6.97113037
4.71439606
6.49263519
2.96679688
5.26517731
7.65791778
4.52217060
5.33232158
7.81473847
16.44502777
7.84330231
13.30904144
1.80078125
8.62500000
15.78816711
0.62158079
2.66251773
9.08158356
6.23347961
0.52091492
2.48872894
1.17382812
0.02111816
5.46048981
14.11283356
6.60546875
0.07926453
4.83438525
8.49459330
8.56599291
0.70463791
9.51562500
4.79687500
0.01409149
5.20312500
4.65332031
0.44848633
7.43314606
0.10921234
4.67578125
2.71484375
6.59375000
3.30228668
0.96028314
0.06750831
1.94238281
6.47945036
1.99906527
1.80468750
16.74758672
10.00440637
1.63256898
6.87544769
8.62500000
7.08548981
1.82857269
13.20147859
9.35193151
1.33613669
0.95683206
2.28755707
6.93045989
2.27587953
2.12951629
3.55257203
0.18212891
9.10847961
4.16105164
17.86926270
10.23656915
12.05970175
0.90544128
0.46993012
5.33805297
4.68147828
5.98649047
0.60628297
7.06852172
1.77380402
4.71875000
0.03728241
1.08256012
7.93883312
9.80335438
3.53560394
2.25602172
3.01741578
4.85355497
3.16207003
10.07812500
6.79687500
0.85595703
4.50390625
10.54687500
6.78125000
9.67097961
13.82599956
0.21110981
8.86320008
2.19531250
5.57031250
6.01127106
4.85546875
11.38130707
2.13297485
1.57751496
10.42968750
1.46626801
2.43359375
4.29687500
0.10982238
0.04496277
13.80725067
7.94794562
3.25851617
15.67232269
6.24039672
7.93972259
6.51592530
1.78755707
1.39152039
2.11930297
0.11421754
2.91992188
4.01293883
11.84554078
2.50089539
5.13281250
14.45312500
0.48685699
1.81933594
4.35591644
0.35428863
12.32031250
4.40144836
12.54040558
7.05737305
1.58593750
0.10713684
0.16644194
0.62894808
0.02764893
14.16874114
4.45625886
10.10847961
7.77734375
2.35831726
4.96651153
0.12198945
10.95519615
6.20406471
15.89960173
8.72094415
4.71578346
6.58939606
1.41788727
8.02433289
2.08638021
4.63822916
9.21260528
2.18192597
0.16434723
1.89888519
3.29937079
0.45038507
4.63627106
7.73213653
11.71060284
4.13493794
1.82120789
11.63281250
2.41963653
0.19120332
1.15136719
5.50781250
1.02283691
3.50765015
4.88846271
2.72774822
2.56518555
3.29882812
5.46223626
20.34513648
1.03625333
1.70292331
3.77583832
5.23604278
8.73852228
1.96444038
7.96919769
0.20117188
1.72460938
1.98368130
6.80904144
0.22998234
4.06986481
5.26711049
5.54990580
4.24788453
0.21997070
9.82377106
0.01776642
6.03544035
8.50142177
1.26225011
0.62325105
4.91894531
1.79394531
3.37845856
7.28607178
0.25296872
13.79622562
3.75585938
1.23677582
1.92187500
9.19095856
1.33569149
3.44897399
3.17916112
3.11718750
3.20117188
3.04089262
2.00793550
0.01707458
0.17009367
6.45414339
14.73046875
13.26562500
0.01728821
4.94095856
18.25435394
10.69317627
14.85156250
0.45975738
2.27335384
0.48539464
1.31835938
3.43443485
7.37415890
0.62992340
10.40523161
0.38672000
0.17472320
9.76997894
0.16101074
0.04602051
9.02844083
5.92936281
5.72143617
3.90628436
1.29435865
8.92968750
12.70951324
4.55904144
2.08007812
10.99129211
9.32850843
4.19349733
0.43299119
2.18750000
1.27288538
4.90271276
9.64843750
8.11706450
0.36149172
15.70840869
10.49471631
1.81197113
7.99564606
8.81673094
16.91027925
1.23828125
7.37988281
3.77329206
1.82684618
3.44877106
2.34810394
9.62935394
1.21679688
16.79740138
3.13602754
6.74633976
2.75675476
4.62019836
0.06813506
8.94454011
1.10278258
0.62329164
13.50537109
7.13183594
1.44433594
5.13281250
2.98498504
0.00976594
4.52276611
11.98437500
1.54101562
9.00268555
8.37410461
7.32678192
3.74930879
0.46293121
5.59228391
8.38037234
0.61617035
7.06595856
7.09515163
3.44539616
7.84887633
12.40797105
3.99198083
1.12130042
3.57364805
0.24275820
12.25633644
5.83741356
2.23242188
9.40974790
2.34912234
15.82975281
5.30423981
0.89742035
3.64195812
1.29330341
7.00614472
1.76953125
1.40559813
11.30737367
1.65714539
7.70222961
2.50870789
11.02526762
6.02356050
16.03710938
1.36726867
1.99503601
14.17879211
0.33097351
2.12304688
6.36673981
3.68798205
16.04203507
8.51518727
0.61914062
5.11283356
-0.00439316
13.25000000
2.10742188
0.01644897
1.54109493
3.22575077
4.49519836
7.60937500
10.42622894
15.04339600
1.08443207
16.00691711
2.74982769
2.97958333
0.33544922
11.13893729
2.41306404
3.64286347
8.43404144
1.29003906
0.82437985
0.55599124
11.80761719
5.07812500
3.13085938
5.04642731
0.19726562
0.48824066
4.15840419
2.89115636
10.71004211
0.15470398
2.50000000
12.49129211
0.87646360
0.33321261
13.86584442
6.80244903
9.17801972
4.36116578
3.40417387
0.61096285
6.76863586
2.81250000
5.58683289
4.13582336
4.37764185
5.64038397
10.20747894
7.38671875
0.27494262
0.21498658
0.59228516
2.91556793
6.99218750
0.01007599
2.94726562
5.89310699
8.70312500
7.41796875
0.78291840
1.69726562
17.66752106
1.22701019
0.62988281
8.77742243
7.32023382
9.40970856
4.49654144
2.39168274
3.60201019
5.60591644
0.17785645
5.98858600
0.75421154
13.13374848
4.74129211
5.97713258
15.63671875
14.89285351
9.03158466
0.15563996
8.20658356
9.93916778
4.30366911
3.84745456
16.23437500
0.08347564
5.96350067
1.72595246
0.82421875
3.73107879
10.42227837
3.79166999
4.73225953
3.62019836
2.89994293
17.76786347
4.31801756
9.09387300
9.42097961
2.18884308
0.01971436
5.72008810
11.07092752
8.90966797
1.24271637
4.54121918
4.33984375
3.75000000
11.23913232
0.46008643
14.98828125
4.92187500
0.74462891
1.15234375
7.82377106
1.06685394
6.52677305
1.80733340
4.32910156
4.94140625
4.53080231
8.36372894
5.80078125
5.05379211
15.26179992
3.51741578
9.69486481
4.03951019
3.73828125
4.69106162
5.06239693
13.66829344
0.35880617
16.13659575
3.61535738
6.11372894
3.06551086
11.20402039
10.65189606
6.05502129
0.97615539
0.01831086
5.78588867
0.99755859
18.06009918
30.03405544
18.57287816
4.69921875
0.82080078
5.06294769
0.56738281
2.13643340
9.18737700
6.39204801
3.53658300
11.12182617
8.59720856
18.87984223
5.58939606
3.03755707
6.69531250
11.95658356
14.11274491
7.30567154
10.36181516
10.01318484
9.12089020
4.89843750
3.11328125
10.89062500
0.24637848
3.85201019
0.32491059
5.95006608
7.51917220
5.08593750
13.71875000
4.94640958
4.63908023
6.89888519
1.49507536
3.95646055
6.11034907
6.85128213
7.84285461
1.05354859
3.25390625
5.44531250
0.15686035
0.07932494
6.30143063
4.86743351
10.93058289
0.71533203
10.87926530
6.72350732
4.01050864
2.39257812
11.81360870
11.90413204
9.00895390
11.93599457
14.32287567
1.36222351
11.76997894
8.16168108
1.60589704
12.13012633
4.72143617
1.43164062
1.55834961
7.32767731
0.10548920
4.60546875
9.92686288
5.62235815
1.06347656
13.19877106
2.74804688
0.47408051
16.95588985
12.84964872
4.82727393
17.21875000
7.53658020
5.57311918
6.27657136
12.76741578
2.97889233
7.47220856
0.59077973
1.17533356
8.47220856
14.45747894
3.34810394
7.91316711
6.64920989
0.10034273
3.07198028
0.22489472
6.56428081
8.57243794
1.12109375
8.48675090
0.88780141
4.34858849
