0.04508422
19.11507203
18.32096188
18.90560062
9.93750000
1.96582031
7.00032469
3.90836672
3.89469360
1.56526734
1.22265625
11.41829344
4.89030031
8.31314938
9.17686115
0.27414963
3.54101562
0.00373650
25.02200317
2.40657469
8.05647828
12.68619626
1.08219609
18.80143063
16.62662594
10.63215453
0.33016976
1.59765625
5.35969969
13.70312500
3.12272218
8.96875000
5.71484375
7.15087766
0.77343875
1.41056211
0.83357851
9.42187500
11.10937500
3.47558594
5.99218750
6.71875000
14.25781250
1.72460938
13.70930907
4.77701906
2.87890625
1.06347656
1.99934813
2.13053468
2.48046875
3.75813470
3.42643561
14.94775266
12.59055453
23.34179688
1.75585938
1.03222656
5.98046875
0.06597900
4.24218750
17.92187500
10.27017066
8.30697030
4.56258865
1.88956726
9.53906250
4.96516844
3.53125000
3.38444093
4.36328125
5.23761692
3.59246121
13.64062500
3.90178593
0.21930782
23.35677000
14.67426087
0.61838319
11.72496033
13.10823360
13.32860705
12.84831560
10.23452759
1.26904297
10.93033688
5.65771609
2.04085328
8.45360705
1.51904920
2.15820312
6.51594969
4.44498781
8.63102172
2.84814329
9.41307846
1.91049091
5.70800532
8.22296788
1.34684452
3.50781250
13.69497784
3.52108599
0.20312562
1.51171875
12.25113891
7.81931580
2.01133215
3.86491467
9.71712157
8.90625000
15.55436032
10.95800532
13.29703236
8.67758200
0.44107907
13.46810062
6.73046875
6.46875000
11.40290380
4.79296875
5.11328125
2.34765625
10.05110594
7.65983156
19.88102172
0.46712281
1.29703864
5.68775598
2.35546875
8.04003657
1.41894780
12.89062500
15.36571144
0.81592918
12.06770750
2.13671875
10.07058290
5.45703125
1.71484375
0.16491699
6.49218750
7.61783688
1.19270999
1.14550781
10.42187500
2.51928711
8.94173094
4.55826906
3.57617188
14.60058095
8.63086436
6.71646720
3.65071781
9.66264073
2.61372894
0.51806641
7.37320922
0.30550172
4.75455563
1.66927249
2.10546875
3.79296875
1.47656250
1.34765625
5.80864741
11.94930241
7.11848626
6.81901374
1.90527344
12.34439938
5.55794437
11.99055408
10.91406250
4.74772717
14.98681516
2.68896609
17.81867908
7.79997326
14.70800532
22.54459220
1.14681654
29.80126953
2.82617188
11.59097518
4.48714982
0.78079794
6.44112588
6.87711547
13.00911126
18.59245124
0.20882203
7.16943359
10.54931516
2.42740968
2.27718140
7.25941086
0.00836182
1.94531250
10.44270750
11.82877687
4.78515625
9.27075133
7.76342836
3.99435425
7.19140625
10.94173094
14.32176862
8.96371232
6.75325687
10.57031250
1.36230469
1.82421875
6.00520501
6.37370124
10.15625000
19.43001219
1.71484375
1.18131593
1.67480469
1.72981439
0.88737311
1.40917969
17.85268521
3.91243905
2.88217309
4.03873781
4.33203125
4.10156250
0.71337891
1.33886719
0.66406250
4.43961547
0.24777261
0.87120567
8.78320312
6.58300532
3.73958499
2.02506593
5.89062500
3.95898438
1.43847656
11.03125000
5.29003657
2.69596188
5.66276374
3.42936281
6.26562500
2.03059813
1.71451906
12.87500000
1.18391346
4.16569592
1.47656250
12.58235594
1.97135251
9.50293218
7.27668440
14.43067154
1.33561281
7.56461547
3.56656860
5.12076906
0.81103516
3.01757812
0.89453125
0.02615356
5.11718750
3.12695312
5.62597407
2.54590093
5.81250000
0.82356688
4.49141511
0.62984223
2.73242188
3.85546875
2.61328125
6.18342642
7.08263631
0.48003102
0.85318844
8.75716312
1.71484375
5.83984375
6.63671875
3.89341201
1.55678330
7.10546875
6.27331450
6.99231050
18.35656583
0.50720371
3.14648438
2.35937500
15.85042110
2.90739140
1.83398438
9.86360594
0.29337648
3.30859375
11.88346188
0.98567874
1.41210938
10.52343750
10.66210938
4.37500000
6.92578125
2.99023438
0.67919922
1.42990138
9.78722019
2.68164062
13.84016844
4.53841312
1.90299064
5.90462655
7.73258422
1.57111675
2.13868184
11.71252441
7.15185547
6.98014281
3.34817197
4.79687500
2.72460938
7.67187500
0.11828613
18.75129876
7.09927970
1.93457779
11.03710938
13.94173094
1.49479250
8.10644531
1.89453125
8.89225674
4.20312500
12.14843750
3.03515625
3.85742188
8.24218750
5.61914062
9.68879876
2.27018561
0.40599442
6.69921875
8.19173094
15.89420656
1.21386719
5.00032469
2.73014406
8.53548094
12.09699690
12.88314716
0.83333001
4.09668218
2.10514406
8.74218750
6.23828125
2.62695312
6.04882812
7.17968750
11.88118407
10.74479250
3.97314453
5.89453125
5.20393174
1.50114638
5.06250000
0.75585938
11.93750000
3.91739805
0.65633242
7.50813719
1.88639406
6.58203125
0.39737914
0.15291383
0.11541748
5.85888672
2.70166016
5.28125000
6.41764157
5.64420656
7.72526125
16.56250000
5.57812500
3.70344969
5.64811281
3.42382812
7.00000000
0.25366211
0.54524657
6.94889406
5.01171875
4.61328125
8.08593750
3.11767578
4.22265625
2.87890625
5.37451172
7.24609375
2.72265625
10.21516844
1.19498532
11.51920656
4.81591423
6.58097850
1.24112976
1.13427734
4.57617188
9.14713376
4.04296875
8.61295656
4.39257314
1.76725842
11.28125000
3.99023438
3.59863281
5.06640625
5.42578125
5.30859375
5.37500000
1.73144531
4.12890625
4.63691711
0.49926384
2.68603889
10.72298094
0.13773683
6.57421875
10.96875000
1.14453125
9.48437500
2.36718750
5.73469969
16.54719969
4.64453125
3.35091312
8.27343750
4.43359375
7.24283688
7.61263187
7.82258533
3.43522717
1.52343750
15.23030142
9.24821420
10.05344748
14.21608377
0.29666989
3.09310062
13.94433594
11.90786348
0.50229277
9.12695312
1.94466063
3.31022218
8.41048094
1.76432375
1.25195312
2.17610594
9.09297761
0.54243988
0.05771087
0.87483765
0.95786176
1.42464982
2.48600343
10.58593750
6.54296875
1.59472656
3.98469969
4.58951906
4.77343750
6.96679688
6.74641844
1.39257812
2.05631593
12.25423094
19.47233156
3.43750000
1.83886719
8.15299313
5.24413564
1.13542248
5.39444885
24.61943376
3.30533688
4.24544437
11.81802970
2.78353280
7.37694814
3.60352061
2.60742188
2.50976562
6.24609375
15.68586658
6.31510998
13.92578125
1.25911375
2.04069093
6.93359375
8.96875000
0.27490234
0.05221558
1.51074219
6.54638672
14.30110594
5.33463625
2.35188719
10.55647828
-0.01554320
1.25292969
16.64550781
1.70019531
23.50390625
15.83723626
4.04166999
21.96646720
8.37728280
1.16992188
5.76627438
6.99544437
2.73242188
1.73144531
16.75431149
11.53011234
7.90234375
0.11725279
1.71451906
10.30012190
6.07414007
0.45190990
1.51464844
41.64412352
11.69352297
2.70149657
2.06445312
11.08170656
0.08789062
3.09375000
5.72041778
0.36210176
2.22460938
14.06250000
16.63281250
8.60391401
14.13648271
7.95014850
2.30847822
7.23437500
0.20270626
10.16341312
3.98632812
6.85937500
0.91568844
3.32552249
6.52734375
0.96582031
9.11629211
0.18949402
0.79092884
0.69906139
1.54101562
1.89078735
1.71565797
8.75781250
7.69173094
1.95475343
0.27783203
7.38281250
4.24087877
0.67220717
0.10144043
5.77734375
0.59822560
1.07373421
2.27864749
12.67187500
3.39257812
10.41471188
12.25972628
0.68298371
7.52864251
3.06901374
1.77343750
8.17643063
3.20638187
3.11914062
10.33984375
8.01562500
7.46630859
6.78125000
1.13183594
3.89062500
9.71581782
2.19824468
4.75781250
4.60152098
1.43353096
6.55534685
4.12109375
5.54296875
10.16715204
2.31676125
3.16667996
2.28092531
2.95312500
9.64754211
0.03699768
4.72265625
2.37890625
1.25195312
0.01032257
8.10937500
4.20703125
3.02539062
1.53361511
3.95328735
6.88890435
2.74804688
6.66796875
9.00781250
0.53971188
-0.07926266
3.41210938
0.99251219
3.35384032
1.93489749
3.80078125
8.59375000
4.18359375
6.80891844
4.07193595
2.34961436
16.67675532
5.06933843
0.54248047
2.34341285
3.88217309
9.12312057
0.66789505
4.59149933
4.96630859
5.69921875
5.38281250
5.63671875
3.15625000
6.08593750
6.00244016
0.88053468
2.23421265
10.69877106
0.11061615
7.42578125
10.91796875
17.17339857
5.19796984
11.05947917
3.54598958
9.76383422
4.20882203
0.70035641
-0.08707516
4.47265127
2.49869626
4.25130873
6.05224609
7.18359375
3.14648438
5.52734375
0.08160400
0.70996094
8.41189274
0.91834773
1.35140015
5.73339844
20.56411597
5.39779809
4.01953125
12.47721188
3.75325687
9.45735594
7.04069093
5.49609375
12.81314938
4.29231937
0.26179930
5.36295656
4.98046875
3.56640625
6.13012633
0.20849672
10.27766844
16.23730220
1.33952155
15.40364251
2.13932624
3.09179688
1.80468750
14.64257812
11.14973626
11.37370124
1.90429688
21.03938719
4.57780031
2.81250000
15.31729977
6.59732159
2.51140403
12.04687500
18.84179688
4.79687500
1.00512197
2.84798592
1.81901125
1.40234375
2.22070312
15.13704344
6.54719969
0.77132328
7.47851562
7.55305657
2.16081061
8.99641844
10.52343750
6.24901596
9.06348404
2.80859375
2.90592531
3.01562500
4.22298094
13.86085085
0.80360413
9.30175532
15.01025266
1.45068733
6.19921875
9.81301880
8.73860594
3.30240968
3.36718750
3.90039062
13.50423094
8.86206117
1.14924113
5.41195700
1.71907469
4.44921875
9.55045656
8.14908688
1.91536624
6.30728502
5.13997811
1.92676030
7.56314938
16.00716312
13.62109375
3.35384032
14.01253935
4.56575687
6.43001219
16.76920656
0.60620055
0.50415101
11.62239500
4.15656472
6.47624778
2.45084718
2.25781250
3.42968750
5.46484375
0.09960938
2.61961395
2.39259308
10.90851286
2.50164339
0.92264645
9.45247562
3.47656250
11.00454566
6.26107934
0.06137085
15.25256935
7.46192154
12.25423094
13.73762938
1.99544437
2.71712157
4.92155031
6.78971188
18.92940433
15.63704344
20.18270251
1.64763076
2.62695312
10.99641844
0.14213136
8.43108677
0.59620262
9.32552763
1.65917969
3.43131593
4.69140625
9.59375000
12.82633422
0.22884156
13.17610594
1.68815187
14.60937500
15.71158688
2.54817874
22.14273050
14.46664450
0.39599609
23.48167993
15.92424200
2.19531250
5.83984375
5.15625000
3.78385251
4.61653812
6.78548094
4.99967531
6.78906250
0.05059814
5.51626441
3.88998559
12.73238035
17.10384032
1.84700687
3.17773438
9.42968750
4.32063719
7.85197622
3.39997690
3.99576906
10.03458555
0.19498781
1.44034851
14.76741329
17.97640015
6.27701906
8.47233156
3.49414062
1.45703125
6.23111813
17.01088210
5.37730274
1.43245484
8.21777344
6.10937500
10.20312500
13.68033688
3.11295656
11.74218750
1.85807375
2.24072141
0.32837039
1.05566406
3.79882812
4.87500000
4.53125000
15.68228502
7.22396498
0.89160156
10.71695922
1.08479859
15.29492188
9.41071013
6.59148714
4.83984375
12.79817625
35.49348626
8.44401374
8.53483156
15.27766844
2.14420656
16.11425532
7.25430962
0.13045850
37.44140625
4.16015625
2.04101562
8.43750000
2.72460938
0.92318726
10.06070922
4.24788453
18.45800532
3.07910405
12.10937500
2.72851562
22.79429400
15.96615248
3.65755374
20.20312500
7.20703125
12.85156250
7.33203125
8.51562500
21.03742908
20.73665780
1.97395999
2.67610594
6.35221188
8.19824468
6.46484375
5.56835938
8.64062500
2.97851562
5.94954344
18.71039669
1.88183843
13.85579344
8.64956893
5.74886857
5.86686281
17.84732658
5.34993905
25.07843972
9.05437278
14.51855469
4.48437500
9.54687500
6.23860594
3.85514406
5.32421875
4.19173094
12.20310506
5.12892619
0.88102297
1.89941406
10.42610594
2.07877687
5.05891844
19.66113032
13.53060062
11.21239362
18.59156146
7.93424313
4.06185062
19.78125000
13.64062500
8.96402704
2.30159796
4.70539285
16.85765293
6.17328235
11.79394282
8.86230718
16.71875000
11.29329344
8.19889406
4.23437500
0.34057617
14.83414672
2.58007065
2.48714982
5.69921875
4.83504211
1.52563414
7.35578846
9.23958998
14.22183954
16.75114140
3.82584718
3.67382812
7.10156250
4.74706782
6.30761968
0.22206619
2.45667879
4.08008311
1.57312254
3.45475343
11.55468750
7.48437500
1.62207031
3.00585938
17.25000000
0.44335938
3.12727782
8.94889406
18.54687500
8.50781250
7.79329344
9.89094969
2.44466312
15.22102782
0.51188234
1.47070312
9.04882314
3.41211436
4.03906250
14.25781250
0.63525391
0.47045898
12.35123283
13.68782967
1.26692625
1.71744875
5.44531250
7.06250000
24.65266844
6.86507203
2.75765015
1.94238281
12.32315000
11.69157358
2.32554742
4.06640625
6.94335938
9.32161001
2.05680795
5.24218252
12.53394053
4.10546875
1.40071532
6.63117908
4.98257284
6.42643063
18.69466312
4.32421875
7.82942376
9.09245124
7.43912345
3.35970467
10.23279660
3.99642093
14.18228502
6.17643063
3.65300310
4.03515625
5.17578125
1.06542969
6.57812500
2.62337157
12.42773438
4.48437500
2.85285129
7.79526152
0.56306758
2.24650273
7.88085938
0.81201172
8.78336547
5.07078957
2.39639190
16.32454344
1.95475343
6.87109375
15.16829344
14.62858156
0.78125000
0.19201660
1.63434543
17.74045101
2.46382660
26.39920895
2.45247562
4.58658688
5.74935062
2.62239500
3.00748781
4.82833254
8.03157469
7.55045656
0.96435547
1.30273438
4.37109375
5.85188719
0.68977782
0.09432132
1.50846188
2.78184250
1.95780640
9.38281250
3.14453125
0.55501219
2.09147218
11.32454344
12.09342531
9.62500000
2.34781860
1.04085328
6.52734375
1.84179688
12.68814938
0.70149906
5.03938719
9.37792969
8.42350343
13.65819814
19.87140391
5.66015625
1.68261719
4.99804688
4.78906250
5.32128906
3.60351562
4.22265625
14.80142066
25.22592309
8.38004391
7.49349124
3.67122064
6.55338874
0.15747070
0.52148438
4.71679688
2.90234375
0.03479004
3.01171875
9.00227782
13.49218750
0.59879640
8.17382812
3.15429688
15.57421875
11.41406250
1.19628906
1.77539062
2.93846909
1.72851812
4.02930186
3.79313110
0.22318481
3.31005486
1.49821420
3.33984375
1.17654221
10.65490705
0.69694592
4.92968750
13.29101064
14.12524913
7.14697266
8.65038564
4.96680186
4.61718750
10.81640625
9.35058594
13.25781250
1.44433594
12.14843750
0.87288328
14.30859375
7.26530031
9.59798094
3.22819093
10.51822252
5.66471188
5.49886857
1.22835328
8.38605940
1.80144060
4.53515625
2.28710938
3.58203125
8.75423094
7.78873781
4.13492797
4.12679078
2.08577391
13.57742265
12.62500000
0.97998047
12.88281250
3.85742188
8.27343750
2.60351562
13.57031250
10.02831782
6.54914783
5.80925310
9.40625000
1.30957031
8.22298094
17.74966534
2.58594747
0.21643066
5.16613365
0.23230385
1.91796875
7.39094969
5.64811281
4.23079344
7.57486813
9.17187500
1.44238530
7.01562500
11.65104001
2.98567874
11.01562500
1.49511719
0.56787109
6.95572252
3.69662123
3.71679688
4.95703125
1.74023188
13.28222905
11.45117848
8.27278812
6.65625000
4.21484375
7.51464844
10.78125000
0.51065915
10.44905142
0.64209607
7.72656250
0.64729735
7.17740968
3.51171875
0.04962158
5.32812500
0.62011719
6.47442627
5.93359375
0.51367188
2.20751953
6.00781250
6.37500000
10.75330734
4.14453125
2.33007812
4.04328846
9.08056516
12.12842420
0.83203125
2.36686281
6.86213350
8.13609376
4.71156249
4.61718750
4.53046417
12.48668715
8.89420656
10.33984375
4.31675999
10.17122562
1.16406250
9.89355469
8.39485594
6.39593584
5.77561447
0.93033190
0.85189467
5.42187500
2.44921875
5.06673094
3.71549562
3.00976562
12.35579344
8.68814938
8.98990470
1.72005873
7.11328125
7.02734375
10.96093750
13.20278931
5.44140625
4.62500000
1.61132812
13.59765625
0.97363281
12.66406250
12.54329344
7.16764406
0.66064453
5.76562500
0.41800871
0.19258699
0.20690918
4.78287345
3.33626717
6.20312500
6.33398438
5.60672599
8.26790780
2.05664062
4.06331297
8.14518312
16.01367188
6.47330563
2.22720690
5.39984116
2.51953125
16.75358156
6.36751219
5.79492188
3.34862035
4.17839871
5.37500000
2.01724845
15.58297096
0.42818145
1.87369875
5.71582031
3.99609375
8.12629876
3.51823249
3.97851562
13.33235594
2.12272218
0.56445312
10.63704344
3.09342531
5.16861813
14.31966312
5.84375000
13.82031250
4.53287345
3.63900155
5.18318041
7.18929078
0.23299756
6.37500000
6.31640625
10.72656250
3.09960938
0.89160156
2.80419922
14.15429688
13.33021927
5.56835938
14.40429688
8.24414062
12.70703125
1.04785156
9.05548427
13.83969636
3.10533439
14.91198441
14.25000000
7.81640625
2.99804688
13.13867188
1.77098648
7.45638187
2.42968750
13.79687500
5.48990470
14.60189217
13.50317383
2.01562500
6.85188719
2.60123781
1.40136719
5.48242188
9.01367188
6.91601562
0.89550781
4.77474666
3.91116023
12.01562500
4.34130859
5.24938965
13.26985594
2.22265625
0.91634032
4.80013187
7.39843750
7.24218750
3.99023438
5.33184897
24.67010416
2.18115234
8.25781250
7.66406250
2.12011470
2.49316655
6.49161680
2.69002382
12.07663822
6.50390625
8.19921875
6.11995235
1.14371952
1.46484375
4.18001219
2.14615968
5.14062500
1.54872492
2.66195700
2.67773438
11.82031250
8.42902815
4.82487810
2.11328125
1.72290039
1.59863281
6.64843750
3.21875000
0.47241211
12.84765625
6.71126219
3.67381317
6.09148714
0.81640625
8.92252438
0.20003421
18.76204344
0.53202394
6.89062500
4.04146481
14.61718750
4.26562500
6.63696289
7.05597629
0.61003933
3.13671875
15.43750000
11.17187500
0.00402451
9.94173094
1.00675539
10.14062500
3.63509032
2.40592531
4.43456782
2.57910405
2.34375000
11.33430408
1.54655529
0.99121094
7.25390625
9.53417221
17.54936042
6.04134530
2.27148438
6.25617908
7.48307873
13.47656250
6.53857048
2.29346077
3.80468750
4.19010251
6.26497562
10.71939938
5.76497562
1.48632812
6.84569814
2.42252936
1.76790531
2.04049683
9.25552970
3.02054735
5.21754954
7.23437500
2.16406250
5.78515625
3.23339844
5.40266844
5.27701906
1.69042969
6.24055907
0.18033688
3.15592531
6.22233156
7.71093750
19.27180408
5.98600842
1.96582031
15.61132812
3.99609375
2.87337157
7.84342531
7.83203125
15.22566711
0.65698180
5.00358156
7.75292720
2.69433843
2.03125000
4.75781250
16.02408688
15.77278812
5.99609375
0.18054199
3.51171875
14.30110594
23.06575189
1.46842780
3.92936281
5.39843750
3.48242188
17.15006095
4.83040780
6.45703125
16.88281250
14.68652344
0.92415282
8.16145501
0.83236092
1.44726562
8.68125241
24.79687500
7.88383089
2.72550508
7.41796875
15.51985594
1.15983156
7.73730469
11.76383422
3.20489584
12.32716090
12.70410904
5.21875000
1.06152344
22.29483821
0.20540593
0.84375000
17.36098848
1.14877714
10.06621898
3.57440602
7.26562500
8.67610594
8.70442376
3.35384530
3.21142329
3.33301030
5.33984375
0.27164547
8.46028812
1.51562500
5.79050299
5.69108156
3.34765625
3.78710938
0.34423828
6.22004706
2.26367188
3.67968750
7.31982422
11.75781250
4.13281250
6.93538328
12.20963625
11.33984375
3.36914062
2.96093750
3.70898438
4.99194336
0.85107422
2.02148438
9.87923094
11.31217531
7.13281250
8.33593750
6.44173094
7.02595946
14.11702640
3.31640625
12.99283688
12.98372562
3.43424313
1.95084718
4.09733156
10.43098626
31.90289842
10.31862141
22.55612368
10.38298980
4.74627105
1.32812500
19.98079344
7.86686281
6.40299313
5.70247562
3.88281250
4.23828125
3.54492188
1.81194305
2.03515625
0.50244141
5.80468750
12.74641844
3.99804688
2.01530031
1.27343750
19.56705563
1.96435671
2.39241578
6.60937500
0.00251007
7.70995346
11.84473404
0.79493365
0.12927308
11.14875222
2.69043716
3.92838874
11.02343750
3.47460938
2.43554688
8.27896720
4.46712655
5.36328125
0.09460112
0.70524172
7.64843750
2.85937500
3.31835938
3.00455065
4.25521498
5.36164783
4.93913342
13.24201020
4.44158355
10.03906250
5.21484375
3.31835938
3.19173094
2.18522218
4.07812500
2.62857907
10.65201906
2.75227782
19.04947252
4.34896498
4.20247562
3.80664062
14.16406250
3.64843750
8.79687500
0.08660889
6.16406250
4.03906250
4.03592682
0.49782805
7.95133422
2.71289561
5.75390625
0.09161707
2.82975343
2.51953125
4.51334220
1.78548592
12.05663564
0.97884530
0.09806398
7.41796875
1.11677229
2.10417497
10.43814938
0.94856937
2.18750000
5.83984375
16.72493407
7.07421875
7.28092531
5.42968750
7.46875000
6.65625000
10.96516844
11.96649507
0.06149292
1.82324219
5.10937500
0.28511473
3.19889406
11.55891844
1.91422609
9.23860594
0.64851556
1.59017342
8.48079344
11.65804078
0.33943726
3.91992188
5.86718750
4.08984375
12.58723626
6.13720952
12.23795656
0.90673828
6.44140625
3.90814162
0.15692185
2.42968750
0.00152588
1.64424559
12.14062500
9.05110594
1.49935062
2.04882812
13.41048094
4.86718750
1.79655031
3.73437500
7.43456782
13.16341312
12.50080674
6.69027482
12.74218750
3.99552305
5.94978945
12.84943706
9.54997700
4.77734375
2.80891844
6.78092531
15.91406250
19.97949219
4.76985594
2.66373781
6.12564938
0.90853031
15.53971188
3.32161624
12.23209220
3.81087655
3.28515625
6.67805408
8.26009530
17.82306738
14.47282358
3.92480220
3.65561059
2.07421875
5.77407691
5.05404809
10.28546100
8.59149212
9.11360594
17.04329344
7.53841312
1.07421875
0.01016235
0.13854980
0.06628418
9.07031250
10.77343750
11.39843750
2.10513908
10.57650155
5.50423094
11.35937500
16.52897218
3.12695312
8.24218750
3.83203125
12.90234375
13.03125000
0.79508297
6.01497562
5.13313719
4.85545878
7.20281028
1.79101562
9.37824690
2.84050310
16.60579344
11.06803468
2.93359375
0.08837891
0.54333379
12.38509530
1.80729250
10.28548094
1.81998532
2.70767565
4.05892841
1.31738281
0.11761475
2.99837157
2.31998781
7.90836547
1.42757203
0.50390625
2.39062500
0.89599609
4.48437500
1.51236813
9.02278812
9.91406250
3.08203125
5.55468750
0.05163574
5.38191711
0.92846493
4.93082890
10.92296600
2.56510251
5.79264406
2.22623781
14.05468750
4.62564938
5.95247562
5.83593750
5.57486813
2.65364749
4.34375000
11.25109863
0.09454346
7.47298094
0.98893312
4.33203125
6.73046875
4.09375000
4.47265625
10.76562500
2.99975586
2.68001219
8.98014406
0.59944578
4.46842531
5.52376219
0.11552004
15.39843750
8.55468750
7.09439938
2.97591312
7.46516844
2.33561281
8.76464844
3.61914062
15.58837891
11.01204344
6.33951906
3.28906250
5.82454344
8.25000000
2.26757812
6.16373781
7.07844969
2.17171265
18.09554078
0.06610107
5.47656250
4.36718750
2.46939938
0.96549562
9.90201906
7.18391844
8.01139406
3.51953125
1.43977782
7.23014406
6.53125000
4.53125000
0.00287247
4.58789062
16.69986813
2.41536624
3.85156250
1.09049313
5.46451906
1.41406250
10.35221188
1.71777593
1.47558594
10.34375000
5.25038619
0.29937697
2.81022218
4.43945312
5.91015625
6.77441157
2.07552249
4.96875000
4.94498781
4.63574219
2.15429688
3.05664062
5.98079344
2.47037843
4.17219969
3.98014406
3.65134725
4.93165558
4.93945811
0.30867430
0.93391969
1.17995240
3.72460938
11.57812500
5.44117704
0.59179812
2.52115968
2.42382812
13.72656250
0.02529907
0.16817137
11.55647828
0.56087281
3.77343750
3.24414062
0.04687500
2.39274047
0.75325313
6.70247562
3.68326906
0.67773438
7.46875000
3.09407469
3.77897218
4.14453125
4.91438719
3.56998781
6.85937500
5.08169659
10.67220966
10.66048094
0.74674562
4.46223626
2.91113530
14.98437500
4.28873781
11.98502438
6.28841312
10.25602172
0.21199586
2.86132812
6.05305408
9.18913342
18.98469969
1.17838625
2.79882812
13.89587278
0.56543093
4.66438719
0.72989493
2.13281748
12.10156250
6.76660156
25.27538564
3.58008311
9.64127438
1.87044437
4.28906250
14.39453125
6.30468750
4.07812500
1.47265625
6.22656250
15.93750000
8.91015625
1.12011719
7.77164672
0.83030197
1.43548288
6.17122562
-0.06076901
12.93481445
10.23079344
14.52726320
8.37923094
1.91894531
2.18522218
2.01562500
16.40429688
3.04329344
2.15592531
1.84016844
8.08951906
5.12890625
7.26985594
7.17283910
4.40105496
3.98469969
7.67936281
10.74462766
10.50537234
4.00390625
3.64843750
11.59340000
5.21093750
9.92610594
0.96256593
6.69531250
5.15625000
5.44335439
8.39453623
5.52734375
11.83593750
0.51513672
11.37500000
16.41898434
9.79264406
0.93896484
5.01953125
5.98502438
9.92968999
6.37923094
3.67155031
14.21516844
10.33235594
8.26562500
4.05013187
2.18164062
12.08430408
3.84928967
1.45117188
3.16992188
1.71539307
6.50781250
11.76383422
0.62532594
7.99641844
5.30924313
4.27636968
1.17968750
16.47493407
5.78092531
11.34195922
3.42333611
6.33040780
10.91406250
3.63856506
8.40625000
6.93750000
18.19693595
3.31673592
15.79687500
10.70735594
1.18945312
14.78474976
8.61116578
6.31347656
10.43164062
3.66015625
15.39843750
8.17968750
4.29492188
15.50064938
1.73698000
22.15201906
8.64062500
4.73828125
2.25618407
7.62467531
5.31673094
5.92936281
8.46093750
10.00064938
1.59505125
0.35840093
2.88509032
3.19905640
2.87679078
33.68003126
18.74006206
14.12680075
9.29036126
13.27604499
6.73469969
0.76074219
2.51790282
7.49064273
13.57316101
12.69140625
4.54687500
2.66406250
21.32098389
9.02175976
4.81417774
2.46484375
2.25781250
9.64485594
2.51530031
3.12304688
12.28189938
7.52197141
6.82503546
7.20800532
4.78027593
2.28710938
16.47851064
8.20898936
10.14485594
1.38281250
5.37076906
4.25781250
3.37304688
12.22721188
8.34016844
5.85091312
15.61114584
6.51743572
3.83677673
7.41715204
4.12667120
15.86799424
13.79606826
5.45312500
7.04329344
0.92545656
14.97965204
2.87320424
3.76270279
14.25722841
13.04329344
21.66178468
9.30468750
0.03314209
3.98632812
5.39013672
5.59765625
1.89094969
1.47233156
15.98539734
2.29589844
10.77343750
2.85937500
20.90038564
7.25195811
2.94140625
12.39062500
10.16829344
19.56217531
1.34309813
7.95312500
1.78320312
2.22623781
8.56250000
0.45060055
1.35384281
2.33593750
2.45442127
1.56218029
8.78816711
0.54874695
5.50878906
9.33398438
6.83593750
9.14843750
1.71028563
8.22134752
9.90505707
0.95212814
1.98632812
9.36360594
3.73046875
12.57812500
16.53532803
0.19150487
8.32812500
1.68652344
11.96875000
8.02537567
7.07830230
9.53304078
7.93684813
4.29687500
4.94108156
12.25423094
5.91764406
11.15625000
0.58935298
2.46582280
14.86360594
8.52506593
11.27343750
6.28466797
3.38118407
5.31217531
5.96093750
15.34375000
12.04134032
13.47233156
6.46516844
1.47526125
2.83398438
5.01953125
11.02343750
8.01562500
4.86783688
4.03450687
13.24641844
2.95084718
2.01430630
7.24773714
8.11295656
3.67382812
1.64941406
10.89664672
1.86572141
1.60286624
7.02811614
1.38594636
9.06184813
3.46647218
8.60937500
8.96093750
3.91601562
3.93326408
2.22493905
3.13996565
3.16472185
3.77343750
11.44954344
8.01741578
4.16975953
20.40429688
12.06964318
20.39290780
11.56511746
9.56770750
6.10872562
2.63671875
7.95735594
1.41862062
13.96886709
18.19336436
2.44531250
1.30273438
4.29947252
5.87272717
3.92936281
7.54687500
0.10675049
8.73437500
14.64485594
1.44791750
11.48502438
1.81901125
12.27482179
1.46777344
2.66210938
8.49641844
3.50016235
5.65771609
5.92187500
2.92415282
14.30045656
5.63691533
9.21875000
0.19177246
7.22091484
14.85742950
11.58593750
13.33235594
9.22233156
6.66048094
2.69889406
3.26367188
3.68554688
0.10644531
17.77392578
13.94679972
11.04882812
4.29264406
10.16048094
7.58561281
1.98925781
1.26692625
4.85905031
4.14843750
12.78125000
6.09179688
4.95312500
3.50887024
1.35131774
10.63639406
2.12304688
10.14062500
2.21484375
2.22509766
6.00032469
5.23405031
13.93391844
2.16178468
2.15429688
9.75781250
2.29882812
14.08007314
0.58301280
16.64453125
2.25569578
5.17545656
11.85579344
1.18700923
7.74870124
3.69140625
7.31070922
5.01253297
7.85546875
4.45449746
0.23202598
10.52343750
12.86848626
8.80761968
0.51334718
10.81135860
4.82243046
7.37109375
5.53645501
4.20084968
1.94531250
8.12410461
0.99479187
3.83789062
13.15266844
7.21451906
3.98632812
10.82812500
12.07421875
16.59146720
23.22443208
5.23683510
3.16210938
3.68945312
0.81640625
11.00911126
2.27213874
11.74218750
5.07145141
6.27740266
3.51367188
8.28515625
5.06250000
4.26204344
2.07356688
3.10872562
3.80305907
19.73209718
4.66438719
20.67643312
7.46031761
0.36652609
10.19889406
4.64642191
4.93912345
6.52235431
3.13688110
0.25164670
4.50000000
1.64876468
4.01000977
5.61197751
4.24967531
7.65787843
9.00781250
2.65348141
3.16764406
7.76139406
4.87500000
0.00774384
1.00309079
4.99186281
7.10514406
10.29101064
1.95508311
3.86328125
2.67543911
3.97624778
3.95508311
5.79296875
0.31803468
0.62255859
1.82196045
9.93359375
3.40233877
10.55273936
6.00000000
3.93164062
0.72216797
0.93261719
1.67773438
2.76953125
4.00064938
2.19498781
17.17675532
5.57792331
0.26306308
5.26040504
1.99740746
0.37166258
5.65592531
3.81054688
10.55110594
0.57958984
0.59049562
8.87500000
5.53645501
0.99967780
0.50585938
2.92088847
2.56055684
4.91048094
8.56705812
6.89843750
1.05957031
5.24251219
4.34798094
1.12923343
2.82926699
2.58170656
2.21679688
1.27323395
0.41353363
4.36473737
2.44776263
1.94140625
2.40625000
5.50781250
4.26171875
3.81445312
5.02896720
5.94368905
4.16406250
8.94367908
13.09439938
10.67285904
1.08691406
4.75390625
4.29938886
0.72111896
3.72525876
5.98763187
3.41796875
3.75390625
9.36718750
0.62109375
17.90396720
3.37532967
5.93359375
0.90673579
6.06966312
7.69802049
6.84798094
11.31135860
0.36800421
19.34455674
15.87061170
4.33203125
3.13639406
6.94173094
3.01530031
1.06347656
9.91697474
11.83497838
4.89843750
10.95312500
10.11360594
2.32975343
16.00423094
15.00064938
3.26302249
9.34733156
3.01562500
9.89908688
3.20784671
7.24283688
13.59130984
0.96175172
11.57226064
1.88297983
3.06893899
1.03972348
3.65658466
10.00000000
5.68750000
7.78449690
6.96371232
1.07307984
8.78189938
1.65168939
6.01758311
0.69873047
1.57910156
5.88313719
7.80045656
7.74901596
3.74707779
2.18945312
1.57714844
1.95019531
3.79492188
1.04841292
1.85449966
11.77766844
9.27278812
1.96256344
2.31380374
11.30175532
3.79296875
0.17822515
9.73728724
1.82911901
10.54025269
2.53125000
4.47265625
8.71004211
0.68058289
5.78548094
11.44238032
4.09635749
2.19400876
14.65983156
2.76334718
7.28515625
1.46093750
0.10474058
3.35905031
5.40021831
1.12623005
2.38755253
8.29949246
1.21484375
1.92187500
10.93750000
3.31445312
2.13769033
2.07031748
11.17187500
4.36328125
1.29711914
4.64062500
1.12500000
11.64062500
2.33789062
1.75000000
4.05369848
3.44434840
2.17773438
3.22192383
8.25246811
0.13874480
5.67968750
10.94108156
3.70637938
13.19954344
6.82454593
1.37304688
8.53308964
0.12979126
8.93033688
5.24621675
0.22603426
3.29687500
8.70279034
5.15853778
1.89876219
7.07690492
0.62410087
2.60384530
15.20377438
8.51692874
7.71484375
4.36328125
2.94824219
2.24023438
3.06087157
8.14875222
5.31576684
1.95703125
0.61116204
0.02262702
5.93499756
1.98486328
4.93204117
0.42928109
7.23698249
6.46875000
7.07421875
0.01736450
10.56250000
2.31250000
13.80777704
2.92550947
0.26793419
3.91601562
0.91292235
6.77311281
5.88476064
8.82617686
8.95058104
1.65494875
1.33317016
16.34863032
7.11670046
6.62044437
7.19905853
2.96761119
5.06447805
2.47493407
2.54850343
3.02343750
7.02343750
2.84765625
8.60937500
0.16076660
0.02323914
0.11969420
8.90201906
1.55859375
5.53906250
5.11034907
6.93261968
1.64550781
1.84830563
5.20638187
5.39843750
1.86295158
0.57552499
7.42578125
2.32226562
9.49006206
8.03337544
14.80110594
3.25162843
1.77832031
10.15266844
12.91829344
2.63248781
2.28678468
0.34667969
13.51383422
5.26350953
6.86328125
5.06250000
4.88671875
16.24707031
2.94693595
0.66341561
1.62890625
9.78644504
3.63575465
3.81803468
11.84375000
1.62402344
1.58361816
15.34306697
17.92695256
11.81250000
1.34082031
3.10579344
14.40331782
2.55289174
8.67041888
3.79296875
11.71466064
9.67944336
5.32031250
11.23591977
5.55314273
7.76024269
4.95460106
11.34507751
14.14550532
2.95276128
8.75618407
3.94108156
15.38281250
18.26025266
0.65039187
1.98535156
7.48437500
3.92578125
6.37890625
1.23062486
11.10319592
15.37076906
3.28319814
8.16992686
3.86328125
1.43212143
5.42676529
7.52734375
17.70540282
6.72102782
4.14388187
15.85188719
19.67675532
14.67480718
6.86490470
2.75586436
3.13085938
5.78157469
2.70019531
0.54101064
15.59603280
8.37679078
1.38655640
14.49218750
1.94824219
3.14648438
13.55533688
11.26204344
11.73633062
10.00781250
9.48697252
11.47306959
7.23738586
16.82991578
2.48502438
4.42513187
6.85937500
10.16406250
3.31640625
2.35774657
5.05647828
8.68147828
1.10253906
2.69335938
13.67968750
0.16162109
1.68457031
12.70019282
0.82812749
9.55098516
0.89486092
12.08919188
2.42740968
13.36718750
4.64453125
0.60839844
7.43456782
5.19433843
8.56314938
0.88517398
0.63566101
1.47037649
12.79329344
2.31998781
8.37052305
0.19539492
11.78103835
0.32833665
5.35518625
2.44695589
9.31802970
12.26676640
7.14567265
7.00602172
0.38566039
1.46696047
1.75781250
12.29687500
4.00000000
9.28254876
7.28125000
3.71354499
4.60937500
0.64062500
8.07812500
1.83886470
3.27636968
11.46093750
5.90657469
13.01562500
9.71451906
12.39843750
17.23103260
6.31022717
13.90625000
5.78417720
11.51855718
3.72460938
0.00485992
19.03906250
9.13281250
2.55078125
1.62597656
9.01985594
5.28483156
3.36132812
0.20161864
1.72623781
2.18945312
17.35937500
16.29329344
0.66227297
2.74023438
6.67284907
6.45996343
1.19531250
4.77734375
6.47639517
0.11491342
6.91015625
8.11360594
13.57942376
3.84993905
6.13671875
6.83593252
8.34033702
6.22656250
16.59375000
8.28125000
6.15266844
4.68717531
11.55468750
2.22070312
1.71777344
9.23437500
1.36946532
2.20280031
8.87988032
3.57356937
7.66373781
13.60221188
3.25520999
5.62890625
0.93066406
8.62417955
2.12240248
3.93098128
2.63933122
1.47070312
12.95312500
3.45555270
0.66847074
1.61425781
5.73518299
6.62695811
2.05631593
0.67041016
2.53906250
10.45312500
16.61783688
9.50537234
0.47407833
12.89778812
1.70768312
9.03906250
15.64485594
7.74706782
1.22819343
7.36718750
6.43530273
13.78515625
5.10156250
7.93391844
14.91536126
4.80697030
3.61718750
3.24055408
4.87695811
6.44889406
14.91471188
4.02669437
5.41406250
0.69873047
0.11035156
3.22265625
8.19531250
6.47770016
18.27408688
10.97526374
13.00976562
7.37402344
4.20312500
2.01757812
6.96434176
5.69386136
2.58593750
1.90625000
7.37532469
1.53873781
1.30696532
0.91577211
0.41642273
2.31656735
10.40331782
2.75032967
4.60156250
10.11783688
10.76497562
10.13476064
13.49414561
2.30078125
1.26757812
25.55468750
1.66406250
16.80631344
3.36653812
9.39062500
2.25585688
2.63379155
9.95312500
12.54817376
11.36295656
2.85254155
0.09014893
2.18359375
0.93994141
6.23860594
1.51745605
4.88281250
16.53417221
4.93034685
0.92773438
4.70703125
6.40657469
17.14062500
7.58561281
4.98046875
5.96638852
1.05900210
1.71289062
11.70312500
5.41015625
1.74316406
12.80761719
4.60335203
8.46093750
8.78906250
9.86588625
9.82633422
0.76350953
8.40641110
7.64712877
1.70573747
10.11750222
3.96062278
16.12775488
8.96013574
6.32812500
6.04719969
3.83170656
2.14257812
6.08203125
0.90852782
4.07780031
9.84798094
9.33170656
2.77962157
7.77701906
3.43554688
6.53840315
49.09278091
7.98795656
3.31445312
6.82063719
18.53290367
10.13899158
8.77572030
6.27201573
5.37154144
12.92968750
2.33789062
5.21907469
21.04459220
3.29164892
20.06074358
9.95377438
11.35905529
4.54915780
7.75032469
9.45094476
2.91829842
5.38671875
3.84570312
4.80859375
5.12890625
1.97656250
14.13769282
12.68359375
6.03626475
6.94550774
7.64062500
7.38443595
10.91211436
5.02734375
12.17296263
18.75032469
3.60677249
7.96484375
19.07222410
5.73014406
7.47330563
11.18928535
4.76953125
21.56588745
11.18229001
3.95312500
6.35546875
0.94173343
1.70312500
11.40266844
23.73014406
9.55468750
3.42382812
12.43018943
-0.40781242
10.28189938
7.09700687
0.41625977
17.33430907
5.32456545
3.37500000
11.70312500
1.90332031
1.72558594
4.27155309
1.87883754
7.31662838
4.04231937
2.48437500
15.62727782
3.14953613
3.40397218
8.73860594
4.73405031
11.62109375
6.32812500
8.51204344
45.80240968
3.45419312
5.92399047
11.18570922
6.37532469
16.63834220
2.54199717
13.55110594
12.43049196
2.71516844
7.25716312
2.21093750
4.08984375
9.17968750
6.91048094
0.59391359
5.41406250
15.36490470
7.77750111
2.06071919
0.91503906
13.96875000
21.29719471
10.62305186
3.90006593
10.93944814
2.84603280
4.33316268
5.47811724
0.86564148
24.05346680
8.57031250
4.49609375
7.83235594
13.12076906
3.00976562
5.36718750
19.40625000
4.93750000
10.32454344
5.81803468
7.87923094
1.88346437
8.41991689
21.42057624
3.99609375
13.60514406
2.66764406
16.78352782
12.84147218
3.04101562
13.22069814
8.03711436
8.87923094
18.28156472
4.57781028
1.39713625
11.44855940
10.22233156
9.39160904
2.86751219
17.24576906
5.66796875
3.44140625
16.57844969
6.77408688
1.88574468
1.18164062
4.51562500
6.49641844
8.30956782
8.26432624
14.64583250
3.09342531
8.07421875
7.30191393
4.36882092
3.60384032
8.68685062
13.44725462
1.26464844
5.96663453
5.62320922
1.15104250
7.99804189
2.67350343
7.99056405
5.60546875
5.66113032
8.01139406
6.15592531
13.84439938
10.64843750
3.78125249
8.52343750
3.54687500
10.09146720
3.69562722
1.66440214
6.21451906
12.08235594
6.67936281
9.69366911
5.85711214
7.02587891
21.00390625
7.25390625
2.95898438
5.39257812
4.91796875
16.25390625
2.17578125
12.30468750
17.50716063
2.30826906
7.36571497
15.81136504
3.97020612
3.84880762
12.19173094
8.08073000
3.37304688
9.10976835
9.26920656
12.38867188
8.66406250
0.97265625
3.05924313
14.23404034
4.74577903
0.67529297
12.90039062
9.63865692
3.38478058
2.27343750
12.49023438
10.80280157
9.92285156
3.04264406
10.34407469
6.64030031
1.13769531
8.47656250
4.23437500
1.10351562
5.68457031
18.86504212
11.81005248
17.23567625
0.48795656
0.74511719
17.14761353
2.13085938
3.92578125
7.26822252
2.83529310
9.69124266
2.91373781
13.98567376
9.01957526
3.85351562
3.82421875
8.85156250
8.26444509
2.30273936
5.45344969
4.22233156
11.66860816
-0.28726050
7.24218750
12.92968750
5.14851805
2.69498781
13.25781250
1.56835688
0.52685796
7.42187500
8.02376219
9.63102172
17.44058954
4.06787269
3.99007418
13.29687500
11.28971188
6.39062500
5.21810062
3.59570312
8.79687500
9.94954344
6.70703125
7.71555428
3.37077903
2.08007812
7.94661126
2.93034186
3.15332031
13.17610594
3.91194703
17.21011082
1.71550808
3.26953125
15.97298094
3.59537843
6.41406250
9.30468750
13.33203125
8.22656250
1.25585938
29.00943595
8.59234265
4.69509640
12.67097961
0.15421570
4.88866689
10.72070811
20.72363032
13.13982773
6.10840093
0.66015625
4.81021720
11.61165780
15.04329344
11.77604250
11.77473626
1.95377936
7.25195312
4.30078125
2.25976562
17.01123047
2.82812500
2.30468750
8.44489288
1.49586990
6.10373947
11.23746703
1.61897828
3.56445312
8.36523438
3.44335938
2.64843750
4.75781250
8.50845191
22.09427026
4.92187500
1.58496094
6.31933594
13.80468750
10.53743407
6.71093750
11.62858156
14.08666992
9.21093750
2.06445312
2.29882812
15.92773438
6.44058954
0.88362921
10.93750000
11.98860594
10.06216534
5.31250997
4.20312500
14.00000000
15.27473626
2.89127936
3.12011719
12.12109375
7.80533688
4.58561281
12.87076906
1.24023438
9.14062500
6.39127438
0.01340822
9.76725343
6.72298094
11.17187500
12.46272828
0.57242797
18.39810284
14.73519794
6.33380209
7.25962322
1.48339844
7.28580563
9.45914797
0.46615746
10.35156250
5.56917110
1.41032109
3.38476562
4.73925532
5.94433843
3.53843889
9.17933455
9.56314938
12.39908688
14.19824468
13.58170656
4.22688719
3.99186281
14.11731909
0.31318138
8.13541750
1.98535156
7.23469969
17.48014406
9.19954344
0.91764406
14.30175781
8.07454344
7.97233156
3.15266346
7.11882092
2.82031250
8.75423094
6.41373781
8.51171875
1.89404297
2.10546875
4.19531250
14.03125000
4.49609375
12.49023438
4.50423094
19.80045656
16.60774657
3.24576906
4.17578125
6.63589207
2.29574855
1.11328125
10.20971680
14.47566711
0.78312195
16.27636719
6.57226562
9.91406250
4.34375000
3.39257812
0.99476301
5.43815935
7.71126219
14.06429078
13.53206422
20.03906250
6.85937500
13.93391844
8.76139406
4.05859375
8.29394282
13.42122562
13.68184266
6.88509530
1.49967282
14.67545656
7.56917110
0.65023077
6.03515625
13.37986038
1.27443649
15.91555023
7.48437500
13.38964096
12.21778091
8.39062500
4.50390625
12.52050532
3.34277593
2.18359375
12.74697917
0.73837239
6.08398438
2.87304688
6.87500000
13.64398282
9.23372562
4.53515625
24.23143285
5.69044215
7.71264648
9.96842033
3.47526374
12.53125000
4.80859375
2.44694093
7.00455563
7.11946033
3.48145279
2.60546875
10.74316406
10.00000000
9.54296875
4.79882812
13.19954344
5.03092531
2.89062500
4.90526596
17.05074721
15.92155031
7.20703125
3.16438719
5.95670656
4.43879876
2.11393561
7.43391844
7.57926515
0.97387695
2.03582641
10.18326906
8.17008422
2.31394615
3.21909463
2.17968750
10.87792969
5.19921875
2.59375000
8.35579344
0.33292726
15.69335938
3.04687500
8.75064938
9.35221188
8.77897468
10.92968750
3.44921875
11.99465458
18.52565355
6.67253435
4.00423094
0.04374269
14.98388588
10.11539672
1.28597047
15.21516844
25.91535129
4.01791777
5.26171875
15.65168440
6.31950701
5.15657469
8.87858156
1.67382812
11.51041002
3.72005873
7.12239251
6.95817390
3.64843750
9.22981439
2.44596686
9.77441406
11.70735594
11.39062500
11.35514406
4.79687500
5.01562500
3.27148438
2.88476562
7.66536126
10.29597899
14.36947030
1.45019531
5.33949414
10.46421680
7.69661126
2.90885749
3.60351562
7.25454566
2.51693871
11.91471188
5.96842531
2.61100343
17.09667221
5.31348404
26.59375000
4.81282469
9.74967531
3.49055907
11.17545656
2.14062500
14.84375000
0.73762439
3.20671154
26.14135742
8.03157469
1.41764406
18.66015625
5.88281250
2.21875000
9.62336658
8.25553967
10.26562500
8.95735594
10.37564938
4.75293218
16.29280142
1.29899545
18.67252438
5.25812722
2.73731715
11.25390625
12.13312722
1.10515403
15.12694814
8.15347518
6.28110012
5.93359375
6.35668883
4.16707336
12.55289672
0.68115359
1.24511719
7.23970120
0.56917484
1.93847656
3.29272461
5.97265625
2.06445312
15.32372548
14.73242686
7.41015625
1.03906250
7.37156200
1.85253906
10.82812500
8.39843750
2.45702377
1.65169935
5.62272218
4.97656250
1.58886719
0.05688477
4.00000000
2.68383789
14.59375000
0.68212891
13.34798094
4.47721188
3.80371343
0.99121094
8.12304688
6.06250000
7.91796875
12.70672607
4.75423094
10.15983156
3.91878048
6.87614140
13.69921875
10.93750000
13.15625000
3.97070312
1.01236938
5.89632203
4.19335439
0.84277842
5.37310562
1.36712876
2.97460938
6.32161126
5.81754890
11.61425781
7.48437500
10.93554688
14.71875000
6.98111813
7.76106937
21.70831299
0.36067376
3.23730718
17.65396720
0.44385264
2.19954344
17.52311281
3.88085938
7.80468750
14.57031250
3.26041501
4.75032469
7.76106937
5.60335328
3.92073609
7.29296875
21.21223626
16.80114995
3.90983156
14.55257504
4.96451906
3.63444093
14.21093750
7.01041002
6.95443373
9.68570922
3.00960328
11.96922612
0.04272461
1.67675781
8.62500000
6.74674313
19.33561281
11.75846188
19.29030521
2.41178468
11.81794666
20.36289674
11.15078012
16.05826906
19.28580563
8.30110594
10.41424810
1.01269531
5.11765460
11.27043661
13.37558067
1.00195312
10.20310506
9.93067154
28.74122340
9.30110594
4.42545656
1.00781250
6.22590315
1.66081560
11.52343750
6.41406250
10.41048094
2.55826906
1.18457031
5.29312985
4.22200687
3.87695312
7.53548094
6.68326906
8.02473626
5.62825687
7.43294437
12.09602782
1.98014406
11.89973626
2.80338874
9.10611564
2.96159186
3.94498781
8.40039062
5.88313719
2.22819093
8.37206782
2.59879765
1.07307984
15.17464110
11.00321255
0.25427526
9.93750000
11.14615470
11.59863032
10.18229250
13.73681516
17.04736702
12.90918218
0.95182375
25.63867188
10.95507314
16.03532358
2.44515015
3.67968750
8.24218750
1.90332031
15.98469969
14.39664672
1.02685671
15.34016844
0.23624758
1.20800781
7.51346676
52.86767703
4.09944703
13.15184176
6.69972074
2.44335938
13.87629876
7.86979499
2.61914062
8.32031250
2.02929688
6.92610594
2.24967531
12.21581782
7.23161015
0.81168578
17.32389406
6.95604721
15.21615248
5.34082031
2.87662843
11.10937500
1.04199219
7.44400377
8.12320922
7.92106826
2.45507812
12.83593750
10.91406250
11.01985594
15.04968691
7.30793440
2.37338153
11.24006206
19.68082890
10.49138076
2.48030640
13.10025876
5.45280031
3.29459718
15.48046875
4.03906250
24.22118518
11.51546764
5.03125000
5.70280031
1.83886719
2.23192238
3.52491356
15.33626219
12.64453125
2.60709718
8.98502438
6.64615470
2.46843029
2.72265625
9.79718972
1.58594747
7.65299313
3.29882314
15.72949966
11.72363032
3.72949468
7.40689938
0.95041057
6.57530724
14.88899158
4.80241467
13.27766844
4.04264406
9.03677970
2.59212655
0.77522703
22.63476562
6.05322266
3.76530031
8.06250000
6.84765625
9.42187500
2.19531250
18.20806885
6.43684065
4.46192154
29.53125000
8.21842531
2.83203125
10.26562500
0.42163086
1.28221722
0.90455036
12.54459220
1.45931405
3.92887328
8.55647828
18.53938719
0.30118898
7.22363281
0.68212891
6.37939453
7.69885254
4.24999502
2.26400155
3.39224347
6.15235372
5.23828125
3.94531250
0.93457031
1.28808594
1.85253906
11.89257563
2.70996343
22.07812500
2.27343750
17.27929189
1.05078623
7.90266844
9.31314938
1.22168218
3.07226562
9.78841063
5.16015625
6.39030031
6.90234375
0.17517090
7.53515625
3.26562500
7.36604610
0.17496952
4.91829344
14.30175532
14.78010860
9.29589096
3.87973293
12.32812500
7.72460439
6.29492686
7.90055084
3.86946532
4.91373781
2.57226562
6.49266955
0.78858045
13.09894504
0.94597683
6.28906250
3.34765625
14.36014645
1.95475343
5.63671875
2.87109375
1.61328125
8.83398438
12.73437500
3.83756593
5.14746094
2.56640625
7.26953125
1.17675781
9.36360594
3.04655031
13.07831214
1.64436890
2.48762689
1.96159186
4.10546875
7.65266844
11.94303468
2.37500000
5.24218750
1.89355469
4.82128657
11.17122562
8.61295656
7.79329344
8.73612976
1.85807375
14.09612593
3.28588929
5.31466565
2.10401263
7.84375000
0.17342102
0.72696961
4.60546875
8.07454344
6.62031002
15.12155279
4.46484375
20.92577128
13.45264669
2.39062500
3.14453125
1.07999010
16.12628966
5.98437500
8.81673094
2.16569093
16.00764019
2.63689106
3.15234375
7.16406250
2.97884032
2.61686281
7.87988032
4.01074468
10.91829344
3.63867188
1.92545656
21.61751219
10.99048806
3.27279809
9.13102172
6.80257203
13.42292962
4.20573249
5.15234375
1.04296875
3.60156250
2.10546875
7.94531250
2.67187500
2.40082213
2.28678468
0.77343750
6.88281250
0.05731201
0.33496094
5.00195312
10.12500000
1.96093750
5.69140625
3.29731771
0.27592448
9.73860594
10.11197252
4.20930408
5.95183621
1.98046875
7.00000000
4.39354223
13.42503077
8.26952627
9.03776374
2.33919437
7.29150391
1.34082031
3.43001219
1.62125734
3.10156250
1.79442612
19.23049361
4.25179078
3.36718750
8.62500000
18.47298094
6.21451906
3.86440271
9.81984042
8.37825687
11.52880859
13.61848875
5.64811281
9.97786126
2.75097905
2.33170656
6.27343750
2.54882812
9.21875000
2.17578125
0.03091431
6.94433594
3.10546875
14.28369016
13.30289672
2.89583499
8.65688941
4.17514184
4.03906250
10.48437500
12.86002438
2.43685062
5.71093750
7.30859375
2.19335938
5.15527344
1.69466063
4.19889406
3.45117188
8.27050532
1.30566655
11.96646720
3.02376717
4.79016113
3.23844360
6.31753768
4.01270279
4.70670656
6.16242908
4.47852061
5.24186281
17.37124114
4.80844636
5.40234375
5.07421875
15.08593750
7.00390625
11.86718750
4.32031250
1.17187500
2.86328125
13.40445922
0.77766969
1.39648438
13.08203125
4.12109375
0.88330078
5.44531250
9.37938830
13.17529920
3.42968750
7.34423828
7.44945168
5.31006981
0.23054930
2.73014406
5.13931627
7.49740248
3.89746094
1.56933594
12.06160461
0.60636414
22.25813719
3.30305907
2.72005374
1.29589844
10.86425532
10.83430408
2.26823747
2.34375000
6.40429688
7.10741689
3.08593750
4.34570811
3.20865470
3.36947030
0.26879883
14.95658356
0.33785004
2.10171238
8.45736965
6.36523438
14.32812500
18.11555408
1.64225842
6.03938719
15.02311281
3.15299313
9.74875362
9.27783203
5.92789672
1.59749390
2.43554688
1.26269531
5.64876219
4.24576906
3.19693595
0.96517342
8.83593750
13.69921875
3.62369750
7.45881705
2.30013187
11.08886968
4.29752687
0.37939453
2.38533508
6.70792664
9.01985594
14.11866335
9.97558594
13.77082004
5.01107934
9.90461658
5.15560062
11.28874279
0.52335570
13.67085661
3.32912595
13.53704290
6.92447875
13.37500000
1.53971437
10.29266035
4.19418107
0.73063110
11.01495568
5.79917275
7.73242188
6.35546875
3.88346188
5.01106937
7.35937500
7.60742188
7.38149380
4.27084995
3.05468750
17.77050532
8.39355718
1.09667720
5.11230718
6.06250000
11.13671875
4.26627438
5.32398326
5.17578125
1.00618407
1.24300172
5.73063110
5.32194093
29.42285156
0.55419922
1.44400377
6.45833998
4.93750000
0.07879639
0.44813026
1.71739708
6.45996094
6.57812500
7.32519282
7.08789312
15.26171875
5.40625000
6.32421875
1.98046875
11.56640625
17.83625031
1.51757812
10.66796875
8.54589844
4.77343750
9.37580674
1.25700576
5.31250000
2.91601562
10.60935506
5.31251994
9.96158688
5.17122562
7.02734375
5.68391844
13.40396720
4.31868905
12.69303468
8.73079344
2.98405031
5.51855469
1.26757812
5.99695206
3.45808899
0.95365418
2.46549313
2.60872562
9.85937500
3.87109375
5.57031250
19.82844969
10.57194093
10.36718750
0.07952881
3.28515625
11.05891844
4.77701906
5.13281250
4.01953125
5.63411126
0.33170905
13.25846188
14.17903812
4.82812500
7.02343750
5.23046875
11.06639628
5.70704122
3.21289062
10.55531311
4.41015625
2.79492188
0.90429688
2.76171875
5.48242188
3.65234375
12.28906250
5.12744016
0.84668093
0.61328125
5.92187500
3.57958984
6.51562500
4.76562500
3.34375000
0.36396027
4.67187500
4.37197618
4.30403812
18.15266844
5.69108156
13.40340149
6.64933289
11.02766844
1.30826906
1.41503906
8.20084220
0.59993905
3.58203125
6.18180297
4.53890015
4.12564938
2.76106937
10.97656250
2.53906250
7.94140625
4.43700300
6.86913564
3.19646387
7.01692874
10.65396720
4.76400155
14.87923094
5.92936281
3.49023438
8.96875000
9.26204344
19.39062500
10.26562500
13.92675283
8.93913342
2.14257812
5.20751330
9.19401374
18.66364916
20.69719193
16.69108156
15.34081782
3.72916999
7.22656250
8.86718750
11.86718750
9.42968750
9.88346188
6.18717531
12.35579344
10.27864749
2.46875000
2.97851562
7.90657469
10.78906250
2.84342531
13.54394282
0.56054937
8.51562500
4.44302970
22.34603280
3.77376219
2.69889406
8.72004876
7.01106688
2.33073249
9.08372072
7.15006095
2.26204842
8.05337877
2.82959607
1.47932984
13.92968750
3.81250000
5.07421875
2.83398438
2.97166224
6.13524269
7.29478445
8.49153812
8.20849734
14.19188830
13.42220467
3.03418218
11.75227782
6.29655031
10.79382324
0.07952881
1.08300781
10.78906250
3.48632812
4.71126219
18.65983156
10.42968750
17.89464745
8.70182624
10.14404297
5.00032469
3.47623781
9.58235594
-0.03725096
11.09863032
10.46777593
3.69726562
12.37500000
10.15266844
7.90592531
3.85937500
17.72574704
17.73201664
1.39550781
8.01562500
3.70507812
20.45535278
18.65266844
7.81608156
13.61490719
2.83528812
18.31184813
3.70865968
4.96875000
12.66829344
20.99445036
8.97006870
4.71875000
9.91048094
13.04789308
7.27734375
5.74129211
0.99991883
0.86514884
15.84668218
22.42708499
9.14062500
7.62923094
3.78743407
2.81412843
23.16178468
6.12500000
7.21907469
1.33561281
7.76431627
11.73665780
6.07926640
1.27327515
7.03125000
5.49746122
2.63925753
9.62100372
7.76001800
4.60725953
11.16829344
12.79264406
1.28548094
1.99576906
2.57421875
5.35986328
1.84096895
0.66863308
3.14225343
4.52343750
4.36002438
2.73567874
8.88281250
5.85546875
18.18307182
3.94974068
13.07812500
4.16406250
12.22656250
0.45375237
16.73860594
13.42480718
8.63997562
16.15298316
13.87663840
15.14843750
3.25358156
7.46549313
7.99935062
7.55078125
9.35937500
1.52505597
4.02767841
5.99609375
2.10546875
6.18359375
11.84178192
4.86524933
3.08007812
8.08235594
0.48307375
8.05004883
4.10156250
6.03125000
10.07942625
6.98046875
13.33170656
6.65765888
0.67730206
6.30712766
0.24560671
11.00781250
11.30891844
6.12500000
3.12304688
6.31608156
1.70507812
4.35937500
11.54329344
2.15039062
4.83170656
15.00552970
2.79525155
1.07812500
10.31250000
3.24414062
2.48550394
9.07780903
21.28499266
2.80989749
6.72363281
13.18095823
19.38281250
3.06933345
1.88932624
3.55859375
2.02440659
6.09082779
9.55110594
3.35319093
5.58203125
2.13671875
5.64518063
11.55403812
1.90462157
13.67545656
2.40820312
3.88281250
6.39062500
3.04687500
4.84863281
3.14648438
9.97460938
6.85969969
4.46126219
13.00716312
10.61848626
1.49772468
8.43391844
8.16421986
0.88233045
9.83593750
25.55214214
5.23046875
5.55468750
12.80468750
9.37500000
6.27817764
0.20644150
3.65754876
0.80534186
4.05566406
4.67968750
7.97265625
22.71093750
4.40087891
18.33332004
4.44792996
14.78613032
4.17480718
1.76399657
11.20149158
3.09765625
2.12630873
16.31640625
1.33056641
14.85579344
9.00358156
5.60546875
4.50585439
3.53711436
4.87109375
8.48437500
11.50000000
12.34667969
8.22656250
9.43554688
14.58235594
0.41324953
6.54296875
1.98535156
10.18387222
3.89648438
7.14453125
0.59638717
2.25195811
3.22851562
8.64192376
6.47916999
8.76627438
9.90755374
9.65039226
2.87795710
3.13834718
4.95312500
9.41406250
5.44563719
3.97233156
14.77473626
3.95573249
2.69921875
10.07031250
26.25781250
12.83723626
1.80143561
7.93001219
7.23795656
7.38736813
1.26985843
8.60937500
14.08789062
12.53535758
2.51306237
5.43359375
8.28125000
11.81785240
1.96404698
11.49935062
10.24039672
2.68017454
12.51985594
4.62402593
8.79329344
0.62760500
6.19921875
3.12695312
1.28466298
5.62564938
3.24935560
1.93757619
0.41008006
2.07031250
3.55224609
4.38281250
5.62890625
4.64843750
10.71875000
11.83593750
3.19433594
14.39062500
10.85766602
11.11148050
4.54867575
10.13281250
9.77318290
14.13426751
10.16146996
3.46679688
9.79329344
1.44694093
23.17805408
5.66276374
10.37630374
9.07991578
1.16031860
1.86002687
5.83203125
2.57168994
0.38631787
3.93359375
5.59927970
3.65462655
7.71289062
10.27603502
16.01205092
19.15266844
7.78971437
9.22069814
10.79492686
4.00781250
14.73502438
4.91536126
11.55273936
0.08868408
8.38281250
16.52375222
5.96550559
1.83886719
7.67610594
4.92155031
6.43750000
29.90973377
6.65625000
0.28987547
5.19921875
2.22819093
10.15625000
5.62890625
20.68872070
25.71777344
6.15407303
28.21181073
12.86783688
2.51432624
9.17024158
3.11882092
1.28222656
7.06673094
15.72363032
2.54752936
1.59765625
13.33593750
3.45898438
3.14453125
8.82031250
11.39062500
9.12141844
9.50358156
3.37304688
2.75781250
1.89876219
11.98014406
19.56780529
7.27223771
0.85286624
6.85188719
2.27115968
21.39941157
10.29817376
8.18734264
14.95491578
6.00032469
1.94913820
4.59765625
8.23860594
8.65332031
5.54655031
17.45621703
0.65462281
0.01840401
4.12109375
0.57470703
7.53515625
2.51366191
7.13672872
6.67187500
9.77408688
7.39891955
3.43718154
8.86962766
6.40348515
13.29136283
3.75412787
12.31608156
3.14257812
4.86718750
14.77831782
1.18750249
17.02766844
8.53190187
3.37890625
16.46158688
2.53450687
17.76952876
2.77051030
11.07031250
14.97851562
12.34927970
1.55306405
13.62336658
1.93913342
19.08609486
5.76937389
7.25634766
16.47005125
5.17219969
9.66764406
9.60335328
4.26350953
5.96191157
14.14615470
4.40755873
9.13883422
3.24397828
3.27734375
0.00767899
18.94433345
2.58886968
5.44140625
19.30598875
6.90006593
12.01170878
3.38672872
5.13391113
11.68750000
2.29719969
15.86205805
2.77604499
15.62988032
17.05761968
11.25064938
2.78751773
24.48201352
3.97395999
3.35579344
21.54036126
10.41341312
6.98633062
1.35351562
7.02734375
5.14843750
4.71875000
4.62500000
2.03841063
6.41894282
12.31966312
12.69108156
4.74804189
1.10319592
11.65820312
10.01985594
2.90592531
14.35156250
11.71093750
2.29296875
9.68164062
2.92773438
16.43163564
7.00618905
3.41829344
16.10091312
10.17968750
5.45377438
-0.04874508
5.01953125
8.91829344
6.93717531
0.02301025
7.17219969
17.66764406
2.82812500
3.07617188
17.19627660
7.60482934
6.26530031
12.58593750
7.58723626
14.70963874
0.29589844
18.19596188
15.68765736
4.45622451
10.75000000
2.08544922
7.24609375
8.57031250
0.38936215
0.25504703
14.57031250
7.63671875
2.76171875
3.78906250
16.66829344
10.10156250
2.27148438
7.53092531
13.46875000
24.03479168
2.32067707
3.52148438
12.79036126
13.37793218
10.02408688
1.65820562
3.62109375
9.59375000
0.04083236
3.14422374
6.17871343
3.20703125
7.37500000
3.97265625
1.55273438
4.14453125
6.33479610
8.15739140
16.70084220
2.03939217
6.89615470
6.18587655
22.46022841
3.03189938
13.16699468
2.03515625
14.42868352
0.70070976
8.77241052
0.36113565
9.45312500
2.96679688
2.21289062
5.72688719
0.16764406
12.04067598
1.08041777
1.04381577
5.19629654
4.91210938
3.60742188
3.28906250
3.86393063
10.43944814
5.74544935
5.22688719
9.79687500
1.98600343
16.27555297
2.11116578
15.96516844
11.94352172
1.67334109
7.41796875
5.65234375
0.83300781
9.41406250
3.14257812
13.45702876
5.35840093
2.87304688
9.26627438
3.93879876
0.52246592
0.04348755
0.07885742
5.03961182
11.72298094
6.00651125
15.92871094
2.94726562
6.70434293
4.59118898
2.97796662
2.93945312
2.67773438
4.22265625
7.69921875
0.10194823
1.26627687
6.64453125
4.25878906
22.20043945
3.58984375
8.40445922
1.31526734
1.08496094
7.46875000
9.65523161
0.27323519
0.70410156
8.67610594
5.78483156
0.63117908
4.31963557
5.53841312
5.82031250
1.54003906
15.42968750
3.79882812
1.76236813
11.67610594
1.54394780
3.65249613
8.91976950
0.96582031
7.20703125
0.60253906
6.37500000
0.94970703
2.62451172
2.08983877
9.78711436
2.29784907
0.97461187
2.41601562
0.02967834
3.49641844
2.92545656
4.52734375
6.08007563
15.13361924
0.48357075
3.48192986
5.12972296
3.93164062
15.40787843
6.84830563
20.00715564
3.71224623
6.13313719
5.40169437
2.68196532
9.97233156
0.47241211
0.15354338
0.22432527
2.63313719
2.34765625
1.73990968
8.52213376
11.99360927
0.16394448
2.22119016
1.13655640
10.72233156
5.92968750
9.59634752
9.35677748
6.90820312
8.83593750
8.26562500
4.39062500
4.49609375
9.69531250
10.04752438
3.73013908
17.46940686
1.13378906
5.29296875
13.45800532
9.44954344
6.12760749
2.35298157
6.49283688
8.63997562
0.37329102
2.41048094
6.80501219
5.18717531
4.69889406
8.35093030
0.54994861
5.03710938
4.32812500
11.09798094
3.64908937
5.78592845
14.34733156
0.47053953
9.42316379
2.49448027
0.71185772
1.69783632
0.49446594
2.06445312
7.57421875
2.23405031
1.92317625
6.71061281
1.75390625
0.33955809
6.63183345
7.89713874
2.89062500
10.79199219
1.07116699
1.19010251
8.01497562
3.89648438
9.72656250
6.77799313
12.86653812
22.09349060
17.41946646
12.38802000
4.83951906
5.69889406
1.01432250
1.98633645
0.29017214
0.51944821
12.15266844
11.82389406
1.95996094
9.47035346
2.83203623
9.33722629
3.77426418
3.62971798
4.24544437
7.67718584
0.91582925
10.51457038
2.09765127
8.09651822
12.34733156
3.84309564
8.42838874
2.83625803
5.16392508
2.47070312
18.16829344
3.78287843
1.90754876
3.36393561
3.95312500
4.15970856
2.22701019
3.83984375
1.69531250
1.16237303
7.67545656
7.94791002
1.86296154
8.43326906
1.33984375
8.99218750
7.60803192
5.49353058
0.94466063
0.06986574
10.81639628
10.92238633
7.40592531
1.88085938
9.17341614
0.80334473
6.98079344
2.20670158
4.79137252
7.14062500
10.00781250
1.13020750
1.53678468
32.01399158
1.12565686
4.08105469
3.91992188
0.79589844
9.96093750
2.94954344
5.29687500
5.37890625
2.32277482
1.49037705
0.28019040
1.05208499
1.54150391
3.53320312
1.47949219
15.39485594
6.71907469
8.50358156
8.72004876
6.77213874
16.75488032
5.82715093
8.82389406
12.82812500
7.40625000
4.75390625
1.92578125
6.13671875
2.11754183
6.18360372
8.16829344
21.42155031
7.35546875
4.02929688
8.15038564
3.50195811
7.69139628
3.93750997
3.70768063
2.74935062
12.74169922
15.94531250
11.60847961
2.43863953
4.01953125
3.88476562
0.27766844
2.47915254
2.99024933
7.01692376
7.98046875
5.08138187
4.65560062
17.34228391
1.01416140
9.53728023
0.28678593
7.18617821
1.94592300
4.31153091
3.14713376
3.83138187
7.39289783
4.25163342
11.30468750
0.01210785
1.94873047
8.98681516
3.11342864
0.56577182
1.21760985
9.43750000
3.36686281
2.21289062
3.04101562
6.33053589
3.05468750
6.41796875
2.40071532
13.01920656
1.00794661
6.34050310
2.58398438
2.27831533
10.08398936
2.48828125
2.47460938
2.35969969
0.32438234
4.41438719
6.20280031
5.46516844
3.66981617
3.92187500
3.84016844
3.02635473
2.86980496
3.00000000
4.98437500
6.67968750
10.00781250
4.64843750
7.08850067
0.20214875
4.23258422
7.52164672
2.30110345
2.72493905
2.12109375
3.20182126
14.52382381
10.54687500
5.10156250
7.94628906
3.01106439
5.73698249
3.23828125
15.91650266
2.75732546
4.66796875
9.32519282
5.03938719
4.57715093
3.38639406
1.06347656
14.29882812
4.24609375
7.10156250
4.58984375
1.23071289
6.22656250
6.70117188
7.52343750
5.87141844
6.35123781
8.38476562
1.56444565
5.96778091
6.16406250
6.64843750
5.66503906
3.41829344
7.85917664
1.06347656
6.41373781
0.77197266
1.24023438
10.99738254
6.45964871
2.86773682
21.45708128
7.53092531
7.80761719
10.21011353
10.21158688
4.61295656
17.78483156
0.41699219
3.93359375
1.20703125
9.06250000
3.08068848
7.79296875
7.01562500
8.45442376
6.04224315
3.83789062
9.01171875
2.99609375
2.18164062
7.00000000
3.92578125
4.51953125
5.39453125
8.32812500
4.14224845
1.84798592
3.48828125
3.88899657
6.55436281
1.29882812
2.09375000
4.84179189
5.91243905
10.95312500
1.95084718
3.78759766
15.42968750
7.80078125
3.95312500
0.07116699
0.35713959
0.92089844
2.97298094
1.48600343
4.77929189
10.39648936
8.30760971
2.30176529
5.49543440
5.32097185
0.35913086
0.60791016
6.00195312
0.71801758
8.87280273
3.26822751
4.51530031
3.76399657
3.82682126
4.53799060
7.09375000
6.31250000
6.82031250
1.20507812
2.51659658
1.39453623
3.01236813
5.35579593
2.72395501
2.98144780
4.98014406
6.89876219
1.96386719
12.74576906
14.80891844
25.46842531
2.95312500
7.51953125
5.90234375
14.85221188
2.40560062
16.05859375
3.72265625
6.55859375
0.85644531
0.38093992
-0.00172850
1.81719971
2.79736328
8.25585938
2.52539062
7.47688719
3.66959718
6.36848626
4.49870124
3.10156250
1.38182597
1.78711934
8.48437500
16.51334220
11.90495124
3.60123781
6.89843750
7.38346188
16.82747562
3.46289062
1.57095440
2.55909075
2.03108765
4.19563719
9.07389406
3.31054189
3.81055186
4.33268063
7.17024906
13.70735594
3.48600343
1.84667969
8.23242188
5.11718750
13.27119446
6.97981688
7.16373781
3.37499502
7.57617686
1.55078125
1.86816406
6.06250000
6.50390625
7.92187500
5.89062500
1.93261719
1.27832031
5.25390625
6.61718750
8.37141844
2.77408937
9.43225067
0.22229035
3.47460938
5.90884752
5.43099623
1.48892315
2.27963153
3.84472656
7.10156250
2.55273438
3.37500000
3.41015625
3.43554688
0.07592773
3.06606411
3.78256870
5.12727283
6.86491467
1.70865719
1.42610843
15.39002170
2.97136746
0.89794922
0.29852295
20.66316649
22.65201906
6.67142731
31.11404367
9.39812278
4.55859375
10.35221188
-0.00858395
17.69367908
10.97819592
16.06282469
5.68564772
2.62798745
4.51562500
8.29915780
7.12467531
25.03189938
14.49576906
5.45280031
16.53352782
4.47623781
7.70344969
2.74837157
4.55013187
13.07161126
5.29166999
10.52343750
7.24039672
1.44222047
9.23437251
9.09863530
20.85221188
5.54296875
4.38216312
10.36718750
17.40625000
6.14354721
2.47364029
3.75812722
1.91374778
7.39160156
4.72656250
11.74283688
8.63346188
11.85807624
8.43750000
5.10156250
4.00390625
1.76269531
12.91486924
5.25130873
2.03304078
11.22428219
5.95638187
16.40071532
10.40397218
7.13281250
0.95751953
1.02343750
0.61474609
9.73900619
5.68067154
18.74706782
2.06738530
9.64615470
10.37728280
3.19335938
4.07116747
10.26763161
2.64909186
3.79492188
5.54622562
3.00390625
6.08397939
3.23242686
4.87890625
16.80825909
7.02800310
4.73795656
13.01562500
0.29663086
3.02864251
7.35597904
3.06380374
5.28125000
7.63476064
4.09570811
19.52673340
3.37890625
11.93554688
11.42610594
5.41406250
6.07031250
14.88187071
3.67708499
1.20703125
9.43114362
0.93799700
5.50812619
8.56443817
5.85678745
0.53759766
13.70214558
3.58968016
7.29687500
14.34733156
6.59407469
18.28926512
9.18750000
23.28776125
2.69894409
4.14810783
9.95117686
12.79030793
8.04947252
2.99284685
1.14062500
21.23762938
28.89192625
12.95459109
7.46760860
2.55859624
22.94140625
21.68424313
13.85514406
2.94010251
5.33496343
7.93065160
4.59880762
3.71468140
6.02537567
9.02345245
16.74869127
5.92219969
9.10677748
13.10123781
5.20312500
5.64257812
8.07942376
14.05021917
3.43522218
6.68359375
7.64062500
12.73632314
2.62695811
9.33341056
0.98470467
16.47460938
13.53906250
3.58789062
2.83463376
8.88997562
3.38509032
5.09951886
6.28991214
3.07975343
19.63020750
3.72428468
12.02188712
2.33431405
11.61769471
4.51041999
4.03125000
2.31282469
30.19921875
10.99869875
10.01562500
5.76627438
2.09733156
9.75423094
4.55794437
7.43782469
9.19531250
14.48437500
14.35156250
1.94400876
2.28808843
10.82812500
6.03319814
1.53125498
6.65298815
5.19662123
9.35156250
8.90754876
3.21549811
0.14819336
2.98079344
10.47401432
8.10842532
0.44544797
0.70377563
6.20376161
3.31640625
0.47973633
5.81151596
1.31022717
5.51484211
2.43554688
0.99121094
4.43457031
12.36816406
2.29882812
6.68407580
10.55615857
3.44335938
3.87425232
7.16796875
10.75000000
6.01204344
6.46451906
21.92975621
1.68743129
12.33740234
1.35693359
8.91665504
15.05990248
5.78320811
4.85367797
0.64225219
9.12791224
6.70379432
5.22265625
1.73248717
5.51594969
3.94075687
2.91411400
9.07812500
0.40332031
10.50373811
5.51302748
1.59765625
5.48827128
2.07422872
13.93456782
10.84863530
17.05712891
1.00292969
7.35579344
2.48209718
10.15234375
2.34765625
7.50000000
12.36718750
2.11132812
0.19384766
21.87844511
4.49902344
18.16178468
2.98046875
2.46321532
1.78776125
8.16650266
0.40478640
5.72688719
3.95670656
13.99641844
4.56834941
9.79656028
1.97363281
1.47592330
10.39843750
5.07355940
4.84742021
5.62589539
10.35253906
13.83723626
5.63932624
15.44563719
2.98030640
1.05159547
6.25423094
0.22623781
11.22298094
6.40201906
0.09808350
1.89843750
12.49415588
4.71288564
19.22558843
13.20605718
1.72721188
12.05403812
5.83089924
6.90120360
7.58951906
10.67968750
2.25195312
1.79079178
1.29774574
6.84554452
2.83203125
2.15104001
11.14778812
9.15266844
4.73795656
15.52831782
0.37402593
7.37532469
8.24576906
5.28515625
1.20800781
19.82503048
9.37423405
9.83593750
3.97884032
27.35156250
3.59016844
1.29622562
10.94573975
5.94531250
16.53971188
28.18001219
3.06314440
2.82845966
2.19140625
10.74218750
4.54003159
1.16699966
14.91333008
10.50865738
5.22591312
5.42968750
15.06142026
0.23502750
6.85871565
4.27019060
1.55078125
11.60156250
3.68750000
7.93359375
15.23666807
16.42675532
7.81120124
5.23828125
1.17382812
8.09374003
5.51465841
6.36751219
2.35709718
11.78906250
12.24641844
3.88053468
13.76269282
2.84114749
7.40983156
4.99218750
12.17578125
5.43814938
14.76139406
2.00162843
10.18586658
19.59863032
4.02800310
6.83235594
4.52814528
3.93294437
12.04687500
4.30664062
4.30468750
10.21516844
3.94563719
5.09310062
0.64843750
15.86523438
3.46549313
11.68086082
8.17171764
7.74788453
5.45735594
4.90201906
4.05078125
0.90087891
0.80517578
1.28906250
5.54687500
3.94726562
20.75422097
11.53484153
5.27376219
3.58756593
9.47656250
9.01627438
5.39778812
3.05468750
7.26545767
3.83610483
4.99218750
14.10937500
23.52538564
6.39485594
1.38835217
2.51367188
1.28255125
0.13346437
3.63598633
3.76367188
7.05078125
6.43846410
2.71029809
4.18717531
6.53125000
4.44531250
1.29459469
1.48079593
2.54882812
7.71321532
10.95800034
13.59115248
2.31770252
6.32910904
6.18457031
8.89973626
2.41666999
8.64028037
3.51596963
33.11914062
8.76562500
3.24023438
5.41015625
6.00000000
0.50512446
10.50488530
9.13281250
6.25390625
8.25423094
11.96638914
11.15201906
6.55859375
11.09928468
3.37500000
4.44140625
9.40656472
2.24577903
2.78320312
7.71875000
6.82877438
1.80208499
6.91015625
2.45117188
8.42382314
1.23828623
19.13247784
8.50814716
12.05907580
14.34845801
13.87566932
1.95410156
4.50616911
2.62664339
3.46289062
9.44531250
2.02196269
2.58594747
11.80468750
7.51546141
5.32389406
2.63346188
3.20638187
5.00390625
1.28808594
7.10188719
14.16701273
13.88867188
5.80468750
3.16992188
5.92968750
2.47656250
7.01171875
6.35156250
16.13149380
16.49382092
8.78874778
0.06159423
1.85188844
15.60156250
7.40625000
9.71583983
2.76139406
7.75000000
1.47583008
4.28125000
7.58984375
2.09765625
8.64371454
0.69905890
8.44531250
6.37890625
11.40380859
10.54898050
2.68734762
3.62923094
23.87184701
1.68587655
1.67675781
15.97732544
2.22845666
4.43426307
13.85416002
5.33073249
19.16889881
2.63933122
3.91764406
1.62695312
6.73437500
21.56933594
8.33498045
2.40737271
4.59116245
2.71256593
15.89251709
2.70507812
9.93750000
2.11056519
2.04101562
15.71093750
7.02050532
1.55664312
4.73437500
14.15625000
11.10286126
27.93620124
8.74479001
6.24544437
3.46679688
1.90039062
14.56640625
10.78051758
13.01953125
8.44531250
3.03515625
4.38736813
12.38639406
3.62662843
8.03906250
1.00390625
0.60221063
0.22493780
6.35316601
15.85386524
6.49283688
5.74109042
0.50638762
21.03483156
14.21410884
8.24511968
11.61718750
6.52815211
6.28190935
14.28906250
3.08355552
6.75845191
17.04005952
5.92398798
6.14811281
5.76497562
6.10416750
30.08593750
8.64843750
2.53295898
9.94954344
11.01562500
2.03287843
4.89403425
12.67041888
2.41210938
13.94531250
1.82802825
2.48813386
0.01190186
1.04280516
5.98925532
4.40915742
9.16406250
7.60253657
10.39778812
1.59863032
5.83463874
5.66152954
10.30346680
2.94400377
1.95209160
7.07682624
7.76562500
5.27376219
2.64420656
6.39485594
11.39420656
8.77766844
2.90787843
2.61555907
14.21842531
9.61002438
2.96224124
11.65625000
0.95361079
4.92513187
0.87223390
1.36816406
11.48697252
17.21011082
13.87322916
2.31021471
2.68327404
24.16764406
3.75390625
0.30574461
2.83821532
6.62044437
2.19042470
2.92969248
13.83778264
13.78774380
8.91343306
4.10937500
5.39453125
2.98510742
6.71875000
12.68750000
5.82031250
0.12536621
2.26757812
9.64843750
10.47298094
0.57991578
3.74983765
7.76171875
0.04309082
6.93977782
6.09081782
4.80013187
2.55924313
3.25716312
1.69596437
1.61881344
3.58496343
11.92871046
0.65917969
1.44899490
3.57248449
3.64290780
6.82031250
1.24772218
7.79306793
9.57519531
6.62923094
3.21256095
6.80273936
2.14062500
3.09960938
9.13281250
3.49544188
5.89062500
5.21451906
3.16829681
10.16406250
4.16015625
2.23925781
5.44531250
2.70312500
0.43750000
6.91603265
14.18424811
3.80664062
15.88948360
1.01969609
9.14485594
4.46061281
1.71289062
2.80273438
0.00000000
4.97656250
20.08626219
2.00944093
1.53808594
7.84081782
11.81933843
7.23437500
15.81591423
5.52783577
0.05856323
3.80957031
15.70703125
12.62500000
4.21614251
1.92643561
14.95735594
8.63281250
4.02701906
8.08837766
0.42382937
17.02994626
21.07389406
8.94108156
0.40388914
11.55045656
4.76301751
4.60026374
7.64843750
1.71744626
5.87141844
11.32062722
11.20964871
2.91601562
8.58593750
4.03125000
0.43531976
2.48893561
6.57063719
15.07714844
16.85449219
3.89225343
10.40499878
1.46158688
7.94661126
11.23844858
4.34944703
2.43707275
7.91080314
3.58822030
5.59375000
5.17284907
4.55761968
5.09016844
0.82975343
0.66796875
2.09635251
5.98486328
5.16438719
0.91015874
6.03125000
13.27571532
14.85480940
1.31088153
12.95507812
0.27709961
9.18814938
4.55175532
0.80404061
6.96126219
2.81998781
3.44140625
3.09375000
2.36718750
11.67309508
0.53442445
17.50574582
7.05078125
3.33528812
10.39062500
5.18001219
6.36979001
7.22949468
2.16796875
5.15625000
5.58626219
4.29329344
1.79524906
19.78352356
4.23437500
14.36718750
2.32666750
0.13915281
3.59375000
1.80794188
4.28483156
10.10156250
2.37500000
10.43750000
1.63964844
12.73958250
10.43521720
4.06445811
3.12304688
14.74300047
4.37288453
8.60335328
0.15417480
0.91796875
7.03125000
5.02734375
6.96484375
12.10221188
5.93359375
3.34505374
1.87988281
4.93878879
8.98601590
3.21484375
2.75195312
9.08593750
6.41406250
9.26464096
1.80762466
12.98893063
15.85514406
5.24576906
6.08203125
9.50846188
11.07747562
0.36279297
0.95100828
2.21647218
15.04687500
2.54882812
13.15689938
6.32265810
11.75781250
7.18359375
8.98014406
16.70312500
9.00846188
3.65169437
0.94824219
5.62304688
4.80859375
4.85188719
3.81803468
1.42285156
5.69563719
5.11718750
10.26920656
4.32519282
4.95247562
3.25944093
12.33007812
0.34472656
2.26464844
9.18147703
3.56412843
5.95703125
1.52148438
0.75878906
2.40550325
1.40943816
12.39062500
5.59375000
1.61035156
2.92187500
6.95703125
2.62109375
9.02766844
15.77734375
14.93456782
2.58659186
6.59375000
7.46093750
1.87988281
15.59016844
8.29459718
4.87890625
6.88671875
3.32226562
2.93554688
10.89550781
9.14729610
4.32145390
22.70898438
11.67755127
0.11113020
9.31608156
5.70833001
9.99088874
0.75756836
5.22298094
1.27213625
0.92968750
5.58593750
12.60968972
8.54362810
6.86095201
11.73974609
9.98990470
13.97689217
2.83626219
1.19580078
5.08317140
2.88834220
1.63314217
1.06542969
11.35577350
4.89032025
3.69270750
8.62858156
16.31054438
4.09668218
12.59977172
5.24397828
15.27734375
4.88704344
5.75569703
0.52327515
3.64843750
12.62336658
1.18620373
1.08105469
5.49414062
5.07031250
13.51562500
7.88854980
15.77961658
7.04069592
6.62141844
7.25358156
13.08365470
3.03743905
8.90625000
8.99283688
1.27579898
2.89737976
18.18847656
2.17773438
2.28710938
19.32454344
1.04655031
7.90266844
7.30826906
7.80468750
8.87141844
7.95084718
15.37271720
4.93587655
16.14257812
3.32421875
10.53971188
2.01497562
18.00000000
9.20019531
3.58789062
9.43750000
3.42024657
2.78873781
6.03157469
7.52897218
2.33593750
11.83235594
7.52848390
5.56250000
6.02945922
0.84895875
8.83365470
5.54980718
1.81655987
5.99773215
8.79687500
8.89843750
11.80126330
5.11522939
9.44253768
11.61362588
9.13704344
13.51235816
1.52637965
4.01953125
4.43618130
9.18881870
2.17187500
2.09407469
5.42578125
9.93814938
17.06966312
2.82584718
8.46158688
5.27278812
18.72851064
19.86947030
12.24218750
9.17642066
1.98145777
7.98045878
5.36329122
4.37807459
3.44419104
10.15234375
7.39843750
10.31250000
7.73828125
2.07617188
4.36328125
12.43391844
10.48990470
6.29865581
3.31658355
7.23469969
7.13964096
7.76270279
4.43782469
7.82275266
7.77425421
2.33984375
11.94006920
3.84570312
6.37923094
11.13102172
1.60986453
23.51049805
6.23437500
4.73828125
2.45507812
5.43359375
0.01354218
16.72866800
9.76803610
4.92643063
5.31608156
11.76985594
1.64681156
12.65949690
4.50456560
1.73046875
6.24282691
4.17514184
7.07812500
14.50617908
6.30632092
2.37695312
8.01757812
11.30110594
1.01725343
7.14062500
6.20426217
14.16504654
4.23046875
6.65657469
5.06217531
5.44531250
1.80729001
19.67652042
5.24609375
9.23437500
0.21374512
1.88476562
10.08007314
8.47363032
3.28044326
2.99202515
7.63704344
14.66730940
7.32666888
0.16902711
12.48242188
21.13052970
2.06478280
15.40625000
2.81445312
14.78613032
11.49413564
2.74121841
7.51171875
4.93750000
0.02696228
3.88476562
11.77766844
4.89973128
8.80323138
1.32942750
7.49641844
2.67350343
3.02962157
3.03287843
14.14648438
11.67089096
5.88802748
2.95280031
14.70539783
12.55533688
2.81739029
10.11718750
8.04296875
7.13492797
14.49462766
2.47981937
1.76692625
9.71288564
3.80241467
2.87890625
12.32275266
0.95068484
4.76223755
13.62923094
14.74218750
3.24381593
5.18359375
2.60611813
14.30012190
6.66016622
12.87500000
12.99218750
6.17610594
1.58170656
10.98079344
9.76300754
3.53744902
11.83658688
6.85708223
22.14682402
14.77181156
6.74218750
3.66406250
5.96093750
3.80078125
14.25032469
5.47623781
10.93033688
12.84829566
4.22527371
11.17789672
0.23982789
5.80468750
3.57226562
9.17575073
0.29947751
10.89843750
8.63639406
10.08951906
11.76562500
3.09471909
4.59115248
15.26139406
7.78906250
4.35156250
10.47036348
4.77767841
9.91634530
14.11295656
12.73860594
1.49088625
9.15526596
6.86426529
16.72766539
11.39843750
9.44531250
7.56444814
4.97428967
14.72264628
1.04688497
7.56933594
0.04508422
5.22444703
5.41406250
16.32128906
3.46305297
16.36962766
8.02278812
20.77693602
18.98795656
27.10156250
10.32812500
8.04329344
13.35447474
13.30730994
11.60310789
12.68229250
9.28759766
1.96516844
9.48437500
4.14713376
2.62597905
9.98827128
5.52735372
1.96679688
6.52359611
6.46322030
12.71484375
8.74324025
2.40324412
8.42187500
2.69140625
4.45018423
0.13538706
9.01008782
6.00683843
14.30598626
1.36068124
4.15234375
5.73828125
0.38110352
15.54230940
2.05339372
3.93945312
11.15168440
7.78693706
2.02817541
4.08126316
1.36490560
12.98242437
7.06250000
2.87662843
3.35937500
4.58593750
5.63232422
10.32583618
9.09375000
8.05793440
8.12240248
1.67838376
12.70723548
1.53613281
9.75259752
13.52615004
10.05435783
13.44759530
14.10285254
3.80193013
7.17480718
2.74609375
3.66796875
11.30126953
1.67382812
4.51171875
8.62564938
2.84310062
2.53710938
10.26472961
1.46541196
4.58528812
5.91829344
3.22233156
3.85156250
11.70019282
5.67545656
2.68880374
4.14583001
2.39713874
7.28222656
1.23079344
1.78776125
9.06379876
2.73698249
6.32193844
2.14778812
8.43391844
1.42448000
8.75000000
6.33024047
3.97053580
3.77181405
11.12858156
4.68750000
2.86620845
5.29590093
4.87500000
4.72265625
9.04041334
7.64811281
12.55891844
10.45670656
4.17187500
5.78222407
10.92480718
6.36328125
7.30468750
13.81618162
5.65657469
4.89045767
0.57764295
2.35351562
7.99251219
10.76562500
1.44156984
9.65689938
12.19889406
5.55436281
6.08626219
10.63704344
0.41585453
0.37963867
3.44921875
15.48746454
1.15087517
0.63509779
3.24853391
1.35807250
6.19466312
7.90657469
0.09529664
1.44063355
2.60937500
9.62923094
10.55468750
9.11462433
0.90995332
12.34507751
2.44921875
7.48535156
14.31445312
5.83203125
4.74708557
3.24023438
11.57812500
9.84179688
2.98469969
3.40006593
3.49868767
0.50180061
0.67871094
8.24625610
5.02029397
3.49023438
5.84016844
5.49967531
1.75789367
3.17472351
8.99641844
1.16344789
13.20637190
4.21159685
4.30664062
1.70426391
0.23905923
6.50390625
14.40948486
6.42578125
4.96907469
5.78336672
5.41861813
5.79231937
2.91992188
8.89485594
9.30468750
3.81673094
3.74218750
9.15983156
14.38346437
17.59863032
15.39355718
3.33984375
8.64843750
11.74218750
1.14843501
3.21191655
9.07031250
7.98111813
5.37435062
3.45117188
5.96939938
0.12630374
4.82031250
19.51204344
6.83414672
0.40429812
5.80924313
7.29655031
8.43521720
1.40332530
8.36002438
6.05403812
0.12097168
4.25781250
4.72753906
2.14843750
5.45210661
0.26249300
4.66796875
3.88476562
6.81250000
3.57226562
1.65104001
0.17301515
1.57487062
7.33691157
2.26074468
2.10546875
1.64778563
13.39241453
2.33528812
6.98828125
8.71516844
5.51562500
0.33536867
12.16482635
9.51932098
1.00878657
1.61198249
2.03710938
7.52783203
11.58040282
3.16406250
9.93237367
0.59318055
11.83235594
5.95670656
18.53088379
10.54036126
12.52961555
4.37012694
0.33431031
8.80110594
2.14192376
7.98681516
0.99886608
7.76594969
2.67350343
5.96093750
0.06707764
1.11132812
5.95864473
8.28386746
4.28092531
3.28548094
3.62076906
4.59407469
3.39225343
11.63281250
7.16796875
0.77294922
5.09765625
8.89257812
6.17187500
10.44531250
11.48712988
0.56755762
8.21435547
1.60937500
6.82421875
6.33593750
6.12109375
5.43261719
1.58528563
1.15494875
11.24462766
1.42627078
2.11523438
7.83984375
0.26157467
0.06148441
12.50781250
5.29190915
3.72981937
18.83235594
6.80859375
7.88281250
6.37890625
2.36100343
2.32812500
4.77083001
0.87370124
2.18750000
8.59375000
14.41406250
2.51977539
5.22265625
12.91406250
0.24938965
1.89176391
4.17757203
0.66357422
9.99218750
5.43489251
10.71745124
10.08593750
2.85953735
0.19307465
0.29862332
1.41145999
0.03976440
11.94140625
4.61360594
10.52701906
7.33626219
2.72428468
7.03727172
0.08601930
9.62890127
3.51009530
11.83801270
6.15331782
4.83073249
5.72086547
1.63655640
8.92187500
3.01741080
13.12907358
13.82584220
4.27962655
0.41007445
3.54671265
4.98990470
4.98665780
4.54296875
8.40625000
11.58007314
3.29134530
1.87662843
10.75781250
3.91634032
0.48209718
1.18164062
6.75308954
1.70589483
4.88704344
8.40038066
8.42156028
21.62695312
5.17578125
8.82877438
24.84464601
3.85416501
1.57226812
5.81640625
4.78287345
11.66275876
2.06608654
8.59375000
0.24023438
2.97265625
5.98046875
7.38134641
0.76416140
5.58203125
4.22898771
6.51157136
6.40592531
0.57275391
12.28637633
0.05810609
6.92675781
11.17675532
1.98177249
1.26432375
7.57031250
2.32812500
3.66406250
9.37638305
1.45556516
12.56966312
4.57421875
1.21679688
2.78906250
8.91406250
1.71255846
2.68636732
3.87695312
8.24414062
3.76953125
7.86783688
4.08138187
0.02708435
0.30851071
9.56966312
8.78125000
12.12500000
0.02825928
5.60156250
16.34016844
11.50101808
13.51562500
0.27408813
2.09195174
1.50847185
1.85449219
4.78709442
6.03712433
0.63085938
12.78465426
2.37395535
0.78450562
11.23437500
0.36214110
0.05460695
15.14615470
7.41439217
5.55859375
3.68065659
1.53809341
7.24218750
7.93261719
5.11718750
2.55273438
8.27126053
9.42679688
6.27645833
0.49032801
2.64648438
1.15185547
4.71875000
10.12500000
13.55956782
0.74479374
17.61685284
1.81462544
2.41210938
7.37109375
7.45735594
21.85514406
1.99218750
9.30078125
7.10723959
2.40838541
4.07454344
2.23209718
11.28125000
2.21484375
15.64550532
2.71289312
6.76985594
2.80045656
8.19531250
0.01251221
9.01562500
3.19596188
2.73958499
12.52343750
7.88037109
3.97656250
3.20898438
4.39453125
0.06854248
4.84448242
13.91048094
2.78287843
4.93676758
9.49218750
14.30305408
6.88249279
2.00390625
14.17675532
11.53418218
1.76562500
7.39485594
15.81998781
2.70312500
10.73860594
16.18140749
2.35883827
0.51957970
4.28775377
1.22103529
14.39223848
7.85776152
2.18750000
4.00195312
6.23828125
14.84570312
4.56640625
2.55664062
7.82941379
1.43230496
7.56282469
1.90104250
1.62402095
9.35693484
1.32470828
6.20409907
2.92480718
9.03125000
6.83593750
16.39550781
0.97412109
4.01171875
11.50129876
1.02604499
3.88476562
7.59798094
3.17056627
11.72153363
8.56999778
1.49609375
4.98046875
0.04049683
13.36718750
6.27298981
0.07472748
1.90039062
2.75585938
3.48828125
7.82844969
7.49576906
13.59124756
2.97070312
15.26985594
3.74396831
3.81039450
0.36303711
11.42608600
2.67580119
3.93717531
11.57454344
3.05631593
3.22883533
1.11296154
15.29882812
5.61328125
3.93945312
4.47086547
0.24910523
0.43701172
7.77636719
3.55078125
11.27677305
0.81209414
2.29296875
10.25781250
0.88411126
0.61442390
15.73502438
6.88606937
9.50000000
3.22656250
5.93033688
4.26497562
9.36360594
6.85905031
5.85156250
5.59016844
8.95735594
8.61263187
13.77343750
7.58984375
1.85936752
1.04541763
6.55468750
4.77734375
3.93554688
0.05169678
1.74121094
5.50292969
8.74641844
6.27701906
0.57474899
2.56445312
15.03548094
3.15397218
1.08105469
9.52831782
6.37402593
9.25000000
5.38281250
3.17219969
5.82812500
3.13248781
4.44954344
13.24673316
1.14193871
16.02311281
4.85156250
4.21868896
6.63281250
11.97492908
8.32015514
1.35432984
4.79687500
0.38553708
6.78125000
1.61751468
11.09798094
0.16544679
6.68782469
1.74869875
1.72167969
5.43359375
12.21875000
4.26985594
4.87467531
3.53971188
4.88834220
15.48210217
6.56614010
11.66731937
9.17187500
3.43164062
0.17077637
4.16796875
12.90625000
10.44335938
0.96077391
21.05436281
11.55379211
5.62198914
12.85709220
0.90853280
12.90429688
6.21093750
2.81445312
4.53125000
7.91406250
2.06445312
6.66829344
1.94889406
5.66992188
5.86751219
4.65592531
7.50000000
6.71875000
8.75423094
17.63704344
3.18489749
9.31250000
5.26953125
2.90234375
4.45148660
5.60124778
13.00398493
1.19425726
13.90722656
3.91015625
8.16316711
4.34106383
11.69726562
7.57389406
13.83200499
1.19726562
0.10111574
7.42138672
2.41796875
17.63867188
24.18180172
16.16080812
2.95280031
1.05273438
7.11718750
0.71484375
1.66129516
8.73631317
5.65463777
4.39843750
11.71289062
11.94954344
24.55826906
4.45312500
3.90625000
7.05078125
10.70312500
16.19432846
6.63770279
5.47688719
8.35514406
8.79565430
1.50878906
7.57551751
13.60449468
1.90038813
7.23046875
3.30729499
9.13703596
6.41243905
4.25618905
16.96516844
6.09732159
15.79785904
6.95605718
5.65722407
6.11035405
5.29003657
5.64030031
9.78483156
0.99772218
8.94531250
8.62500000
0.49194336
0.13661619
5.42252438
5.28418218
10.00781250
2.09960938
10.73925532
4.10253657
8.28711436
2.26757812
15.24123045
12.71354250
8.68750000
10.59179688
12.66650266
0.93408328
9.21875000
9.47469028
1.25968472
10.21952239
7.99141511
1.16102089
1.94017540
8.03548094
1.54655031
4.73828125
10.16965749
6.52539561
5.33593750
13.94531250
3.76985594
0.88395265
12.95507812
12.51936392
5.50439827
16.99576906
12.65864989
4.64127687
5.51985594
14.36295656
2.63177490
6.62109375
5.15234375
3.42382812
8.29687500
14.40445922
5.40413453
8.65266844
5.72721188
1.94075687
2.42545656
0.54345703
10.19726064
8.31836436
2.22460938
8.66047097
8.08562278
20.66406250
