0.04508422
19.11507203
18.36604610
17.90153202
9.53125000
2.30664062
7.45703125
11.95117188
6.89908688
2.08138187
2.07617188
12.08235594
7.74186281
8.71939938
8.85091312
0.80859375
6.40266844
0.03593019
35.69921875
7.48828125
5.15445922
18.62988032
1.88558233
28.40461658
16.12451047
9.78044326
0.48364258
2.41406250
10.26985594
11.05647828
3.40413453
11.88281250
5.86751219
13.46516844
1.54248171
7.08382203
8.28125000
10.20312500
8.15625000
6.93945312
7.38671875
3.60937500
13.33414672
0.46516969
14.38003893
3.95443373
8.21875000
1.86816406
8.31738032
2.36230718
8.13281250
7.39094471
3.07194592
16.74543440
54.48470218
18.70833998
3.29687500
1.12988281
12.63411126
0.34000983
3.47656250
14.81250000
12.47329566
10.23665780
5.45410904
5.20312500
5.98437500
12.76985594
5.68847407
3.70003546
4.00569703
10.79589096
5.04395279
16.00000000
4.16828846
0.56706311
25.24023438
15.33723626
4.72526374
13.27148438
11.89127438
23.21418939
9.67594858
20.50976562
2.48976685
15.35221188
9.90380984
5.02522828
9.26692376
3.91862311
3.40625000
10.37141844
6.18326906
6.59048454
0.81234749
14.05305408
3.76335217
9.80012689
36.32812500
4.89323249
3.93164062
13.75129876
2.07715093
0.45182375
1.96972656
13.43424313
7.39235350
14.80318114
7.90104499
12.31835938
10.02766844
22.59602283
11.97916002
12.46241356
12.70068484
7.35579344
11.03060062
4.84375000
7.15266844
14.03095818
7.07780031
8.60156250
2.88085938
9.86718750
15.27539062
23.97477172
0.38387086
1.53395236
7.93051418
2.05045656
13.29882314
1.63477061
17.05891844
14.17089096
1.73112810
9.69335439
6.11914561
7.61020613
5.74218750
4.46093750
1.61132812
5.29296875
8.77050532
3.16113530
1.26953125
13.24218750
23.28125000
9.80891844
2.81217531
6.55859375
18.03449690
9.79964982
8.31753768
3.80403563
8.60471492
5.58657829
0.48042816
9.81673094
0.03495363
7.49348626
1.57194343
2.67187500
7.36751219
1.37076906
1.40136719
13.75805664
21.25813719
15.02343750
8.34554078
2.13069703
13.44954344
5.73014406
13.78807846
10.26790780
2.78190436
19.45979610
4.15169437
16.32111924
8.71501357
17.31982048
21.36425532
3.07943373
31.61539672
5.57210328
13.10709220
9.85986702
5.08763963
6.40633865
5.96093750
13.59746898
17.11737477
0.26538086
18.61914062
17.54150266
5.03662234
2.88085938
9.26628160
0.00494385
3.40039062
17.84765127
19.68880374
4.29557624
10.24641844
9.49967531
2.23645020
5.55501219
8.38639406
16.33184398
14.67661790
6.44075687
8.43750000
4.67968750
1.98242188
16.81509752
5.98958998
8.02343750
17.66471188
5.62890625
2.60123781
8.33951906
10.09146720
8.56478280
3.38476562
20.03112544
2.71418939
2.88249279
4.92187500
8.61718750
9.57031250
4.59798094
2.80143063
3.31933843
6.31443817
8.46713652
2.44498781
13.23111564
17.55761968
5.16731937
3.52148438
13.33414672
5.17366578
3.18750000
13.44531250
7.67463985
4.27164174
4.00521498
6.00358156
7.19531250
1.57324219
2.24804688
14.75000000
2.33625970
3.24870124
1.30468750
10.45133422
0.67041016
14.61897828
18.11555408
9.15788342
2.31282469
7.39766511
4.54341644
6.94921875
1.07031250
2.98632812
3.99804688
0.08917236
5.48437500
3.83203125
14.23144282
8.05403812
8.99772218
5.48860594
8.07991578
0.30525758
3.83203125
5.00390625
2.04687500
14.06932846
9.21207890
0.43441295
5.41470939
10.20963874
4.19173094
6.60481937
7.98437500
4.54418883
1.96687805
12.08170656
8.88117908
4.54492686
17.45930408
9.88802748
4.07031250
1.06803219
16.91959220
16.71843029
5.71516844
9.25268617
0.07767762
3.48632812
13.30891844
1.12955812
2.48046875
13.05533688
9.95442376
3.34180186
8.22656250
6.38671875
4.65625000
3.41947890
0.71658798
3.66406250
13.67968750
4.94498781
1.52717517
5.13835217
18.90625000
7.97948471
0.88086685
13.27343750
8.15234375
14.31689329
13.24328929
7.02343750
2.70703125
6.34497008
0.05236879
21.97851064
11.97427970
3.52377216
11.61490470
13.54826241
0.72989930
13.11962891
5.42219969
8.23120455
4.98893063
11.92122562
3.41210938
3.55664062
14.15625000
4.81737783
10.47298094
2.72428967
0.29652405
7.53580563
12.82812500
14.35872562
1.01367188
5.28515625
2.74804688
9.29329344
17.98565382
16.55699024
2.38997064
3.87370124
2.77734375
5.77148438
8.48437500
2.93945312
7.54296875
9.48437500
10.70621703
19.83739861
12.50130624
5.60156250
5.08268063
1.01904421
6.78694703
1.00097656
9.38281250
5.02799313
1.07747562
8.46875000
2.89453125
7.88883422
0.47452820
0.03187073
0.16044067
5.42757203
9.27539062
9.12923094
22.37011470
5.82682624
8.12109375
15.81250000
3.29101562
16.48876330
7.24170545
3.66601562
10.72477172
0.30550172
2.34959941
10.16439716
10.55891844
9.36653812
11.55468750
7.99381095
5.14746343
5.51530031
25.61686281
7.66406250
2.44921875
8.79329344
8.80045656
9.82031250
5.23893063
8.15560062
2.07617188
2.59252930
7.50976562
12.84081782
18.90625000
12.76920656
4.56054189
2.05599623
10.84375000
3.90039062
8.86718252
4.47493905
8.19108156
7.12890625
6.75781250
3.79882812
4.61718750
21.28971188
7.03384752
8.39519060
12.47363032
0.69580327
10.87109375
13.05289672
0.51106812
12.97298094
8.36718750
7.02913453
20.42138298
16.86653812
5.72558843
11.48437500
4.00390625
8.60937500
12.62141844
11.71158688
3.97168218
1.13476562
16.17675532
13.95084469
12.06802970
19.29964982
15.76448360
3.61816655
15.76367188
13.93049424
1.56755263
10.46418939
3.19043218
4.81608156
12.61360594
1.39323000
0.35717773
3.96646720
13.65853280
1.15551696
0.31030336
7.23738586
1.63494416
2.75587433
7.94531250
12.42187500
7.08203125
3.25390625
8.64485594
6.68326906
4.58626219
7.98306876
6.30013187
2.88541999
2.24218750
12.72427970
24.43978280
15.52343750
3.09375000
7.33626219
12.14062500
3.82975343
4.31041182
29.46474119
6.72949468
6.45280031
11.64485594
3.08561281
10.78189938
5.24544437
7.57844969
6.93326906
4.96093750
13.43814938
15.35969969
14.99316655
5.52376219
5.80045656
7.39453125
9.80891844
1.78320312
-0.00221678
1.65527344
16.00585938
15.37206782
14.52994626
4.58073249
12.05737367
0.06858338
6.41829344
25.86295656
1.91634032
23.41764406
16.37580674
8.89763076
17.36555408
9.25586436
7.47004876
5.54166999
5.87076906
4.87890625
3.55859375
14.38997313
17.22037843
17.69954344
15.48860594
3.67513187
11.41144504
8.48291888
0.65739389
1.57324219
38.33276118
20.20768063
6.73307624
3.64030031
11.36283356
0.08015961
4.12109375
7.22867797
0.24641969
2.37500000
16.96695922
22.08544548
7.38069703
13.43799202
17.05075134
17.22821586
18.46924202
15.20621454
11.83105718
3.62662843
9.63281250
15.89304522
11.88039228
9.01562500
0.72998047
9.05468750
3.18465149
1.69489916
0.14388685
2.09570312
7.39453125
2.48437500
6.49218750
18.24283688
8.09310062
0.51660156
10.41406250
14.49706782
2.78418218
0.61279297
5.57421875
0.96166244
15.79134530
2.96159186
15.83235594
2.61100343
13.20800532
12.99935062
2.39030031
10.18716534
7.16439716
2.29296875
14.00976064
2.82812998
2.32226562
16.93489251
6.95573249
3.71960449
5.29752438
4.06575687
4.20703125
17.88834220
1.39290780
3.97851562
8.05627441
8.14445628
10.60449468
4.57421875
5.85156250
6.67187500
0.79762621
7.87240248
5.49609375
2.17187500
11.27343750
1.58170158
6.57259530
1.72851562
6.16406250
0.34513305
7.89453125
4.61897828
9.73437500
12.00162345
4.87776485
7.98917290
3.22591312
15.82633422
16.05907580
7.34404033
6.01273714
9.98860594
1.48925781
4.72721188
3.31152593
3.86946532
8.48437500
3.33951906
5.27343750
2.40038315
3.08887466
14.59634752
6.77474623
4.35156250
7.24542443
4.21941932
17.21011082
2.21762355
13.31347656
7.16373283
9.59668218
5.89030031
8.08170656
3.08593750
15.47542110
8.14501330
13.36394060
4.61718750
11.73002106
0.27632660
8.19954344
16.58170656
26.58649965
4.62964535
19.47363032
8.45182624
11.01537899
4.74243351
3.79915282
0.10599855
5.22395501
4.93782469
8.45540780
9.87532469
7.00358156
3.66829344
7.01786347
0.23034699
1.33886719
15.22752660
3.26466090
3.63867188
15.49348626
20.60920019
5.35271387
3.92773438
12.56673094
3.88053468
9.09798094
13.12858156
6.69531250
11.82454344
3.51334718
1.43098875
5.98405031
7.19531250
3.27343750
6.17008422
0.03828980
12.35579344
26.17024158
6.58724623
16.34960439
4.95540780
5.53092531
3.87109375
16.22265625
13.55956782
16.42675532
12.08105967
17.28548094
4.72835328
3.53304078
14.56925121
8.09358267
2.93294935
11.58593750
21.57617188
3.73649047
5.67007425
8.81218528
3.91406250
5.39518063
2.07161624
15.01204344
9.42187500
0.89176515
9.44824219
8.02668939
5.53841312
10.36653812
8.02343750
6.41666002
6.77865248
2.81054688
4.00781250
2.37695312
10.25423094
18.86049315
5.27278812
8.04329344
17.45147164
5.84117242
8.20312500
9.42806244
8.40625000
6.48046875
3.93164062
9.40625000
11.75781250
16.65396720
4.40445424
8.89275044
3.80696532
7.32031250
11.16764406
12.28677970
4.46712655
5.01774047
5.41161736
5.49479499
10.80045656
20.83789062
16.06054688
1.15136719
20.72135001
4.22493905
9.76985594
16.81608156
3.98933899
0.35880555
15.43961547
13.45751330
8.51302748
5.62955563
2.71028812
4.28906250
7.96484375
1.63867188
4.41567598
5.42026152
8.37141844
3.28873781
6.89192376
8.96028812
3.86653812
12.16974956
4.34620013
-0.03752562
20.00050707
9.90430186
13.19791002
18.64258311
2.65690436
3.21484375
6.41406250
5.91617797
18.63068177
20.01171875
20.74868878
5.64486591
3.08203125
12.63411126
0.51481452
18.45532164
2.87760749
13.34150197
5.27962655
4.69108156
4.83203125
9.89062500
12.77945922
0.28328492
18.09016844
4.78906250
13.65983156
7.03125000
0.93603516
17.86693152
13.46705285
2.15625000
15.92316878
16.98698747
3.30468750
4.45703125
11.87141844
6.01757314
9.32259530
4.11295656
8.48795656
6.84906513
0.03908794
10.31673094
5.18717531
13.83533654
23.32031250
6.23795656
4.91308843
10.37923094
4.15234375
4.14811281
4.02734375
5.35156250
9.43033688
0.07381351
2.84375000
21.04605829
24.21662955
4.57943373
9.74576906
5.61718750
2.35546875
6.11360594
14.59863032
7.55338874
7.51953125
9.52148438
6.30078125
7.82128657
14.35872562
3.30240968
12.95133422
2.22672485
2.82682126
0.50488530
1.76269531
10.18750000
3.26367188
3.97851562
21.37694814
8.12305186
1.20735594
9.57812500
3.30240968
18.18750000
16.84732159
5.41049091
3.45117188
14.19823720
34.08138187
7.72558843
10.07389406
11.79117797
1.90804078
14.64192376
9.25089539
-0.02758478
40.51643797
6.68326906
5.75064938
11.81770999
3.12304688
2.04266357
7.32031250
6.14876219
13.38232048
1.51383920
13.55273438
2.82844969
25.53878007
20.17675532
1.02962904
15.34375000
7.47265625
13.57031250
8.32617188
7.22867797
24.65869016
21.81542720
3.76041999
3.34537843
4.39453125
7.81250000
6.96093750
4.18457031
7.37532469
5.51920656
6.55468750
19.58053428
3.71924202
12.74771720
14.99234486
3.87500997
5.07031250
16.08154048
7.15169437
29.82942376
6.71322030
19.55696532
5.58951906
7.35937500
4.16406250
5.14453125
4.85937500
4.84798094
12.58967642
7.59130984
0.85091561
2.13867188
12.32031250
14.08984375
4.27734375
20.11002438
13.25292720
11.21239362
18.68172990
7.84407469
2.97005374
22.01204344
14.87858156
11.14908688
2.34700687
8.60351064
17.79327350
5.99384086
16.45084220
9.86947030
16.34146720
9.15625000
12.61165780
7.43269836
0.96525086
14.73079344
2.74543939
2.13509530
7.96875000
6.24609375
0.77783203
11.04654533
9.85384530
14.72786126
19.72786624
5.62044437
7.11328125
8.73502438
12.04622562
8.39754211
0.26920594
3.10481439
14.21093750
18.59537843
4.32715093
16.40625000
7.03906250
1.49609375
3.93359375
17.73437500
0.58398438
12.06054688
14.26627438
15.32747562
11.81250000
12.29687500
12.89029533
3.92871343
20.38216312
0.64990234
3.20898438
11.52733378
4.84766622
4.33203125
12.11360594
1.02506593
4.02636470
12.74088376
14.79557624
5.64453125
2.29655031
5.81673094
7.32780031
28.53548094
7.52945922
7.77880984
3.41992188
15.22102034
11.46028812
3.29818373
6.66015625
12.56640625
21.39175643
3.88949357
3.40062667
12.49121904
3.55273438
2.07796016
6.18635860
4.44431657
6.24609375
17.98437500
4.61328125
12.67805408
10.55632092
15.08738365
4.24464760
13.45865719
3.39388187
14.52782580
10.08121454
5.52800310
2.53483156
17.18750000
9.57226064
8.54134530
12.99120845
13.99739749
5.42936281
4.60089318
7.26206338
1.44303219
6.46224124
20.10546875
3.14257812
13.08023549
3.70133671
3.52842608
15.21875000
1.05859375
6.04687500
15.52766844
16.41829344
3.90950687
3.49023438
1.80369598
18.84392730
5.11360719
39.56249003
3.86719747
14.53189938
9.62255984
4.10139517
3.06315436
4.96863182
7.89127438
7.49935062
2.83235594
2.90201906
8.51562500
5.66406250
3.13614805
0.18343203
17.37450798
17.41943235
3.83789561
10.78906250
8.34798094
2.86393063
2.90136968
12.62206782
10.62793218
9.29752438
2.69498283
4.85319592
5.23437500
1.28613281
11.43765736
0.67660045
4.71093750
13.70507314
9.39290780
18.25488032
31.72561469
3.62695312
3.52148438
15.09309813
13.97623781
8.37109375
7.20703125
8.67610594
17.01952128
24.69109153
21.95538786
10.24383089
4.19205563
7.13606937
2.50195312
0.87776610
3.81705812
2.50585938
0.15039062
4.19140625
9.81640625
12.42187500
15.30614362
13.08448138
4.71679688
17.38769282
9.87793218
1.56250000
1.22949219
4.30239972
3.35514904
6.47526374
9.80891844
0.57031250
6.54463653
6.40440742
13.44922872
19.09602782
17.54361938
1.97298592
5.37500000
14.56102394
21.22022107
9.76758311
11.34863032
4.33886968
4.92968750
12.17187500
15.00325189
12.38753546
0.87499875
7.88216312
3.22167720
23.74836658
7.41081560
12.07877438
2.57942874
10.92089096
9.45019282
2.40821309
2.60351562
9.41048094
3.48600343
6.66992188
4.05859375
4.36328125
13.44596188
7.36653812
6.93570922
4.08382203
4.98339345
27.89014170
18.18750000
1.42414783
10.22038342
3.76383422
10.83772828
2.50390625
11.69954344
13.00373892
7.88037234
4.05306405
10.47656250
1.97265625
10.22656250
25.71646720
5.62549202
1.25374390
6.82372673
0.61084358
6.30078125
11.62857658
4.90462655
5.67578125
12.10579344
11.32031250
2.59733156
4.73860594
12.35351562
6.71256593
13.92968750
1.93261719
1.46777344
9.57714096
6.04004654
6.63671875
11.34375000
2.62727782
24.62955563
24.59666868
15.33105718
5.05826906
4.35156250
9.05859375
13.26562500
0.97639891
15.07226064
1.29753186
8.89062500
1.53255125
8.55436281
4.60546875
0.08972168
11.37500000
3.98079344
15.03092531
9.25000000
1.15917969
14.25780752
5.94938608
11.52945922
12.46281008
5.25781250
2.12695312
11.66193706
11.96924202
11.81055186
4.78906250
4.66764406
27.78245544
13.84927970
5.77572030
15.25911126
19.36702765
15.26185660
9.34180186
8.43717033
26.18671711
17.76074468
2.69140625
12.74023438
11.30110594
7.10123781
7.62109375
5.24836658
1.94889904
8.76562500
3.71093750
6.13671875
9.76073471
3.43067154
12.37923094
19.44954344
11.20084220
2.55827404
8.44352172
8.69352172
14.31640625
21.12450923
5.86800421
8.64664672
14.14843750
17.61686281
1.82324219
14.71679189
12.95963874
7.27951213
0.91222130
7.22656250
0.60042235
0.10636476
0.61767578
5.98924535
8.62403590
10.51204344
15.60034242
5.53328056
8.28353280
7.44531250
16.93537456
7.59196919
14.64843750
4.42578125
3.86262689
11.64024940
3.84375000
16.77766844
7.92545656
13.98860594
8.29133533
13.49870124
5.65885749
4.02668939
14.57247229
0.31075043
5.98046875
17.47141623
3.97422096
12.09375000
9.52701906
2.51953125
15.62923094
1.96256593
1.87500000
15.22607048
9.61767952
6.47330563
18.05598626
9.81478280
8.94889406
4.94563719
2.83951906
9.55598626
4.31673094
1.48177499
12.01562500
3.59765625
9.68750000
4.80859375
1.31933594
9.95409658
15.20898936
32.47683378
11.76139406
18.12743019
11.03272606
14.41015625
3.69921875
10.49006206
13.82731826
24.44954344
23.88394892
12.93734264
8.90201906
3.70898438
15.86848626
25.94775391
3.97135749
4.41015625
8.64843750
8.87564938
15.83724124
27.31250000
5.26953125
6.90299313
1.58626468
2.28710938
9.02929189
10.20508311
11.92578125
3.00976562
22.35577832
5.63648547
14.56250000
15.16406250
14.18554688
12.03971188
2.80013187
1.25243891
5.40315672
8.35416999
7.50781250
8.49820922
17.06460550
24.69109153
21.95538786
4.75164339
9.80891844
7.01496565
3.23470966
9.40266844
4.62768617
25.19773039
8.71451906
13.08007812
4.31282469
3.28483156
2.39843750
7.78157469
2.09342531
14.37988032
16.60855580
5.58480607
4.17968750
18.46875000
13.86132314
8.84180186
4.61328125
4.71289062
7.62109375
10.19352172
4.62198914
1.35636414
13.11328125
14.18033688
7.59016096
4.82032247
5.61360594
8.84504876
1.99837655
16.44954344
14.92903314
15.17187500
20.18278327
19.84375000
5.83951906
8.89680907
9.81639628
1.42741965
3.46907469
13.90625000
11.32389406
0.00634003
15.80289672
3.91780640
16.17187500
4.65657469
4.41764406
2.76301751
4.86230718
3.35905031
14.44123892
0.55094858
1.18652344
14.90689440
11.41357048
18.89942279
5.69075687
3.44335938
9.66113032
15.43652593
14.91406250
9.93098626
16.82682624
14.69563719
11.89843750
7.35905031
15.95800532
5.69043218
5.47656250
10.40038564
11.94759530
7.76139406
7.35318595
13.59130984
16.96402953
12.76237311
8.66829344
1.28125000
6.04003657
12.47135749
9.82454344
6.45735594
2.57747562
16.36782691
0.18033688
3.06575687
6.31250000
7.71093750
17.49022939
6.10352061
2.05468750
15.91438719
2.77701906
9.00781250
9.28906250
7.28125000
18.11629211
0.64103211
8.73437500
9.44693595
2.87370124
2.88053468
4.97265625
16.58658688
16.32389406
7.08862367
0.10966004
6.15234375
18.07633422
28.60790393
4.91537123
5.41406250
12.06250000
2.92187500
14.97330065
3.36068373
7.90234375
21.19726562
18.32373047
2.27945922
5.94318706
4.38282247
2.19726562
12.68587157
23.95735594
9.58748227
3.66870429
6.64453125
15.18212766
1.65706422
8.92155031
14.21093750
3.04491689
10.16211436
17.29687500
5.23437500
1.53613281
16.68521720
4.09212655
1.79329344
14.57355940
3.50424091
15.42707004
3.79558621
9.48860594
8.73014406
9.28449690
4.14160904
10.73209469
2.81543218
14.13346188
10.92545656
15.87141844
2.41536624
19.32031250
5.18359375
13.33251330
6.22217420
0.85742188
20.10150146
8.28125000
8.94531250
8.75195312
10.90625000
7.05680297
22.73452239
22.04265901
12.94140625
3.72460938
3.82421875
5.51953125
5.73339844
7.52343750
3.95703125
11.80468750
11.17187500
9.16406250
8.15625000
9.07096188
22.11458001
14.23519296
2.58203125
21.17187500
13.20670656
5.57877438
1.85091312
7.24218750
15.77766844
33.83096746
9.52009306
26.63261526
13.48929520
6.12436059
2.15820312
23.38248283
5.57291999
7.39811281
8.76562500
6.60937500
4.57031250
14.06673094
15.55436281
8.14973626
2.14909186
7.78906250
11.41829344
3.77539062
7.58951906
2.38476562
20.50064938
0.93994265
2.80843140
8.92968750
0.00419998
13.90884752
13.27865248
4.41203627
0.14123597
8.88476064
10.17415780
5.15201906
10.79687500
4.14876219
4.19498781
10.79817376
8.05338874
17.13525266
11.16585328
12.79085328
7.82633422
2.54655031
12.27343750
3.74967033
4.99056405
8.32096188
2.94466312
16.94855940
7.62956560
13.19596188
1.64030031
5.11328125
4.17577627
4.53320811
6.85156250
20.97004876
11.10449468
3.42155031
19.00031472
7.25651872
4.47949468
6.03092531
12.14843750
3.72460938
7.85156250
0.06146240
8.28548094
8.56429078
2.76426007
0.63138579
11.40430186
2.66569093
13.89664672
13.33593750
14.64241578
2.22265625
14.14664672
1.79671265
10.52066268
6.30477615
0.13808166
13.46516844
1.37222892
2.96647717
16.82812500
4.60156250
2.22656250
11.46875000
25.54263908
7.11165780
9.39062500
5.51562500
5.21875000
7.38671875
10.70312500
16.44429411
0.14457308
1.84863281
9.63883422
0.20833375
2.47656250
15.15689938
5.56380374
16.09016844
4.84390238
5.32960106
7.50000000
11.34375000
0.30981445
3.04296875
6.90234375
5.85937500
15.77831782
12.63118407
12.19222296
0.68880250
7.75032469
3.53670102
0.18148015
7.72656250
0.01182678
2.15012619
11.73437500
16.82096188
1.47786624
2.38085938
17.50000000
2.14257812
2.89648438
7.29329344
9.84016844
13.01920656
15.41959220
7.13867686
16.29101562
13.57161126
12.01855718
15.17252438
10.63346188
6.44856937
3.95996343
7.43750000
16.78677970
17.60579842
6.51594969
2.53483156
8.06054189
6.41992686
13.55891844
4.61686281
8.59375000
2.89648438
3.56250000
5.99950798
8.15674202
17.76952128
16.59115248
2.69433345
2.57194592
2.31054688
13.60774158
2.68522717
14.95343972
9.17708749
7.89404920
15.08414672
9.52701906
2.40234375
0.00659943
0.07946777
0.10296631
9.23437500
8.20312500
18.65625000
6.22851064
12.12467531
6.68978280
13.67968750
14.92089844
7.76171875
9.81250000
3.53710938
21.38281250
11.68750000
1.79915282
6.31217531
5.92968750
4.02994127
7.02865248
1.50585938
17.03872784
2.92220966
19.81086658
13.15007092
5.39843750
0.21875000
0.81184164
12.55632092
2.91927249
10.66048094
9.09015847
6.12694814
6.82651152
7.29935948
0.15498871
6.70222961
2.11808289
7.35066711
3.87784851
0.63232422
1.59667969
0.69628906
18.78971188
3.50715814
5.54492686
10.37500000
5.99218750
9.96093750
0.19445801
14.28125000
3.84146720
4.99056405
13.97851562
3.55175034
4.79395279
4.85156250
22.06250000
11.94791002
4.81380873
10.65233877
6.52995124
4.04231937
3.58789062
13.68880125
-0.01686522
7.96158688
1.30013187
7.32812500
13.95507812
4.75000000
7.43359375
9.89908688
10.41764406
9.98014406
11.37500000
1.82552000
3.18164062
4.08951906
0.12147948
14.84733156
13.06250000
11.68228502
9.51123670
9.51383422
4.99576906
8.47448730
16.85025377
15.14950209
12.21875000
4.82031250
2.77180907
15.80045656
2.01594969
4.78873781
7.50032469
5.94498781
9.55354610
21.30582890
0.03701782
7.97477172
3.14827515
8.91567598
3.02214871
8.97233156
10.12336658
6.45866467
6.22656250
1.15868393
6.85254654
4.00781250
6.82421875
0.09350439
5.32714595
19.45996343
2.31022218
6.55859375
5.62141844
4.42545656
1.28515625
8.15364251
2.91276374
1.30761719
11.40445922
10.16113032
0.52913702
12.63281250
8.60872064
5.12581671
9.47542110
2.60286624
5.76139406
8.78906250
9.39453125
3.02343750
4.41536126
5.87760749
2.37500000
4.60644282
7.47949468
7.64240581
2.40381482
11.70003546
0.24568726
5.96093750
7.83397939
4.59635749
15.66341312
6.56727021
0.39974124
5.50064938
8.01497562
13.12808954
0.95003546
0.20589110
14.20312500
0.37434937
3.98225953
5.01171875
0.02612305
5.83203125
6.17447252
10.91927748
2.20312500
1.34863281
10.14062500
6.00813719
3.83561281
7.64843750
14.43097629
3.65105496
7.79296875
7.47133755
11.33725620
11.78189938
0.78450687
9.39550532
3.09700687
12.41959718
2.95312500
16.42675532
7.33886968
13.28906250
0.13354492
3.76367188
11.78156472
9.24968528
15.50275134
5.95696545
2.47070312
21.55110594
0.61979250
10.52050532
3.01822751
3.25814217
7.67187500
11.35221188
19.83088985
4.23909796
9.32812500
2.35514406
2.95507812
19.95703125
6.60546875
5.94563719
4.76741578
5.16585328
13.31250000
13.19335938
5.21516844
7.82389406
2.22656250
4.35156250
6.42521055
0.01924746
19.02896720
10.09245124
14.42283205
14.81250000
1.81087157
9.15983156
2.09179688
17.20539783
4.58822030
4.96419437
1.88378906
10.85156250
4.75781250
9.04687500
9.63442598
8.05730496
4.64811281
6.98079344
13.83235594
11.71810062
3.11360594
2.81998781
19.06194210
5.53125000
8.82454344
13.74169548
12.10205452
2.90006593
11.22363032
11.60644780
5.33593750
10.51204344
12.76806516
15.09489140
23.57657462
7.13900155
5.37532469
14.31250000
9.86360594
12.09081782
7.10449468
5.42513187
18.85579344
15.39843750
9.70670656
3.93945312
1.18261719
9.92089096
4.68457779
1.86914062
14.31135860
20.20979610
5.89323249
15.72579011
0.48872894
7.95703125
5.34439938
3.49739749
1.89648438
23.27945922
9.08772828
9.94531250
6.84699690
9.34050310
13.83235594
8.85963014
10.28010860
7.35661015
22.94497784
10.87533466
17.70312500
8.65625000
0.49780273
11.73754883
9.13102172
6.20198609
9.50488281
5.46093750
19.46516844
7.56217531
8.68977283
29.02930186
2.25748781
21.39973626
8.95963874
3.84375000
3.33007812
7.50000000
4.69140625
10.32031250
10.34375000
6.08430408
3.65706671
9.02816046
14.62141844
5.30045656
1.79589844
36.75553219
14.00194814
14.21257092
9.59016844
13.29036126
8.00049202
3.08349734
5.37532469
8.09733156
13.52115470
10.26986092
5.25390625
2.44335938
20.88653946
8.81086658
9.04850842
5.51953125
3.02343750
6.42578125
2.84960938
3.46679688
10.58007314
4.51204344
7.47038342
11.01985594
7.23014406
7.52343750
12.25129876
7.53027593
8.41406250
0.79199219
13.90625000
9.26920656
4.11718750
13.07519282
11.50716312
5.37467531
17.28709442
3.66993683
22.62694814
7.37206782
4.17175542
15.86799424
15.87419326
5.31250000
7.81673094
1.43522218
14.60351064
4.77147939
6.98047872
14.95263672
13.82877438
22.55110843
14.07812500
0.21411133
3.48632812
12.68750000
13.97656250
4.69986813
1.83919437
18.28582001
3.91699219
12.30468750
3.70507812
21.09863032
7.34277593
3.34375000
12.22656250
11.60123283
23.66666999
9.33235594
11.64062500
5.57063719
2.66504155
8.83235594
1.29524407
1.46907967
3.24804688
2.92219471
2.21843029
9.67008422
8.59195922
6.35644282
8.61979499
8.04687500
11.87141844
5.62890625
8.25129876
11.92326241
2.68278016
6.19954344
8.32812500
3.24381593
15.61360594
22.51257282
0.49757978
8.79085328
2.85351562
8.62500000
13.46906472
9.37110372
8.48014406
20.24446282
6.63183843
4.73795656
17.10579344
6.94921875
12.81608156
4.42643063
10.87858156
21.71875000
11.61100343
6.33414672
7.09212281
4.73437500
6.05859375
10.81673094
12.96093750
13.84863032
14.37044437
9.45312500
1.16862062
2.48437500
6.28873781
13.78125000
8.24218750
6.95962877
4.80208998
16.12500000
6.72330563
9.19367908
10.93067154
10.04687500
2.66210938
2.04492188
15.30891844
2.81119127
7.66504654
9.22298094
0.45670656
16.94855940
6.72754654
7.77311281
8.40625000
3.88281250
4.40998892
2.46501108
8.92609597
8.69499778
4.93750000
12.49218750
7.95312500
7.23046875
21.07991329
12.18976286
19.68830674
22.74449024
16.09114251
6.38118905
5.69921875
11.20133422
2.85725953
13.39876219
18.40983156
2.64469360
0.71028687
11.82226064
10.88867686
5.26562500
11.29687500
0.43286133
7.95312500
14.86360594
1.85839844
11.51562500
4.82193595
12.80967661
0.87679078
2.92187500
9.97656250
6.45702128
10.66439716
7.16764406
4.44531250
16.20312500
15.41879173
10.54597961
0.27571718
15.15283203
25.36165282
11.20865968
13.55891844
9.44889406
5.80078125
2.92187500
3.11914062
2.00325438
-0.04478880
18.26733398
16.22702090
9.71460958
3.88281250
16.73437500
11.80468750
8.98079344
11.57843972
7.73764184
13.01985594
14.62858156
6.48046875
7.37532469
12.73616578
10.44482048
11.35384530
2.07617188
10.38476562
5.65625000
12.23046875
5.80891844
5.01920656
14.63769282
2.90136968
1.44433594
15.21711658
5.04883311
12.86246454
2.39111702
14.51171875
9.57453846
5.36882092
10.53906250
1.13606688
16.81250000
7.89127438
9.79801640
4.03597047
8.69531250
7.09825828
5.75037454
12.94173094
16.97980940
11.95475842
2.15690436
12.26155142
6.12255984
6.81901374
6.83479610
1.49625859
5.50423094
12.18147828
9.16585328
5.53515625
10.69173094
8.20670656
4.61328125
14.21516844
19.07942376
14.57682624
26.56509752
4.33122451
6.31819703
10.67480469
6.12532469
12.07161126
2.54134530
12.50781250
12.56664728
7.15842749
4.07031250
7.71093750
6.02343750
11.42187500
4.00390625
11.96875000
2.94531250
19.90234375
10.51430879
28.41277371
11.90616945
20.34830563
15.70247562
13.13088491
6.88020999
6.60452428
5.98469969
0.93880125
5.20670656
5.85546875
16.98143285
9.72266622
3.91276374
11.27734375
8.44954344
8.88932126
4.92936281
6.22200687
4.94531250
0.00374603
3.74153314
3.86653812
8.11653812
16.17252438
6.52669437
8.78906250
15.48827128
9.38737810
4.47623781
7.81494016
0.46647343
4.97656250
2.02061301
14.58431405
4.14973626
9.49088874
8.68660461
4.68448914
9.74706782
3.05957280
11.09375000
4.30468750
8.20930408
3.20085217
18.99722518
4.25049202
2.14486092
14.97150488
5.36443262
5.58984375
10.93308678
4.71762854
10.19710328
4.47355164
0.26163758
8.61718750
6.99413564
1.15625498
4.45312500
10.74478502
8.98177748
7.15657469
15.44644393
7.99073138
6.77343750
6.77376219
2.79622064
2.13541999
4.87918571
3.74218750
3.61328125
8.86132812
6.84863032
4.80816546
4.45876329
6.75000000
5.20280031
8.88281250
4.52018063
4.53841312
12.35057846
5.50098404
7.84375000
11.94985816
14.14469858
10.85075576
5.45377438
2.58528812
6.32136096
0.79484998
9.53189938
9.31998283
5.74447030
5.84310062
11.70133422
6.89664672
15.83658688
1.55957280
14.97656250
3.05501219
11.98437500
8.15891985
5.24820922
14.04669770
1.50978058
17.35171986
18.66422983
5.09342531
6.81282469
4.80045656
2.23632812
1.40722656
7.41828347
16.89421653
7.53515625
9.88281250
10.49641844
3.72819093
13.93456782
15.97004876
1.91374279
8.07031250
5.89094969
18.53125000
5.71125970
13.41276374
15.85514406
0.76025391
10.76985594
0.60351562
10.64811281
25.10918773
6.81659352
10.03548094
5.69108156
13.34276596
7.05567154
6.80078125
10.11360594
5.20409907
6.23698249
2.64062500
2.63427236
6.22103280
7.72623781
14.20214096
2.33106216
3.71679688
14.48242188
5.44954344
6.28483156
6.05696033
1.76335217
12.56640625
8.78125000
5.02799313
2.34505374
8.33300532
3.14274047
1.99300421
15.15949690
2.40690935
19.50495215
4.46990137
5.37500000
11.68570922
6.64274047
7.00000000
15.83723626
4.62728280
6.11002438
15.04443484
3.57210328
6.57812500
5.07031250
0.31250000
3.15234375
17.87043440
2.68620622
11.93240958
11.29134530
6.72298094
5.22233156
9.15625000
2.83203125
3.45539783
3.86491467
10.79687500
6.77343750
15.23176502
6.27897717
4.78906250
13.33235594
4.17936281
5.32812500
8.44139628
5.62500997
2.80859375
20.22851562
14.59472656
20.84602283
9.57194592
11.83593750
5.18945063
14.65560062
18.63639406
8.52148438
10.92626953
20.95539783
13.08463874
3.46785461
0.96085882
4.27766346
9.73339096
13.61394558
3.62890625
7.46093750
3.59309564
1.76823249
15.53125000
9.20604970
6.25586436
7.81640625
5.08496094
6.10969969
3.40006593
11.69676862
6.50456560
1.70882203
1.16308345
0.14445195
16.61995484
12.82649158
13.39274670
20.62271720
9.20540780
4.82812500
4.98046875
0.02091980
10.18814938
1.53743656
15.75796986
4.28499889
0.47680664
4.10579344
3.44531250
9.08170656
17.81738032
8.85449468
8.41906489
3.91699468
6.34016844
20.91471188
17.68912594
7.51041999
17.96224000
23.40639739
10.29103058
3.17350343
4.82812500
2.30078125
7.39453125
2.85937500
7.83984375
0.40722656
0.04965210
1.27876136
6.06576684
8.57454344
4.54296875
14.23240692
5.08969636
1.35921265
2.33690659
7.22754654
9.02050532
13.21711658
10.91081560
3.46875000
6.80859375
7.96288564
7.72461436
18.61450133
4.56909242
1.26660156
12.35579344
17.62629876
3.53157967
1.22753906
0.23840332
19.84375000
10.56216534
6.99284685
7.35969969
8.64778812
18.46907469
3.38280752
1.62663342
4.85937500
13.40363254
6.28988918
4.05257203
11.75781250
3.33984375
15.69335938
20.31264739
15.16782136
16.31250000
4.68359375
2.69726562
15.64615470
2.29036126
9.04785904
4.48828125
15.28889891
10.58170656
16.56250000
12.30842642
4.69157358
13.09406472
3.35515403
17.28639647
14.52050532
2.38187995
27.19302970
3.58040780
18.60546875
19.85221188
0.49007328
2.39062500
9.89843750
8.23437500
10.71093750
2.84211409
7.27800310
14.65266844
3.43717033
5.88477061
4.46516844
7.64158910
5.47917996
14.13704344
17.12695312
9.02017565
3.20801529
22.07812500
18.29768174
15.32341201
11.02245346
2.36621841
2.54492188
9.69596188
3.52489362
0.54101064
15.50586436
8.42187500
1.43164062
14.49218750
2.51562500
4.21093750
14.20979610
13.63883422
14.36849124
7.34342531
10.63704344
14.76204344
5.00325687
17.57812500
2.27868154
4.09961436
7.63671875
10.41406250
2.97265625
3.65494626
7.08919437
14.01985594
3.62662843
2.55664062
15.57454344
0.51188234
2.31445312
13.21841534
3.23861591
12.87828123
4.76237810
19.03515625
5.09798094
17.40983156
5.47656250
0.51367188
10.24771720
5.82650155
10.80956782
2.29427249
3.86881593
2.57305050
18.76204344
6.87076906
15.43814938
0.42220218
13.06664229
0.50855302
5.38589830
6.93099623
12.80712766
14.08723626
5.84391733
5.51627438
2.18359375
6.85677249
2.93359375
14.09798094
2.72037843
12.92024158
6.30632092
6.56640625
4.35367797
0.45735719
7.37500000
6.75194814
3.65430186
11.98437500
5.59830563
12.85872562
7.57031250
13.97656250
13.82407218
7.90853280
9.50000000
6.86653314
11.21745124
3.48046875
0.00174332
19.19335938
12.10221188
1.32845218
1.94726562
8.28906250
8.53140736
1.95882701
2.04214082
4.18588652
12.79882812
16.53125000
14.56982048
0.92562140
2.37467531
12.78254876
6.94401374
1.67675781
6.22265625
7.64583001
1.77604499
6.09765625
8.53125000
15.92447252
2.53646498
12.25423094
10.74478751
9.01184580
5.49609375
16.82812500
9.33235594
9.30175532
2.84635749
13.89843750
2.99804688
2.18164062
13.54687500
8.97557846
4.50098404
12.82257536
8.81023714
10.74218750
11.78906250
1.68945312
6.73828125
1.37597656
16.81737534
1.67481216
6.57681627
4.25912123
1.96582031
13.94531250
9.33007314
-0.12865712
2.37890625
9.20442376
7.49479499
1.36425781
0.74365234
3.54687500
9.50423094
13.95312500
4.85123781
2.26561005
10.85173980
3.68929078
12.00602172
15.00000000
6.17463985
1.53125249
5.46484375
9.03352782
19.13265015
11.48616578
14.14127438
12.50000000
3.79036624
3.10742188
4.33885971
5.95801529
8.44531250
13.97298094
4.24576906
8.59798094
2.06839013
0.81556253
3.85937500
12.23144282
13.29915282
19.05310308
10.92545656
11.64453125
8.01220703
5.91796875
2.51757812
13.87271720
9.15169686
6.31738032
2.49902593
8.87923094
1.63053468
6.05354610
1.86051640
2.55859375
12.62239251
9.08593750
3.29590093
6.88639406
10.25846188
14.65560062
12.36132314
15.99023936
3.21875000
2.44204566
24.31218528
8.77701906
21.27831533
4.13477061
16.18750000
3.65087268
2.01318982
14.24820922
12.37320922
14.33723626
7.93542885
0.57857269
11.08593750
1.44140625
7.02587766
3.69905142
5.78288342
19.10810063
6.75518062
7.26594969
4.29296875
4.72427970
14.49805186
6.69531250
10.70312500
5.46337766
0.94091921
1.97005125
13.69108156
3.98632812
1.94042969
18.05680297
11.45133422
8.76741578
10.42789672
16.73014406
9.46695922
0.88753297
6.31624266
11.44302970
3.21875498
8.66601064
3.66992686
16.62580674
7.98942265
5.92204233
14.29508422
6.48795656
2.04882812
16.32812500
2.07453596
4.82097185
13.15493130
16.52475620
4.25683345
8.49511968
2.57031250
7.07095191
59.04623559
12.99641844
4.53483156
5.10188719
20.10014336
14.08788564
9.13379654
8.49218750
1.51074219
12.18750000
4.83203125
6.68586907
21.08967642
3.81976630
18.68138963
11.70312500
13.92350593
4.07227061
7.87109375
10.64192376
2.61002936
4.08593750
5.08203125
7.18001219
5.94498781
4.00781250
16.30891844
8.81998283
26.14990359
6.30680297
13.89778812
9.98274158
10.85612810
5.63883422
11.94742797
19.05012689
3.27392952
9.62320922
23.16764406
4.03125000
9.56314938
16.61263187
4.24609375
21.19699522
15.31347407
5.11621343
7.85156250
0.78873781
1.82910156
10.75423094
20.91373781
10.14062500
3.79882812
17.33986814
0.14851992
12.00423094
8.13281250
0.87711672
12.02440908
29.65560062
7.07063719
13.58040780
3.14257812
1.59082031
9.00373892
2.46305795
14.74804688
6.66796875
1.59179688
18.23795158
30.15983156
5.36198249
13.53613032
2.64941655
14.48437500
4.30078125
10.57454344
56.16780142
30.16341312
6.30680297
11.82682624
5.43750000
20.28320312
6.61653064
12.68376108
18.93237180
6.66796875
8.85026374
1.77246094
4.38671875
10.20442376
6.32877438
1.45020030
6.14453125
17.94238032
13.62629876
2.95280529
1.20703125
14.10579344
22.93456782
16.74870124
2.78515625
11.17984486
2.92171764
3.97948970
5.45215093
2.48828125
27.47493407
13.95051751
3.53353280
12.32877438
11.22591312
5.47656250
6.48828125
23.00000000
3.75390625
13.59016844
10.06379876
5.38118905
2.62890625
10.84764628
20.16081560
4.96842531
15.29264406
2.38085938
18.73827627
11.04297373
2.20703125
15.89550532
9.04199468
6.38671875
19.58527815
3.98503435
1.20019531
11.25617908
10.35986702
8.61051640
8.91829344
23.86425532
6.21777593
3.72233156
13.76985594
15.02766844
2.39778812
0.81152344
8.56250000
12.42089096
8.83040780
7.83463874
16.82031250
3.14648438
9.14021415
8.41153868
5.25228280
2.96451906
7.66015625
21.87629876
2.23535405
7.02913453
9.96093750
1.54085328
7.87825189
8.72656250
6.71712157
2.62142342
11.78613032
10.08951906
8.58528812
16.56250000
11.66829344
6.71061281
6.97688719
4.99967531
12.54638298
12.10823360
8.55273936
6.96451906
8.81673094
6.11295656
7.83918440
7.03972185
13.29020141
21.40608765
8.85847961
6.77433289
16.38263520
4.39470855
19.71093750
2.25195312
14.46875000
20.42577627
3.85384530
10.40022828
19.90087766
4.56314938
3.97526374
11.97900266
9.35562611
2.96615248
18.01399657
14.76139406
10.27734375
9.03125000
2.44335938
12.72721188
13.97233156
8.42545656
1.60579344
14.73795656
9.26105940
3.85612810
2.98046875
11.42968750
16.13073056
17.45605220
3.23470467
17.87923094
10.79264406
0.94726562
7.80891844
5.61751219
6.27669437
14.00780752
17.11701020
12.13938059
19.86088043
0.24849457
0.48950195
23.61456871
8.96875000
4.44531250
11.60691490
1.02003822
10.34504876
3.44596686
14.43814938
7.93245609
3.14648438
7.49430297
8.07991578
20.06709217
2.99805186
10.39420656
8.09798094
12.71581782
6.62760749
7.90055297
13.97656250
8.18807008
4.11328125
14.48437500
1.72476050
1.13607934
6.37500000
13.29687500
12.66894282
22.62141844
11.53027593
4.14420656
14.14843750
11.51806516
11.23811890
5.51725343
7.30859375
5.58984375
8.29687500
10.16829344
13.48611554
3.64454122
3.66601562
9.91030364
4.66000886
10.22298094
13.51562500
3.96451906
20.38198582
4.73650044
3.83284796
17.26025266
5.77669437
5.81640625
8.09798094
20.52311281
7.85546875
1.42871094
28.02620235
6.06233267
8.97217420
15.08300532
0.32357062
8.35156250
17.58203125
19.10506102
19.56705314
7.13086436
2.50032469
6.87597407
10.35026374
14.29329344
17.46418939
11.71451906
5.49870124
11.57421875
5.04687500
2.46679688
19.92327881
6.92789672
2.74397828
22.42382812
7.12890625
2.40234375
14.92285156
6.73046875
2.78125000
11.99316406
4.47265625
6.09765625
1.92871094
11.76822252
22.64518811
5.76530031
1.80175781
12.18977283
16.81999279
14.28157469
6.03092531
13.39843750
16.57617188
12.44173094
2.31412843
6.09375000
20.16829344
8.04931516
1.32731327
12.20312500
16.23437500
12.92447252
4.23991467
4.44108156
16.76562500
19.01025266
3.65771609
3.09944329
10.91471686
14.25423094
4.94986813
16.63379155
5.59765625
7.69921875
9.22656250
0.05828857
14.06445312
5.45703125
15.38704344
13.72924867
0.70499695
21.04718972
17.08773326
8.97477172
7.27116467
3.75390625
8.55175532
20.67203236
2.88558732
17.52668939
6.59163453
2.91097296
1.96582031
13.72004876
8.95182624
18.39810284
11.75228778
9.75244016
14.78010860
12.90495124
17.88671875
3.33040282
3.36686281
15.78035461
0.12394226
13.96386719
2.19921875
11.04687500
16.07226562
15.44352172
0.14827515
17.70670158
7.05697030
8.04719969
8.40917221
8.91862810
1.27539062
9.86425532
5.04980718
17.70914672
2.79589221
3.70085217
3.64420656
17.23828125
4.01953125
13.91405752
4.34961436
17.81250000
19.15722656
4.71305297
6.24007203
11.20279034
3.40658466
2.09960938
18.19726562
13.76562500
0.96289062
18.19140625
16.42968750
12.34375000
4.84765625
9.14843750
2.84813830
6.04248670
18.82454344
21.58902704
15.01611702
25.26366689
7.70719858
14.14241578
8.89843750
9.24218750
6.08821033
12.72461436
21.19311399
11.07926640
3.37500000
16.12500000
12.94920878
1.63282247
5.07031250
24.83999114
7.98813386
23.80452391
9.04264406
17.91601064
16.35742686
10.39485594
4.56998781
17.67675532
3.46492741
0.79191101
11.82176862
3.23682513
11.30664062
3.78125000
3.35546875
16.30891346
14.77507092
2.08593750
25.27180408
4.07585217
13.49088126
11.33528812
3.51692874
12.02701906
8.36718750
2.08984375
6.63704344
7.58479610
4.95784796
7.77734375
17.13281250
17.17008422
13.63655640
11.38671875
11.74641844
6.41406250
2.30826906
4.91209941
20.83545919
21.59732159
7.21127216
16.76204344
7.88248781
4.00455563
1.60091312
7.80110594
13.12565187
3.94824219
18.56746336
10.76920656
9.24218750
3.42870845
3.28027593
2.81054688
17.51562500
4.61718750
2.76757812
14.63281250
3.69140625
19.03906250
4.49609375
7.55078125
9.62988032
19.24251219
8.36588874
5.22330563
16.76253421
16.78045024
8.31966312
5.74096742
0.22916687
22.52011108
10.98437500
1.15234375
14.92008422
21.65477394
4.40984153
4.48405031
12.09439938
8.42903812
4.32812500
11.45876053
1.38108322
11.92789672
4.94319703
5.00781250
8.47656250
5.14453125
23.20768063
2.56770999
14.08105469
14.56379876
19.19824468
16.83951906
5.82812500
6.07421875
4.51562500
2.27929688
12.61067376
13.18033688
16.81836436
2.82812500
9.37791224
13.09083277
12.12011968
4.40592531
8.71028812
11.37336658
2.17155529
11.66406250
7.49641844
1.84147218
25.87271720
10.01790780
27.26367188
28.16177970
18.72851064
7.40300310
13.25358156
2.20117188
13.43750000
0.76529533
3.93197030
29.75813719
7.39453125
5.37109375
19.73730220
5.28776374
2.84375000
13.10758422
6.46077515
10.72298094
11.67919548
11.57210328
3.49056405
14.50846188
0.72298343
17.95865470
6.14436392
3.32666888
16.76724845
14.53060062
5.79199468
13.88655142
10.04947252
8.95655418
3.17773438
13.51627438
2.10286624
13.47900266
0.96842531
2.02718140
24.63980829
5.25081671
3.91601562
19.45703125
7.91406250
4.73828125
21.44140625
20.07454344
9.02701906
3.31445312
14.59891723
9.01741578
14.08593750
13.88883422
5.32698360
5.83886968
8.84016844
5.20280031
0.46875000
0.09075928
11.82633422
4.27620484
13.39843750
3.88281250
13.64843750
4.66145501
3.97135749
3.65234375
10.44661126
7.78776374
10.13704344
14.79948000
17.61783688
16.06787234
4.19441711
6.31909242
19.17187500
14.64127438
11.30826906
6.04264406
4.64062500
8.64843750
11.25747784
1.93229997
11.09471410
1.22917996
4.55859375
7.03938719
9.15754876
7.39315194
6.66227172
15.88265015
16.02766844
8.09016844
10.76920656
20.67272700
0.36067376
3.14713874
17.74413564
0.44385264
2.10937500
18.55371094
4.50390625
7.17968750
13.30956782
6.56608156
10.16926751
6.38509530
7.51953125
4.21744875
8.00000000
20.56770501
17.77546868
7.65007092
18.19687990
7.70524047
4.33772828
15.94954344
14.63052970
6.93164561
12.62141844
3.88639406
10.92143353
6.27377216
2.28320312
9.01985594
12.16113032
17.12288702
15.29215204
21.30680671
6.32421875
10.40006095
18.52827794
12.15369236
20.79752438
15.74869626
7.49413564
23.48894060
7.38671875
9.08478613
10.43897606
14.61718750
1.30143312
8.09080785
13.00438830
31.68214760
15.03254876
15.27278812
8.30403812
5.78807846
1.93262466
9.65625000
9.96093750
15.85644282
5.27848515
6.22054078
13.65136220
5.55697030
4.39241578
15.92431516
12.98372562
8.67317376
6.01920656
9.87402593
18.82649657
4.45670656
12.02180408
4.40788342
18.91861813
1.55013187
7.99609375
12.96907469
11.71451906
3.03548094
16.35789894
1.81951074
1.31445312
18.00777098
11.84927970
0.88379405
13.08593750
8.52408688
13.42252438
14.82226562
14.85351064
16.65495124
14.01969858
1.15315797
26.16422360
14.20149158
9.30567154
2.36946532
5.44108156
10.03906250
1.88671875
20.48860594
17.57633422
1.44873171
14.76562500
0.60937500
2.82421875
16.59407220
61.81705563
5.90072030
14.02896720
8.42773936
2.11914062
17.55533688
10.64030031
2.90983156
10.07812500
2.64453125
5.52441157
1.62988530
14.07584220
5.42025155
4.60156250
21.02343750
6.61034907
17.51920656
14.74706782
4.05338874
10.69889406
0.88525391
5.09895501
16.54976730
9.53487144
2.89453125
16.00000000
16.09016844
10.93391844
21.15002485
8.19173094
0.87370124
12.07893174
15.77457890
11.50586436
4.34375000
17.96126219
5.23762689
3.45736092
18.20474845
4.76790780
31.32746565
13.41341312
10.27083998
2.70149657
2.97819093
2.88051973
6.00050199
18.59752826
16.13798315
4.76106937
9.19466312
5.59375000
0.71093750
2.93359375
13.19009752
3.63021498
13.43391844
3.62597407
20.60807624
13.62564938
3.65169437
7.75602172
1.22444703
3.75585938
17.02538564
4.65430186
13.39127438
5.99544437
14.44596188
2.55989749
4.28125000
23.34749266
18.55989251
3.33252327
13.91227172
10.32812500
10.71875000
3.94498781
16.85042469
7.50194814
4.00521498
27.68001219
15.45605220
5.80371343
12.99576906
3.67773438
1.40672956
1.14112200
13.41048094
1.34733156
5.00552970
7.00618905
17.34863281
0.92773438
4.26367188
7.16438719
4.56803468
9.37988281
3.15429189
3.81478280
4.70018784
3.39942154
5.78873781
4.31282469
4.49967531
4.23046875
7.12890625
21.24526707
4.49333887
27.03483156
1.99511719
18.78352283
2.28874279
12.92968750
7.65266844
1.29655031
1.88769531
11.46060783
5.88541999
6.22623781
9.53906250
0.11712646
4.21093750
2.98046875
2.49055907
0.10367922
6.19531250
16.16177970
18.50259752
12.53711436
4.28711436
16.40983156
5.43424313
7.32780031
14.60132350
2.90495124
7.11751219
4.21061281
6.28319814
0.80664561
14.63751552
1.87420323
8.10156250
3.51953125
21.37642332
14.66145501
5.01009530
4.02961658
2.85124279
18.55403314
12.37773694
6.72252680
7.22656250
5.22688719
10.08170656
5.00390625
19.85351064
5.37728280
15.15592531
2.83593750
5.91959220
2.56494514
2.14046265
7.41829344
13.47363032
4.49902593
6.89030031
2.86132812
5.81673094
11.49576906
8.89843750
4.89843750
20.11555657
5.79199468
17.56575562
2.67952515
19.96679189
2.82422373
10.40625000
1.44433594
0.82226562
5.68750000
8.44531250
6.09227394
15.54835106
4.15625000
18.45572252
14.93522218
6.43945811
7.20670656
4.44205563
23.53985508
8.20312500
10.91829344
2.52343750
19.35627549
3.75668107
4.21093750
12.99348626
13.50032469
4.84603280
11.34016844
5.24576906
11.10221188
6.05110594
4.93261968
21.96516844
11.86994861
6.11849623
13.19954344
5.48795656
18.62662096
2.87044935
9.46875000
3.02929688
5.84732658
2.98926030
10.70247562
2.98632812
19.26204344
3.49446532
1.13737062
6.69653258
0.05753726
1.57617188
9.98437500
9.33593750
3.98242188
6.95312500
6.05635528
0.60038301
12.68814938
9.78060062
8.29166002
10.48958998
6.53189938
7.20670656
5.19237035
15.75964678
7.45833499
7.26855718
1.74804688
7.32487062
2.99023438
6.39453125
20.80305408
5.40007092
4.23273660
28.31861525
5.86198249
3.61295656
8.27115470
21.08822030
6.83658688
8.03124003
11.23406028
18.67773438
12.24869875
18.46972407
9.26676640
11.49527704
4.11230718
2.10123781
7.30859375
7.01472961
7.68839539
3.36181516
0.64404421
17.08723626
9.91878546
12.91471188
13.38818484
9.16764406
12.72492908
5.41960217
3.95703125
7.76171875
10.09325798
3.27457641
5.54557624
7.46061281
2.76367188
6.36067625
7.34798094
3.46614749
5.66015625
12.48502438
2.08349734
12.28792110
5.38965093
13.61328125
8.36360594
18.28742908
6.84570811
3.20638187
8.41113032
4.90527593
5.36328125
15.58428414
5.54657523
4.28125000
4.98046875
16.45247064
6.02816046
13.93147828
5.80859375
0.97216797
0.71093750
13.85286126
1.29069343
3.64062500
13.06640625
4.42578125
2.78157469
6.71061281
13.15331782
14.42480718
2.63313719
12.95767814
8.51057735
5.79427748
0.22444703
2.62500000
12.60286126
8.20093085
14.89118075
3.84994902
11.13281250
0.12939453
25.77734375
2.51822751
9.86653812
1.31835938
13.87629876
8.39859486
1.73487200
1.60351562
9.09700189
10.19954344
5.34081782
5.52865248
5.08235594
6.96061281
5.63671875
24.32031250
2.41796875
3.99150821
13.93841720
5.92464733
13.73795656
18.20702128
1.22657247
8.45735594
20.70930408
6.53288342
12.16280075
9.75219913
5.88395390
0.83121703
2.76920656
0.72346922
4.83691157
6.08073249
4.48111813
2.19694093
10.99576906
24.00000000
18.30972518
10.12191046
4.81347407
14.04004654
14.00976562
2.28710938
2.14493026
13.10075576
12.94954344
18.32975219
10.51090702
15.03221410
3.39356715
12.64940160
6.56348404
17.02751108
3.55647828
15.70222961
3.79840232
18.43556183
7.38916389
14.71695922
1.80729250
12.30539542
4.41666999
3.69889406
10.56086658
10.97200687
10.84603280
11.09375000
6.33024047
6.85335328
7.11751219
8.41340564
6.33854499
2.27604499
2.21484375
17.86067376
7.72526374
2.35806627
6.37240248
5.90625000
12.63703846
3.73665780
5.03564365
4.91406250
2.89713376
3.50520999
7.48828125
9.37058678
33.07863197
4.67610594
3.75339678
4.13006759
14.92008422
0.05562379
2.24218750
3.20800781
18.44726562
5.80468750
12.64843750
11.47069814
15.94922373
9.84960938
10.07812500
4.38281250
22.05386082
29.26127822
4.75163342
13.05452017
10.35889046
6.62076906
6.63866689
7.32617686
5.13671875
2.80859375
13.83820036
4.42351839
11.89485594
8.99576906
11.23908301
7.77068262
13.56021720
5.70182624
17.61034907
6.09277593
4.05045656
5.92732664
5.21191157
6.88211312
8.41406250
5.33105220
5.40234375
4.68261968
9.51562500
4.00390625
5.84375000
21.88704344
11.59342531
11.56494016
0.86425906
3.39257812
9.68391844
8.70865968
6.62109375
5.21093750
8.92317376
0.84147468
12.36718750
16.03125000
6.40625000
7.07421875
3.91992188
10.87824690
5.69206560
2.66796875
21.14745595
5.35905031
6.05306405
1.80371094
3.29492188
10.93945312
2.54492188
11.87141844
6.96093750
2.58756593
0.68798828
4.63671875
10.00976562
5.70312500
3.65104001
6.69075687
2.02927238
4.68717531
4.60848513
4.77734375
19.45768063
5.46810062
15.62841174
4.30843639
13.26887190
2.56088153
2.91015625
11.59406472
6.06218528
6.37500000
12.53125000
5.73827627
2.30664561
4.39843750
12.02343750
3.08593750
7.21875000
4.15950189
6.23404034
5.77702903
8.54589595
10.69905142
4.71891733
14.87923094
8.72819093
4.76953125
10.46875000
7.24218750
20.01952627
16.87728280
15.32747064
7.34993905
2.06445312
7.02147939
10.88574468
20.12889628
20.80990248
18.50586436
17.24446532
6.20638187
6.16015625
10.29329344
14.22656250
8.86848626
9.80761968
0.95345218
16.08495346
19.46192154
3.62304688
4.21093750
10.90266844
14.12500000
3.25748781
13.25846188
4.09700687
3.28906250
10.96418440
24.55144060
2.71712157
3.37858156
12.39973626
15.75260251
5.30697030
12.55009035
9.26692376
2.50651374
8.02635971
3.39942154
3.57812500
15.98437500
3.68359375
6.22688719
2.97819093
4.20604223
7.78157469
11.83919686
16.20508311
8.72168218
13.27424424
20.70361702
5.21289561
11.74397330
7.29134530
16.65714539
0.22342957
0.89794922
6.68359375
1.59863281
5.29296875
15.14062500
10.39062500
16.99418949
6.97852061
15.48535156
7.35937500
3.28515625
11.19620789
0.08239808
14.98925532
11.73535405
3.44140625
11.07812500
14.17675532
4.14355718
4.64062500
24.20311503
18.82845966
3.37076906
8.70312500
2.87304688
20.94628906
17.88182846
5.51270279
20.51724845
3.31673592
24.60579344
2.68326906
5.94531250
12.32031250
21.20782802
8.30193262
5.10188719
14.66276374
9.59770452
8.74218750
8.71158688
1.00911624
5.94367908
19.64615968
19.63086436
8.01562500
9.85286126
5.57258533
4.76628435
26.78417720
6.49870124
5.76953125
2.47460938
10.81802970
5.96989140
5.04801640
1.34863281
6.48828125
6.71580785
2.03809840
11.38686614
7.91603058
4.27522828
8.90625000
9.41406250
0.50390625
1.06054688
2.28743407
10.89811281
6.97003879
8.47917996
4.17968750
11.69954344
11.76985594
6.10481937
11.37500000
6.44140625
11.19432846
2.59278091
15.91406250
5.03125000
9.08734638
0.35462870
21.31770501
17.59992908
7.36329122
16.74234486
17.31608156
12.70458112
9.93230496
7.96191157
6.75683843
5.65055297
10.72054078
3.73111315
3.15593029
6.25488032
2.83659186
5.55078125
8.23794659
4.65658466
2.45507812
10.03548094
0.49479250
6.99560547
4.46093750
6.10579344
11.88346437
7.20703125
12.10156250
4.96875000
0.97558594
12.48453236
2.15006593
10.75016733
15.51985594
10.73502438
2.89778314
16.46257092
1.40722656
4.85937500
11.67968750
3.09960938
6.57812500
18.54589096
9.50879654
1.93750000
10.36718750
5.51953125
3.42121565
13.10449468
20.65039561
3.93717531
22.48697252
20.48568373
13.94563719
2.63248283
0.96680186
5.76171875
10.37759752
9.64583998
8.58593750
2.94368407
9.04264406
6.08593750
14.92317376
10.59245124
3.23469969
12.26562500
2.93131593
5.11718750
7.47265625
3.85937500
16.87271720
3.82259530
12.22460938
15.04687500
4.30924313
18.59733156
12.39908688
2.17480718
10.17968750
7.77847518
1.09359513
9.37500000
30.27248161
9.64615470
5.16178967
10.21875000
10.75000000
8.14792830
0.30641740
9.20214096
0.58985123
10.16763908
5.40918218
7.78450687
24.87500000
8.57128906
19.59768064
4.72263186
17.72851064
7.54492686
3.12695312
10.67187500
4.39518063
2.70052249
23.17968750
7.00585938
16.40625000
11.61718750
2.08593750
14.75552970
9.31478280
6.47656250
8.90266844
9.81250000
17.02147939
8.84538342
17.91210938
15.53125000
14.02115470
7.57259530
1.65234375
17.69856688
3.88053468
7.22656250
6.67169872
3.12403091
3.71875000
12.77180408
7.79850842
9.53010860
14.30713015
10.06654097
4.03470411
9.81364140
6.13313719
10.63997562
6.69531250
3.76188110
17.32812500
4.51610954
3.60775155
13.43750000
26.83203125
11.32470080
1.28467420
12.35351064
7.66211436
12.26399158
7.72038342
7.73046875
18.44921875
11.02235541
3.15223125
12.14778812
14.32812500
11.46042554
5.10956227
10.85156250
12.68123227
1.86140930
13.25537234
1.53304078
13.03971188
5.65950687
4.42187500
4.92578125
12.81509752
4.68164561
6.55794437
4.50162345
0.89388436
1.79882812
11.43359375
6.21972407
8.43326906
5.29231937
8.48437500
14.00781250
4.60742188
14.02164672
18.62361695
13.74771720
6.23665780
10.15331782
9.44043218
21.25304690
15.88086187
3.65039561
9.14485594
3.29459718
24.43879876
5.90495124
16.53319814
8.74935062
1.24870124
2.34570312
6.77343750
1.18489500
0.65446047
4.39453125
10.90819814
5.34180186
15.97297596
13.47168218
21.60840093
19.88704344
6.91821414
9.58674424
12.01725842
4.04052859
13.62320922
12.08593750
18.55045656
0.03396606
7.07633422
16.81395612
6.05795185
4.97265625
11.60579344
6.29655031
7.66438719
34.09817505
14.86897828
2.00894892
12.60156250
4.18620124
11.61718750
4.70312500
29.32185789
26.42773438
3.79459718
36.67870346
27.93099124
5.58366467
13.83788564
3.37939827
1.83154421
12.46875000
17.47443706
4.04900044
2.12109375
11.91601064
11.76464595
2.78028091
7.86718750
10.02766844
10.86116578
5.75960328
6.84765625
2.09765625
2.23152649
14.30558289
19.06304598
20.45310270
8.80144060
7.12500000
1.74804688
21.80452017
14.27717642
10.75033466
15.38883422
7.60188719
2.71834351
5.16373781
9.14908688
11.97265625
5.56396609
21.59676086
0.46264711
0.92087912
8.42644060
1.39062500
10.27343750
6.12955563
9.41341312
6.55468750
12.21875000
12.76041002
4.14485843
9.09130984
8.82861702
21.05698472
4.75551528
12.82454344
4.44498781
4.10969969
13.68391844
2.36458499
17.32454344
9.07584718
2.81835938
18.36783688
4.18294437
16.75781001
2.53222905
11.85709220
17.55062264
15.55598626
1.28906499
11.08723626
2.47689217
18.09863032
8.78841312
18.80631593
21.96516844
6.61750222
14.26595966
11.19043218
3.50781250
16.08626219
14.61002438
4.37435062
8.77701906
1.97070312
8.16406250
0.02439880
24.14419659
2.11361591
5.33593750
20.81087157
8.51139406
16.07454344
4.04264406
2.53619385
14.45133422
2.35335328
20.20051751
2.56901374
19.59845302
17.21437167
12.91715204
4.48877327
26.50373892
5.48876829
3.92741467
30.43519726
15.27833776
19.49023936
5.56966312
7.53336547
1.41780640
7.55078125
7.36718750
1.85839844
11.86067376
13.22168218
12.99218750
4.96663453
0.82991578
15.26187113
8.72868794
2.77701906
15.40625000
14.59375000
3.22265625
14.51171875
3.90625000
17.00259752
10.02865248
10.53254876
21.57454344
14.29915780
10.92968750
0.02233887
5.77734375
7.24218750
6.30078125
0.00536346
12.96158688
18.69791501
6.89355718
6.49186281
17.50976064
9.56055186
6.98046875
13.93391844
10.66048094
14.91341312
0.33471680
13.51204344
16.24348626
4.25618905
11.74641844
5.94694093
6.80891844
9.12076906
1.32621122
0.30879855
15.93391844
16.10514406
3.67415282
3.58951906
12.73860594
10.55110594
2.84081782
11.22884530
13.07812500
26.82197475
3.61373447
2.09163453
11.43163564
11.48665780
11.20572252
3.77051529
7.80078125
12.59195922
1.05843140
3.09602782
15.92512689
4.74544437
7.92480718
2.37500000
2.32226562
2.69140625
4.49966534
9.71908466
16.42675532
0.95508062
9.01562500
4.56640625
23.64023040
4.39794548
14.26009530
1.77343750
12.98379433
0.49618489
10.96467642
3.57585217
12.76985594
4.22233156
2.42382812
9.88704344
0.45182375
12.91959220
4.61588874
2.91405752
6.36133311
11.53873283
5.83431405
5.76139406
3.16796875
9.00846188
5.30794437
8.04687500
16.21516844
3.31608156
19.52945922
1.88948609
15.43749502
13.93994016
3.79248670
15.06738281
2.92533356
1.46596283
5.87890625
4.38281250
15.60546875
5.08984375
2.10546875
8.29752438
4.94726064
1.11263685
0.00836182
0.06958008
7.86816157
13.59489140
8.29085328
17.97493407
4.77701906
8.94877106
6.31205231
7.98942078
8.03125000
2.84375000
5.50390625
12.56941711
1.26749695
1.79199219
10.31250000
12.14062500
22.23242188
3.75000000
7.50211547
1.63167359
1.02441406
8.68750000
13.87206782
2.08886968
0.91357422
15.88263520
13.14144669
0.63117908
4.13929869
5.71875000
5.82031250
1.91634032
16.09635251
4.39388187
3.84667720
10.71516844
1.64681405
3.00747784
8.38314716
2.17187500
7.78336547
4.99007203
5.90055297
1.76643922
3.16845703
4.10156250
6.19173094
3.44954344
0.76204593
2.62304688
0.05303955
1.22688719
3.08756593
7.56250000
10.48046377
11.92301640
0.24446905
4.39094969
2.61100343
4.27734375
13.11718750
5.70735594
21.55533688
6.90266844
4.77213874
5.26204344
4.37500000
9.50358156
0.42187500
0.96549064
5.18587655
4.26171875
3.65820312
2.18750000
12.15787345
13.16341312
0.24853765
5.12923094
1.84733156
10.10156250
9.64062500
12.13605940
10.41081560
9.75000000
8.56250000
7.01171875
6.02343750
4.98046875
10.99218750
10.25846188
4.95312500
21.17903812
3.72851562
7.00390625
14.97656250
7.71549313
8.35091312
7.28710938
7.75846188
12.06185062
2.04524657
4.71484375
8.57714595
5.17871343
3.88053468
8.88972961
0.38566101
7.92968750
4.52343750
9.05468750
12.93750000
12.54764414
10.40407303
0.30173752
11.02196144
4.46913757
3.60720412
4.48144282
2.50716810
5.21516844
7.31909242
0.33292664
3.02343750
6.29508422
0.48811890
4.10969969
9.98665032
6.74447030
3.25781250
14.13240539
3.06827820
4.82486813
11.60872562
5.50227782
8.19108156
6.97656250
11.57421875
29.62127686
24.42930281
15.68197030
5.90527593
5.81185062
3.21289062
12.95906555
3.06998719
4.82486813
11.42187500
11.54394282
2.16439217
7.42243099
11.05468750
15.95865470
10.09603280
4.18977283
6.82585217
12.22656250
10.69888908
12.37728280
1.93977532
9.61278330
11.53873781
5.25585439
7.24805186
6.64273050
6.96664450
2.36751219
18.15625000
7.98567376
2.25162843
4.70573249
3.75585938
4.04687500
4.68359375
5.45703125
5.34977172
4.03421498
6.58968639
16.15445922
1.92708250
11.30403812
3.79296875
9.21093750
7.99173981
5.26216644
13.70800532
1.30859624
11.38670878
8.62595169
7.73828125
2.69335938
16.47884032
9.89159907
9.42838874
4.50813221
5.61953955
5.72656250
7.90234375
1.00488281
2.07844969
30.30695036
5.70834995
13.02343750
8.09960938
2.60546875
8.25423094
4.01953125
7.66406250
3.12272218
2.44726562
2.18554688
0.89957267
8.13509530
8.25781250
4.09375000
3.56250000
14.39062500
6.09798094
10.35579344
14.01757314
8.38802748
14.53189938
7.02701906
14.45312500
13.34733156
7.76953125
6.08626219
0.98014406
5.38281250
7.54711166
6.86817154
5.89453125
27.90787345
7.11947030
6.72265625
5.65689938
5.64843750
10.94173094
4.28841312
2.82975343
3.37890625
17.51025391
16.04785156
16.12320922
7.18733765
7.51953125
8.69173094
3.87467531
7.75845191
9.68295434
7.55533688
13.32519282
6.29557624
3.64420656
19.75211547
0.45157836
31.17447252
12.05208998
14.49821047
15.22671238
16.64698138
4.62793218
3.69108156
8.27050532
4.84245124
13.06250000
0.03359985
3.00960203
8.53125000
6.08267066
3.54981715
2.28909904
10.73665780
4.43359375
2.20898438
9.18750000
29.27766844
5.37890625
8.58593750
10.16177970
14.05273936
1.23640244
8.60856826
1.56640625
4.99022441
8.69922872
2.56445312
8.85937500
1.44433594
1.36523438
9.99543440
10.70769060
6.39192376
5.06653698
3.68489749
4.82812500
5.51984597
2.19304465
5.74609375
11.17382812
6.63671875
9.49218750
3.90625000
9.90625000
0.04266357
11.22900266
14.32568484
6.79752438
10.91113032
4.83431405
4.27018063
17.68144035
9.24218750
6.15560062
20.60481439
4.76888187
4.32356937
3.37500000
14.87027704
5.74105108
6.15234375
8.98079344
9.62141844
8.60872562
2.98415115
1.35471603
22.36523438
4.23828125
8.40625000
12.91829344
8.04036126
5.30697030
13.71093750
7.78906250
7.05501219
8.91764406
15.09375000
2.86523438
14.89062500
5.77734375
8.63281250
12.63671875
6.16471188
27.41829344
11.13997562
7.90201906
2.86132812
2.44531250
11.44367908
6.83757092
6.80468750
26.72411237
7.87354388
7.19873047
30.80289672
14.69775266
6.35253657
11.09245124
2.03970690
4.33301529
0.73046875
9.11718750
2.97135001
9.43017952
7.32991578
8.68814938
8.03888424
8.90625000
19.10156250
4.64062500
6.26236813
7.82747562
6.30468750
6.40657469
2.75748781
8.90625000
4.36132314
1.35254405
7.15885251
4.94693595
6.91569592
0.56347656
2.32649657
5.47492908
3.27865248
9.52766844
1.12890625
10.48795656
16.32031250
8.62141844
7.58951906
4.43359375
3.55468750
6.53125000
7.68750000
2.56250000
7.41079566
8.13249778
8.34080785
2.35824855
11.22833334
12.34018838
1.65983156
2.50585938
7.68554688
8.45702627
10.38086436
4.29231439
6.79199468
3.53710439
1.61914561
4.97284511
6.95312500
6.03515625
8.28906250
1.50488281
2.21923454
0.91846077
7.25781250
11.37694316
5.86003435
5.29622562
3.48632812
5.69954344
1.70377687
12.71695922
15.40445922
21.51920656
4.14843750
8.00000000
8.17968750
17.13605940
5.85612810
20.68945312
8.16406250
11.11718750
1.12500000
0.49414062
0.02668762
6.78515625
8.31444814
12.55664561
2.99023438
6.89843750
3.52734375
12.97427970
6.59212655
8.28548094
1.19082994
4.03614029
8.99218750
15.36360594
18.08300532
4.58854499
7.11328125
11.34276596
26.47103280
7.80338874
4.27082503
3.42644060
5.30175532
4.91341312
7.39420656
3.58203125
4.06640625
8.55663564
7.37695811
10.69531250
5.91015625
1.85937500
8.26562500
4.48046875
18.99218750
14.00976064
7.30306405
4.33626219
8.81185062
12.01204344
2.89030031
8.40625000
6.87500000
11.39453125
9.43359375
4.35937500
1.15527344
5.45377438
4.62825687
6.88671875
7.91698970
11.04020390
2.30289672
5.76920656
2.96386470
5.49902593
4.06443817
1.56642120
19.87304189
7.10742686
3.91861813
4.37435062
2.12890625
8.38012633
0.03912416
5.18098626
3.76823249
9.30110594
15.42936281
4.91894282
2.63965093
27.72980940
9.19629654
6.14420656
6.24861321
20.66316649
13.53385500
5.01953125
27.97069814
13.66211436
3.92773438
10.73860594
0.02024416
19.79019393
12.89648936
19.02229610
15.05045656
10.59960938
4.56998781
8.55338874
6.57812500
26.10221188
14.35937500
4.88216312
13.97717285
6.45703125
7.58593750
3.60872064
3.99479499
15.18228502
4.11068373
12.46875000
7.69140625
3.16796875
12.06981300
8.83155418
17.74641844
6.80078125
5.05826906
10.04687500
19.23437500
7.37043440
2.20378435
3.08951408
3.33431405
6.85742188
4.26171875
12.99641844
5.18033688
8.42480718
10.50781250
6.97265625
1.87988281
1.78320312
14.52563165
8.43351507
5.28694703
12.23632314
6.91992686
17.83593750
13.50390625
8.36360594
10.03483156
3.23469969
2.08365968
10.31639877
5.96192154
19.71939938
2.17903812
10.22004876
15.48307126
5.55664561
7.36440151
13.50218758
7.57584718
4.29590093
8.96810062
3.78515625
8.47786126
3.05534186
4.46484375
21.49966534
6.87924091
2.94140625
13.79394282
0.16797124
13.93293440
14.14616716
2.40429688
5.42968750
13.08723626
2.90299811
21.03352782
3.06217531
11.04492188
12.27766844
8.01692376
3.81510749
13.45634035
2.72265625
1.12890625
11.54410018
3.15544326
16.12272218
11.03026596
4.54395279
0.52783203
16.58053589
5.98925034
7.39160904
11.80468750
6.60969969
17.30175532
18.49870124
26.06738032
10.52311281
4.84179189
7.86458998
20.12613766
8.45181627
2.83269060
2.64843750
29.98958001
30.65722781
23.15413453
7.78938968
2.12304688
19.75756836
24.70214096
14.63346188
3.91830341
5.60156250
6.55272939
6.90430186
3.38085938
5.24218750
11.53385001
23.44156361
7.18408577
8.24023936
17.64453125
4.54264406
17.09375000
14.33593750
16.03372773
6.93474512
10.05761968
10.35937500
13.96223626
3.45963874
12.14518063
5.81185062
15.54719969
15.25358156
8.28125000
3.74804688
9.70312500
3.80175532
12.64029283
12.59842183
4.30338874
21.51513547
7.44287234
21.92317376
4.27213874
13.51151115
7.90853280
3.77343750
4.39876219
31.62467531
15.01106439
5.67090093
12.23681516
2.36442265
11.75846188
6.53841312
5.57031250
11.32454344
13.60156250
10.80110594
3.82421875
3.21028812
9.75000000
10.21402704
4.00862921
19.24836658
6.43132092
9.21093750
11.34798094
3.84147218
1.16894531
9.90819814
34.21614999
12.39029034
5.94532247
6.41829344
17.20719484
3.10156250
1.25683594
7.76170878
2.76205341
10.61458250
3.64583499
1.88378906
10.17935783
12.92562264
3.82031250
7.78938719
20.24967531
2.79882812
33.37304688
16.80891844
11.18456782
5.52213874
4.48046875
18.81151596
2.30762466
12.74487305
6.54459220
10.87727283
17.29378546
3.77295545
7.42155031
0.16882324
10.32779034
6.35580341
5.75781250
6.64980933
7.18360372
3.78450687
22.65893430
13.15380984
1.05078125
14.03438172
5.49088874
3.78125000
7.96841534
1.19011247
14.41829344
14.22981937
20.35497424
0.65772107
10.77538564
2.36719248
8.13671875
2.67578125
5.21484375
10.36718750
5.58626219
0.48063234
25.04983227
15.67480220
21.38314217
6.10188719
6.55859375
3.90787843
6.81282469
0.96647218
5.80924313
4.56575687
15.50781250
10.11750222
7.35547872
7.18391844
7.89069469
7.10156250
3.62857658
5.00618905
4.48893063
18.33235345
13.99576906
8.79915780
17.46875000
15.64452128
5.03907247
8.03247008
0.31274476
9.54329344
8.18800920
0.13979111
7.00748283
31.35433358
8.96223626
21.86653812
11.05403812
5.74348626
22.52995124
30.72265625
23.52538564
6.64258311
11.00909408
2.02215592
0.59000610
3.74267454
12.67513187
7.31673094
5.35514406
12.64485594
11.91406250
1.52408937
18.59813830
0.96338514
6.35758422
11.77522828
5.85546875
2.78710938
21.88525266
17.45340355
10.26009530
3.95670656
24.93750000
7.56314938
3.45670656
18.86979250
7.71549313
18.28125000
26.84049313
11.12808954
4.62842420
1.78515625
11.47899892
8.10937500
4.25325687
22.60416999
9.97320124
8.07389406
5.98046875
16.14567106
0.20149691
9.78677970
3.32259530
2.03125000
11.20703125
8.06250000
7.86751219
17.74835205
19.93033688
9.87011968
3.57226562
3.76367188
8.03645501
12.76659907
6.61621343
3.68620124
15.79329344
13.48469969
4.31217531
15.13346188
1.74739002
3.84050310
8.51562500
11.97688719
5.35937500
14.35839096
4.18034685
11.42447252
16.18456782
4.37142841
10.01724845
31.23714483
5.40771609
15.00000000
8.74218252
4.12305186
10.39485594
4.48469969
6.44856937
0.75634766
20.09765625
6.85741689
20.81770750
17.92659796
7.73909796
8.43879876
9.82682624
4.69921875
0.85156250
0.93001219
0.64615968
5.99609375
2.42968750
22.62662345
23.14095467
3.71679688
6.27734375
14.68391844
8.81608156
6.64876219
2.40006593
12.58804300
4.99398825
8.59375000
19.37988032
16.97021609
8.59195922
9.60091312
3.54117797
3.51155640
0.02581787
9.01236315
3.91960217
7.19108156
7.04817376
6.69401374
6.37500000
6.64453125
4.22265625
0.48860594
3.14420656
6.13281250
10.88997064
17.73274158
15.51839982
3.23844360
8.76497562
5.62988281
12.34439938
1.88802249
14.11132314
1.89258311
37.18131095
14.24447030
4.27734375
5.62890625
7.51953125
1.39444073
13.75228280
9.34180186
4.66438719
6.73405031
16.56477782
12.59733156
5.37532469
24.88101175
6.13884419
4.45247562
10.79589096
2.14746841
1.82421875
12.70507812
8.03548094
5.73534907
12.43261968
2.31608156
10.05533688
1.38216312
19.46060284
11.32666888
13.86246454
16.81054189
14.47152482
2.04101562
1.73289894
3.60873559
3.73828125
11.05110594
4.08007314
4.15788342
13.82031250
9.10286126
5.06510749
5.90234375
3.44921875
9.35937500
4.24218750
6.19954344
26.63523872
14.69938608
4.82421875
3.45117188
14.02343750
2.66796875
5.08203125
7.26562500
13.57420878
17.13981826
11.17659796
0.23824035
3.26261414
19.07454344
7.90592531
40.70979610
2.45036015
10.26448360
7.46760860
3.80306405
11.33593750
2.62337157
12.15368683
0.17293305
5.81038453
8.50781250
16.92578125
7.73241689
3.16439217
3.99186281
22.15706885
4.12175310
2.34570312
12.02722168
0.91568470
15.44938608
19.58300532
4.98437500
22.03677845
5.76449357
5.33561281
1.15527344
7.47265625
20.64746094
14.90543454
3.34797596
6.27865248
2.93554688
23.51785132
5.84343528
17.99935062
6.52978516
3.13671875
23.38704344
7.34375000
2.19498781
3.31835938
17.72656250
12.35042110
30.70849734
9.75585938
6.00781250
2.65787843
4.76171875
16.98828125
14.20947266
24.89712877
7.47396498
3.39257812
3.78189938
17.00716312
4.27734375
8.48437500
1.38671875
3.83264129
0.15429719
6.52049535
20.53174202
9.10140514
7.50043052
0.55735275
19.12141844
22.90689440
10.20833998
10.17545656
12.32551253
2.91081560
13.59375000
14.22801862
5.12304189
25.47380762
3.52750485
7.46093750
5.19401374
6.39274047
37.11458001
9.36767952
1.70849609
16.65266844
9.96451906
2.47460938
4.65722407
14.70215093
3.11718750
11.96875000
2.62547208
1.60304354
0.02908325
0.28084227
6.82616689
9.16674370
9.61295656
6.95507314
9.08757092
2.06557583
6.46225620
48.66959220
12.00924081
7.99641844
7.77334813
10.45735594
9.34733156
7.59765625
3.61328125
15.56379876
11.67903812
13.60514406
2.69889406
9.90754876
14.44791999
11.10709220
3.39323249
12.07389406
8.40135971
11.12598404
0.87158203
3.44140625
11.19562722
15.94587323
18.12412455
5.52245346
0.96485123
27.21875000
3.80273438
4.83984375
8.98079344
11.74218750
5.40330785
4.12761746
15.72442803
10.41699468
11.40625000
11.47200189
4.55306405
3.89074707
6.28515625
9.65625000
3.66556793
0.60982269
6.27343750
11.64062500
12.45115692
3.56056183
3.64843750
13.91048094
0.08243898
15.24934065
9.36133311
4.21354499
4.42577627
5.19336436
1.74934813
3.26496565
4.27963153
42.65527095
7.72656250
4.70784298
3.78434203
5.08040780
9.03189938
2.03222905
44.28677970
11.20638436
4.17968750
4.32909907
9.03418218
2.16601562
3.11914062
13.03971188
7.98451741
4.65382978
6.86816157
10.21534300
11.51074468
5.73795656
2.08203125
8.28906250
6.58626219
1.02018312
16.32096188
18.32161624
7.06640625
15.48567376
2.38346686
10.70800532
11.39355718
2.96093750
8.36588126
0.00000000
4.97656250
20.08626219
2.00944093
1.49316406
8.86067376
6.77995124
9.29687500
16.61881095
6.62337655
0.51074219
6.26562500
17.12890625
10.30468750
7.27603502
6.63412123
17.07812500
7.90657469
3.73014406
7.89127438
4.45247562
14.97232658
17.81087655
9.40625000
0.25952148
11.50000000
9.64777317
4.21355496
8.22298094
1.75781250
7.31673094
12.68293440
12.08985372
3.64062500
8.78906250
8.75781250
3.74607630
3.93849401
7.24609375
17.40755125
18.65331782
4.03385749
15.04573485
2.25227782
7.89615470
9.83757092
3.29101562
4.26432800
14.15299313
3.44661624
4.01171875
5.21158688
6.25911624
7.85969969
5.06998781
3.53125000
5.76594969
11.28221410
6.71029809
1.76692874
6.22265625
14.08300532
15.49836658
1.54362810
13.89575133
0.22045961
10.11360594
4.10123781
2.75390625
8.28906250
3.72558594
8.46939938
8.97233156
3.20475343
12.94400876
1.52474124
22.00113268
8.72103280
3.15332280
10.02343750
5.12500000
10.22037345
6.52962655
3.00976562
5.21093750
4.66406250
6.82454344
3.24967531
19.64549255
4.23046875
12.75781250
9.20556516
0.46142703
14.06445312
3.52539062
9.98437500
8.12500000
3.66048094
11.90022828
1.45100953
14.65071033
10.93620124
4.15527593
3.94140625
14.10367423
4.58284796
7.59521609
0.69921875
5.66600815
7.29785904
4.49609375
15.94986813
12.03548094
8.47591312
3.27929688
1.85709718
8.16633533
8.06803967
3.79882812
3.03125000
12.26562500
9.24218750
8.73045878
2.42969747
14.07128657
14.94824468
5.67968750
3.00390625
8.73079344
10.01139406
0.72363281
10.54947252
4.88412123
13.39843750
3.21484375
12.41829344
12.48404533
15.72103280
9.25000000
9.86295656
17.54687500
10.08235594
3.80631593
1.48046875
12.44498283
5.66455452
5.35367797
4.81819703
1.70589234
5.88281250
7.51366689
14.93555186
4.68456782
3.71419437
5.51236564
19.41211436
2.45703125
2.61132812
19.95832503
3.74707779
7.72623781
1.76269531
0.69287109
1.64387439
2.90983654
7.94531250
3.06835938
6.18814938
3.60091312
15.78677970
4.26221077
10.31070922
17.57096188
12.19824468
1.74511719
6.63671875
6.19921875
2.30664062
15.20735594
9.49511470
4.66666999
6.22688719
5.13248781
3.18750000
10.37955065
8.71436170
4.12679078
23.37109375
19.45703125
0.36167233
16.53841312
9.90625000
11.92187500
6.96483877
6.62305186
5.16406250
1.24153563
7.56217531
16.70930408
8.32617686
28.77719946
16.34961685
6.82486813
20.56185062
8.09830563
2.34708306
8.92131053
4.27245346
2.65723404
1.57910156
11.18472518
3.73324357
17.63784021
8.37810948
16.57112423
7.01644171
11.50781250
2.84830563
12.88932126
6.08528812
5.68685062
0.54931641
5.29687500
10.77831782
1.79980718
2.18164062
5.88476064
5.94547983
11.55647828
15.70084469
11.97233156
4.27343750
2.23405031
2.64453125
11.44238032
4.28418218
7.80078125
7.88915891
1.44970828
3.58430907
16.39591554
3.31054688
3.67773438
16.21516844
2.82584718
8.00000000
5.94140625
6.99251219
7.01139406
12.29687500
12.66829344
4.43326906
20.26399158
4.10319592
16.12988032
2.62011968
17.53710938
10.55468750
5.79719969
9.40804078
9.22835328
2.29101562
10.90754876
10.84635749
3.17578125
13.50000000
18.60139517
8.82861702
8.35514406
0.95361328
13.78189938
5.50716312
1.54116925
8.00814716
7.17968750
6.78515625
11.92610594
4.33918939
10.64290780
10.90396720
9.02995124
13.57779034
2.09392231
3.97444703
5.69660129
6.51433621
12.65625000
8.55468252
5.73844858
11.45133422
14.83170656
1.84863281
11.70735594
3.97623781
17.23697252
17.03288342
11.10514406
9.84863032
2.99902593
9.07161126
6.30729499
7.49120346
4.32520279
18.45929411
4.98211214
10.89127438
6.43750000
3.86295656
6.04264406
11.83235594
11.47721188
10.80565160
3.12338652
5.15234375
7.52896720
15.78613032
6.44239029
8.51521166
8.08635084
4.92187500
24.60858154
4.23046875
10.13704344
12.71093750
2.32975343
23.05932617
11.56250000
7.01562500
3.46679688
12.08519947
0.66968334
21.01853724
17.24517117
5.45280031
7.77995124
14.21158688
0.64860109
15.56867908
4.10677748
1.68750000
4.94009752
5.49349623
7.56673094
14.88899158
7.31022717
2.75553468
12.47069814
12.88419991
2.33064882
7.58593750
11.06026114
17.35091312
8.63639406
13.35953236
8.84001108
4.39420656
1.28059813
25.16780267
5.15462655
9.92187500
0.05288696
1.83691406
12.75617908
7.30924313
5.74740248
4.30468750
8.42545656
12.89192376
11.26214927
0.34014815
11.47916251
15.52572030
4.48795656
12.17610594
1.87955812
13.80533688
5.11067376
3.12728280
5.95670656
6.37890625
0.03479004
1.90722656
8.82031250
7.35432735
13.25716312
3.37792346
8.08822030
7.66308843
4.03125000
3.79296875
20.19531250
12.93651596
7.87240248
9.08170656
19.54491689
12.46451906
2.09407967
11.90625000
11.26334220
6.25618905
12.99641844
4.48795656
1.77050781
7.80110594
4.87858156
2.02929688
12.08235594
2.03483156
21.83489990
15.85937500
11.85937500
1.28125000
4.37500000
3.24902095
12.23795656
7.04622562
10.75423094
13.44889406
7.92968750
4.47656250
12.82454344
12.57519282
4.09635749
9.67187500
9.27993130
19.52149933
11.83626468
21.50194814
7.77995124
8.85579593
4.68750000
9.86914062
8.09798094
22.37808954
10.41227172
3.08236092
10.71081450
0.31872652
13.29166251
3.23470467
22.24510971
0.58368294
5.71989140
9.29622562
7.30859375
10.71875000
5.25585439
6.01758311
13.98437500
9.92187500
4.55859375
9.23632314
4.58593750
12.74447030
15.04133533
12.21436170
0.90511109
12.01170878
10.05079122
22.80700823
15.39257314
13.95117686
6.72330563
4.50293218
17.07226064
2.28320811
8.93912345
0.04508422
5.22444703
5.41406250
18.84179688
7.74218750
16.15087766
7.94287234
21.47078367
17.80826906
24.34977172
18.09195922
9.23860594
14.99868130
15.01548010
14.63460079
15.68685062
9.45670656
5.32812500
17.59016844
5.98616578
2.17952515
9.70572252
5.97787123
1.84960938
8.71516595
6.40918218
17.29264406
11.03718307
2.15259474
14.18522218
6.00781250
11.59675089
1.84856161
13.96386470
6.91308843
17.29329344
2.07389406
4.37890625
14.50488032
2.52636968
3.89419659
4.80892841
1.03515625
10.35351064
8.01269282
3.93848404
6.16015625
3.38004142
15.08073249
4.70280031
1.47314453
5.66796875
4.46484375
5.95654297
20.73828125
10.34977172
7.60400266
10.46028812
2.60286126
18.69596686
5.13671875
12.18456782
21.29264406
15.05956782
12.46924202
16.78433456
10.00618407
5.47299091
5.31282469
6.68326906
16.59814453
2.77148438
3.88085938
9.90266844
3.81749044
0.82964581
10.98054743
7.59497008
10.33886968
9.81250000
12.44889406
4.68750000
11.75244016
12.25081173
3.59831061
11.42610594
4.51530031
10.96875000
2.40039062
3.10742188
17.14908688
5.28450687
9.08560783
3.73275155
6.78971188
3.42350343
9.73014406
12.46875000
6.70768063
9.94466312
8.95735594
4.53873781
13.12336658
4.84180186
3.72037843
8.45312500
15.90754876
8.12435062
16.34016844
11.41699468
5.20703125
17.59016844
9.20670656
9.68750000
13.49218750
9.41959220
4.89323249
4.91715204
0.56933968
1.73535156
15.56558954
11.13753546
14.09602283
8.21257092
4.93391844
3.91764406
6.67187500
10.42968750
0.40502930
0.50683594
7.55859375
13.74283688
11.05728502
1.23698747
5.82877438
3.95540032
6.60352061
11.51627438
-0.06046383
0.99902344
2.33789062
10.48437500
9.12500000
13.82812500
0.81445312
11.76538849
5.97265625
17.16015625
27.22265625
12.23274657
17.35416750
4.60156250
13.18391844
13.17382812
10.64127438
7.01465093
5.62890625
0.83984375
1.17089844
13.01562500
16.04333496
4.76953125
9.82454344
11.40201906
1.91219055
3.28214539
10.90266844
3.99668459
14.00031472
4.91374778
15.75781250
2.84960938
15.01071167
15.77766844
17.45280031
12.08658190
7.42708998
5.58064696
5.29719969
9.46028812
4.06640625
10.79329344
13.64062500
9.66340814
5.17057624
7.77311281
16.69677734
17.12141844
17.09733156
1.92285156
6.58984375
12.78125000
1.24950673
2.35937998
7.66015625
7.07811503
6.47657247
0.86669922
11.74218750
0.00416183
5.10579344
17.25358156
7.69742797
0.38387086
5.81607658
8.07259530
7.73925532
3.55957280
7.06673094
6.62858156
0.09269164
5.46272828
15.52148438
3.19759032
16.57812500
1.45280031
5.74609375
4.09765625
8.20312500
3.63118407
4.03877715
0.26900363
1.73046875
8.65331782
3.58105718
1.53125000
15.85904533
13.96712655
2.01757812
8.47656250
9.24218750
7.72086547
1.11409547
15.56324695
9.06413342
1.18130846
2.47591810
5.78125000
14.52538315
11.00928482
4.41015625
7.62109375
0.82617188
11.46516844
5.85514406
24.27331543
10.54036126
20.68977782
12.86654061
5.94531250
9.88102172
4.50992797
9.63460328
0.40608765
9.93570922
2.45686890
10.28906250
0.04235840
1.76562500
13.28986924
10.01904920
4.48014406
4.81640625
3.84570312
5.25813719
2.03483156
12.85156250
5.68180297
1.13069703
6.61718750
11.21093750
7.64843750
13.35758422
10.21532580
1.69857435
9.72493407
8.76139406
4.08984375
10.67610594
10.87858156
13.66796875
3.09765625
7.52343750
12.35042110
3.12223515
5.97477172
6.78995789
2.93253103
1.11035655
8.23681516
10.02164174
2.83724623
22.07722961
11.85668883
12.80208001
5.59603280
2.75585938
2.82031250
7.67911251
0.22933476
7.35546875
9.01562500
13.67187500
11.58398438
6.30078125
12.10156250
0.90039062
3.37923094
5.85514406
6.63948360
11.02880984
5.50000000
16.05826906
13.83203125
6.68391844
1.88053468
5.04687500
16.51204344
6.17155031
18.22851064
7.27148936
18.68750000
8.55110594
1.87369875
8.96581782
2.56933843
17.25291224
3.37208776
18.27343750
6.91048094
6.92578125
7.16764406
5.09862534
9.87598404
5.21890736
15.53532358
11.70133422
8.54443484
0.82373047
5.72656250
4.98632314
11.58398936
4.77734375
9.82812500
14.11067376
10.69108156
3.40348515
11.81429078
4.19238032
2.31347905
2.46875000
7.40926086
2.69819755
4.60775155
17.59874336
8.80962211
29.77718140
5.78125000
12.05175532
23.95996094
11.78677970
6.25130873
9.49218750
4.53938719
18.13117908
1.72787123
9.49218750
0.91845703
3.31640625
9.91471188
7.98974734
1.46370484
8.13704344
4.74575909
6.33594747
9.29687500
0.64160156
5.62988032
0.71142827
17.34179189
15.02701906
4.04166999
4.35514406
12.26562500
2.84016844
3.08170656
21.93587157
9.75259752
14.28223404
4.48079344
2.17740968
4.12890625
8.06282469
7.00585439
9.06152344
6.22070811
17.90885500
2.53515625
9.07454344
8.71451906
2.95117188
0.80820055
11.34115248
19.22851562
14.04687500
1.15055297
6.78336547
18.53125000
18.85514406
16.49820922
6.40625000
3.78938719
1.31201296
1.71191406
16.77196144
6.69979942
1.66788758
15.10666889
5.05348736
3.32226562
17.20312500
5.44454441
0.19937649
17.43033688
14.93424313
5.70182624
7.66242908
4.06445811
7.94889406
16.56054688
6.25390625
2.25000000
11.08300532
14.78742908
6.93717531
1.88574966
2.81422928
2.54872230
7.42025155
11.65625000
15.42675532
1.28328679
14.70775931
9.55517952
4.20280031
11.76562500
9.28125000
25.27343750
4.28515625
21.85221188
9.47004876
9.84961436
10.71875000
4.24673815
12.77083998
4.49609375
21.31021720
10.76530031
6.63151374
2.43945312
22.29016402
0.97578567
14.67545656
4.78548094
7.05436281
17.14062500
11.41308594
7.05468750
2.85742188
8.91227172
0.35921265
17.14485594
14.84016844
2.43099124
23.36621094
13.59634752
14.75586436
4.65950687
4.42187500
15.75846188
14.76318484
1.56656860
8.44042221
18.91862311
3.71680186
9.94173094
18.90476564
18.57584220
2.48861092
6.64518063
0.65853031
15.03742908
5.54460217
5.82031250
14.72623283
3.35644780
15.69425539
5.46484375
2.03678468
10.74966534
1.67611591
5.76171875
2.46484375
4.84016844
8.05647828
1.74690797
9.44302970
6.04134530
12.91536126
8.87370124
18.46142578
2.90039062
4.75781250
13.31941711
0.26334656
3.60937500
12.84016844
11.89127438
14.63428336
7.34025709
1.19425476
9.86718750
0.19315551
16.35335328
7.67578125
0.18969727
5.27646901
3.66634530
4.87467531
10.57031250
7.46875000
17.39518063
8.29622562
13.17382314
13.35644282
7.09082779
1.07519531
11.02196144
3.83350731
8.66406250
13.03906250
3.66796875
7.20947141
0.81298953
18.32421875
4.91015625
9.79329344
14.36830896
0.92238197
0.69189453
14.86685783
3.65462655
9.76383422
0.37117555
1.29199219
13.85579344
13.87824690
3.73080341
15.70995845
6.07536015
10.86539672
3.18717531
9.59081782
4.77246343
8.18570922
3.29085328
5.30468750
8.52343750
13.72004876
10.36002936
11.67789672
5.09554078
0.49084099
4.60596077
14.95377438
7.13639406
8.37744016
0.15592656
1.69335938
17.50227532
7.78776374
7.14453125
0.69506836
2.26367188
17.55891844
3.55631593
0.86279297
14.36978502
5.51693373
13.87500000
4.08984375
12.49641844
3.69889406
15.29817376
3.32487311
11.83723626
3.82682624
12.67545158
4.88900155
4.25817871
19.00781250
18.02211880
8.59213652
1.51074468
9.42968750
8.14664672
11.90217642
8.55273936
17.57812500
0.10058594
7.14664672
1.20100953
1.48730469
8.07812500
17.56444814
4.97103280
5.64518063
11.65136968
3.40039062
16.39453125
9.19036865
15.86718750
10.51383422
6.85117631
0.26267502
6.10872064
12.02995124
12.49031555
1.03328430
11.44319703
13.66227172
6.88671875
11.32763298
7.51400155
12.64062500
6.64453125
4.03157469
13.20735594
7.87435062
1.37988281
9.70735594
2.75406984
13.65234375
6.91015625
8.24641844
17.99609375
4.94108156
10.24283688
20.90201906
4.48795656
11.02148438
5.37890625
4.42578125
7.29235955
4.32092170
12.53548094
1.06998781
25.83560284
5.21940935
11.15201906
4.45312500
17.18359375
11.96093750
20.08377036
0.72594013
3.98032857
13.42382812
4.23046875
24.11149047
36.93765736
15.97135998
6.57486813
1.60872562
9.01562500
2.76594969
8.12564938
16.73567376
20.37206782
4.95020279
16.44449953
10.26204344
25.45182375
7.26953125
2.41992188
6.23437500
13.19531250
19.94954344
6.55859375
19.40266844
10.53060062
16.93164062
6.80078125
12.05891844
14.18929078
0.43001344
5.73079344
2.15201906
10.87295511
6.33415669
7.58561281
16.32454344
10.10839096
14.52083998
5.16731937
9.39908688
11.13411126
17.96745124
9.90560062
14.47477172
3.25179078
14.37141844
8.40983156
0.45825195
0.16084715
5.50455563
5.82324468
12.97298094
2.65397218
14.77668440
9.50521498
10.76497562
3.27148438
20.84976923
20.87808954
8.78288342
21.21484375
16.07633422
2.20100953
14.60937500
12.25812722
2.41570090
13.70914672
9.77522828
3.95930907
6.94596437
12.25423094
0.93815187
5.09765625
14.06705563
5.63606937
8.76627438
10.55403812
3.21321532
1.27799562
20.41959220
14.64432956
6.77201573
22.78125000
19.89680907
9.91405752
7.38444592
12.14843750
8.81007385
5.72753657
6.22168218
2.58007812
6.59977172
16.27945922
4.42545656
12.45312500
4.73110318
2.64194370
5.32454344
4.21061281
9.88230330
6.37941545
1.14160156
6.78905253
5.76954122
26.32226064
