0.32686060
1.43005651
7.06685394
13.70325905
0.95454926
6.47554411
3.88773714
6.21529144
12.45312500
0.60742188
7.32737700
3.25856050
5.53710938
5.32897607
3.06946143
1.74881926
3.36446199
10.92968750
2.81054688
12.62500000
2.84345717
2.80009751
11.36079677
7.26099507
1.81445312
1.16992188
9.39977062
8.55245899
18.48286957
2.43164062
5.99027372
1.11381012
5.29923648
1.58467559
1.71069398
4.85937500
2.87455231
3.89786680
1.84379183
0.49658203
4.47028979
4.60307291
0.84102449
11.28047761
0.45918793
1.83451324
2.51570368
2.94755097
1.90438054
7.08984375
2.13281250
17.02053968
11.06962876
16.78433954
1.86963264
3.00976562
6.47570645
0.15779477
5.27535128
22.69531250
5.09029144
8.67008422
12.52075133
5.53572695
3.01000758
4.53283909
9.30814606
1.43599457
16.80814606
10.99055907
3.58658688
9.05416112
1.56542969
1.24389088
3.82361369
0.60388215
3.40189606
5.28906250
1.55078125
2.39843750
0.14579254
7.97355164
9.55021055
0.14851992
9.56595856
1.74019254
4.55570589
6.96952239
3.17354402
9.48693817
0.93538453
13.14559825
2.42586491
12.56441254
4.94921875
1.03840938
6.25114140
0.66113281
19.45417775
10.99971465
12.09501440
6.20226397
15.73323360
2.29700797
15.39587433
1.75923676
9.58414672
0.68054230
0.42232269
5.76391290
2.23413397
1.62597656
0.24003082
5.57340204
0.55936987
17.80553857
0.43957115
9.98860594
2.13928690
15.01847351
12.39184508
2.40494708
0.98659407
0.05539703
0.03315735
0.79394407
6.18070589
3.02388519
1.99121094
10.42187500
3.17772939
2.13672373
14.96788897
4.35498670
10.53560394
0.29874695
8.24367798
1.62306183
7.07421875
5.93404144
4.06900751
3.38920323
5.07938691
6.74564606
0.49019379
2.74715149
0.65238434
2.41735871
3.96728391
4.72668550
6.18884308
1.03320312
11.44441711
0.37910980
4.12154144
2.93554688
0.08105469
3.26357326
2.01181737
2.47151236
6.60909463
5.31685394
0.59082031
0.08420807
8.81595856
7.69140625
1.97355164
1.34663786
8.69633089
0.67422485
15.93391844
4.93237367
4.73091644
6.65787594
13.72517509
6.45406471
5.74218750
2.92773438
4.77779144
11.77343750
7.92834442
1.35831726
2.19531250
15.60937500
4.50435394
12.81416778
8.52084039
3.67537788
1.49751801
4.80228668
0.70068359
5.66406250
5.46484375
12.34285461
6.24353058
10.00541168
5.68013519
2.37695312
15.24181662
8.76624002
3.29899047
1.39835633
6.53951019
1.60005707
15.51713043
13.72643950
11.69746482
2.85246287
7.06807403
3.43973847
7.95312500
1.48783356
1.86124695
2.88476562
6.69095856
5.72310394
6.21638852
1.11482851
0.19441773
5.02734375
4.93483023
2.45915170
1.96439606
10.16990692
5.63522827
1.30078125
7.87597656
5.00557403
6.54911347
18.56225399
1.20337101
10.24580342
0.66263824
15.60724956
16.52124335
2.69963209
7.45703125
2.21529144
1.94140625
4.61445701
4.51054299
0.40043121
16.69185394
3.93038598
2.08463874
3.64994293
4.41007508
1.02412871
4.22098847
5.75512633
0.66092988
15.66638184
0.05428070
2.34297263
6.60384530
1.45019531
15.18608719
6.00301086
0.57454469
4.90917969
5.67968750
1.00488281
10.43481383
0.30322328
0.66434660
1.95039949
1.87695312
4.73392731
7.05513519
1.54000553
7.36154476
3.86238586
2.21333832
3.15865082
0.01983887
5.78324247
7.17423648
4.09285461
6.65490692
6.41931183
4.98917664
0.43001281
1.12101258
1.34082031
9.20658356
3.31913176
9.82713606
1.21854831
1.61470052
0.05635528
14.14562833
13.62959995
10.11348294
7.33227726
4.02272884
5.51047428
0.22949219
8.22096854
4.68918771
13.19608489
16.24727449
3.37845856
9.51127106
5.15279144
1.94576019
13.67491596
7.33321697
11.15189606
3.05078125
4.41451019
0.40677887
3.90254544
3.42317874
3.87064606
1.85249723
3.65804078
1.77274629
2.35184785
9.43418729
0.30704898
10.66227172
0.61014863
4.74768066
4.32063719
9.48181183
14.48616578
11.43916778
2.71122285
7.33243462
9.04211768
7.31339539
10.27689606
0.33837891
2.68945312
11.71199025
13.61088541
7.75915558
6.01127106
13.69339872
2.80944980
5.99617243
5.08585882
2.64558400
9.74113475
3.83789062
18.24796321
11.94445396
9.71033417
8.61173150
1.56136358
6.97188386
4.28604666
4.60400266
12.68336712
3.23565934
4.33158356
8.56941711
15.08728058
3.04117797
8.83337433
0.79097504
10.81961880
12.53584995
0.66410309
11.32429743
1.18591589
0.47973633
9.89281915
14.85835661
4.08431405
10.16548427
9.68325245
2.37191544
3.70161957
5.35201019
11.46878186
1.34078845
4.08984375
5.94486481
4.49564606
2.40407647
1.42053192
3.91886414
18.59642495
4.21408133
5.99218750
2.70031583
0.85241855
5.30468750
4.43359375
4.80423981
4.30256705
7.34289893
4.05525820
2.17472351
1.73774366
3.75883837
6.86584442
5.22790558
15.22765926
5.59281029
3.16480053
14.04048022
0.02254211
11.29073028
3.19201629
4.19185394
5.53483156
5.57466644
1.30957031
3.08007812
6.79252106
0.01924652
7.51171875
7.07377106
3.11568207
3.24609375
6.31852172
1.12386109
10.35066711
0.04343689
3.84330231
4.21435173
14.18685062
12.39689273
7.42891511
10.95312500
2.72070312
10.67097961
1.39640320
0.07476807
3.98498504
9.28425110
3.34480774
1.14001496
12.43981716
9.99768284
7.43705231
5.62006539
14.79835106
7.62587600
3.40421072
5.13822916
2.78906250
2.74324524
5.69620789
11.10967664
2.65194536
7.23091644
8.80033356
6.05769836
3.82332336
1.63944551
8.73990470
3.82515846
12.86027039
8.35940936
0.76530529
2.25223847
11.54190603
0.77770280
2.31364638
2.43404144
16.80016965
11.83011996
2.81445312
4.15535461
12.54777039
3.62064606
4.49308289
20.70425415
12.13972961
9.50870789
6.12109375
4.97265625
0.92484527
6.58939606
11.98234070
0.30936676
3.57271332
20.14200743
10.67305076
0.30709330
14.45747894
9.13923759
8.08284796
21.63321587
7.34827127
15.33158356
0.48315430
14.27819482
7.24666445
3.56107823
11.94155364
7.47686280
6.73392731
10.79162567
8.58137190
8.31653424
3.88273382
17.86401180
4.54667331
10.20967310
5.25736481
0.85221686
12.23295074
1.63574219
14.25000000
1.40279144
1.53226590
1.60498171
2.52388519
9.51818817
6.63760417
14.37516982
0.74388963
17.08325694
13.24682181
4.98389295
7.55342559
5.95393922
5.61840758
3.21602449
6.90189606
2.25044769
2.78920974
6.23446365
5.40848847
2.61328125
6.32466644
0.55175781
7.50211547
1.56429078
7.65234375
13.56250000
8.48777252
10.08203125
9.98604278
2.00765015
1.97762024
1.40376801
1.92907746
0.62752258
0.93745941
5.51562500
0.34444184
3.17187500
0.12597656
0.03338623
0.83544922
5.19787567
3.90747008
4.90848847
0.84407594
4.64843750
8.29597961
8.39998227
4.83484042
1.98612395
0.73173066
4.94230164
5.82857269
6.76127106
2.80094360
4.57991578
1.17435699
2.17472351
0.35107422
8.92047607
2.40007891
0.21415005
2.02173038
20.30309841
1.55557563
7.26172872
0.65136719
6.87402344
3.22998047
17.34630398
2.68188663
1.49857574
15.80033356
0.80818664
8.76741578
0.06854248
11.28783993
2.66072695
4.23405031
1.47656250
4.07031250
8.47220856
1.16060394
6.25000000
20.39184508
7.75614472
4.52855885
2.14722240
6.32857269
7.21764296
3.08704454
1.18802887
6.28755707
6.84044631
2.05461380
8.07063719
1.75695894
3.04569426
2.94799867
5.60937500
4.05859375
6.01216644
5.43359375
14.96875000
7.61473737
5.32622118
4.15279144
17.19140625
11.56250000
0.63146942
1.93298371
17.76818817
0.90808137
19.98693817
12.55138755
0.03381317
10.38537567
22.63895722
13.65266844
15.03641069
9.31873337
6.18705231
8.14904256
0.86943096
13.05033356
1.18794769
4.13268950
1.18762300
0.62451172
2.35182916
3.69553412
1.30371094
12.11885528
1.42606660
9.35086568
2.00362588
8.29174867
3.01562500
3.16406250
11.70340537
14.61003880
8.32616244
3.13684175
6.40575798
4.38029366
14.35567044
1.91536624
9.49654144
5.27505098
9.99989195
4.55468750
8.48091644
4.65970856
6.21484375
6.00455963
8.25166778
6.11641511
11.62154144
0.78422027
2.78560394
1.28808594
6.19352172
0.77087433
3.06614529
3.90455784
6.37890625
12.83504211
8.48241689
0.49592642
11.75212045
3.41166168
11.98437500
14.91556793
1.92834442
15.47131317
5.81131428
3.47742353
8.53035461
13.22298094
7.91072695
7.24662013
19.78662234
10.83118319
0.52636719
0.81201172
3.61197501
4.10941683
1.84771574
1.14302582
7.20703125
0.58984375
0.01432800
3.72265625
1.85253906
5.57922208
5.79227505
15.63240913
4.08158356
2.16841644
0.00955200
1.93164062
2.63085938
0.00558472
5.85058594
0.50390625
3.04361813
9.30993434
13.55953346
0.95263672
5.05867492
7.75000000
8.20454677
28.03853612
4.76908356
9.35829682
3.14257812
4.36425532
8.83895085
1.92570008
10.47733489
15.27221742
0.04508422
15.32800200
9.03226839
15.13671875
15.04508422
6.90458222
11.86616911
6.48148714
17.52510528
1.00028535
11.88948360
6.47636081
1.46761109
16.76818817
18.35502106
11.18733765
16.86629211
5.11808289
6.86539672
4.07902039
0.50919617
9.95133422
0.75142426
5.84509308
3.05928247
1.88017065
7.48994903
9.56688332
6.50237145
13.47839387
4.91796875
23.95580120
3.97002064
14.39575133
3.22924867
12.32031250
9.86372894
0.32525417
2.07971409
9.74564606
11.38089872
4.57222628
13.72810727
0.81872714
6.31640625
8.07722961
8.54984154
2.46818428
2.88252715
12.49129211
3.46638852
1.39363835
17.26972297
1.62303192
11.81987976
14.93404144
2.76367188
6.14408356
9.13960661
4.04834109
1.49609375
1.65136719
16.92341977
3.88041168
3.50379412
11.18814938
8.32580784
13.46004211
4.37980164
0.58719536
6.52649268
3.25845565
5.45634751
5.55155364
12.02498227
1.32027316
2.44649324
8.18570922
3.90458222
2.13671875
10.39575133
11.84208222
8.02098737
3.99508532
17.13960661
2.50492464
5.36095413
5.29325908
2.79500554
6.70735594
9.32389406
6.44045657
2.45407468
3.16947418
10.23978668
3.81034021
9.79903479
14.70658356
8.03381317
0.26444551
2.14643257
3.93417442
2.11417664
9.16406250
0.35302734
2.24892430
2.87411903
24.05820907
2.62532967
11.53548094
4.38248781
3.21724457
8.93750000
0.08239746
8.65535461
3.86088043
1.67472351
0.20320648
3.97070312
6.79207336
5.64933289
11.43827239
0.92895570
11.49898161
7.91735373
4.45040447
17.69954344
9.54866578
0.68050172
7.26953125
4.30647330
3.58309397
11.62320922
1.16007508
17.31685394
0.10656738
10.31058622
3.91988253
2.54732269
12.38627106
7.86838132
5.72070312
3.60587710
9.53727172
5.59944703
8.48437500
6.95869903
0.84509308
13.69160794
4.93770169
5.25875221
1.71875000
5.35761858
6.28992353
8.52779144
5.84977172
7.56420712
12.86530807
3.46627548
6.89843750
8.05700466
1.13875554
7.14643507
5.29016954
7.93013519
6.67773438
6.06372008
1.71895418
7.37109375
12.82377106
3.80664062
3.86328125
12.87006539
21.34017841
9.59566378
3.55977449
15.35111481
6.87935394
8.56250000
5.23437500
3.77555297
0.07045533
15.09960938
25.26517731
7.64539061
5.38973107
3.90079898
0.80322266
8.45658356
12.56532807
6.96093750
10.05379211
0.37080902
1.54243988
3.08007812
0.02372742
0.57470703
6.14280918
0.33765957
3.41406250
8.66406250
0.66699219
8.86718750
3.06205231
5.42923981
0.19547547
0.01914978
5.09959816
0.01127106
5.13326019
1.66699219
8.11283356
13.63911957
9.03125000
2.67382812
16.85502106
4.11795989
3.47774324
7.07934259
6.30025487
6.74743683
6.82287567
14.45145722
4.54899047
9.57210328
2.77148438
11.51037567
5.73181183
4.25781250
10.68660461
9.50435394
0.41813172
5.83203125
3.02689606
5.48726286
1.96468140
10.76725343
7.79252106
8.14888519
9.39575133
1.99698914
4.40759308
0.48706055
1.72265625
3.33264129
0.27303101
10.64920989
0.71866758
0.62772800
2.07995387
3.40979222
12.93135528
4.58426972
8.75781250
0.63724762
0.08376068
11.79295878
0.69585134
4.72154921
0.11191803
2.10351562
13.94352172
14.00052887
18.47924867
1.50150543
7.29341644
0.03720093
8.54453459
2.49336824
0.14685869
5.38956099
12.44531250
6.68404144
1.15039062
20.00390625
5.73294327
9.49317154
3.14643507
15.91801806
6.06250000
18.07198028
18.12723847
3.56674163
2.46468140
5.25602172
0.75423219
1.36425781
12.27075133
0.03039613
6.71288066
14.43494618
9.77779144
5.92232269
2.80078125
6.09810394
1.83886719
1.49466949
6.75000000
4.23828125
8.83939606
0.64591492
5.04979721
5.78614029
12.67773438
3.61523438
1.29935699
19.26146028
9.17461546
8.17277039
1.96168040
11.77826353
12.03757202
1.14563082
7.69877106
6.15714539
2.18164062
1.79597961
12.82902039
8.23518174
6.47375333
7.02153368
1.72167969
11.60937500
7.75390625
8.22220856
0.11494965
5.86832392
4.17179632
0.72066254
1.99849457
10.84376805
7.75911624
13.33504211
4.81730164
14.81250000
6.83229173
9.28918550
2.22635583
0.45235511
6.14754211
7.44620789
14.29797208
7.56185062
6.01171875
1.54146332
2.25984431
5.99992132
4.19632591
5.13330452
14.61706450
9.76306183
7.53243074
16.61913564
3.81356272
14.44966644
1.93021637
17.86938165
0.17261054
17.33463376
0.01127106
7.18798828
24.62068041
2.52730939
15.02075133
0.06148347
12.47912567
1.54451352
1.71614749
18.29255541
2.91073193
8.87679078
18.66942986
9.98999335
2.51680574
11.47656250
2.13671875
2.91601562
8.42968750
9.95747894
2.93314606
10.78035461
1.72595246
3.81205231
3.33398438
0.25703949
15.23758755
9.62780917
7.31038453
0.46484375
13.48347961
2.48543274
0.80159547
10.80289672
11.51652039
2.55948914
1.22949219
10.47220856
15.17879211
9.58939606
1.15661652
21.88960661
2.14750277
12.17264739
11.45779367
4.23328789
10.73783356
11.37487700
14.16007259
0.28177638
3.09322362
19.93830674
9.90800642
3.03112700
2.83545046
12.34977172
5.67028591
8.81197362
7.17354278
16.28108765
9.96138519
7.20914672
7.55122894
14.86527372
5.92122562
3.21289062
10.23168883
5.95230829
2.00110206
1.71333832
12.35752806
1.11553468
0.61804230
3.79492188
15.42488586
13.98827876
3.56632757
12.59260860
10.11193817
15.01031743
1.59240692
4.39831450
15.40726839
1.29927582
19.18196033
3.07345135
5.53470856
6.49950798
4.57136525
3.17867907
8.38972961
2.20686890
11.64741911
1.23291140
0.11022949
15.58491911
7.97538176
0.02254211
5.06294769
15.62410461
4.93103058
8.70312500
2.48632812
0.45263672
7.17671890
4.64791112
8.53226839
8.44698028
1.48937459
15.29764739
5.11894392
8.34273161
0.97758089
3.00000000
13.10502106
5.58101286
9.82556183
5.39074800
6.14965758
0.30326387
6.36372894
9.38883422
2.65368683
18.66446587
19.29122229
1.82210328
3.36132812
15.95658356
6.06783051
3.15820312
0.75781250
8.06372008
4.05472684
8.55316712
3.12485261
7.16988253
6.66752106
2.16060394
0.55122894
11.23514739
4.36596742
8.89107269
11.62348959
0.42485026
1.59826131
3.85990138
8.10591644
3.53613530
3.26908356
14.18322723
8.02901153
4.24621675
11.05379211
1.28605164
13.23209220
2.59167885
7.32466644
9.58158356
0.78316254
5.80752106
1.87607269
2.04101562
7.32031250
4.26171875
0.95885888
2.18078956
3.79056793
0.59322113
2.06058497
3.93420379
5.69087987
7.42008422
1.71105552
3.80440713
9.34029144
6.15234375
11.45747894
2.50781250
1.22070312
16.14754211
9.36950466
9.91699468
0.01119995
0.00110841
0.04078643
12.92879211
14.53214539
6.44532288
5.75435394
4.91015625
5.90234375
0.63172150
13.03299022
0.02254211
13.68448914
9.33581450
1.65299562
7.26562500
18.74022594
13.59143284
2.40184924
3.92920545
1.72778320
6.72265625
0.84960938
15.16316711
0.07979340
10.17008422
5.94998117
4.48540336
2.88085938
8.67187500
7.73091644
4.85143950
4.14856050
7.19531250
1.91760223
7.18777943
14.10236924
17.99256648
0.56742340
0.58886719
14.09810394
3.64603668
8.16316711
14.76652039
5.14107269
8.90047180
5.55904144
1.53951019
3.75390625
8.52343750
0.81933594
3.47851562
1.15775543
10.81595856
9.65714539
5.56762695
24.77155807
3.12492630
3.62657913
0.41702904
7.01432624
12.29508422
5.83951906
1.35449219
9.81250000
7.01562500
2.38431793
3.20597351
18.04252106
14.40535461
8.39587433
2.79056793
11.35412567
8.61897828
15.52140071
6.85705784
1.05415863
4.91295546
7.41862810
0.48018402
10.79252106
3.41210938
12.01216644
2.57421875
17.65588348
5.35835661
4.80337877
16.61906693
1.15661652
16.26562500
2.50976562
7.73828125
1.60058594
4.14888519
7.70950577
3.16354111
1.70019531
4.50691711
1.32564301
7.65234375
24.00327229
4.01212212
10.03279975
21.72265625
2.67690022
0.11271055
11.31697695
1.59525543
9.32466644
1.29642731
13.46724457
0.89062500
0.67822266
9.33939606
4.10982269
16.46004211
7.93420379
6.19319703
5.21138519
22.89302084
2.84916666
5.14643507
4.28671099
1.62447113
3.11206055
8.38627106
6.45703125
8.04162567
9.51562500
4.45959442
3.97534242
2.57661957
6.11559841
8.04520722
1.82605136
7.89107269
2.86132812
1.63899657
6.16373781
6.27298981
3.68302305
8.10603945
13.39062500
7.87365692
4.94620789
1.41422235
5.99076573
4.26907857
21.75222576
5.15669769
0.64131528
0.74388963
11.87931959
3.04626496
15.46350067
4.98181183
6.21439606
3.44034851
3.27750610
13.47054078
11.93444482
11.47782690
12.27522828
0.94531250
5.82812500
5.89257812
11.01204344
4.62858156
13.54410517
12.29529089
5.58593750
9.62182617
3.24279754
1.19417359
5.31026153
0.88814301
16.67521055
7.25223847
2.27897218
10.44787567
6.60290558
1.74707031
5.89017731
5.94441711
0.58386262
8.54252106
5.16707336
0.64827515
4.27370790
3.83867796
11.51037567
6.03560394
3.00960328
3.33699524
12.21044548
1.58341866
4.71992700
0.02254211
12.72566711
9.16149933
8.26562500
16.85631982
2.87752632
8.21093750
15.01472961
4.48738586
10.24425865
0.32735635
14.47566711
0.70210785
3.44380707
1.78613281
0.00868225
14.41316711
6.66495789
2.09423828
6.74609375
0.87792969
8.36148922
8.49576906
0.97330812
5.44531250
5.26646111
7.64564826
9.03710938
4.05427915
4.52970523
9.92610594
1.49096493
6.92179632
1.25671044
3.38985261
8.27612367
7.01134974
2.86043772
14.62821255
8.90990027
3.79737699
22.54638298
5.46623116
8.75166778
3.19396692
15.43305741
3.66557291
5.27592198
4.59810394
7.07421875
9.12129544
7.68685062
2.63911957
5.64062500
4.35502106
1.46435547
5.41060394
12.58593750
3.69433594
5.47611481
0.92085785
11.10156250
0.09183746
13.76919659
4.86272052
1.71215758
2.75073304
11.58337433
7.27734375
7.00333555
1.13728945
0.37817383
0.59038870
6.01355385
8.38806183
13.48002106
0.01846832
3.18750000
11.84452239
3.19771332
6.75676831
0.02676392
4.60892731
5.98053746
6.99647273
0.62500000
3.19591756
0.04529338
2.39677584
0.02254211
12.09029144
2.70552582
11.00512633
2.30358544
2.44669991
6.98872894
2.71927139
2.33740982
7.62109375
13.16483489
2.70296265
15.10681183
2.89017731
3.16495789
12.29597961
11.72440271
0.72094664
3.93542885
0.67919922
5.50903258
3.91630097
5.14408356
7.67622894
3.45747894
3.88236481
3.61763519
5.22265625
10.94156860
0.15942414
4.05089678
10.53032025
6.54675200
16.91162234
5.96875000
9.93404144
7.92533356
6.31730164
0.31807278
2.55794437
1.04589844
7.31115692
1.41796252
10.31653175
0.11271055
10.21797761
17.49308289
15.54296875
18.08198693
3.54105995
7.00044769
5.84330231
1.84375000
3.04658965
5.22945036
1.02962406
0.93257660
2.86363282
17.88402261
7.18300863
4.56571255
14.98026706
0.07847107
15.38133644
2.42005485
17.23498255
5.95784796
17.45494567
16.40820312
2.47745789
10.21350067
14.01021332
6.06384308
17.02075133
1.43583222
3.76802582
4.72310394
2.21545379
1.67419465
2.02539062
0.36987305
0.06511382
3.10770722
3.91015625
3.90340149
2.15323914
17.59085467
0.02254211
15.04146332
4.35546875
17.15474457
6.59765625
5.96830231
0.09077973
0.05889893
6.04162567
6.97399933
9.83158356
0.68355316
8.08739362
12.57833665
6.84016844
5.11519503
6.51412289
9.48046875
7.07718529
8.31824135
5.89644503
5.19966644
1.18903532
10.07299867
2.26021332
8.23002106
2.65481577
2.61809286
0.97851562
5.68603516
0.49023438
4.90429688
1.96093750
4.88671875
6.84330231
0.95259613
6.53816711
10.75675476
7.43350220
0.14508057
3.76757812
7.63791900
2.51163259
0.52973959
11.58504709
9.83939606
5.61091977
3.43294437
3.93452848
11.78116135
1.56315935
10.03344415
17.40326353
6.18906471
1.49772218
6.60502106
0.72554535
1.83007812
0.04352814
5.39994293
8.86808289
0.61816406
0.33383999
0.04708042
1.44995117
9.42097961
3.77725012
2.09083277
12.38476064
11.58206156
4.54028258
7.61250886
0.19287109
4.08620167
6.67112255
14.16564163
5.27442154
0.76501496
5.08158356
3.45808899
3.75915558
5.28906250
11.24475067
7.35488559
0.02254211
16.02677305
6.15380984
2.06250000
13.75256317
6.92712433
0.23575774
0.61983308
6.98783356
3.27974457
20.45463043
17.42232269
11.64062500
0.10400391
8.46093750
5.38928192
1.42472351
0.04671234
15.66752106
7.05177971
0.67282967
3.97505707
8.91894282
5.09879765
16.14489030
3.09131482
1.46338015
2.75781250
5.33593750
11.30033356
16.02433289
0.34082031
1.39213043
5.79791778
2.52284241
6.30061392
4.84782358
17.51562500
10.64359154
4.33996675
12.34166390
1.60048981
12.87928523
5.98071476
6.16060394
4.70658356
0.03056854
15.68705231
6.76997894
11.88207447
4.24805186
0.06945863
3.54642731
9.61104278
11.01472961
5.44799867
1.05753601
10.70613586
5.26761747
1.26452792
3.75585938
10.76012966
0.20154027
8.45442376
25.70735594
14.21578346
1.90482574
8.37483765
3.30814606
11.01037567
2.82453596
10.16952349
12.83670989
5.51920656
9.98437500
3.55904144
3.81054688
4.66263077
12.27096298
3.66947418
4.80785074
0.23669216
13.15538897
9.67261303
14.03328679
2.84928468
15.45112257
7.64608599
20.45873837
2.13216312
2.88476562
11.92495109
1.45833749
2.37695312
12.44071255
8.14868351
2.88867188
8.90625000
0.03416962
10.14155475
2.21196088
1.29935699
11.28323250
1.11235649
3.83683289
11.50435394
0.96142578
0.60546875
5.86278923
1.42733100
12.41841644
10.33939606
0.62491883
5.74883368
4.28693261
7.07165558
2.06250000
0.02209473
0.57226562
8.02514337
0.34940271
6.24499667
7.39343417
10.97387633
4.73828125
2.19213929
8.61002438
2.59219775
4.87252548
15.55521388
17.90572362
13.09464539
5.95702128
16.82679188
4.00870789
8.23872894
0.88773590
5.08780696
4.12715481
2.65088264
7.16105164
3.78800476
0.90966797
0.01029968
10.03548094
12.16329011
14.20312500
5.83646388
3.58451573
1.86230220
3.44568151
5.92744903
0.08341523
5.59720856
2.42309570
2.25000000
13.24564606
6.06294769
2.16646332
6.24686115
1.34427887
5.13358489
6.46407136
13.24129211
5.49743683
6.13281250
2.58203125
7.57287567
1.18119293
2.37634308
2.51411957
0.46630859
2.48828125
12.16027832
0.84395293
4.03694703
13.40970856
3.88378657
11.03507757
4.45312500
5.75390625
4.44173094
4.30391511
2.24019379
16.07812500
5.67488586
13.73917664
7.64843750
0.44242340
9.70747894
2.74511719
4.52644836
1.78543412
5.41972517
3.61267121
4.46048981
10.62980164
2.32124723
3.69710432
4.21830231
14.30330009
0.10143950
6.41809175
8.63435727
2.34220523
9.84720856
0.08443207
0.86718750
9.81994629
0.10628203
2.45731660
0.02388000
6.73437500
5.41894282
10.52636968
0.01210022
7.74218750
6.09375000
1.35058594
2.48046875
2.48197418
0.12984223
6.94877106
6.79015958
3.62154300
3.52298981
3.15612700
6.16289751
1.86718750
3.18945312
8.41752106
0.96516283
4.64148603
3.24804688
5.46484375
4.46926890
20.50338486
3.98295323
9.40625000
5.82857269
4.36809492
4.30078125
4.51562500
2.60937500
12.20874023
4.94140625
3.45652552
0.42830009
12.43453346
1.19531250
5.20703125
9.33850067
14.60758422
11.28637633
17.57633422
4.95337101
1.74804688
7.30387079
10.66326084
6.29309175
1.58203125
2.28906250
15.18309509
1.42622894
1.47896332
3.17398549
8.83923869
1.78072113
1.02119529
5.09257424
8.40189606
5.17187500
20.09199856
3.69376773
16.31713431
2.37427194
6.85937500
11.06135860
5.34981480
2.04625125
0.53565824
9.03727172
8.25268617
3.99023438
14.94441711
11.70812833
0.87064730
5.10380097
1.20064301
7.02689606
1.32324219
17.06725981
2.33168597
0.32686060
13.50126440
3.53861481
0.08565277
0.02421570
5.70312500
17.74641844
5.75313386
12.36437833
0.72005374
3.55619293
1.75292969
20.13195147
5.56176945
18.34680518
17.34912234
4.63972961
2.89978058
13.80814606
16.84615082
7.24641844
7.86686281
0.48954254
16.83455009
17.10835661
3.50845814
6.71094747
18.29073028
22.17223467
8.38469193
9.44957780
19.06716123
4.64945589
0.06439209
6.61673981
6.74396301
4.99415558
3.97806793
5.19966644
16.88627106
2.24328208
2.69910073
8.16060394
3.54101562
5.44896166
4.67807402
8.98689010
6.55252771
10.46195589
5.71553745
6.30078125
3.51607269
24.09081782
6.78418218
10.37837240
16.01278147
3.29732269
10.85579344
5.44498781
4.65702239
7.25268617
2.27388519
10.04597961
5.59753325
20.26920656
17.78560394
8.53906250
8.20747894
15.82096188
1.15169437
2.16210938
9.71915337
13.91780391
6.81392987
14.60758422
7.82210328
5.51171875
5.14530364
4.70190492
3.17622894
1.50585938
0.71362242
4.13549867
2.71289062
10.44531250
4.29252106
2.14033965
6.60034242
11.78893950
0.40128664
8.01908356
6.33247894
5.62154144
5.56640625
3.12255236
0.02254211
5.99173981
4.74430297
3.31172761
8.25345856
1.18668578
2.66044160
9.89408356
1.37251801
6.13236481
0.10396332
6.54296875
3.55863309
2.66357546
8.40279144
12.34195922
8.72835328
9.76293883
3.62333222
8.27779144
4.50166778
0.14298555
0.71582031
11.39575133
3.01440492
9.34285461
0.04514588
1.23437500
11.80265071
3.01001163
2.34313996
4.39363586
4.55297540
0.29602393
0.76513672
7.23002106
4.96333832
4.04687500
3.64648438
2.30244903
4.16495789
5.34899933
6.27168108
2.10527205
6.76252549
0.14714248
6.21870568
0.18033688
6.56433261
0.94111965
14.87524601
6.26171875
9.51025266
0.11283480
4.56685394
0.10363770
0.13928192
19.54090205
0.31786291
1.41406250
1.59541528
0.15922339
5.45267731
2.62759004
1.01356382
4.75153480
1.61850121
3.75349790
3.83243960
11.35847961
5.41528258
2.77372285
13.31494016
0.34997714
28.41135650
3.51692625
6.32780031
9.00781250
9.07877438
14.67122562
1.96431488
3.25992797
17.09560949
1.84518672
12.36497341
6.18625553
6.19449579
0.31136358
4.86986370
15.91875110
2.36958832
6.97778258
2.05497285
0.83976133
0.15336214
2.01053552
0.13525266
16.94188830
10.94599499
5.66192264
0.00814819
3.34765625
8.46192169
5.08593750
0.01045990
5.65806913
2.22410739
1.90284574
0.03463745
0.28544098
13.37500000
7.03906250
6.07332336
7.38415558
5.74609375
11.92390694
0.39424644
2.62890625
2.90820312
1.70576685
4.25601923
3.00012799
8.48437500
1.23453735
0.98640930
7.33872392
8.15769958
3.53417969
4.72957336
4.57466644
2.11606497
1.22460938
6.17325310
1.56844802
2.54296875
2.60410946
2.46091311
5.60636414
10.34964872
0.25997043
3.17578125
0.19377987
0.68123476
1.79471116
0.44848633
6.60892731
6.54341644
9.97912567
12.86067376
3.11320257
3.27612367
6.41589387
10.24218750
2.58308899
9.01652039
3.58789062
9.64843750
0.92480469
12.49731383
3.57934134
3.90385416
7.10803192
5.61027039
8.99218750
1.47648133
13.42438554
11.15948248
6.46394836
0.96848572
3.91471188
5.36263187
0.01539612
5.03861481
8.00238587
3.83009308
0.97216797
12.69179965
4.90451351
6.36071808
18.54101562
2.17728668
3.24369293
4.14152039
19.93566490
16.91495789
8.34977172
6.74447030
9.94954344
8.22477172
0.26949191
3.65165005
2.45772495
24.83434841
0.13525266
6.53348847
1.90157136
6.32812500
0.22013336
15.55033356
7.11328125
8.85591644
12.58593750
7.07421875
2.21724457
0.95023590
0.04500336
7.38191711
10.47477172
4.70056183
3.31339539
0.00716156
10.88191711
1.70890320
3.74019005
18.38240913
10.54687500
0.29931641
8.09183622
3.79866578
10.03137300
13.86283356
4.08504211
5.04475953
4.27343750
0.50927734
0.00725937
0.72412109
0.34720793
1.14473543
0.81640625
3.65354888
1.70777925
0.16943359
0.79052734
0.00489044
1.54012024
0.04763000
0.09147187
2.32786154
3.91530252
2.26953125
0.84130859
2.27646517
0.07889739
11.41475496
10.16573028
2.44274933
17.82454344
2.87947695
1.65527344
11.46004211
0.31583680
0.70707184
2.70584553
9.88790447
2.85937500
8.82466644
0.02067566
20.07295435
20.77847518
-0.52717019
12.24987700
7.24666445
5.09330231
7.73347961
2.12243683
7.86328125
6.23485705
1.52100232
0.10144043
1.74279785
1.46394836
18.58504211
5.70837433
8.58056516
5.29052859
11.09260860
6.22290226
9.41792443
10.90584663
9.80212433
8.14107269
7.15580231
3.04101562
7.83203125
6.15881317
4.74788453
9.12064606
1.79048676
5.64453125
3.78666168
10.19185394
3.76127106
6.46829981
0.02254211
3.10831726
7.46785461
9.25691711
3.33923371
5.11372894
3.87063609
4.25000997
0.52730316
5.44832336
1.11124695
9.87211090
4.66060394
1.64550781
6.06054688
10.53576131
3.56657358
0.13069734
6.53006428
0.82247479
2.25244141
2.01871703
6.96484375
0.16308625
2.22701019
5.80078125
1.29935699
7.73908799
2.98942763
4.15447862
1.03932845
6.30033356
2.08866301
7.66035794
2.72798925
8.86795989
6.96016511
9.65234375
6.52734375
3.09179688
3.84960938
4.63720703
1.05822723
5.00480164
11.45312500
4.57067155
0.47274490
3.89453125
7.74129211
2.51847351
0.77050781
1.12996274
0.91984070
0.15779477
11.19546986
6.55253767
3.22851562
11.58850067
4.07063844
0.10929352
16.82377106
4.85636414
4.24385528
2.27762910
9.14843750
0.82373047
5.34330231
6.36763519
8.32812500
2.62125610
6.15413453
13.53470856
8.21439606
16.32218445
3.01562500
0.02669006
11.07868573
5.29240802
8.98957004
11.84201351
12.37231383
7.57454344
14.24410128
0.20951355
8.50435394
1.48046875
12.26460661
6.27054964
3.93945312
7.99731383
5.15368683
0.09903992
0.96919769
5.32031250
5.35546875
0.00632477
12.65612700
11.75614472
4.92487589
3.00961325
3.75240082
11.68684906
1.84863281
7.07364805
0.07674257
0.00490952
9.94656444
10.36543108
3.71224623
2.05904144
7.60412567
0.16605621
0.19165070
5.82812500
3.60156250
0.02718109
4.59134918
10.23091644
3.05529318
6.05115026
4.33746143
3.43554688
6.85803192
1.48474152
2.08984375
6.75781250
5.14928857
0.25602546
3.56115193
0.71175670
1.79272917
0.38836214
4.73046875
10.27343750
1.08105469
3.64720247
4.51836546
5.14453125
7.24906029
11.40384420
1.07019946
4.48828125
24.37910794
3.55794437
7.05513519
4.08158356
0.44868988
0.04437256
0.65213957
5.60860261
1.05371094
0.72066129
3.05961214
8.83939606
15.92879211
4.63370789
1.31176696
0.07482972
3.75687279
0.38326393
4.40844571
0.02254211
4.62532469
0.52449648
0.07023102
9.48091644
1.78177887
10.72912567
4.91975953
5.31250000
1.81567383
15.84631317
5.38761414
11.35912899
3.64689273
11.90970856
10.07120789
0.33528687
3.48242188
9.87500000
0.41935118
1.27889101
11.04915032
5.24902593
7.31608156
5.07031250
0.65388977
10.66060394
1.34720856
5.91691101
2.30859375
9.61718750
2.61043274
0.91845703
2.24816490
2.99870124
2.24310852
3.84295198
2.46899414
4.18314606
1.38732630
3.32458776
8.24654144
1.08113586
0.64689148
0.95861785
3.49324524
0.04237916
4.93753571
6.00000000
0.58451324
5.86372894
9.96773161
2.98494570
3.39204677
0.78222905
1.13669402
0.13525266
1.67529421
3.55671432
7.96281693
10.42521055
11.88346188
13.15560062
9.68929078
1.16186586
3.06835938
9.06546654
15.30589761
15.00709441
9.92533356
3.09387114
4.00793550
14.62784851
6.32767731
5.39107269
0.11737061
6.31205231
3.54048676
1.88769531
6.01684508
10.59208222
3.86372894
34.86059010
3.43510416
4.19612547
4.92033023
9.00679411
4.23840425
0.20214875
2.57421875
0.38541563
19.77986757
2.03771942
2.46378601
7.75858489
6.92456117
13.55753103
0.35352061
8.26037567
7.17822016
3.00036901
3.30725067
4.27241911
2.64013796
8.75000000
4.36027039
4.73437500
6.28771942
1.57360871
3.10546875
3.55664062
3.01891872
12.62584608
8.10921764
9.32938940
10.98028148
11.74628102
5.60323028
2.47098847
0.26025328
10.52039643
5.33247894
4.96875000
8.48437500
4.77901153
2.12483765
6.50435394
7.30814606
4.23091644
2.37564938
4.71028812
4.73783356
3.49654144
0.01505714
12.69140625
2.77412622
10.63895722
5.78758421
1.01094886
4.39107269
4.83203125
1.19291168
1.34267182
8.03816711
0.38736938
0.67704316
6.85111481
1.63468445
12.73242955
2.72258754
1.26464844
7.89379322
2.43538951
6.26749695
4.85937500
0.07049529
4.10892731
0.91149933
6.45747894
0.01372528
1.90625000
0.50878906
13.91752106
1.00240082
7.89062500
6.14963775
0.23726410
9.26472961
5.39152039
8.44877106
5.24654144
11.59864807
10.03417969
23.41434287
