0.36067376
18.54980718
12.75781250
10.20936826
10.27164672
1.83968140
7.31640625
3.38647461
3.69759032
1.70377687
1.07617188
10.24706782
7.87011968
8.72363032
9.71386968
0.28735352
7.26472961
0.03565491
32.28320312
2.82844969
4.56998781
16.33560783
0.46517342
19.50292720
17.85871814
10.88737810
0.29296875
1.64453125
7.12923094
10.87500000
2.56608156
10.10758422
6.52132203
8.51204344
0.44799805
1.96419188
0.48665531
9.71875000
8.81250000
6.21875000
4.38671875
2.18359375
11.73437500
1.24316406
15.29085203
2.07780031
2.89648438
1.34863281
3.35025876
2.08724124
3.83789062
1.75764392
3.27702404
15.92789672
69.33056516
24.72981937
3.45117188
1.23730469
8.93570922
0.09786012
3.26562500
16.35937500
6.83202128
8.93326906
4.73503435
2.21842531
7.13281250
9.48437500
7.41080563
4.56966312
4.60156250
9.68585661
4.06804964
14.36718750
1.72493407
0.08695558
19.21533203
13.28070369
0.47515569
14.21566772
14.42382314
22.75178580
10.61931294
18.71972656
2.32910156
8.24283688
4.75960328
2.00537234
6.67854610
1.23356327
1.95833250
5.75000000
4.27311281
9.32454344
2.91601562
9.31932846
1.86198747
6.47590814
44.36783688
4.09212655
2.78678468
8.56673094
2.35937500
0.40332031
1.31315187
12.84163328
6.42235228
1.42591748
4.14062998
12.26953125
10.35221188
21.85709220
10.66536126
5.56283466
8.02018063
4.52701906
6.55436281
5.51953125
5.76953125
11.93154621
7.07844969
4.52311281
1.99121094
7.31640625
9.02246094
18.49023438
0.11907959
1.49224627
5.71534574
2.46679688
9.95019282
2.40332280
14.95735594
17.12043440
1.28549091
14.80143063
3.72428468
10.18619112
5.94563719
3.19335938
0.32096437
3.83007812
9.33365470
1.11849374
1.52832031
11.77766844
23.85514406
7.07812500
4.12109375
2.20117188
14.89192376
6.06901374
8.78613032
3.55696532
8.87370124
3.08593750
0.54443359
9.59977172
0.46809937
4.46158688
1.62760500
1.68815187
2.91829344
1.12955812
1.04101562
12.30720946
18.46451906
5.21484375
5.33235594
1.60644531
4.92936281
7.62109375
10.65396720
4.00358156
0.05143561
7.03938719
3.32975343
20.84504876
8.38346686
12.00943844
23.16242908
1.60449966
31.02001953
2.50000000
10.98209220
6.47916999
1.50959705
0.56185560
2.01757812
12.91795878
18.38086934
0.45092773
10.59326172
17.33658688
2.56185062
2.11718750
4.19988871
0.03732300
2.45703125
11.15299313
8.70361328
3.96419437
11.16650266
1.84570437
7.72119141
0.60253906
6.01171875
17.41175976
12.38999556
4.72558843
10.67968750
2.13476562
1.30859375
4.66568595
5.59212655
10.44531250
19.35546875
0.91503906
1.61067625
2.58561281
4.35872064
9.94401374
4.10937500
19.41902337
8.23958001
6.19271498
3.83789062
8.50000000
7.20344969
1.59635500
2.17837877
3.80208998
5.96384974
0.84865026
5.46484375
18.35742188
20.29817376
3.40104499
3.19726562
9.50423094
2.82975343
2.51953125
16.00000000
6.34504876
5.21126219
2.83236092
2.84960938
6.95312500
2.77734375
1.02539062
12.77343750
2.05305657
2.96354499
1.67089844
12.53125000
1.51790282
5.44498781
9.41014628
3.96517841
1.32877687
7.37019836
3.52270446
6.20280031
0.56640625
3.34960938
1.46386719
0.08190918
5.21093750
2.67773438
6.32909907
3.51855718
6.72070312
0.47021484
4.00368240
0.49582932
2.90820312
4.49609375
1.47656250
10.19139628
8.42798537
0.21362616
1.90942383
9.26204344
1.48502687
5.39843750
6.23437500
4.75032469
0.70231203
7.49609375
7.20409907
4.13183843
7.07974845
0.42611092
2.83984375
1.70019531
18.13117908
5.07682873
0.76220703
10.00602172
0.12471558
3.28906250
13.57812500
0.73144531
0.89453125
8.84439938
10.73958499
4.25390625
5.58593750
4.38671875
0.48071289
1.48405783
1.45828346
0.34562258
10.86718750
4.67187500
0.95002923
3.36979499
9.22298094
0.98193235
0.68424687
13.73242188
8.26171875
9.44995117
6.10387015
5.83984375
2.47265625
6.91617797
0.03926637
15.89127438
10.95767066
2.71746121
10.45084469
12.98437500
2.12239749
7.08007812
2.08984375
8.35507965
5.80859375
13.79752438
4.10091312
2.46289062
10.48437500
4.84863281
10.36848626
2.88541999
0.31155821
6.30078125
9.64485594
11.15560062
1.31542969
4.84375000
3.08789062
6.67219969
11.33300532
12.31901374
2.33886220
4.78320811
2.58203125
7.06445312
4.57031250
1.79785156
5.54101562
6.90234375
13.72884032
9.84977297
3.65673828
5.05859375
5.67414783
1.45280529
5.90234375
0.72705078
10.22656250
5.83325133
0.77221742
8.60156250
4.19140625
9.08593750
0.26367188
0.05960083
0.11798096
3.58837891
4.15332031
5.37532469
17.58170656
5.19173094
8.30973390
16.54329344
7.04264406
12.75911126
6.47526374
3.22851562
8.83414672
0.26253297
1.05452142
7.40104499
5.14843750
4.56640625
7.43750000
3.67675781
5.43359375
4.70312500
20.21582031
9.11718750
2.84375000
11.27408688
2.06510251
9.12988032
2.95735594
6.18880873
1.79199219
1.20214844
3.46907469
14.96061281
19.59863032
10.35514406
6.45084220
2.79264904
10.61718750
4.10937500
8.58203125
4.07031250
5.74609375
4.59765625
6.08593750
1.56835938
5.26562500
14.56933594
6.37988032
0.87011968
6.30501219
0.07843018
7.62858156
10.00781250
0.50813719
12.76139406
2.03515625
6.19954344
17.66569093
20.40396720
3.01204842
7.81250000
3.59602782
8.39485594
11.26139406
9.61002438
3.96386968
1.47363281
16.54817376
17.43620124
6.64896249
11.40181876
14.94238032
1.55078374
11.63183594
9.84764628
0.49154560
6.88346437
1.88671875
3.13085938
12.35579344
1.79459718
0.49414062
2.90527095
10.74935062
1.64713625
0.01007843
1.40429688
1.40700261
0.53695949
2.66210938
10.49218750
6.62109375
2.58626219
4.65625000
5.57389406
4.16829344
8.79313234
6.64908688
1.14127687
1.59733156
13.12206782
23.81966312
12.23795656
3.24609375
6.76887190
9.15396720
1.83692652
10.51173725
29.77300320
2.11881344
4.88997562
10.92187500
2.85351562
8.12564938
3.67122562
5.91015625
4.98437500
5.32031250
13.84863032
10.03027593
13.97412109
1.04101562
2.33789062
6.98828125
9.64485594
0.51627687
0.01267242
1.13964844
8.33837891
16.20442376
13.01237311
1.90527344
11.18391844
-0.04015013
2.82454344
18.32584718
0.96484375
15.42871094
5.57697363
0.14079981
9.20929411
2.17547151
0.53363037
5.58593750
6.88671875
2.89453125
1.82910156
17.65773436
12.04020265
13.71875000
4.93391844
2.40592531
11.42512190
7.64160904
0.49821047
1.83398438
44.29329344
12.31526610
2.27734375
2.29427249
10.25781250
0.08575439
3.50781250
7.14485594
0.40372804
2.60351562
11.39127438
20.44661624
6.71939938
14.85872562
20.23012412
15.82261025
12.83414672
10.79150266
9.94466312
2.59765625
7.93359375
13.80891844
2.92968750
7.46842531
1.06347656
7.29296875
0.22668457
0.67044669
1.21126717
1.32519531
2.58789062
1.44726562
8.31673094
11.19238032
7.58463874
0.98388672
7.95312500
15.53319814
3.28320811
0.38110352
6.49218750
1.18911172
1.84880637
2.31835938
13.52343750
3.11328125
11.25129876
11.98909796
1.10628297
6.29101064
7.03711436
1.61328125
10.23567376
1.74674811
5.64453125
12.11523438
6.84765625
4.90771484
5.00064938
1.59603031
3.50585938
10.98502438
2.23372562
2.99218750
6.72700926
5.00140132
6.63932624
3.06250000
6.08235594
9.86197252
13.17740968
1.83366467
2.88834718
2.22656250
8.96875000
0.19313475
5.23795656
1.83203125
0.69384766
0.00929260
8.85644282
6.01465093
6.60937500
2.23583984
2.53548094
6.62947849
3.64648438
14.50423094
11.30110594
0.57324343
0.23738648
2.51009032
1.17773438
2.83170656
2.14648438
4.85937500
8.23437500
3.51171875
6.82454344
3.93163564
2.63835217
13.58365470
4.18261968
0.76497562
3.82843972
3.36687278
11.88785018
0.71175919
14.91210938
5.01269531
5.75000000
5.94140625
5.50781250
3.86328125
13.37923094
14.05110594
1.44970828
2.04475953
11.35847961
0.17118348
7.82812500
12.91406250
25.11806188
5.95615687
10.65396720
3.50618905
7.30200133
5.11596742
0.77115719
-0.07785885
4.60416002
2.07812500
6.68522717
5.96598390
6.82421875
3.20898438
4.86360594
-0.02412840
0.67333984
10.64353724
0.59685948
1.83707641
8.31746336
31.84373006
3.02736369
3.58789062
13.50423094
4.01139406
9.13704344
5.61295656
6.96093750
11.51269282
4.17903812
0.51570555
7.60872562
6.35546875
3.32421875
6.17610594
0.28214601
12.18391844
14.36979001
1.95019780
17.82030253
2.62924091
3.72428468
3.15039062
16.67578125
13.89973626
11.47591312
5.41145999
15.04394531
9.14062500
2.60546875
13.21021359
6.21466645
2.96860261
10.33951906
21.71126219
4.60905031
2.76562002
3.63086436
3.17578125
1.12011719
2.39648438
13.65266844
10.67252438
2.06543218
10.17578125
7.82795642
2.05827404
7.91796875
9.00423094
4.19791002
13.74317154
6.93750000
4.25390625
2.21289062
7.10579344
13.49722041
2.10612311
1.27343750
6.85758422
1.32015015
3.34375000
7.60052490
1.16894531
1.92773438
0.74658203
1.40429688
14.05110594
11.69954344
1.90151707
1.09002105
2.17578125
5.66406250
10.36718750
7.67382314
3.02539561
6.97004876
3.40445548
2.29004654
7.17219969
18.62565187
13.66992188
2.71679688
12.90513201
4.07552748
8.06282469
12.58772828
1.31339539
0.31925476
16.93489500
3.93326408
8.06836436
3.46093750
1.57519531
3.97265625
6.60546875
0.75878906
4.36424535
1.40528590
9.91829344
0.88248781
3.97354479
8.67708998
4.79296875
12.39452128
2.20720356
-0.01818297
18.01062372
3.25570700
12.64843750
11.58854001
1.65657718
2.42187500
5.43359375
7.39453125
17.46652222
18.29784658
18.10098744
4.52914450
2.56835938
16.15651319
0.18186572
16.44487679
0.60710466
13.90879910
1.30696781
3.76399657
3.25748781
10.69531250
13.43096908
0.15545670
12.63281250
1.14387938
15.26920656
12.46516844
0.71793703
16.63703347
11.30925559
0.47414139
1.27089401
3.89497926
1.93457031
5.44140625
9.60579344
4.54329344
6.30794437
5.37500000
5.50781250
6.83203125
0.02810669
3.60024879
3.20248559
13.51119922
18.08040780
1.43033937
3.43131593
10.66406250
3.36523438
5.60892731
2.45552582
4.69140625
6.38883422
0.26407898
1.86124695
15.77066642
17.54590093
1.66536624
9.53125000
3.73665282
1.41569093
7.21516844
12.52115470
6.29102061
2.41796875
8.86718750
5.22656250
11.07031250
15.50911126
3.74902593
14.65625000
6.12141844
5.58593750
0.15804203
2.52539062
8.68359375
4.57031250
5.42578125
15.48567376
4.25651374
0.38427734
10.62923094
2.52115968
18.04296875
14.26666612
7.28646498
5.52734375
10.97525876
34.50455563
6.58854499
6.22298094
11.37109375
1.48307375
14.05598626
8.34733156
0.05346929
46.27343750
3.77571532
1.98600343
8.15625000
2.73242188
1.03476715
10.54329344
5.19108156
14.90038564
2.31641123
12.56835938
2.66796875
25.19159244
9.20670656
0.49512217
18.10937500
7.77734375
12.97298094
6.85905031
6.45312500
24.77766844
16.35188719
2.32942874
1.94173094
5.31640625
8.33772828
8.04866578
5.23046875
8.70735594
3.69726562
5.23405031
20.16575124
2.66797373
13.81086658
9.97721188
2.59473404
5.16015625
16.11637204
7.39388187
23.61294659
3.45736591
11.67822266
4.36718750
6.80078125
4.71875000
4.29296875
4.55468750
5.68782469
10.05630098
4.41277371
0.94173343
1.40429688
13.70312500
6.03906250
5.69921875
20.84211658
19.10449468
13.84992908
18.13395764
7.84407469
1.50065187
24.18750000
13.85156250
12.42968750
2.43945312
9.32062722
4.87468528
2.22265625
11.17317376
6.10416999
16.32454344
8.44531250
8.48014406
5.93359375
0.65527344
16.03091534
7.54036126
1.56153590
5.40657469
4.79655031
0.96728516
6.47728994
9.29492686
14.18033688
14.38867188
4.22200687
4.28906250
7.95344969
21.20312500
10.12076906
1.66699219
3.98241689
4.25228280
1.57150269
3.58365968
11.36718750
7.78125000
2.61914062
2.83984375
1.51757812
0.40991211
7.12695312
9.16406250
11.88281250
0.83056641
10.80110594
6.03092282
2.28450687
13.67545656
1.28906250
1.53710938
10.38899158
2.88249279
3.90039062
11.85937500
1.30859375
0.68310547
9.13801751
15.45963874
4.14876219
1.58073000
6.41796875
7.98046875
22.61002438
6.92513187
5.00000000
2.32617188
15.32468709
12.36718750
3.79298869
3.48242188
8.58203125
11.29174431
1.52881233
3.00292595
11.44726936
4.00390625
2.04719969
5.72037345
3.61636374
4.38085439
17.06836436
5.66438719
12.78319814
6.88053967
6.65543329
2.61214483
10.91198056
3.98567874
15.75568706
8.39241578
3.50424091
3.14648438
17.98079344
9.15266844
7.93685062
7.14094969
13.26399657
5.95638187
2.83299286
7.12696808
1.26334469
3.04036624
13.19140625
0.23706055
8.79329344
4.94921127
3.21241272
15.97298094
2.96907469
7.65169437
15.85937500
16.44596188
4.37435062
0.95263672
1.94106910
4.62045434
2.68212891
32.67805907
4.33561281
10.00781250
9.36718750
5.30859375
3.05533688
4.27838707
8.40689938
8.31120124
0.68945312
1.98828125
6.13281250
6.29296875
0.77359860
0.12776859
3.34480774
2.06388086
1.40016455
9.26562500
1.91210938
1.25195063
2.62597905
12.14127438
9.96224124
8.60156250
1.29003906
0.88281250
4.10937500
2.43359375
13.07340204
0.17220343
0.55029297
7.62451172
7.90625000
15.33918440
19.37639177
6.04117797
3.09749390
11.00585938
5.73046875
6.13281250
7.69140625
5.26171875
19.62791224
24.97397495
9.86621094
7.93131593
4.56379876
7.74870124
0.31274414
1.07910156
3.62597656
2.43359375
0.08581543
3.50585938
7.35351562
12.78906250
4.62060547
8.74609375
3.79101562
15.57812500
10.55468750
1.42675781
1.44726562
1.57355940
2.99609375
3.35254654
4.99218750
0.41373781
3.65819814
2.78630014
2.75480164
0.36836943
10.20921832
0.62793467
3.89062500
13.75194814
14.46777842
6.64306641
8.31770501
5.67871343
4.04655031
11.98242188
12.83984375
14.17968750
0.72216797
10.65625000
1.63053219
9.75325687
7.00000000
10.43391844
10.51920656
9.82942376
10.77701906
8.69824468
0.85009766
6.83137190
3.18425310
5.00976562
2.43164062
3.67773438
12.88281250
7.23046875
5.64876219
8.97233156
15.09179688
31.73396727
11.48437500
1.38346437
11.57812500
3.54492188
10.85156250
2.29882812
14.55110594
9.53906250
10.17447252
3.69239029
12.54687500
2.27343750
8.91048094
21.98240692
2.45476839
0.29882812
4.42854610
0.27702031
2.31445312
8.45198485
4.08951906
4.97656250
5.17578125
9.29036126
2.04362311
2.18750000
12.09032954
4.50097905
11.15266844
2.05045656
0.81445312
5.37434065
3.73894060
3.40625000
8.44531250
1.77408439
18.93538827
28.04662837
9.33951906
5.41764406
3.16764406
8.73339844
10.77343750
0.69873047
8.66959220
1.15364999
7.89664672
0.79020141
8.93717531
1.20605469
0.00421524
8.35937500
0.48217773
14.28367615
8.89843750
0.45996094
8.11197751
6.14811281
8.10514406
12.39503479
4.16015625
1.87109375
8.86913564
11.36360594
13.04850842
1.02636719
2.58789062
28.38037109
8.10285129
3.74089871
2.29946892
4.11170204
18.63216063
6.49967531
7.95605469
28.15575923
8.73730718
1.31542969
10.52734375
8.30468750
5.73046875
5.35546875
1.01903798
0.62207530
6.39062500
2.02929688
6.17187500
9.91992188
3.19726562
14.54329344
8.32096188
10.15331782
2.32227061
8.07812500
4.28515625
14.56640625
16.62469482
4.78125000
3.15039062
2.67382812
14.10156250
1.53125000
16.61914062
12.02766844
6.98795656
0.81347656
3.98437500
0.33316953
0.28743593
0.23681641
2.28385001
3.02376717
6.82844969
7.69889406
5.67179196
7.10156250
6.11556156
13.42415282
6.52311281
16.20117188
6.99283688
2.72655752
7.17383120
3.46614749
15.73437500
6.46875000
16.11002438
8.79459220
5.66569592
6.22330563
2.06868157
15.39290780
1.09244875
3.04687500
8.36328125
2.44335938
7.44270501
3.28874030
3.48046875
15.10156250
1.87500000
0.48950195
10.12564938
3.75911624
4.51236813
10.08333499
7.21907469
7.14030031
3.58658688
1.52962406
5.77506095
8.56250000
0.27816171
7.82812500
5.06250000
11.50064938
4.37044437
0.47509766
2.64941406
14.01562500
30.51318359
6.20312500
17.48437500
8.18164062
13.78906250
1.50000000
7.17886082
18.43181294
15.13703846
11.34673969
13.53548094
8.96451906
2.16601562
13.96875000
29.56249751
8.23730718
2.00195312
10.99218750
6.87369127
14.77083998
16.28515625
2.73242188
4.94140625
3.34375000
1.68457031
5.91796875
8.51367188
8.12890625
1.35156250
26.34763507
3.79836103
12.81250000
7.96386719
5.41003418
12.38411126
2.82096686
1.08300781
3.75439453
6.50683594
3.21875000
1.20019531
19.13377660
21.79200465
10.26204344
7.14420656
6.37923094
1.63899657
2.20833499
9.88704344
1.63248781
28.33154297
8.21093750
8.28125000
4.73860594
0.97037843
1.35839844
7.38378657
1.75879155
8.95914672
1.73936867
7.05860372
3.35286624
14.46093750
8.21613254
6.93230496
1.28027344
1.16943359
1.92480469
6.87500000
3.21484375
0.95166016
14.16406250
10.09927970
5.89664049
4.59734153
0.71875000
9.95979610
0.29020390
18.84016844
1.99031492
10.62076906
5.23984865
16.14062500
5.51562500
8.58723875
8.20986481
0.55738862
1.95312500
14.34798094
11.14420656
0.00852203
10.34798094
1.52335695
9.52343750
3.54134032
1.86783937
5.71939938
3.09114749
2.63085938
12.81444814
3.44141123
0.84326172
7.77539062
10.78872784
18.62390635
5.59993905
1.22135251
9.85221188
6.54362311
13.66406250
5.29589096
18.24707779
2.64355469
7.24853516
7.22656250
12.37206782
3.96777593
2.57031250
7.51789783
3.71191655
3.48307624
2.43872070
14.32673759
3.70360892
3.65887773
8.18750000
2.88085938
6.98828125
2.90625000
8.70312500
6.21516844
2.01530031
9.65852782
0.51846853
4.68465647
6.15234375
8.17187500
21.10676751
6.79557624
1.50781250
14.64257812
4.71875000
2.61002438
7.78450687
7.60156250
17.53125000
0.46606445
5.07812500
6.54654782
2.28450687
1.94824219
4.28515625
16.17252438
15.37044437
9.74039672
0.77913453
2.14062500
17.75846188
20.27978266
1.77181405
4.19140625
7.57421875
4.12890625
19.85122784
3.58236591
7.61328125
18.01562500
17.31355711
1.16959718
9.69726064
1.17480967
2.05859375
9.06030024
27.94710328
7.42724734
2.72989992
7.52734375
16.93750000
3.01985594
13.89420656
12.06250000
4.08364473
11.90170434
13.44466312
5.14030031
2.31640625
19.78384752
1.89974623
1.42675781
14.72264628
0.97282856
15.45587988
3.05762965
7.77734375
7.96484375
9.67317376
4.16276374
4.74592767
4.69010749
15.77050532
11.31608156
14.52766844
2.39551030
26.83398438
5.62890625
9.82161126
3.63932624
0.72070312
13.32757378
7.37500000
13.21093750
7.77343750
12.40625000
5.57031250
21.42902815
16.42058122
10.05859375
3.27148438
3.65234375
3.09179688
23.98706055
1.64843750
2.42578125
13.70735594
8.73698000
8.32031250
7.37500000
8.71093750
12.23958001
15.52018561
3.13932126
15.94531250
14.07389406
5.45344969
1.73177249
6.55859375
12.88247784
28.38113920
13.84217640
25.64481606
17.46583776
4.63120899
2.14062500
24.24999502
7.56055186
5.08593750
7.89453125
3.79296875
4.79687500
13.66048094
15.21256593
3.33984375
0.53906250
7.48437500
12.66829344
1.85253906
2.50358156
1.34798094
18.18750000
1.95084718
2.21289062
6.48738586
-0.00935852
9.26041002
13.61458998
2.71348594
0.18367555
11.62108378
8.08886968
3.13379654
10.82812500
3.02343750
3.62304688
13.29817376
6.34635749
6.98258422
0.59594602
2.42903812
8.39843750
2.28320312
7.69140625
3.45409409
4.71582779
3.42382812
2.89648438
16.00291224
2.74708776
10.95312500
2.19140625
6.31250000
2.69010251
2.15560062
2.52148438
5.47834954
9.29622562
2.74935062
18.18781472
5.68555435
3.77995124
4.60937500
13.56250000
4.15234375
8.32031250
0.06506348
9.21875000
4.54329344
3.28333977
0.90194547
6.71159685
4.04687500
9.86539672
0.29496215
1.43326906
1.73437500
6.88150377
4.17741467
10.29036126
4.59668218
0.21736820
11.65754876
1.85904034
2.81934840
14.02473626
1.67838874
2.23242188
8.08626219
18.47851313
7.06120124
8.58593750
4.42968750
5.56640625
8.22656250
8.65625000
10.86529479
0.31884828
2.30468750
6.35546875
0.36914062
2.38671875
16.68033688
2.92903812
16.05956782
5.23925532
0.44092295
6.83984375
11.06250000
0.42309570
3.09375000
5.90234375
6.13671875
12.30663564
11.19726562
12.69157358
1.04378297
6.69531250
3.57950743
0.48250429
6.26562500
0.00222397
2.35351562
11.60156250
14.41894282
8.64355718
3.18359375
14.85579344
4.65592531
2.61132812
8.99218750
11.96223626
12.26432624
15.14615470
8.01432624
12.25162843
10.59014850
7.21876994
7.11918717
15.98270002
3.90169437
3.48469969
6.85123781
14.36328125
20.30501219
4.24641844
3.36067874
7.17252438
14.92122562
12.90266844
4.01920656
11.57877438
3.97981937
6.58203125
4.94986813
7.19075687
19.31867908
16.08723626
10.20833998
7.76855718
3.14453125
6.72199690
12.20896942
10.32521276
6.89241952
7.20670656
16.73079344
7.53450687
2.65820312
0.04041015
0.10892762
0.09454346
8.03125000
9.30468750
15.39843750
1.61555657
12.50716312
7.12435062
13.65266844
21.02506593
2.51562500
7.70312500
2.62695312
17.21093750
15.32031250
2.34602532
7.92480718
6.22623781
6.28221410
7.24122340
2.12695312
12.36880098
2.67026152
10.36393063
9.24446781
4.51562500
0.05432129
0.63198255
11.90007092
1.38964844
9.62923094
2.63638908
5.46842531
7.08822030
1.69042969
0.16418457
2.95914672
2.25374390
6.79687500
1.66113281
1.32128906
1.24804688
1.18066406
11.03125000
2.41666501
5.81185062
7.85156250
7.52766844
5.52197141
0.31803593
12.81250000
4.86913564
3.27962655
10.81003908
2.00487783
5.09961436
2.56054688
12.65657469
4.08365470
5.58008311
7.08658688
3.85481937
2.79947751
2.83528812
16.00105711
-0.02077147
7.32454344
2.64680907
3.78060062
12.62695312
6.13313719
11.57389406
5.75781250
9.06054688
3.95898438
9.46516844
1.65787843
2.84570312
8.91829344
-0.03368040
16.03125000
9.03906250
11.50846188
3.69661624
9.00781250
3.88281250
9.65234375
7.23242188
15.77636719
12.72298094
5.44498781
3.48242188
12.09016844
5.85905031
3.65689938
6.83528812
9.51562500
2.99479001
20.52099734
0.53011109
5.36328125
3.09960938
3.36816157
1.60742437
5.64843750
6.46321033
6.48210217
3.66601562
2.36717504
4.81153590
5.92187500
4.37109375
0.00420761
1.43872070
16.44368407
0.91471437
5.27734375
4.83658688
2.41927249
0.74462891
17.80175532
1.50586187
0.91796875
9.33593750
9.56237700
0.41320894
9.23437500
8.44238281
5.90657469
8.53613032
1.47819343
5.39843750
13.28971188
10.69270999
2.63313719
4.10905031
5.94954344
1.79459718
4.83593750
6.17643063
3.76691878
3.35938497
6.55289672
0.36877317
0.81087406
2.26660156
3.84570312
12.94173094
7.56973564
0.17830507
3.85546875
4.31640625
12.69173094
-0.03566405
0.12445068
7.64843750
0.10363770
4.76953125
0.48388672
0.07360840
3.99804688
3.15103502
4.87240248
5.29329344
1.49576906
9.36718750
5.23599845
3.07064217
2.93945312
7.25390625
3.27929688
7.05468750
4.91242908
2.40007092
11.17968750
0.78173828
3.96126219
1.56510500
10.05468750
1.73730469
11.82096188
5.71028812
13.63704344
0.08292726
3.22070312
6.20930408
2.83171154
16.69018492
0.59692445
2.61523438
12.85955686
0.30005007
10.25488032
1.70540032
2.60905529
11.03906250
2.00976562
23.61913564
0.70508311
12.16048094
2.62662843
1.99511719
13.05468750
5.72265625
2.75585938
3.18359375
1.05664062
11.28906250
8.24511719
0.16320801
3.41813110
2.34358765
0.80859375
7.46817930
0.18855898
16.32584469
9.82747562
13.76745605
12.53548094
4.03125000
4.69108156
2.28352782
18.89811281
1.65722656
1.29199219
1.43847656
8.73079344
6.24609375
9.14420656
11.18065160
3.19434840
3.24804688
1.71158688
3.42936281
9.60514406
3.20930907
4.52701906
15.00731659
0.81152344
0.29146239
0.43912843
6.89062500
3.95703125
10.27603502
5.67025404
2.38476562
0.12406371
0.15633180
12.89062500
15.76439755
8.81185062
1.65917969
8.26204344
9.47721188
10.14746343
7.89485594
4.34342531
16.51204344
11.25781250
6.90917221
5.51628435
2.10351562
13.02050532
2.88574468
1.09179688
11.67879211
2.06949891
6.40625000
10.26562500
0.44311523
6.99251219
3.41243407
3.91341312
1.01464844
20.67805907
10.08951906
10.69531250
5.45800532
8.02636968
11.91406250
3.84790039
9.25781250
6.30273438
20.88834220
5.73275155
12.09960938
6.36328125
0.23193359
7.21324921
7.51171875
4.09173584
11.01269531
4.67187500
18.01562500
9.54329344
5.82194093
18.46907469
1.76530031
10.30078125
7.87109375
3.13281250
1.50488281
8.21875000
3.85774657
14.26920656
9.80468750
6.31705563
2.42154533
5.04102061
4.57780031
6.13281250
1.56640625
37.02831782
17.43391844
12.64970222
8.52896720
15.85579842
6.37923094
1.07389406
5.26562500
11.38704344
3.73307375
11.48632812
4.33593750
2.30273438
19.40162321
12.58813165
6.70451241
3.66015625
1.55371094
4.72086547
2.07796265
3.34765625
12.30891844
6.44563719
7.62435062
9.46093750
6.81250000
6.42968750
2.05118711
3.85408632
4.21644573
0.41563186
0.36865484
8.51562500
2.69726562
13.86360594
3.92578125
0.27506593
15.45603724
5.16115026
22.84244626
12.65396720
8.42838874
8.20637190
12.67644060
6.27701906
7.24641844
1.46549562
15.66959220
5.02473626
8.14160904
18.21289062
12.86783688
20.69661624
8.44531250
0.06561279
2.83984375
6.38867188
7.45703125
2.95344969
1.94498781
17.82896423
3.05371094
12.63704344
3.68929078
9.22131761
5.76094192
2.13085938
11.16406250
10.09374502
24.06055186
12.01269282
6.80794437
3.04329344
2.05794437
10.59798094
0.77034422
1.83724124
3.07617188
3.42349845
1.80924811
10.74576906
1.88899657
6.49772218
9.26171875
7.28515625
10.08593750
1.10025876
6.71679189
11.90365248
1.01806641
1.18164062
7.09375000
3.10774657
14.67545656
19.94105238
0.76434618
5.47656250
1.75585938
11.37500000
16.79555630
8.51694370
6.00000000
8.01855469
3.16992188
4.69531250
14.28125000
4.35611813
11.46630984
0.70621454
2.19010749
9.53125000
10.45507812
15.49706782
10.85254155
4.85969969
3.82617188
6.42545656
14.40266844
12.70930907
12.22265625
6.97688719
1.87076906
3.05208499
6.03938719
8.98795656
6.44140625
6.91861813
6.03060062
15.87206782
3.60123781
5.56119127
8.67644060
8.41406250
3.05078125
1.87695312
11.10937500
0.92854735
2.88834718
7.90852283
1.13542248
3.65201657
3.21810062
7.84407469
9.11295656
4.32421875
6.20572252
6.08724623
5.71352505
4.45834995
7.17578125
10.73990470
7.50618905
4.57421875
22.58463376
11.14582004
23.76562500
10.05665558
11.99023438
7.95312500
2.82421875
10.17968750
1.85546875
11.09630600
18.04785904
4.25390625
1.41308594
12.53677970
6.60384530
4.91438719
8.58951906
0.11999512
9.68391844
15.76985594
2.71419437
15.27408688
2.40657469
15.13855230
0.78271484
2.04687500
9.29329344
6.35611813
5.92480718
5.59765625
1.86718750
17.25000000
6.93768060
9.85630264
0.21181260
14.81024170
29.36718750
11.29296875
15.83300532
9.78418218
7.64127438
3.33528812
4.64094969
2.99609375
0.16088867
19.60392336
14.69430995
10.55908203
4.07812500
18.57096188
7.64778812
4.43750000
8.95019282
6.31185062
7.26985594
14.23372562
5.71484375
3.47656250
4.87711547
1.39754273
10.03906250
2.83854001
9.80794437
1.67773438
3.19189453
5.19205563
4.22200687
16.15266844
2.62467531
2.28710938
10.23502438
1.35091312
13.11342864
0.95297761
11.93554688
4.34497070
5.35937500
11.53906250
1.51627438
6.00325687
6.74609375
6.87141844
3.23966554
5.90625000
2.96613753
0.15332779
9.37076906
15.13411126
10.87793218
0.24747804
10.16894282
6.41894780
7.76953125
5.87141844
2.88444093
1.37207031
8.53548094
1.05082277
6.49218750
14.21581782
7.05403812
3.76920656
8.71939938
3.23665531
18.23209220
18.58234597
3.95118683
2.59765625
5.02929688
0.84667969
9.67382314
2.72461436
11.80468750
5.76916504
7.63314056
1.91601562
7.72460938
5.62923094
12.30468750
3.29329344
3.04264406
3.90787843
21.67219969
5.40657469
26.09537843
9.32364992
19.14127438
11.91341312
6.43256327
5.33593501
6.01910462
3.87500000
0.94416985
5.85481937
2.41145999
7.84212157
5.15885500
6.80143063
4.85774906
9.44173094
3.57297853
4.58268063
7.73763187
4.49218750
0.00467682
1.54264157
5.19661126
6.92773936
16.38605940
6.86003435
5.42187500
10.12303192
3.80860372
3.63867686
6.85253657
0.46289312
0.65527344
1.45684052
10.48046875
3.56444814
10.84180186
7.57812500
6.25032469
9.06738032
1.00358405
3.61328125
2.60156250
5.38052970
2.84798592
17.78971188
10.05663564
1.34115248
6.63963099
2.88771276
2.84179688
8.93554688
3.45703125
10.01204344
0.22468992
0.58333499
7.86718750
6.40038564
1.38883920
2.09944703
9.81151596
4.36426529
6.50781250
10.50260251
6.94856937
1.06054688
5.28515625
4.35872064
1.69401374
3.04439776
2.37630374
3.68359375
1.79492188
0.67936032
4.77944925
2.14405418
1.98600343
2.71093750
8.24283688
3.81022218
4.24576906
8.00682846
4.68880873
3.58170656
10.20930408
11.21223626
10.32845966
1.61490719
3.52278812
4.64387190
0.53190935
3.96126219
3.46940187
3.44140625
4.82031250
9.01562500
2.84407469
20.99055408
3.48177748
9.69531250
2.43326408
7.96907469
8.95961878
5.67610594
14.36799424
0.51937638
14.48209220
16.30338874
4.25781250
2.30240968
6.83203125
2.55664062
0.93115234
7.38150377
8.85482435
4.19140625
7.80468750
9.57454344
1.52115968
14.80110594
11.48209220
1.75195811
8.40625000
1.80761719
14.90331782
3.25122320
14.94238032
12.37793218
1.78906250
9.14973626
1.73112311
7.61062622
19.59374003
2.00977559
2.32812500
4.83593750
3.19465315
5.12386857
0.79085328
8.53906250
1.48795407
6.20638187
0.73046875
1.51318359
6.45344969
8.17187500
10.83430408
3.23958998
2.97265625
5.74218750
1.49902344
3.28515625
0.11702391
0.96744875
11.51594969
8.68326906
0.83919188
3.17350343
13.61783688
7.09700687
3.07226562
14.37401596
7.38379654
18.20361328
2.76757812
4.51953125
6.60937500
0.57771727
4.96061281
14.04394282
5.03418218
2.57877438
14.77701906
2.78287843
7.26953125
5.15234375
0.03002930
3.18164062
8.83853502
2.92708998
11.67402576
8.15007092
1.84179688
3.49674313
11.34733156
2.94498781
2.67837877
1.97591810
11.21093750
5.90625000
3.04166501
4.78060062
0.91015625
11.12141844
0.94010500
2.66796875
5.18390847
3.20671653
2.53515625
14.88671875
11.64637756
18.84830563
5.89388187
12.78906250
3.74511719
14.61718750
13.29296875
5.86914062
9.01481628
18.09016844
8.72656250
5.00960328
0.17854859
5.15625000
9.04360816
6.34115746
1.26855469
6.14453125
0.37809079
2.07747562
17.30533688
7.22103031
7.97265625
5.47656250
3.45996094
2.19563719
3.10319093
9.70946144
5.52100731
1.54394531
1.37434564
0.08878913
16.18457031
4.89566891
11.52863711
24.45629322
7.13444592
5.42578125
5.52734375
0.02110291
11.64062500
3.01171875
12.91829344
4.59733156
0.25244141
4.22265625
0.70312500
8.14843750
17.35709220
8.88509530
9.77299925
1.86783937
2.46093750
17.48567376
7.14567390
6.96093750
11.71284485
3.19777284
8.02963652
4.81705563
2.77474124
3.01171875
5.57812500
3.09765625
10.15266844
1.07210328
0.34480836
0.30285395
1.24218999
4.19921875
6.09765625
4.18391346
12.85742686
1.74967531
2.00520501
4.65495124
6.90445922
14.17984486
1.49577404
7.49609375
5.74251219
7.24739251
3.10775155
15.19173094
3.59537843
1.93847656
11.37500000
16.12564938
7.73014406
5.39420656
3.02343750
11.92187500
6.45572751
5.22591312
3.02213376
6.25716312
16.80305907
4.12238753
1.43978778
1.88183594
11.91274380
5.46648714
3.17350343
11.89062500
2.74804688
18.48079344
16.37918857
15.62732268
13.06673094
2.18717531
1.75292969
16.63476064
2.78677970
8.55502216
2.24218750
12.92626953
8.85717773
5.58626219
13.72427970
5.01367686
8.25681849
3.12990026
11.56808897
15.96223626
6.32729501
11.43945312
4.07812500
17.52343750
10.59375000
0.03695679
2.09765625
7.39843750
14.75000000
8.26204344
1.81720925
4.25717309
8.90266844
1.38574219
2.75162843
1.63476562
2.08250707
2.93295434
6.08203125
12.03027344
4.73665282
2.78678468
9.05973390
10.50602172
4.71712281
5.64777815
1.77604997
3.14648438
3.92187500
1.64270020
0.72134752
16.79069592
8.00358156
2.68164062
11.77766844
2.74186281
3.52734375
9.08723626
9.73079344
12.30111092
6.71126219
4.94335439
0.90332530
1.46256593
3.91992188
1.97664056
3.26823249
5.64843750
12.88281250
2.79492188
5.07877438
7.11653812
9.98437500
1.69335938
2.06835938
14.57031250
0.13696289
3.12695312
9.93098626
0.56706061
13.74434310
1.60970467
18.44921875
2.14648438
13.90625000
4.12109375
0.58984375
2.86946532
4.73795656
9.59081782
2.22168218
0.91162109
1.92844152
12.67968750
2.11328125
8.71223626
1.00553718
9.33674424
0.05729873
2.68105615
6.15593528
6.19205563
7.76171875
3.15560062
5.44140625
1.00471922
2.60514406
0.61132812
10.43750000
1.74121094
10.26430630
6.96225620
2.28743407
3.98795656
0.03195190
6.94921875
2.67805408
2.52702404
10.33235594
6.35546875
8.94108156
7.81250000
10.00000000
12.31618339
6.52962655
9.96516844
4.61392814
11.60742686
3.29882812
0.00259399
17.47460938
9.28125000
2.30680297
1.41780640
9.96093750
7.06250000
2.10742188
2.16796875
2.80859375
5.47851562
15.28125000
10.69352172
0.45393922
2.06640625
9.88704344
4.54687500
1.73112062
9.82031250
10.63052970
0.42318124
4.41015625
8.46516844
5.71027815
4.06283466
8.07812500
5.37824690
8.03490007
4.63281250
16.51562500
4.66438719
2.32226562
3.96842531
12.80468750
1.89746094
1.57324219
9.72656250
1.81347656
1.83300781
10.55533688
4.70247562
7.82812500
8.63281250
2.17968750
9.56070922
3.16390015
6.33918689
2.93913342
6.44823471
1.50098404
1.52539062
11.71875000
3.78132868
0.08903265
1.21191406
4.81900377
6.23177748
1.70898438
0.29174805
2.02343750
8.83235594
8.00000000
8.01139406
0.73054681
10.91276374
1.37402344
8.52343750
16.16829344
2.16048094
2.38020999
10.30468750
6.05895996
17.67187500
5.98046875
6.37500000
13.96093750
0.55566406
4.86718750
5.36913564
1.90430186
5.14062500
4.74218750
4.81250000
0.49072266
1.35546875
0.04943848
3.71289062
9.64062500
7.79361813
12.94405277
4.43359375
12.68164062
4.29101562
4.33203125
1.51855469
9.69497784
7.04330341
3.10546875
2.09602782
7.89030031
1.57226562
2.19205563
1.04720218
1.83886719
6.99739251
11.28189938
4.09603280
7.01530031
11.45377438
8.07747562
10.37694814
23.02278812
2.55924811
1.90875949
15.01970730
2.64257812
18.26887689
2.68620124
10.21875000
2.15038813
1.52343999
12.71093750
14.29394282
14.77766844
2.86002936
0.24121094
5.03906250
0.71728516
6.46939938
2.00097656
4.28060062
16.03368019
4.88428856
1.81054688
4.11718750
5.03906250
9.75781250
7.75455563
6.37825687
5.67399047
0.80387328
1.98405031
12.39843750
4.93359375
1.57812500
16.75781250
5.99890137
6.58203125
5.18750000
13.54687500
7.48437500
0.08471680
5.50305176
5.07388409
1.10189716
11.02440160
2.09083277
15.76658910
7.65430934
4.26171875
4.02571532
2.74967531
2.69531250
8.58593750
0.72574704
5.26106937
10.48307126
9.51497562
2.44531250
5.24609375
1.42773438
3.54101064
59.53711436
6.12109375
2.68359375
6.01236813
20.38737627
10.39550532
9.27473626
7.31706560
3.33398438
12.35579344
2.10514406
5.21289062
21.78319814
7.57682624
21.14354721
7.96028812
12.54199468
4.98633311
7.90657469
15.24918454
5.69824468
3.41210938
4.32812500
6.62923094
6.48046875
1.81510500
11.00000000
4.39192376
9.84009038
6.40657469
10.88281250
8.70019282
5.65104499
1.71451906
11.21842282
12.34114749
3.41796875
7.75423094
13.09742311
3.01562500
4.30501219
8.57431368
1.61621094
19.19027519
8.40494626
3.84147218
6.60579344
1.21224124
0.84667969
10.23860594
24.25358156
10.73437500
3.29687500
15.70855464
1.12793218
2.15006344
6.97591312
0.52978516
7.63346188
7.10181001
3.10774657
11.22656250
2.22981937
0.99169922
4.81606661
1.27996121
9.00773195
5.46484375
1.32421875
17.45052000
4.13273195
2.81250000
10.82096188
2.96419437
11.70312500
3.69921875
7.76594969
48.23437500
3.36670259
4.46484375
10.34439938
4.78060062
14.42757078
2.85742188
13.15266844
12.59896425
2.46451906
8.35937500
1.23242188
3.64257812
10.83984375
6.41438719
0.43375734
4.79296875
14.50194814
6.59439938
2.38998060
0.85498047
12.99609375
15.50345450
12.37728280
5.11328125
9.95442376
4.28125000
3.94953347
5.27963652
1.44140625
26.29101562
8.79589844
3.04687500
8.26204344
11.94889406
2.84179688
6.88281250
12.89062500
4.20312500
10.30533688
6.02474124
7.19531250
1.49804688
8.71353502
20.02507092
4.28873781
9.68391844
2.22819093
13.87402344
12.91796875
2.06835938
12.62629876
6.98340093
1.09830812
14.51691628
12.81218528
1.13183594
13.13117908
9.22461436
8.51562500
4.58593750
4.43131593
4.87890625
3.37304688
16.96289062
11.68456782
1.74511968
0.45654297
3.14453125
6.99641844
8.14550532
7.99088874
16.04101562
1.82031250
7.37451172
9.34097643
4.09896498
4.04589595
9.62793218
17.78157469
3.71321532
6.39811281
5.36507203
1.14632203
8.57909907
1.27767093
2.15153078
5.18750000
9.40689938
10.50781250
6.85156250
16.39420656
16.01627438
2.68261968
7.24218750
4.67187500
13.13899158
10.94074690
2.79949246
7.93326906
11.96093750
7.79296875
9.22068817
3.50587433
10.81011963
19.83007812
5.82031250
4.63704344
8.74414062
3.28483156
17.20703125
3.16406250
11.73502438
17.28027344
2.28320312
7.54622562
20.36881095
2.39387689
2.45427138
16.31558954
8.61100593
3.29687500
16.47330563
10.59310062
11.60839844
9.60156250
2.18750000
10.95019282
11.92154034
4.89779809
0.46166992
13.82063719
7.94757536
3.19663120
1.52539062
10.52343750
12.82548948
13.26481203
3.63867188
12.91829344
6.29655031
1.05566406
8.79329344
4.10807126
4.22168218
7.09960938
18.19495790
15.10500700
15.62500000
0.10821533
0.48999023
18.38330078
11.29329344
4.16373781
10.92283910
1.38575465
9.37467282
3.42122562
16.07161126
13.57324468
3.76725343
5.29296875
8.57031250
15.40461658
2.40983654
6.49218750
4.30859375
11.87108378
8.63672872
4.14453125
10.56673094
5.66764406
2.62109375
8.80110594
1.14859611
2.34375498
8.91601064
6.47070811
5.30353115
21.25017730
4.71386968
1.36132812
5.91015625
12.81314938
5.73502687
4.16862062
3.04687500
5.76171875
7.22656250
6.09798094
14.45211895
1.12110372
2.16210938
8.88215315
3.04948747
6.77832031
4.55078125
2.24804688
17.33363476
3.25816211
2.90039062
11.43814938
3.22981937
5.98437500
6.07031250
13.15820312
13.06673094
1.21158937
27.75650377
9.65314052
5.99872118
14.18750000
0.25862672
5.51041002
12.76302748
18.70051876
11.55253476
7.13541999
0.91666501
5.42284907
12.14713874
15.94531250
12.37223390
10.46223626
4.35807624
13.94335938
3.89453125
1.79882812
19.37469482
1.96386719
0.31738281
15.23986816
1.52441406
0.32568359
12.77734375
1.37890625
0.32250977
7.37695312
3.74837157
2.21663453
0.53206422
11.22002882
19.91188767
5.41796875
1.04069093
5.18750000
12.87109375
10.53320312
7.43750000
11.29687500
9.51306152
10.99116911
2.67907746
2.12272218
14.59122555
8.27050532
0.75618905
9.74641844
18.00000000
16.71678192
4.44695589
3.68359375
11.09375000
16.04752438
2.25911624
4.71875000
13.10546875
11.09439938
3.94856937
12.82714844
0.94628906
9.16829344
6.70703125
0.09318117
10.67187500
4.89876219
11.80826906
13.76204344
0.50944093
20.82257536
19.46387965
5.22118019
6.41423980
1.61132812
8.16471188
10.42278554
0.51107435
17.04687500
5.85969969
0.77050781
3.20475343
8.87271720
6.68197030
20.88507536
7.29558870
2.82421875
10.71646720
1.13314217
21.69140625
6.49251219
3.61490968
14.13614805
0.42244570
12.04101562
3.30891844
5.99186281
17.99641844
9.43750000
0.49430422
14.79980469
7.92187500
5.67219969
5.80631095
4.72461436
4.17187500
8.51204344
5.81429078
21.62972047
2.30810547
1.45507812
3.32812500
15.16406250
4.00064938
12.99739749
4.34765625
20.96093750
19.80501219
3.42350343
4.15625000
6.99185284
2.15284075
1.00472047
16.23339844
13.12320922
0.87679078
14.37500000
12.59179688
16.84016844
3.58756593
8.66406250
4.67381816
6.55860372
16.29329344
14.38248781
19.07421875
15.01171875
6.50390625
13.51627438
7.89778812
6.00781250
8.62727283
7.80632092
21.56005361
4.26367686
2.37304688
14.02408688
7.69758533
2.45410904
5.06250000
18.82615692
4.00587433
13.20073363
6.08561281
12.81281472
15.14031028
10.67968750
3.29882812
10.19238032
2.31347905
1.03222656
8.63964096
0.57031998
6.00781250
1.80891844
6.73014406
8.60319805
0.46923828
2.78906250
25.33706893
5.67464982
4.83740234
9.98762689
3.33854499
11.78906250
4.60969969
1.26139406
5.87629876
6.80825909
3.21387965
3.23242188
14.67968750
19.73079344
8.06608156
3.11002438
7.03483156
1.06998781
0.71289062
5.77765847
19.45589608
15.11654310
7.88281250
14.21516844
5.64030031
3.75520501
2.28581061
6.81250000
9.83633423
3.82128906
19.73600094
8.91341312
9.28906250
8.22883533
3.54850842
1.83203125
12.32324219
4.82844969
2.36881593
9.10937500
2.59570312
21.30273438
7.00000000
10.52408688
11.88899158
14.05567154
11.84798094
3.96451906
13.38181393
16.67004615
6.66178967
4.07242797
0.25789430
13.70898938
10.20312500
1.36718750
12.62564938
28.39158910
1.93783964
1.59472656
17.19497784
3.16830341
4.07031250
7.26562500
0.84960938
8.45019282
6.49121343
13.03010860
6.53190312
3.91015625
10.15071532
2.43929078
8.62190797
13.36360594
11.21093750
12.87760500
3.55273438
4.60937500
3.73274657
2.57194093
6.32974845
16.23274657
9.49805186
0.38525391
7.73337102
9.60305476
7.37597407
4.15136968
4.54361813
9.28937722
2.79981715
11.26204344
5.86751219
1.97786624
17.99575909
6.41830341
20.74414062
15.96484375
14.40266844
2.76530031
10.79687500
1.08593750
15.49641844
1.79166002
2.84668716
29.37337157
7.88281250
1.61490968
18.39160156
5.69140625
1.63964844
13.62988032
3.81250249
9.67187500
9.11002438
11.28548094
4.06966312
13.92057126
0.73144780
16.73860594
4.53155974
0.79038120
13.56835938
12.29459220
0.68131843
15.75911126
8.40754876
9.91699966
6.15234375
6.76985594
1.34440187
9.84195922
0.51546265
2.07226562
29.35221188
0.84993656
2.29296875
8.37500000
3.06054688
2.27539062
20.98274657
11.61490968
8.53906250
0.86458250
18.68164062
3.25748781
13.30110594
11.22835328
4.32014019
1.75586934
6.83398438
4.37890625
2.84619016
0.09277468
6.09676086
2.04614196
14.86295656
6.07421875
13.66048094
5.72753657
3.28776374
2.39290282
8.11735109
5.52343750
7.08235594
13.80225710
17.49641844
13.77343750
7.25846188
3.29394780
14.94921875
22.21074026
14.81074411
5.23469969
1.55566406
5.19498781
8.44057957
0.79184230
9.83396942
2.77540558
4.88671875
4.68944814
7.13916514
11.63671875
7.28125000
14.36718750
15.96093750
8.11393063
5.85091312
25.92578125
0.18033688
5.81185062
17.63167110
0.34782109
1.37988281
19.41796875
4.70703125
7.32812500
16.44074690
5.23112810
9.50520501
8.50651374
5.94140625
3.46582031
9.45312500
18.90331782
13.96846683
3.87467531
18.60481688
4.95312500
4.74967531
14.07454344
8.20539783
7.44271498
13.36360594
2.77115968
14.51550029
0.02504517
1.62890625
9.42610594
7.80875734
19.30110594
18.77408688
17.06478031
3.54264406
9.52285621
12.41797872
7.47233156
12.03906250
18.77376219
8.46093750
12.08292726
1.30631593
4.89223848
1.20932402
10.01562500
0.40991211
7.20472851
3.15464649
24.56640625
14.09016844
10.23795656
1.32226562
7.62857159
2.76400653
10.06250000
6.98046875
12.39615470
2.22689217
0.84472656
5.58902829
5.06575687
4.05078125
10.85221188
10.49935062
10.13052970
5.87044437
10.81543218
15.16243407
4.41764406
11.75552970
4.12728280
12.51106439
2.86784186
3.68554688
11.72851562
3.87923094
1.48925781
9.39192376
1.83626717
1.08105469
16.34102293
11.21760860
0.39925421
11.22656250
9.67805408
12.28189938
9.44922124
14.10823360
15.71272828
11.60677748
0.79052734
23.90950438
13.80663564
6.58757092
2.00585938
3.48242188
10.36360594
2.35709718
17.89192376
5.89323249
1.04492188
17.29073028
0.11222383
1.61914062
15.47778071
49.16504155
4.83203125
9.96060284
6.79720966
2.39843750
16.24413564
9.12598155
2.33789062
10.17968750
2.35546875
8.42252438
2.43685062
13.78613032
3.87793218
0.51757812
19.42968750
7.26008533
16.89648936
5.49348875
3.42968750
10.88216312
0.56103516
6.71353502
3.76302748
8.34375000
2.17578125
13.35937500
9.18750000
12.17610594
17.35049438
5.76350953
2.28694703
10.59178192
18.22363032
8.36427526
0.85107422
13.44173094
1.91975828
2.79817874
16.38671875
4.37109375
23.42252189
13.69759530
7.07812500
4.63671875
1.57226562
3.35773410
3.58464871
18.56379876
10.96972905
2.31803468
7.71549313
6.18391844
1.61328374
1.84667969
12.19562722
1.62077903
7.65299313
3.74576408
18.69694592
11.33658688
2.61263187
7.69205563
0.35275432
5.05186974
16.20995346
4.04785904
14.48567376
3.16666999
9.56673094
4.62858156
1.16601562
27.02343750
5.47346922
3.09342531
9.73437500
5.95735594
11.24641844
4.95247562
20.24536133
8.16666002
4.31771498
28.86751219
12.50195312
1.53971437
9.47298094
0.31583742
1.43472643
2.25912123
12.32714096
0.80469498
6.57812500
6.78515625
18.54264281
0.38997437
4.47949219
0.30126953
9.36621094
7.44531250
3.68619127
3.85319592
4.12987534
5.00065935
5.11328125
3.85156250
4.25781250
1.46484375
1.28027344
13.15754876
2.71940436
26.07812500
1.34863281
16.73241689
0.80762217
8.10156250
8.98502438
3.85872562
5.02343750
10.68782469
5.62858156
6.21484375
6.97656250
0.12841797
7.26863586
3.59464539
7.02164672
0.14778687
4.26171875
11.69074690
15.21646720
9.44531250
3.08497340
13.64062500
8.14712877
6.59896498
12.72290802
3.33398438
8.22298094
1.50748781
9.31086658
1.20475842
12.42283910
0.76693871
5.29655031
4.20312500
18.31255429
6.07063968
5.70735594
2.98600343
1.21126219
11.47428468
14.44954344
4.28092531
7.01367188
3.73046875
11.60937500
2.39680907
16.51594969
2.65364749
16.39558836
2.05631593
5.21614251
1.93229499
1.67187500
6.20344969
14.55078125
2.39615968
4.79687500
2.18164062
5.43456782
10.21386968
6.78548094
8.82812500
13.70719484
2.59960938
14.53755188
2.02929688
16.44270501
3.92057624
8.68750000
0.22436523
0.87988281
3.27148438
7.50781250
5.84779866
13.47837322
3.57226562
17.52310284
10.14226091
2.17740968
4.55468750
1.05793939
22.06782308
6.51953125
10.07877438
2.11849124
21.04133533
5.31445811
3.50748781
10.70084220
10.87728280
2.98632812
6.73893063
4.58138187
9.51627438
5.39485594
2.25683843
18.45865470
12.82347885
4.03061059
10.51204344
7.60905031
14.52245845
4.31543218
6.59765625
2.00390625
4.28222656
2.78125000
8.18750000
2.67968750
15.42219969
2.38444093
1.31054688
6.90356383
0.17712465
0.68212891
12.14257812
9.94531250
2.05078125
5.06250000
1.93957115
0.34704995
10.73502438
10.47557846
4.13020003
5.66896276
1.34179688
6.75813719
4.64354223
12.57451687
7.86295158
10.78418218
2.24349124
8.16503906
2.09960938
4.75878657
6.72558843
3.83203125
2.34504128
16.78749656
4.08984375
4.38281250
8.42187500
17.64453125
4.86328125
4.09959442
11.96713652
12.25260500
11.77246094
16.00292969
5.73828125
9.62206782
3.96028812
2.61295656
6.41406250
4.24218750
6.55468750
3.53548094
0.05387453
6.85742188
4.01953125
14.40819814
12.81543218
4.87011968
7.27700909
4.54362810
2.85123781
8.48437500
16.54101064
2.47363780
5.97265625
7.14453125
2.58007812
6.85156250
2.17187500
4.63281250
4.39453125
6.53580563
1.04329593
11.57161126
2.69401374
5.01477051
4.00781250
6.63964096
5.64551529
6.97265625
5.05598626
5.01823249
4.99218750
20.27274824
9.85029863
4.76953125
4.40234375
15.37109375
6.66015625
13.26985594
5.83951906
0.72753906
1.61914062
12.99462766
0.66015750
3.80468750
12.89648438
5.29687500
1.64843750
4.29296875
11.64078236
12.09359264
3.25390625
8.95328610
9.55760473
4.43499113
0.23767028
2.96061281
7.31086658
6.98633311
5.86686281
1.64550781
9.84375000
0.45190430
25.79296875
3.24348626
4.10237921
0.94173219
8.76627438
9.20767066
3.13933621
1.31542969
8.83430907
7.73306876
3.22851562
4.46680186
3.08333001
5.06120124
0.56982422
16.23828125
1.11132812
2.05630347
9.43686059
6.11230469
12.41829344
19.51464096
1.63542497
5.37109375
12.80501219
2.66373781
8.73747969
9.19400876
5.82747562
2.04947751
2.80599124
1.20410156
5.30891844
4.61328125
4.29003657
1.83659186
9.66048094
17.80826906
4.13427734
6.47395501
1.74121094
11.52213874
4.55175781
0.29223633
2.19628906
6.23828125
8.33235594
14.41416506
8.74625485
12.66666002
6.51628435
12.17089096
7.05729499
12.63704842
0.66699219
11.53906250
6.71629987
16.21033587
6.94335938
15.26334220
1.91243905
10.24172651
4.22364029
0.64811281
9.25795989
6.87875886
8.38085938
7.51236813
4.06119626
4.10416999
8.70312500
5.47070312
7.12173316
5.15170434
3.36132812
17.22721188
6.84310062
2.52929189
5.07227061
7.36718750
7.60253906
3.90168939
4.59678712
4.71093750
0.67187500
1.33300781
5.07942625
6.66764406
29.01855469
0.74658203
2.18276956
6.15414450
7.98469969
0.05472902
0.73144531
1.11041260
6.61230469
5.71939938
10.66471188
8.41471686
13.42578125
6.61328125
7.42578125
2.84375000
11.85188719
18.31545595
2.96484375
9.39453125
7.55729001
5.44856937
10.74509974
2.34865026
4.26171875
2.79296875
10.36033910
4.38966090
8.42252438
5.05794437
8.16601562
5.33984375
11.67675532
4.10091312
14.88053468
8.56673094
2.38444093
7.03027344
1.98535156
6.47427838
6.01888187
1.22338867
2.67057126
3.35286624
9.96093750
3.95703125
6.53906250
18.27376219
8.40592531
11.03971188
0.09891847
3.40397218
10.21516844
6.93131593
5.85156250
4.05078125
7.94416113
0.68083887
14.39062500
14.18945312
4.89843750
6.83984375
5.84375000
12.67218972
6.08562278
3.07617188
11.97732544
4.02962157
3.50748781
1.61555907
2.35905031
7.89453125
4.28125000
12.14843750
5.40266844
0.68115234
1.25781250
3.79459718
3.71093750
6.82031250
3.56445312
4.42578125
0.44926453
4.18750000
4.52402258
3.77929688
15.06689329
3.52880984
11.72802610
4.29834109
11.34798094
0.91569093
1.34765625
8.35741689
0.90723155
2.85742188
6.48828125
4.46289062
3.85221188
1.77767093
9.29687500
2.64453125
7.86751219
4.24796321
10.92064495
5.53484153
6.49739749
16.53384752
5.35921764
16.87679078
13.16178468
2.80273438
10.73079344
6.45312500
18.39843750
13.01562500
13.21939938
8.45605718
2.51367188
6.72395501
10.60693484
17.69661126
20.37093140
17.56836436
11.75455563
3.42317874
5.25390625
9.71581782
12.15918218
11.34375000
7.95703125
0.77441406
13.17447252
17.46810560
3.81445312
1.91015625
9.39485594
10.07031250
3.14225343
12.82257536
3.88836214
1.61621094
6.37009974
20.62208776
2.19563719
3.91373781
9.93814938
2.70328111
2.45410904
9.98382143
8.24869127
2.19466810
10.54360816
2.17514184
2.08007812
13.56673094
5.09342531
6.25000000
4.38281250
2.19049279
11.21776596
9.23569619
9.69336436
8.84912234
12.57470080
16.26546764
4.43147828
8.80924313
5.91341312
10.97819093
0.25659180
2.90429688
3.14648438
1.17578125
4.52343750
13.50000000
10.28125000
22.46337862
7.31413342
13.37884521
4.49885860
3.87581671
10.47208555
0.12593691
11.32161126
8.75456061
3.09375000
12.08593750
10.87500000
9.42968750
4.07031250
17.28971188
15.69303468
3.73405031
8.26562500
2.83789062
17.58544922
20.55663564
4.30664561
13.59146969
2.74544437
15.04158446
2.46451906
4.08203125
12.80468750
21.97166224
4.78647495
6.32812500
7.23795656
6.46816679
8.65983156
8.92968750
1.15039062
0.48652825
8.82324468
18.79264406
8.78125000
10.09375000
2.77180907
1.87662843
20.48632812
8.20735594
5.09342531
1.34863281
7.88476064
9.45540780
4.92155031
0.99560547
5.82031250
7.26952128
3.05860372
9.98907802
13.17498448
3.08007812
6.41829344
9.26139406
0.27929688
1.38867188
1.68261719
5.55517578
0.39249508
9.31185062
3.75976562
8.26562500
9.35579344
1.98600343
9.25000000
8.57031250
13.05565160
3.53028590
12.97656250
2.39453125
9.03125000
0.61946282
19.72233156
13.30045656
7.01106937
14.39158910
14.82422872
17.40136968
4.73828125
4.87564938
8.00358156
5.11295656
7.82031250
1.80256331
2.95020279
5.87076906
1.64257812
4.47265625
5.99152815
4.57487810
1.06445312
6.95377438
0.18709476
8.01757812
2.71679688
6.15917969
10.44628906
5.85546875
12.90625000
5.60546875
0.75000000
12.01757314
1.54655280
12.39388187
10.16048094
11.02766844
2.74576906
8.33593750
1.78776125
4.10156250
13.32031250
4.10546875
6.18750000
13.21939938
11.33528812
1.62207031
10.26562500
6.41406250
3.69529505
11.33831331
19.24772218
3.15787843
14.61360594
11.94611696
14.43033688
4.83349734
0.45198609
3.56445312
11.57226064
16.08040780
8.63281250
5.62858156
7.92187500
2.48469969
13.86067376
3.52018561
1.62858156
13.59375000
2.73632812
5.68750000
6.34407469
4.04264406
13.11002438
2.88020999
15.15625000
6.48469969
5.82812500
14.37141844
10.27896720
2.78678967
6.92219969
7.49446033
1.29037123
10.44531250
36.68091246
4.80826906
5.21875000
13.67187500
9.25423094
7.58984375
1.30631593
9.11067376
1.58756843
6.19107907
4.60091312
7.24251219
22.90201906
17.68652344
6.71139240
0.18997478
4.80566157
3.28808843
0.33715820
7.36717753
3.06641123
2.66211436
15.43001219
6.10465578
15.27343750
4.10188719
6.05436281
8.63834220
3.74088874
6.46842531
8.82812500
10.65625000
19.81640625
8.25000000
18.26562500
17.62500000
5.89518063
5.48763187
1.72167969
9.09015553
4.43326906
9.73795656
6.31530641
2.32194592
2.29882812
6.16503657
8.18261968
7.07096188
13.23470218
10.57532942
2.66374529
5.16015625
7.01562500
7.48437500
5.42187500
3.83007812
13.42675532
5.26660405
2.92968750
10.22656250
25.44531250
10.87988032
1.34375249
8.84798094
7.38639406
9.15689938
1.52181156
5.13671875
13.00097656
1.45209591
4.78060062
7.00032469
12.07389406
10.52375222
5.00814716
9.54622562
9.99039672
1.32763547
9.92903812
5.30078125
11.51204344
1.22037843
6.51562500
2.87304688
6.91503657
5.36360594
2.59831061
1.25683345
0.37256109
1.46484375
7.13671875
8.60644282
6.57253104
5.61790114
10.52343750
13.59375000
4.04101562
21.05891844
19.05826906
11.04947252
3.31022717
9.58772828
8.06070922
12.00104112
10.54460217
2.80403812
10.40266844
2.16698720
11.31901374
4.55045656
13.70442874
6.24609375
1.24055907
1.32584718
6.48828125
2.33251829
0.08667117
4.10937500
9.19920878
3.30079122
7.67301266
14.74641844
36.22721188
7.36165780
8.20166016
10.13411126
9.57324468
3.68912843
17.19596188
7.51692376
10.60384530
0.30582765
5.37890625
21.21776596
13.76074966
2.77343750
7.94173094
4.66796875
7.07780031
32.54163361
11.19531250
1.30566406
9.88346188
2.35872562
10.00781250
4.75781250
24.07812500
27.54101562
4.91015625
35.15396720
19.24609126
2.55599623
10.39973626
2.53792110
1.55257701
9.84375000
13.39745346
3.04590591
1.17675781
14.31673094
4.98600343
2.75000000
7.37500000
8.82812500
7.96907469
7.81217531
3.25423094
1.02311281
3.35579344
10.68326906
26.32412720
13.96727841
0.16731937
5.91015625
0.99609375
20.82909907
10.93098626
9.14828014
16.43929078
8.66601064
2.15332530
4.86328125
6.50455563
12.32031250
5.76530031
18.90657469
1.12239749
0.11744118
2.92578125
0.53125000
9.53906250
4.60057348
6.09311059
6.70670656
8.86360594
8.70832004
4.32382597
9.31738032
7.16699468
18.97085550
2.25180075
11.60937500
5.09765625
1.54589844
15.14517066
4.94076684
14.89843750
7.73632812
1.47265625
13.52766844
2.16178468
12.20114987
2.77864749
11.09960938
15.61165282
13.25667110
0.81819952
12.89192376
5.95573249
20.52896720
8.24447030
11.73339844
21.83072751
3.49023438
11.26497562
8.70312500
3.91992188
13.28580563
14.95442376
2.02930186
8.82812500
2.85742188
3.93164062
0.01207733
19.16471188
2.72786624
5.98437500
23.84016844
7.26530031
16.75846188
6.00716312
2.25830078
11.85937500
2.89680907
15.46117915
4.29166999
16.40819814
18.69141123
10.90266844
3.27913453
18.03466423
6.90560311
2.72851562
28.81736038
14.50425088
7.09342780
3.46289062
7.46093750
3.47070312
5.75390625
5.46484375
1.71289062
8.64973626
6.65495124
8.94173094
4.36393063
1.66797124
10.34179688
9.42610594
2.64225343
13.00781250
9.34016844
1.51041750
10.97460938
2.36328125
17.08560284
7.98470966
8.28971188
17.86295656
8.15983156
7.01472961
0.06492127
4.26953125
8.43750000
6.86328125
0.00609207
7.42643063
9.52376468
5.08984375
2.67578125
19.09406472
6.48015403
4.78125000
11.58593750
9.33658688
7.92122562
1.28320312
14.79687500
13.05240470
4.15462655
10.64843750
2.59863281
7.00390625
8.10156250
0.48532081
0.10562157
15.55468750
7.39257812
2.42968750
4.60546875
13.67968750
8.20377438
1.99902344
7.78841312
10.23437500
25.35508424
6.68397826
2.61132812
10.66014628
13.60547872
9.93293440
1.82097185
4.28906250
12.46875000
0.07684326
2.24283688
3.83943851
4.60579344
6.47623781
4.88281250
1.70605469
4.33593750
2.28173704
2.17920046
12.42252438
0.75716312
8.03157469
4.11295656
26.09661865
7.84049313
14.10872562
1.58105469
11.13849956
1.31169326
7.16194703
0.37467656
10.37923094
4.31217531
2.84179688
7.64798981
0.09071869
10.51269282
0.58203374
0.88362049
5.74382092
4.77343750
4.78906250
2.93001219
4.01920656
10.18098626
5.00846686
5.57812500
13.07454344
2.70280031
12.16145750
1.52115968
12.61132812
12.76204344
2.62662843
12.24023438
6.28470856
1.29097504
10.07031250
2.83593750
17.18879876
5.95215093
2.03678468
8.87923094
4.24836160
1.97787621
0.59960938
0.29882812
5.31933594
11.46875000
6.09252930
16.20605469
3.39843750
7.64274047
6.30468750
4.98323609
8.98860594
3.06803468
4.62500000
12.35156250
0.05409453
0.60514281
9.71875000
5.53873781
21.22753906
2.59016844
7.53470856
0.34875582
0.48291016
7.54687500
9.81738032
0.61230718
0.86376953
14.47557846
17.58301529
0.58609486
7.95532512
5.54687500
5.72656250
1.88769531
15.16080563
4.30078125
1.53613281
13.53548094
1.55566655
5.76691379
6.62761746
2.03515625
4.16015625
0.48217773
6.18359375
0.59960938
2.95507812
0.98974609
4.04134032
3.33040282
0.60042484
3.94140625
0.04702759
0.52880859
2.52929688
6.05859375
2.57405267
12.02931904
0.13417712
3.36751219
0.85009766
3.77311281
13.66015625
6.74609375
15.54263658
3.66146498
4.29719969
5.03092531
1.59863281
10.17968750
0.66503906
0.16768309
0.27091554
1.58398438
2.04687500
1.52343750
5.69661375
3.42545656
0.04074097
0.03329468
0.09625244
5.87890625
5.49218750
5.98599845
10.56478280
6.64062500
9.25000000
10.83593750
5.31640625
4.61718750
8.37141844
9.29036126
2.40201906
11.39274421
0.53222656
5.07812500
11.87923094
8.90689938
8.46386968
2.51904297
8.00423094
9.09733156
0.55957031
3.69173094
6.42219969
3.88606937
3.41015625
3.47743573
0.93662677
4.56860352
3.91015625
10.58593750
4.02050781
11.89972441
11.67903812
0.43994141
8.81003990
3.25636635
0.81810849
1.51009281
0.39916992
4.05501219
7.08951906
0.73046875
1.34472656
5.24218750
1.68750000
0.11041260
6.68684564
7.65495124
2.50000000
13.17822266
1.56008911
1.42968750
11.41829344
3.97233156
9.65625000
6.04296875
12.69531250
24.23193359
19.02871557
15.32552000
3.83138187
5.05078125
3.64062500
15.27148438
0.76031494
0.51187985
13.15625000
7.82584469
2.17057624
7.63020413
6.01888187
14.73045878
5.41407247
3.12727782
4.26139406
7.71907469
1.95409907
11.62541022
1.18521969
8.01552923
12.79296875
3.49869626
6.21419437
1.74881437
5.01726839
2.40625000
20.95312500
7.97135251
2.03320312
3.88997562
4.65234375
4.41015625
2.18164062
4.35937500
1.12662594
1.47314453
6.58951906
15.12923094
1.73990968
8.07389406
1.94726562
9.09375000
7.04553192
3.45642121
4.82633422
0.15511109
9.25389628
2.71931119
7.02343750
2.55338376
15.86596680
4.07649906
7.49641844
2.28808345
4.85084643
7.10579344
8.02701906
0.55330321
1.14843750
30.89257314
1.19206311
4.58911133
5.32226562
1.04703610
9.51497562
3.40657469
7.02311281
3.86360594
1.18912843
2.21289062
0.45540282
0.62890625
2.03092531
3.51562500
2.45963376
15.96028812
4.28059564
4.80045656
10.12988032
6.97493905
15.08235594
6.09765625
9.07031250
16.83170656
5.83170656
6.49609375
2.80273438
6.15234375
7.59457075
2.30144060
5.28515625
26.87109375
7.82031250
2.24560547
8.90038564
3.25195811
8.77635971
4.70801529
3.95833001
3.56706061
17.17700195
18.07885742
14.21093750
2.47143555
5.15625000
3.33593750
0.56625968
2.92999973
3.63771276
7.46288564
9.89485594
5.17025155
4.24935062
20.02408688
0.93978031
34.69791002
1.80404310
4.02991104
2.22755169
1.96290558
2.81250000
3.42122562
7.04459220
4.19368905
13.14062500
0.04388428
2.18164062
8.90510860
4.38897164
4.48716976
4.03250973
10.28841312
5.19140625
1.74121094
5.85937500
32.91048094
4.60514406
7.14062500
3.82486813
12.68326906
1.49282940
5.87891622
2.42187500
3.87661847
8.64877216
2.06445312
4.42578125
1.73828125
0.75878906
5.26105940
12.63737810
1.81770750
4.50455240
3.81054688
4.32421875
3.81770003
6.11394060
5.49218750
12.54687500
8.07096188
10.10872562
4.33593750
7.67675532
0.49023687
6.07421875
15.26985594
4.01887689
2.73616952
3.60937500
2.82291501
15.35585983
11.12923094
7.39811281
19.03027344
3.93424313
7.62044437
2.92968750
16.70930408
4.86100842
7.12890625
10.73632314
3.94856937
7.85091312
3.94466312
0.41748047
21.20507812
5.15234375
5.30078125
7.91829344
1.89925047
6.57747562
7.99414062
7.19140625
5.87923094
6.71842531
9.97298094
2.75161847
7.47461934
5.61328125
7.80501219
7.30729250
2.24218750
34.14485594
1.11914062
5.81217531
0.75878906
1.38183594
8.58151929
5.78957446
2.92767334
23.68879876
7.81901374
8.04760742
34.83984375
11.14127438
3.01725343
10.19108156
1.93358627
5.32129654
2.36914062
11.61783688
1.41487796
5.75781250
8.19173094
9.92610594
8.30562019
6.10481937
9.29882812
2.87500000
1.96939938
6.18294437
5.38281250
3.77376219
4.64030031
8.38281250
3.68521720
2.31673592
2.35791016
3.78157469
6.23405031
0.99023438
1.76269531
3.55891346
5.23991467
11.57454344
1.88932375
5.30273438
14.33984375
7.92187500
5.98079344
0.32462648
0.45532227
0.81103516
3.59049313
2.34700687
6.13280253
7.12533466
7.51822252
0.81739029
8.12465537
11.39487588
0.65673828
0.93847656
6.06445312
1.54321289
7.86303711
3.78645501
4.01432624
3.28319814
3.53971686
5.39484811
6.56966312
6.17187500
6.81250000
1.99804688
3.25943595
1.41829842
3.55858877
5.25098155
2.38932126
3.54427249
4.72265625
3.90266844
1.50748781
13.07096188
14.17968750
22.09114749
4.39843750
7.58984375
9.08235594
13.99706782
2.91276374
17.80566406
2.46484375
7.57031250
1.28515625
0.89941406
0.01003265
2.87719727
2.16406250
7.45312500
3.03385251
7.03450687
4.61718750
14.87694814
4.38867686
4.15234375
1.53262183
2.08139184
8.14062500
15.73144282
15.72168218
4.42578125
7.54687500
6.38346188
16.40055422
3.53873781
2.62010971
1.64356216
2.20751953
4.29752438
8.44466312
2.66405752
4.07617686
7.87759752
5.64852553
15.32877438
3.45247562
2.00390625
8.27246094
5.23828125
13.36807251
7.95898438
8.25781250
4.07355940
8.78581560
13.75423094
1.71158937
5.90234375
6.54296875
9.72753906
4.68164062
2.66992188
0.87353516
5.85937500
4.33593750
7.87174313
6.79231937
9.98144282
0.35840093
5.80859375
2.79752438
5.20247562
2.63377411
1.73634308
15.79492188
6.36718750
1.73339844
3.59570312
2.34375000
5.79296875
0.04244995
2.47395252
4.10710217
6.62239251
7.12272468
4.73111813
1.67610843
32.67577128
5.78125997
2.80859375
0.45336914
18.08538818
20.44531250
2.31250000
22.46369238
11.75505762
4.64843750
11.12064606
0.01707978
17.26041002
9.03646498
20.05468750
11.80891844
1.37800774
5.81608156
7.61230718
5.69889406
24.52896720
14.51432624
6.90983156
15.34375000
3.93945312
7.42578125
3.27376219
3.06803468
12.77896720
3.32129155
10.60872562
8.32031250
1.99121094
5.44628408
9.04883311
16.74283688
5.25358156
5.44498781
9.42610594
17.29687500
6.02017066
2.64356715
3.58282802
1.25701573
4.35595703
2.97265625
12.20735594
6.62858156
9.59375000
8.07812500
5.83984375
2.84375000
1.80761719
11.51529034
4.27409685
2.00585938
9.67105954
6.78027593
12.87011719
12.17968750
8.24218750
2.63281250
1.88476562
0.86914062
10.85033432
4.72364029
14.06477782
2.91569093
9.72721188
14.47591312
3.51367188
6.09470224
11.84902284
9.08920434
4.03125000
6.24609375
2.45507812
6.83691157
2.56933843
4.44531250
18.19432846
4.90723404
5.80078125
11.58235594
0.80094484
3.71875000
9.95129395
1.96972656
3.46679688
10.87466534
2.86752216
17.49422117
2.60123781
8.83203125
9.23079344
5.61751219
3.10514406
12.11973909
3.00976562
1.19238281
10.88541002
1.50912123
8.70957272
10.02733378
4.64779809
0.34667969
18.89310837
4.83789062
6.73437500
14.30468750
7.05143063
15.45003421
6.51953125
24.05956782
7.10160402
4.81802970
8.54850842
11.47243206
7.11067376
3.52930186
0.88916016
27.85546875
32.56803219
13.75146609
8.09163204
2.30566655
21.89208984
23.34863032
12.78483156
1.81347656
5.78841312
6.87987035
4.53028590
3.96484375
7.95327239
8.67758698
17.66536126
3.74218750
6.97168218
16.06998781
5.59765625
10.74316406
14.01204344
15.71028563
3.92513187
6.75000000
6.62109375
12.95084220
3.72884530
9.27595696
2.52213874
17.61328125
11.89843750
2.10156250
4.06868407
8.10514406
2.52766844
8.86055169
9.22155629
2.93685062
25.92960446
0.60237796
14.94531001
2.50879155
15.70570550
2.99870124
4.15234375
4.43391844
33.95280031
11.69726562
9.46516844
11.23925532
1.33463874
9.63899158
1.88444592
6.17578125
7.88313719
14.84350399
15.42993351
1.75781250
1.85709718
9.82454344
7.16307846
2.85808122
17.72232159
5.71940935
10.23014406
12.48079344
3.41569093
0.45483398
3.86246579
37.12825687
16.54864584
1.22869791
2.02441157
10.29529058
3.60937500
0.57177734
6.98306627
1.07748060
8.96809813
3.18912843
0.94482422
10.26562500
13.35644531
2.73242188
7.49966534
10.10189716
2.94726562
34.42382812
8.29329344
13.33658688
2.13965093
0.99951172
13.13019504
2.85417996
13.66780516
5.16569093
9.71645972
14.53646498
2.28906748
4.93032829
0.28451546
6.29360816
6.40951684
5.16406250
2.21483275
5.58984375
3.56217531
25.69270750
6.97233156
2.12500000
12.60162376
6.00163342
1.51855469
5.83756095
1.29036874
14.84439938
12.27083499
16.18505361
3.35547373
7.42056627
1.48958998
8.60546875
2.23242188
3.83007812
10.93391844
3.59554078
0.28279664
23.16861725
2.97070312
20.23339844
2.97460938
6.36718750
1.81933594
8.36962766
0.37500125
5.66503657
3.59277593
13.10937500
6.63345191
8.15951684
3.87109375
3.69800806
8.80533688
4.77896222
4.44890403
5.44563719
12.53092531
11.68456782
4.99511968
15.74951172
12.38118407
0.61490968
9.49218750
0.10327148
11.52766844
8.25268617
0.08133973
7.81054688
28.33984375
2.13475566
19.03060062
11.52019060
2.14192376
16.41666999
37.79329344
8.54362062
7.94140625
11.78816711
2.99308289
2.98632812
0.45719235
11.00911624
2.87890625
2.32259032
10.88639406
10.62500000
3.09960938
6.70165891
0.10693484
6.32332336
8.44816101
4.58984375
1.16894531
22.85221188
9.35456379
8.48437500
3.54524657
11.60807375
2.63671875
0.30908203
11.47314453
6.00032469
14.76562500
28.67317376
3.01659907
2.22982435
1.55957031
10.78189938
5.56738032
1.68782967
12.53295898
11.40290114
6.82389406
5.42578125
13.14711362
0.18449039
5.81738032
4.36230718
0.86230469
10.69335938
4.41015625
8.64843750
16.80713316
24.50064938
7.24153812
5.18717531
2.75195312
7.02310284
5.25961200
6.13313719
2.31217531
12.73860594
12.02343750
3.85156250
14.72851064
6.22135749
2.82715093
3.15625000
11.28906250
4.62109375
9.82031250
2.36328125
7.48567376
13.13281250
4.44791999
10.87109375
35.50455563
3.70247562
13.92968750
5.97460938
4.05859375
9.35579344
4.96907469
5.22200687
1.06738281
15.92382812
4.48893063
10.67115197
10.14604166
11.10591644
7.19628657
10.26497562
5.73014406
0.61328125
1.65266844
1.06412843
5.51953125
2.35351562
21.47851064
18.30273936
5.37500000
5.07031250
11.01367188
8.82812500
7.35546875
1.96582031
8.13899158
4.59147717
4.58984375
15.71939938
24.00911126
10.90526596
5.26466090
1.98046875
1.72851562
0.06457520
5.93652344
2.74088376
6.69075687
4.46288066
2.36133809
5.06250000
6.30468750
4.15625000
2.53206173
2.88786015
1.40722656
6.77636719
12.74087877
3.24935560
2.47622036
1.73764682
5.96875000
8.63346188
2.80403812
7.40883755
1.91538120
37.09375000
8.35937500
3.79882812
4.63671875
8.48437500
0.81550774
12.63932624
8.44335938
3.85937500
7.54687500
12.91487298
10.38151374
5.97330563
15.08919437
3.22656250
3.83789062
8.75877660
2.70216090
2.51367188
8.37597656
7.11913564
4.04492686
8.38704344
1.94694093
9.02668440
1.56120622
18.66014628
10.90235372
9.52050532
13.87042942
8.95086214
3.66406250
3.34243629
2.91342309
2.93554688
9.53125000
2.92511941
2.60710715
9.18750000
8.99316406
2.45117188
3.78710938
2.97265625
4.51953125
3.33984375
7.94173094
19.90565065
10.58203125
5.04296875
3.00000000
9.19531250
3.85156250
7.38671875
12.00423094
18.36945036
7.91667996
4.36588874
0.00203133
1.37768555
8.46875000
7.08203125
50.64550532
2.70996343
8.64062500
1.71289062
3.70898438
10.15625000
5.50390625
12.32877438
0.80892093
7.29296875
3.05501219
14.78385500
11.97687722
3.18718528
2.95117188
21.04323608
1.39876717
2.05078125
13.07599853
2.39577229
3.61297650
14.42870346
8.23242686
19.63589830
4.26986591
4.66796875
1.78613281
7.17578125
21.08886719
11.47438475
3.02179910
5.43327903
2.76920656
16.40824215
3.11653812
11.77343750
2.71530151
1.70800781
17.68391844
5.73469969
0.62288578
2.71875000
15.32226562
17.49852394
32.44678856
5.71842282
5.28450687
3.27734375
2.30078125
16.04296875
10.98779297
17.64257812
8.88085938
2.82454344
4.80110594
16.17903812
3.98632812
5.92187500
1.27832031
1.43774352
0.08020082
6.33202128
17.07813497
6.37923094
5.49576906
0.40893555
19.31250000
14.76667962
9.45182624
12.10156250
8.35181193
3.36329122
10.06250000
13.38509032
4.55468750
17.58951906
5.37239251
5.90625000
7.55338874
6.52734375
34.50488281
8.75000000
2.99609375
16.17252438
9.33170656
2.61100343
5.28807846
8.07715591
2.27343750
13.46093750
2.47898397
2.61720744
0.05377197
0.61954586
6.98111813
7.50778117
11.07031250
7.03125000
10.21093750
1.23600094
5.49935062
42.51757812
10.96020508
3.34830065
3.61238685
7.89778812
7.38802249
5.52734375
4.35156250
13.32096188
11.47591312
9.83593750
4.47656250
8.47656250
13.19140625
10.12500000
2.87304688
13.53906250
2.86620845
6.04264406
1.87435062
1.97265625
10.74055408
7.40007092
16.07812500
2.29751940
2.44857435
27.15266844
2.13053468
0.09985352
2.70768063
6.15560062
1.44921377
3.78711436
14.11709947
11.83235594
11.77442154
4.16406250
5.63671875
2.84851074
6.41796875
10.46875000
4.88972961
0.23112000
2.34960938
10.29687500
12.27408688
0.72086672
3.25748781
8.65625000
0.13757324
9.66406250
6.97916501
4.60872562
4.44270501
2.98763187
2.81998781
1.65396969
3.46338140
35.38378906
2.03710938
2.17773438
3.92170892
3.11458499
7.00000000
1.64388187
48.17578125
9.33300781
7.99251219
4.42219969
6.88216312
1.59179688
2.29492188
11.94531250
4.69173094
6.27766844
5.23828125
6.00768764
9.17187500
4.36718750
1.87792969
6.63671875
2.68750000
0.32397461
8.87051744
11.15902357
3.41601562
17.30891844
1.04264406
9.23437500
4.66796875
4.02734375
2.71777344
0.11271055
7.56307070
20.56673094
1.68229250
0.69775391
9.75911126
13.07291999
8.51562500
11.72802485
5.04590093
0.02803040
3.70581055
12.87141844
11.48795656
11.11262190
2.59831560
16.32454344
5.53125000
4.27311281
8.98079344
0.26017336
18.00650876
17.34733156
12.38639406
0.14660645
10.36718750
6.54882314
3.55273936
8.11718750
1.32552000
7.21516844
10.13670878
13.86068871
3.89062500
7.90234375
5.54296875
0.51948724
2.43847905
7.11295656
15.39973875
12.85042235
3.67513187
12.31483885
0.99544188
7.27018063
9.58284796
0.79671265
1.97248745
7.93863766
3.30013187
3.78125000
3.54557126
5.03353031
7.53515625
0.81347656
0.70996094
1.72753906
7.77074946
4.45670656
0.53841312
6.49218750
13.80468750
15.88914894
0.99756981
12.30222518
0.24611467
11.25064938
3.58170158
1.09928967
7.19140625
4.28613281
3.21289062
2.41406250
2.23046875
10.88085938
0.25048828
12.88410752
4.57421875
2.13606937
10.95735594
2.68326906
2.02555172
7.49935062
1.77636719
5.02734375
5.68750000
4.99641844
1.96468140
17.75461747
4.49218750
13.36718750
3.50585439
0.21631358
8.96582031
5.43359375
5.93359375
7.94173094
1.46940187
12.80468750
4.61718750
13.35530267
9.53060062
2.16927249
2.82617188
12.87207031
2.32259032
7.81749044
0.11571758
2.58902829
7.85872562
3.62695312
5.84960938
12.09016844
6.35546875
3.02115968
1.80371094
7.85122784
8.38217060
2.97265625
2.55273438
7.89453125
7.32812500
10.54295878
1.48438497
12.81900876
18.87500000
6.60872562
5.24251219
11.82031250
10.28829011
0.20979828
3.02245845
2.71582280
12.37500000
5.44531250
8.57454344
11.47249266
16.34733156
16.31250000
8.52343750
17.36295656
7.91796875
4.99218750
1.87109375
12.35904782
5.27669437
6.79752438
4.61653812
1.43847656
6.31673094
6.63704344
8.32389406
4.85644282
6.92480718
3.22623781
12.80664062
0.81933594
2.16992188
8.40625000
3.57486813
6.04231937
2.51367188
0.66552734
2.09910863
1.55177027
7.17578125
5.57031250
1.52832031
2.38867188
11.50846188
3.79036624
11.45735594
18.91829344
14.30110594
3.10449468
6.33984375
6.42578125
1.52343750
15.05956782
5.12109624
5.21875000
6.90234375
3.17187500
2.38281250
9.41308594
7.61328125
3.25976562
24.87141844
21.52847518
4.49528701
10.10091312
2.98632812
11.63281250
3.72753906
5.55468750
1.87207031
1.09863281
7.16406250
16.10351064
7.79915780
19.42849687
11.58398438
9.36360594
14.58658937
3.39257812
2.47460938
4.33654785
3.73632314
2.27734873
1.09375000
10.54913786
1.49383089
9.03125000
8.90625000
10.98632563
2.12597905
13.69531250
0.90803953
10.92643312
4.92187500
3.53320312
0.26977539
3.02343750
12.70767066
2.73764184
1.36914062
4.03515625
5.11328125
14.61718750
17.52929189
17.41829344
6.74447030
0.61360843
1.88378906
4.09407469
1.18033937
10.56250000
10.60758422
1.54671265
1.90917969
18.09082031
2.02929688
3.16796875
14.84016844
0.77750734
1.51562500
5.26953125
7.03125000
9.00000000
9.57226562
14.39190382
4.61590868
16.21386719
3.09375000
14.30289672
1.49886109
14.65039062
9.38867188
5.39843750
9.19531250
5.56640625
2.63085938
5.96907469
8.32194093
2.22265625
11.85579344
20.81673094
2.10677249
7.26562500
0.81640625
11.48860594
9.13281250
1.28026596
5.03190935
6.23860594
4.99186281
11.65689938
2.41015127
9.38021498
2.87223141
8.36295656
13.03026596
2.62956560
6.97298094
2.71060284
8.83204122
1.49804688
2.09765625
5.18359375
13.42252438
13.68685062
1.88671875
9.78613032
2.80957280
5.80240470
18.74511968
12.79622562
10.05468750
3.95703125
7.37109375
5.14843750
4.71256095
3.30306405
11.25097656
5.50064938
9.23437500
8.19466312
2.96093750
3.27343750
13.91829344
8.15852283
10.54654034
2.94695589
6.93814938
4.33203125
1.57015140
5.71158688
5.96061281
10.91373781
3.94140625
25.17739868
2.14648438
8.57454344
13.43750000
2.31803468
20.81127930
3.85937500
5.19140625
2.55664062
13.14013298
0.90088264
19.13019504
17.05502465
3.68750000
5.96061281
13.70670656
0.39086914
14.65103502
5.93880873
2.98437500
5.51919161
1.34799589
3.44335938
7.69238032
2.73340093
2.25195312
4.92057126
12.38818484
1.06917359
8.44954344
7.21136265
14.20052748
1.98828125
8.40266844
3.82584718
9.24218750
0.47558594
19.96586990
4.74609375
11.27343750
0.07104492
2.38671875
8.71288564
8.26269282
3.80388076
0.87337281
6.78971188
8.65396720
7.90788342
0.06204224
11.97851562
13.50040524
3.11067874
10.46875000
2.23632812
15.43033688
5.97916002
2.07324966
7.74186281
2.84570312
0.02423096
1.50878906
8.60937500
4.98973239
11.02068262
2.22737796
8.49218750
2.62890625
3.20898438
1.98046875
15.92578125
14.54295878
2.06055684
1.13183594
13.53254876
9.18521720
3.91537123
8.70280031
5.43164062
7.83235594
13.43750000
1.60026125
1.91503906
1.39518063
3.09895999
2.51953125
12.43033688
1.71321781
14.35810852
11.87923094
11.99576906
0.88330078
3.86328125
2.08235594
3.67153037
4.69923869
8.50000000
11.91406250
6.34407469
0.82633547
8.21516844
12.19562722
3.47592309
8.51204344
6.48744460
16.01613696
12.33203125
9.36425781
4.73046875
6.22851562
3.62695312
10.37207031
7.51171875
18.07454344
13.05045656
2.35351562
10.16483489
0.12068758
6.90039062
2.67187500
21.99055408
1.99263925
10.38281250
7.38216312
6.45735594
12.90201906
4.52896720
3.67057624
16.22233156
9.43750000
3.66601562
11.09699690
3.10612810
7.47753657
7.72558843
11.54329344
0.70573000
9.05598626
8.32682624
18.99044228
11.90266844
10.03906250
6.55566157
4.37370124
14.11327128
0.99056903
7.29069093
0.42830009
10.65763741
5.22070312
18.59741211
2.40234375
16.55891844
9.81608156
22.53601074
19.90234375
23.25195312
19.07812500
14.84146720
3.90853280
9.01367188
11.58251704
12.72949468
8.60058594
4.04687500
12.30468750
5.25064938
2.17903812
4.16730940
7.59831560
1.22656250
4.66113032
8.22591312
13.40592531
10.91894282
2.56575687
9.34375000
2.07389406
8.64485594
0.19034914
12.22948970
5.40527593
14.73339096
2.31153091
3.97851562
6.24316157
1.74902593
11.78091534
3.96517841
1.07128906
10.80858378
7.23209220
2.57651152
3.62890625
1.72889886
15.04362311
4.78548094
17.11686281
4.03906250
6.26171875
4.76812744
3.73156738
11.37141844
7.04394282
9.35091312
2.02278563
12.45744617
2.22233156
12.99413564
17.52645272
9.88972400
13.07373670
12.60681484
5.71583776
5.97298094
2.99772218
4.45312500
11.49267578
1.70312500
3.16796875
4.72688719
2.66569093
1.58398438
9.58235594
1.76660156
6.50358156
6.42968750
4.18554688
6.81282469
12.93750000
13.17415282
2.57356937
5.97786126
3.21549811
9.75878906
1.33398438
2.83007812
12.62206782
1.61718999
7.50911126
2.84831061
7.58691157
2.20801030
9.53125000
6.71093750
3.34114251
2.74674811
11.39127438
4.67122562
5.27864251
6.25651374
4.42187500
8.90625000
13.12080560
8.41341312
12.95377438
7.42903812
3.46614749
14.19302970
8.69759530
5.91796875
9.73437500
6.74283688
4.78841312
6.23111813
0.50520999
2.33398438
13.11783688
11.54264406
5.40852782
7.71061281
3.00585938
6.42578125
7.70344969
8.41943484
0.39241578
0.80566406
4.07031250
9.81379876
7.41113032
1.05241467
5.76806516
1.98665157
7.40495124
8.63012633
0.13879457
1.70324707
3.24804688
11.97298094
10.20312500
13.96272828
0.39803101
17.00607300
3.09375000
12.67187500
16.77343750
10.74707031
1.85346222
2.77539062
12.18391844
12.30322266
3.38476562
5.69889406
4.82812500
1.31835938
1.41308594
9.71386719
1.89893150
1.81054688
8.32454344
8.05468750
1.21940187
2.12500000
8.71875000
2.14050293
10.58983378
4.62500997
8.37109375
1.78238891
0.13090493
6.83593750
15.41427612
8.21744626
5.63997562
8.34381104
3.33593750
11.78906250
4.12500000
10.63281250
10.42610594
11.86360594
5.19075687
8.42187500
14.43212891
11.32454344
14.05826906
3.03710938
10.03125000
13.23502438
1.04589844
2.78060062
9.75781250
8.01985594
0.67008547
2.95312500
1.84179688
0.02131653
3.29492188
14.86718750
5.96728391
0.17529421
4.35221188
8.24218750
9.94596188
1.96549811
7.56673094
5.23405031
0.01774597
4.57421875
10.35937500
1.11914062
5.82454344
0.40446047
4.81673094
2.81998781
8.78125000
2.71875000
0.76932333
0.16182901
1.66406250
4.10286126
2.29166999
2.45507812
9.06510251
10.18579102
2.11523438
8.33951906
7.31608156
9.55956782
0.73340093
13.41279778
6.14746343
2.03863981
1.49350620
2.34179688
7.84277344
1.78845215
2.20898438
6.35719803
0.49973557
10.38704344
5.45670656
19.15759277
10.69238032
15.28754762
2.47139652
0.80322266
5.79899047
3.22444703
7.74975399
0.51001163
8.75423094
2.44108156
5.50781250
0.06719971
1.29003906
11.24006206
14.99431294
3.69335938
9.59504876
5.08073249
2.67805907
3.92936281
12.62500000
8.25423094
0.56412843
8.48437500
11.22102782
7.14030031
8.93391844
11.64174646
0.57667885
7.92626953
1.28808594
6.21093750
6.56673094
7.05436281
6.68750000
2.36914062
1.97851562
11.58672706
0.61346825
1.91015625
7.41015625
0.24189084
0.38606937
11.93750000
7.34146969
3.46224124
19.63102172
13.52164672
11.83821532
5.60123781
2.65787843
2.21679688
3.70572751
0.55110843
4.48437500
8.13281250
11.78906250
6.61328125
7.24609375
10.84375000
1.85253906
2.89062500
7.55110594
2.10184785
7.59509308
6.66048094
15.92219969
9.19270999
1.54980469
0.93094225
1.92293772
2.81469913
0.72574704
14.44075687
4.90625000
14.41406250
7.19531250
2.62890625
8.17252438
0.38216312
2.42423087
1.61588874
17.85839844
12.75781250
7.66438719
7.50064938
2.84733405
10.65625000
3.68033688
6.12044437
15.83235594
5.30826906
1.77213376
8.02278812
5.52212877
4.89193373
5.41796875
11.59798094
14.29947252
7.45182624
2.12337655
13.37500000
3.84863032
0.48730718
2.37890625
6.53548094
2.09659914
5.43750000
14.72890404
3.76328346
3.24926758
2.90234375
5.64485594
24.69042969
6.68424313
2.33691655
11.57812500
4.41048094
14.50943595
2.32031748
8.04719969
0.21915773
3.00000000
9.18814938
8.40380984
1.17464234
5.68033688
9.63116911
5.85678745
6.93717531
0.73828125
12.97119016
0.07592898
8.90429688
10.44367908
1.96061779
1.81640625
8.74609375
1.78222656
3.76171875
19.07820555
10.09439938
11.22949468
4.54784907
3.95247562
3.34798094
10.29687500
4.28971188
6.94816413
3.59570312
5.37500000
3.81054688
10.29752438
9.33951906
0.38737062
0.30767573
8.20605718
17.21875000
8.30468750
0.14843750
7.51204344
16.42187500
11.25162843
13.28906250
0.46785399
6.61181516
1.14306765
1.20084718
8.09438941
7.18205895
1.07120789
13.25454566
5.57553246
0.86914062
9.09375000
0.44169098
0.10622162
14.55891844
12.66569093
5.53157469
6.01529034
9.50521498
6.74511968
11.44059328
4.68359375
2.16796875
9.84195922
10.74429300
6.53010860
0.73910793
4.06852172
1.63411500
7.30501219
9.00358156
7.17317376
2.07877936
11.41601064
6.14258311
5.69531250
11.18750000
6.03125000
23.11718750
1.70214844
13.05468750
5.55435284
6.14095966
7.42578125
2.02278563
12.69108156
2.49251219
19.70084220
7.33350108
6.43001219
2.98405031
19.00161348
4.20183621
10.34733156
4.73860594
7.87467531
14.29394531
8.76611328
3.12500000
4.52343750
4.39062500
0.01658630
3.10205078
13.27343750
3.36132812
14.04931641
8.51562500
9.03613032
4.44043218
1.29589844
9.35579344
9.97233156
1.37402344
2.52962157
9.88834718
3.53906250
9.32812500
10.43361282
14.31330674
0.39860732
3.99641346
0.96354748
12.33332004
6.64324246
1.83593750
6.24804688
2.31835938
18.32812500
3.88085938
1.63867188
5.04263409
2.41504654
7.29622562
1.99316406
2.21191157
11.65560062
1.64323000
7.13346188
4.21810062
13.41015625
7.25781250
15.53906250
1.48046875
1.82714844
14.41829344
0.66080812
2.50000000
7.69954344
6.09211658
10.01517325
8.73406028
1.66503906
5.50781250
0.01622009
13.16796875
12.89062500
7.14453125
3.45377438
2.79687500
3.43294437
8.40625000
7.10156250
16.49584961
2.30664062
16.92675532
5.89029034
5.30315270
0.65665711
10.90363254
3.51466090
4.62858156
12.33235594
2.19303468
4.79719969
0.41373781
13.37304688
5.48046875
7.84407469
8.53483156
0.48632812
0.47583008
8.08105469
3.71093750
11.29931516
0.91455203
2.33203125
13.00423094
1.94693844
0.50002216
9.25486314
6.41406250
9.30110594
4.57780031
5.86816157
1.31445562
8.31250000
5.96907469
4.72233156
5.32031250
7.86067376
7.28971686
8.26806516
3.68505984
1.33547952
3.43392966
9.59375000
5.23079344
6.28387467
0.01530015
1.27441406
13.33203125
7.04296875
7.29296875
1.02746582
2.61523438
17.21516844
3.52701906
0.68310547
8.17284907
8.86230718
12.80468750
3.77343750
5.62141844
3.44303468
5.74609375
0.83984375
9.91925754
1.63152371
13.62646484
4.46093750
6.77917480
15.96321532
20.96875000
5.39843750
2.80631593
7.28157469
7.28254876
7.54784907
12.42350842
15.55558289
0.37898742
7.50781250
1.99576906
0.99023438
6.98860594
12.82389406
5.35156250
5.37141844
6.55468750
4.16406250
14.66764406
8.37554682
12.10254155
6.93359375
5.23828125
0.10278320
4.70312500
11.47656250
11.04622313
0.47973633
6.37760500
8.71516844
5.53873781
10.95865470
0.49007577
15.40625000
5.73828125
1.64257812
7.12955563
8.36653812
1.84277344
8.79036126
2.06803718
8.38476562
5.27734375
5.45703125
9.91210938
5.42187500
9.40884752
15.72428967
4.81217531
9.82812500
6.64453125
2.22265625
7.49933068
4.16473182
14.69954344
0.66862062
13.01953125
2.80859375
9.27343750
4.72688719
12.34147218
11.67968750
13.62489744
0.83916113
0.12316067
9.52246094
2.91406250
22.63313719
23.81412843
18.22460938
4.63313719
1.00162843
9.13281250
0.71972656
2.91650266
10.86929300
9.11166528
4.05468750
10.17480469
10.65266844
27.10026125
4.02734375
3.48828125
4.85156250
9.66829344
15.83202128
5.23406028
13.70735594
8.61295656
9.15673828
3.36718750
6.32844969
12.00000000
0.75325438
4.64599734
0.98616578
12.90075185
8.24447030
4.67545656
16.60937500
7.11360594
7.41796875
3.86295656
2.34798094
3.24186281
15.18586658
6.59180186
10.08414672
1.41748171
5.18750000
7.54687500
0.56054688
0.23267453
6.07031250
5.95638187
11.75781250
1.52539062
9.49901596
7.11165780
3.89323249
2.63085938
16.83992430
13.98307375
9.25000000
18.38281250
14.24641844
1.81315187
11.85579344
8.48532913
1.77606493
11.43135528
7.20926972
1.75683594
2.92529297
12.01334220
2.79199468
4.25716312
14.09145913
6.01823249
4.17187500
14.13281250
3.63183345
1.47754155
10.59570312
15.39973626
6.47916999
19.66796875
16.98567625
5.89518312
5.74218750
13.46093750
1.91643906
5.14485594
0.31095461
1.87988281
6.82844969
16.03483156
5.85156250
10.41406250
8.56509752
3.61882092
1.15983156
0.64257812
8.39142177
6.82765292
3.41764406
10.08576020
2.17595855
6.55664062
