0.11271055
18.62557070
11.34720856
7.68121940
11.75435394
1.45996094
7.91406250
1.98636871
9.92700133
1.94649324
0.73242188
9.85400266
4.28662234
10.00935727
7.92814273
0.22399902
5.70703125
0.02996307
22.22993660
3.58939606
5.75781250
10.84057430
0.62907109
17.65506428
17.09871149
9.21204454
0.23828125
1.62207031
9.35412567
11.46785461
2.78348847
8.71004211
4.59464539
13.92866911
1.14721742
0.93070340
0.42846867
6.98392731
8.44006317
6.78890015
6.74519836
2.89933289
13.06595856
0.24483246
14.04931516
3.57373171
2.42382812
1.60058594
2.70796100
1.80571088
7.05078125
2.74275197
3.21724955
15.38858821
59.21712219
21.11780003
3.34554078
0.82617188
11.13309287
0.07686807
3.02103668
14.98002106
12.43451353
10.13000333
4.18202459
3.32466644
5.04207336
7.79341644
4.49995568
2.78760139
6.50345856
6.50641512
8.25965757
13.93314606
3.30252771
0.21891608
25.60697418
7.07163565
-0.16493795
9.98517799
12.67675532
15.34134046
10.67335106
11.78424591
1.97251129
16.47566711
7.70747894
2.90429688
9.25117576
3.01001413
3.44291168
9.17521055
5.71976839
8.06595856
0.20727539
15.92830009
4.64246010
8.91592947
30.63533686
1.55961464
3.85831726
12.99295989
3.89091035
0.15653504
1.00687652
12.54911285
7.83046478
3.48022122
3.63753795
11.77689606
9.57031250
13.30968584
12.59956007
5.70208222
9.59773493
5.97758089
7.03450687
5.69877106
5.06896942
8.81918891
7.25736481
4.51216644
1.60298676
5.71394836
14.70402039
23.76249114
1.04805574
0.58128377
4.81746897
1.75781250
8.79959553
1.68718029
13.90535461
14.28168773
0.62741079
13.71980524
5.35359929
8.45695283
5.51517731
2.26802582
0.03985596
6.46875000
9.03279477
2.78947085
0.94238281
14.54252106
21.07466644
5.32377106
4.69966644
2.09765625
17.10798261
6.92522052
8.61258755
2.83687223
8.84501440
4.28125000
0.29195160
9.69095856
0.32100434
7.26326352
1.91223238
2.39286347
4.71561614
0.82198152
0.76855469
13.98852477
12.16931183
10.13191711
7.79475953
2.28006926
5.77734375
8.02701906
12.27449025
0.65499307
0.02693758
12.41739805
1.55916445
16.72106716
6.41491855
12.78478724
21.47594748
1.32398271
31.20511871
3.17036957
13.37503436
9.91903147
3.48949635
0.65153701
1.44673676
11.00967199
14.72372645
0.24157715
14.86673981
17.27587766
5.16943484
4.33638519
7.47925568
0.01538849
2.38476562
13.81587489
15.18021637
4.05371343
10.86271055
1.93074648
5.74533081
0.33768707
6.80122894
16.66851951
11.45110815
4.86084109
10.55379211
4.46573914
1.36230469
12.04971853
4.86043772
8.84375000
18.62756317
4.26159575
1.36198000
1.34651734
2.13507910
8.64132867
1.69868988
20.40160011
5.11584442
4.47067375
3.79581726
7.42142731
11.14408356
0.90795836
1.41308594
6.63248781
5.78828015
-0.14419659
3.06835938
19.68216700
19.28047761
2.74092808
3.76517731
13.08414672
4.99051972
1.61621094
12.90625000
6.54862146
2.60925200
2.79586159
1.92126496
5.77734375
2.14453125
1.15039062
11.55033356
1.67614528
4.06844304
0.64990234
12.34285461
1.34993407
11.74231050
17.05512523
7.56206227
1.21484375
7.95703125
4.84285461
7.39978058
1.03373199
2.50435394
0.49511719
0.01649475
4.45312500
3.14648438
15.97326131
6.06189494
4.39603668
1.73982602
4.11218417
0.37158203
2.44921875
4.28125000
1.10156250
12.00096410
12.11406360
0.09542151
3.41584830
10.71745124
3.69893340
7.63517398
7.37544769
3.28336547
2.32299867
11.81595856
4.93680630
5.05973515
1.99902095
0.06152593
4.06250000
1.95231078
16.32405142
8.98437998
5.19999114
9.37768617
0.20039887
3.84720856
13.18570922
0.69608613
1.84570312
10.95479278
11.52685173
4.17069924
6.15234375
6.51863586
4.35892731
3.44301475
1.07562111
0.24397828
15.68750000
2.86372894
1.18448104
3.86996232
12.35156250
0.53883445
0.67655862
11.84391266
7.50292969
6.79956055
3.12552834
4.66796875
1.93013519
8.39396055
0.21130465
19.16397385
10.94445147
2.61077238
14.06351341
15.16699468
1.31343722
10.59330231
5.31705563
6.68544628
5.58939606
10.19095856
3.70597351
2.17773438
10.60502106
4.17862229
11.58621787
1.57056848
0.10148239
7.70222961
11.66316711
9.55993683
0.78462738
3.91992188
2.45312500
6.98335661
14.61046211
11.27336879
2.53014794
5.44836768
0.83353668
6.66646332
6.02343750
3.32421875
9.20312500
7.78080231
14.45312500
19.01647357
12.90291943
5.47265625
6.12132979
1.39925919
7.51607269
0.72212738
9.88191711
2.86478668
0.59069855
8.33158356
2.52583832
8.32377106
0.25431305
0.02131165
0.25097656
7.42578125
7.81498199
9.28804411
24.81449247
6.57279698
11.79585785
19.03125000
5.75826019
18.81716867
8.20972739
2.55513519
9.58850067
0.24768098
1.09008353
11.52226174
7.47701019
6.91015625
7.17923981
4.34870900
4.38387522
5.07255097
27.18359375
9.76562500
2.07572418
11.13423427
6.71382536
8.73835993
5.15828679
5.56042885
0.24853516
2.72049957
7.35689301
13.11592310
18.05737367
11.68672761
7.15001663
2.12773548
11.11372894
3.52539062
8.16487173
4.08822030
5.32991578
6.56986481
6.94230164
2.85066711
6.24263519
19.77510528
8.41214872
1.16190769
7.69966644
0.01573700
7.20267731
10.95747894
0.11185699
14.83068817
8.34118683
9.65535461
18.82503048
17.47900266
3.58358100
7.48002106
3.10005707
9.56673094
11.81506317
9.69034353
3.87752881
1.19042969
17.42496454
6.74251219
7.68569925
18.00530363
15.92854610
3.25744847
10.09419769
13.78554965
0.66366910
8.81530294
2.04224069
3.61267121
14.73168883
1.62280336
0.18969727
3.54691434
10.13985261
1.51005097
0.00726837
1.33113586
1.53370790
1.27048093
3.81579621
11.16406250
6.96138519
2.82963043
5.08158356
6.71183289
5.93314606
5.79430810
7.45080784
1.45573000
2.32600953
13.94596188
23.19441711
8.63741245
5.87890625
6.42317376
8.10241357
2.25130873
3.23713261
24.02886714
5.04993018
7.72054078
10.93314606
4.46964539
10.51269282
3.82625554
5.61975067
4.88806183
4.88761414
16.08263631
9.88590702
13.72827460
1.66361481
2.32076019
7.43404144
8.51908356
0.75044769
0.01605225
0.99955231
12.99458832
15.58927305
11.08658688
2.49707280
11.44185394
0.00409455
6.39754211
24.90323914
0.59379059
15.70650238
6.30511526
0.29599955
6.29938387
5.50184507
2.20271291
5.76969858
5.70190492
4.33203125
3.97220856
13.79714713
14.32832918
16.75256317
15.91125333
2.50716312
9.38056406
8.99264516
0.22973695
1.22460938
25.15889063
14.51371122
5.29475953
3.15905917
12.80122894
0.12194824
3.33593750
5.17443817
0.08654816
2.30273438
15.07722961
17.62613143
6.32117353
13.97937167
19.08447586
18.05528811
17.87752881
15.99617243
8.72090979
2.88476562
9.69262633
16.29996454
3.69389073
7.45414339
0.48319488
7.59810394
0.24580871
0.76883630
0.69206061
1.32759613
3.36914062
1.52148438
7.26908356
16.28792110
5.77112034
0.11303711
13.57377106
20.62373560
2.63452460
0.37479645
6.15279144
1.73468505
2.06055934
3.22277925
15.12870456
2.29040558
13.65075466
11.72245456
0.44812043
8.99144947
3.27222240
1.49361176
10.04919216
2.09684452
3.68208832
16.62088708
7.74691046
3.35831726
5.13590204
2.53837378
3.23828125
12.87308622
1.78955203
2.10591644
6.32059723
4.56916512
6.47595744
3.82031250
5.47656250
7.73046875
1.06753915
8.08460438
5.32857269
1.84277344
9.92187500
0.49539973
4.46297429
0.67041016
1.48925781
0.00854492
8.49254655
9.73356826
4.92232269
1.87973593
4.75325687
8.01501989
3.00585938
14.46875000
14.66035794
0.06274508
0.10131929
3.37365692
0.96781402
2.68090758
2.04895113
4.00435394
10.58939606
3.96093750
3.13671875
3.66621233
3.26392287
13.77705342
2.73409463
1.06893007
3.36334996
4.36321254
12.13003768
0.38070451
14.09818512
8.27347435
4.64713874
5.93961547
7.42199800
3.27929688
12.47477172
15.45556516
1.67220218
1.04589844
13.40189606
0.24568664
8.18147828
18.91796875
25.49587728
3.98898600
11.01716977
4.22066378
9.33056516
4.09566378
3.20450743
0.19470308
4.51883256
5.14908688
9.31796099
7.38566101
7.37019836
2.96964539
5.93314606
0.11617035
1.38183594
16.27663011
1.57794325
1.64542664
19.10570978
18.26122175
2.36137743
3.54146332
12.62052305
4.02746675
9.87666778
4.33862367
5.57812500
12.34517177
3.48836491
0.14186553
6.24442597
5.66841644
2.49414062
5.74129211
0.07944764
9.70646055
17.30256705
4.11792553
20.10920767
4.28353280
5.03995789
3.18448914
15.10351562
10.67268174
13.66390514
3.12630374
15.97733520
4.32556183
2.02779144
11.39894159
7.08437279
3.21608377
11.59810394
19.94095856
3.97310394
0.63907431
2.84587045
2.33548981
2.34826629
1.74593140
14.09195922
8.83850067
0.67207918
9.90625000
5.43639545
3.00000498
10.30481050
8.07287567
3.84337600
11.72242021
4.60021942
2.73571808
4.17187500
3.95373504
12.08937348
1.25252289
1.63867188
6.87455231
3.57271332
2.38822418
2.82565040
1.78222656
3.55859375
1.91992188
3.90189606
14.68660461
16.46353502
3.30443651
9.86980496
3.32165558
7.28605164
13.28906250
10.17894947
3.05737865
4.50768950
3.78494584
2.48312056
7.31608156
20.70312500
15.51509613
1.14213043
12.78157251
3.70438940
12.11271055
19.44978945
2.78710938
0.38179535
18.27205383
5.90477394
7.93026817
3.61612976
2.35441101
2.80859375
6.10502106
0.86519379
3.21470828
1.45423703
9.04141401
0.36092974
5.94286486
9.85409131
4.79732269
10.16357048
5.12158577
0.01825470
19.26712516
5.33037344
13.67357713
18.67651928
2.34623448
2.64994293
5.04777039
6.61584442
15.29372681
21.20621454
18.91458296
2.34221520
2.17818207
10.96427305
0.26302187
17.06937958
1.50513630
9.40596185
5.01778479
4.45357269
5.01607269
9.79687500
14.38972961
0.16145844
15.51607269
1.48392731
14.80904144
6.70222961
0.18644226
13.97890404
10.90956428
0.19905609
0.61991363
2.75872803
2.58744293
3.60982269
9.60066711
4.72549480
9.73023271
4.37435062
8.52868683
7.71439606
0.00717682
10.93920213
4.36849623
14.00112967
19.05603058
3.42130928
5.96618683
10.38716644
3.61043274
5.53214539
3.41451019
3.86328125
10.57979278
0.31205293
1.67675781
18.20544216
22.16104666
3.82117353
11.61808289
5.04386414
1.32421875
5.64876219
14.76578236
4.01514295
0.79101562
11.16015625
4.79252106
10.34248560
15.41084995
2.73095579
14.92122562
8.86462433
3.44522884
0.53410101
0.83544922
9.11718750
4.12064606
3.39888519
20.06025156
4.84510305
1.93847656
8.36027039
6.39453125
19.37923094
16.10203770
6.90374113
3.77343750
15.95039451
31.39074800
11.01688940
8.75870789
12.54252106
1.51359070
17.41650266
8.79585661
0.06596105
34.67443817
5.82812500
4.60054411
10.36368960
3.13671875
1.07336426
10.20658356
3.42427582
20.56330674
2.46749556
10.98091644
3.15926086
22.97983881
12.20402039
0.58113960
15.24218750
6.98828125
15.68750000
6.50345856
5.94966644
23.10323028
21.90832115
6.64567265
3.66280308
4.70837433
8.50000000
6.36372894
5.73457855
9.28470856
2.67578125
5.22265625
20.02442004
3.05717198
14.99438165
8.14448693
2.97831892
3.65384918
17.69563657
8.81095523
28.42817709
3.70898936
15.43314606
3.61763519
6.50390625
4.83158356
3.98437500
4.07031250
3.71093750
6.93950688
7.25010859
0.68485566
1.08789062
9.58504211
5.73677582
4.32421875
18.51159575
21.20633755
10.52412124
16.56311752
8.77164672
1.55713015
16.48258422
13.91931183
10.91304411
2.17724734
8.83250333
3.87062167
1.95410156
13.35863697
5.55542553
17.97643950
7.53861481
7.68762300
4.50435394
0.16247559
16.25077239
1.82620623
1.57296431
4.55078125
7.38716644
1.02343750
8.64277732
9.96924202
16.50589872
18.90698304
2.98929964
5.31294769
8.21952239
18.57812500
8.06172761
0.39086914
2.60395958
10.95259862
14.90641235
3.32027316
13.49910461
6.91540558
1.94824219
2.84960938
1.40287262
0.42061371
8.58789062
9.72220856
10.03560394
0.95898438
9.63972961
3.37524103
2.97786624
15.04699800
1.07397523
1.98384613
11.06676530
2.61292220
4.27734375
12.88281250
1.05957031
0.38720703
7.88276568
12.64075299
2.85188719
1.76281832
6.43013519
7.05423981
24.67354278
5.26652039
5.69319703
1.41654449
18.68397469
7.18767730
3.29969414
6.98392731
5.83984375
27.42089096
3.38379654
3.71166058
13.47681599
2.92427582
0.96203458
7.31636193
4.70589724
7.18001219
16.42289339
3.83247894
13.69188830
6.91012189
11.02211382
3.67035017
17.08093075
3.19352421
16.69985816
8.55882979
3.66709330
3.66796875
15.00244016
10.21183289
8.11731050
7.73359763
11.73336159
5.25134308
5.16310285
7.30609485
1.25475981
2.44661562
10.35351562
2.12259918
12.37865526
3.87199163
3.39503449
14.77510528
1.20784547
6.35245789
15.67956450
13.44966644
2.78873781
0.70117188
1.20405038
4.20537344
3.36230469
37.66380652
4.88697473
11.94685727
11.22847628
9.15954123
3.09302194
4.56142457
8.00923427
8.19043218
0.70125305
1.88956726
7.09375000
5.75602172
2.31900876
0.09586796
14.46955674
19.39797984
2.71795323
9.98437500
3.80664062
0.48925657
3.25777316
11.27998560
12.84892065
9.33300532
1.05005070
5.13549867
4.17142731
1.32076019
8.27677305
0.22640078
2.39257812
6.90396720
9.24792885
16.16511525
19.28576045
4.32812500
2.42382812
8.97318512
4.40332031
8.22753906
6.45222961
6.48136414
17.71743130
21.55600620
15.23920103
8.72340425
3.99780087
7.40918218
0.27518707
0.39164215
6.01456726
2.97070312
0.04154449
3.14648438
9.06685394
13.31250000
13.85704788
12.66325576
3.89526429
14.32812500
11.17187500
1.10742188
1.05415863
2.15770612
2.43152260
3.43571420
6.71093750
0.46614344
3.34733156
7.91828316
13.49252216
19.63883422
9.99865961
0.87480330
5.37500000
14.29014961
13.69281816
6.70422706
9.60171986
4.85396830
4.43058289
12.47851562
19.80273438
12.40881317
1.56424895
8.53226839
1.47822778
11.34756760
8.20793661
15.47798427
11.25984929
11.91035794
16.04919216
10.33297096
0.87146027
4.09174757
3.16606493
2.27298981
3.25390625
3.12544769
15.43212766
8.23974734
8.78381317
9.15714539
12.15697681
28.37390697
12.35156250
0.92199676
11.19274933
5.43314606
9.72310394
1.17720551
12.69352172
9.16483489
5.09898937
4.33472739
8.84029144
1.06880707
13.97477172
28.76692376
1.84619514
0.13627106
6.28311946
0.16386144
4.32421875
9.18021138
5.08834330
6.19518950
6.64420656
8.52896720
1.85579842
1.79882812
11.24906278
3.70503878
9.29687500
1.11665863
1.12109375
7.94778702
5.27486923
3.86328125
11.62410461
1.64701324
20.39082419
24.46619146
8.74243351
4.49308289
5.54732269
11.39843750
8.69877106
0.21781402
11.22366468
0.48096575
6.62243683
0.22281828
7.08711824
5.19140625
0.02315765
5.37154144
0.42724609
7.05481964
9.30904144
0.80468750
10.37125111
5.83789561
8.30904144
12.68371613
2.89648438
1.89062500
12.64427527
7.91529255
13.24678745
0.65120484
2.16255707
25.36653190
8.52565604
4.18182291
15.69238032
22.34472905
15.45956390
6.55993683
7.90970357
22.60424322
11.16609929
1.42293274
10.90909851
9.15535461
6.96573914
3.99023438
1.42332738
0.84144281
7.43839539
3.06880707
6.27298981
8.65030198
3.15678634
14.34875333
13.62910794
9.22248892
1.26644669
7.99173981
5.48258422
10.74833222
15.90331689
4.11979499
2.99625610
8.56250000
16.14676972
1.76660156
13.98168385
11.56286901
6.67224401
0.37158203
3.64257812
0.34525481
0.09554109
0.19653320
3.62027206
3.19027482
8.17443817
9.11568207
5.26883536
6.18152260
3.58142121
10.73005167
7.62883505
14.85156250
4.73726286
2.19510583
9.58347672
3.87349457
16.75768950
5.90682070
15.43225067
8.82148826
6.00199496
5.27860815
2.02420739
14.90149268
0.51558379
5.47924867
14.16290116
4.21722517
11.78739472
8.85441101
1.69095856
15.19006317
1.23030640
0.53222656
9.27563165
4.34155585
5.34126552
8.79011525
7.75700576
7.36551972
2.97538176
0.98262605
10.02359486
4.91227172
0.10518963
8.55122894
4.70703125
7.76037567
2.47790558
0.19641113
2.69424978
14.85555491
27.34356689
8.29642731
15.25283855
10.42912677
13.26965425
2.87695312
10.64467864
16.94283798
22.17564329
19.24517522
15.16134197
8.92456117
2.86328125
15.51960993
23.40886019
7.80057956
2.93945312
8.82617188
9.98913232
14.98454108
22.39754211
2.35441101
6.33626219
1.94348238
1.64257812
11.46927638
8.47424534
8.79085328
3.21289062
23.56578728
3.16665557
12.19531250
4.77661133
6.94165039
11.67419216
2.35270390
0.64318692
3.97058261
7.36958832
7.42142731
7.70747894
16.09715426
23.43364804
15.48769061
6.49233044
9.26908356
6.43109930
3.30071254
9.82006649
2.57641788
26.75495911
7.69140625
11.84570312
3.78141235
2.11657746
1.70943207
5.35664451
1.81132424
15.88398826
21.18867576
7.20679521
3.65218140
13.02164672
9.57677195
7.45626883
1.53027344
5.00150543
6.69966644
10.85156250
4.12109375
1.12597656
13.14843750
10.71069149
6.94376275
5.24203014
1.41210938
8.44429411
0.44584261
18.24385528
5.77168357
14.82991578
23.91288674
17.50000000
4.36328125
5.23706024
10.27261082
0.83074246
3.11165282
15.57991578
10.75524933
-0.00535064
15.28470856
3.06294769
16.09375000
3.16227172
1.70784547
3.68924646
3.47436835
2.99263519
12.05691601
1.49386524
0.80712891
10.16816794
12.17561392
18.50468518
5.85628546
1.11230469
9.22529810
8.91382147
13.41406250
10.75438830
15.56885389
3.70418274
7.63370789
7.38281250
13.41560727
4.05314273
2.03906250
8.83455009
5.17724734
2.52140569
1.70310050
13.73872894
18.91312777
9.84753698
7.80468750
1.08247894
5.85888298
4.95902870
8.99385528
7.36450133
1.85400515
15.64154478
0.16906583
3.07072085
6.22265625
7.36673981
21.42024158
6.01770611
1.49458832
13.76757812
3.85697418
2.24039672
8.10770722
7.15625000
15.81506317
0.75573762
5.17968750
6.66047720
2.50468362
1.93990082
4.32511414
16.84529477
16.20113253
7.59285461
1.36071808
2.56791168
19.25948028
21.65803081
1.89169270
6.48571808
8.62935394
3.80468750
16.97037345
3.68978280
6.27734375
17.46439606
16.76656098
0.84960938
8.13598072
0.53882397
1.76269531
7.24111845
23.89920989
7.39209109
2.64422639
7.16451019
13.58312833
2.54533023
8.35546875
6.22701019
2.54108434
12.16309840
12.48527039
5.66406250
0.41870117
23.61811725
1.23832807
0.73046875
16.47724624
2.81767564
15.38572474
5.62599401
8.12845856
9.77075133
8.56148161
5.05102726
7.77790947
2.70601784
15.85029810
10.73128546
8.94966644
1.53560394
15.23339844
8.09375000
3.37801086
2.12394226
0.25439453
6.02182871
6.28906250
8.49564606
8.83789062
12.23091644
6.03515625
19.88626607
22.38668315
10.81640625
3.63476562
3.00976562
3.02343750
22.22934967
2.89693207
3.27343750
8.30814606
11.09765625
9.27343750
6.89843750
9.84887633
18.46467891
13.81876898
4.47912567
17.27254211
15.45145722
6.54675200
2.03572695
6.14798981
10.02294548
31.42854876
10.16040333
16.13444538
10.47194813
3.51799645
2.52148438
20.23896997
6.71175421
8.05033356
10.75435394
5.90234375
3.88911957
14.53625333
16.83048648
4.60489805
0.90140902
5.89062500
11.95479278
2.21244293
8.64152039
1.79484070
19.67297208
1.02181156
2.10396332
4.94140625
0.01873779
15.30512523
15.74174977
0.81319026
0.05299928
10.72764961
3.11418661
3.24906527
13.15279144
3.19201629
3.82991578
7.45678524
4.30147495
17.18188165
11.69568151
1.16007508
6.41841644
1.99662262
7.20658356
4.04385417
4.53516622
4.05033356
2.39497894
12.40631871
3.18262965
11.44877106
2.54915282
5.97399933
2.50170712
1.41841894
1.51924590
8.11181267
12.96309729
3.59252992
16.32921211
8.10864943
3.84257424
4.79264406
15.03906250
4.63326019
9.00345856
0.08443207
7.26863586
6.82902039
2.54374266
1.00674977
4.65646165
3.29113863
16.17598294
11.53149601
1.44974762
0.95601410
11.92138298
4.09770057
10.50401929
2.12732712
0.08626437
9.26781915
1.20417650
3.79464649
7.70210661
0.78906375
1.55957031
14.85668883
15.23632314
7.48075908
10.34720856
4.86417664
5.74955231
7.25826019
8.82377106
12.13758331
0.02216614
1.49218750
9.03470856
0.36910004
1.89257812
14.13309287
4.41182901
15.71146388
3.88365858
1.08997672
5.64497894
12.86283356
0.38399262
3.79252106
7.16316711
4.73962433
15.88451463
12.41540808
12.13765846
1.07466644
5.91361481
3.42944149
0.37516484
6.69531250
0.01087952
0.90897613
13.70747894
13.37052305
8.54699800
2.12935394
15.04943817
2.29357879
2.58036347
8.62500000
11.24438165
10.32938940
17.35709220
10.79134530
15.02486176
7.11843197
7.05779698
7.65916224
14.12591034
5.33369903
4.47302526
6.65970856
15.02217310
18.98763312
2.93933012
3.48929964
6.71370235
15.73807956
13.71350067
3.53002992
9.47208555
3.13533632
3.52148438
3.51403591
8.88049534
21.18907913
15.34729720
10.27062833
7.25114140
3.00044769
11.05907580
14.81869350
12.18260526
9.23006538
8.66569592
10.96606383
10.21797761
4.30904144
0.01136017
0.06262207
0.06428009
9.59375000
9.77779144
16.10937500
5.84094083
14.31705563
6.90751440
13.85502106
18.60636414
4.19531250
10.83939606
4.39542664
19.40234375
14.60502106
6.18916778
9.15458222
5.49955231
6.50751220
7.12184175
1.44824219
18.37405032
2.72014738
11.18496621
7.97811973
5.81595856
0.23921723
0.56604184
9.84615580
1.10005707
10.46427305
2.68489251
4.73921100
5.87757313
1.20865968
0.05301910
4.02254211
2.59659851
7.62455231
2.96964539
1.06933594
1.93554688
0.76806641
16.65881317
2.07364805
4.09130984
11.03125000
11.53125000
11.60847961
0.29480012
11.74564606
4.24014573
3.38290115
11.14257812
4.05219803
3.91850509
3.75240082
12.94954344
8.13203015
4.85202016
7.34728474
6.86601174
3.87076906
4.33638519
14.10302703
0.06011994
6.68269836
0.85795074
5.08728058
11.44726562
5.74173981
12.55558289
9.09671654
9.49483620
1.94388824
11.15279144
0.49194274
3.39827515
6.36283356
0.05521668
15.20568817
8.16931183
10.37210218
5.40568927
9.67879211
4.30558289
10.17338043
12.88187279
17.65080147
14.25691711
5.03995789
2.33789062
17.19441711
2.54056793
1.87829621
7.32812500
5.67533356
9.60066711
18.32120789
0.09926361
8.82287567
2.26306183
10.74309731
8.68569480
7.80513519
8.28287345
8.08476174
1.37695312
1.58091984
4.96912898
4.41406250
3.02148438
0.00260544
2.01261102
20.18070589
1.40507175
7.07421875
5.20601286
5.18851839
2.16601562
15.36437833
2.84655917
1.32324219
10.37410461
7.05033356
0.25524933
5.75000000
4.51818567
5.16609929
8.74629544
3.84790226
4.94909575
11.80135195
9.29431183
2.15881317
4.54777039
5.65970856
2.17443817
3.01757812
6.08772828
4.43845413
2.67291333
7.80961214
0.11450195
4.39196808
5.58597186
4.81925975
12.95235261
7.69312714
0.30253269
4.94966644
7.13024933
13.34720856
0.04991669
0.14436797
8.36551972
0.02904754
2.23091644
2.28710938
0.03671265
4.85546875
5.19713764
6.23120678
6.40714539
1.56099457
8.17533356
10.51281583
3.37780917
8.43404144
9.91827849
3.11447694
7.97265625
9.74661016
2.91399379
14.74129211
1.10734070
7.44640958
1.55216617
7.51171875
1.36531555
16.55610927
6.58195257
12.15881317
0.14807160
2.60546875
10.84699690
1.16276872
13.59426299
0.15783754
1.77486176
20.01707853
0.22074496
9.36425532
1.56766318
2.67407912
12.98437500
9.82311171
23.38920323
2.48059674
13.56852172
2.53393617
2.13627106
21.95357269
7.05468750
4.32421875
6.49218750
0.73144531
12.82377106
11.15376801
0.13035064
3.00301086
2.77282746
0.93359375
8.65779477
0.05843234
18.72272995
10.06694259
13.60527589
15.10412567
1.63439910
5.17411347
1.83691406
22.28677970
1.83793495
0.62377992
1.51322418
8.47656250
4.75390625
7.25992797
10.26069039
6.72502770
3.22550476
1.02774961
4.19152925
11.46529144
2.85306793
2.76607269
17.95832157
2.56445312
3.28080231
0.28877777
8.44877106
2.61568207
10.94994681
4.45337350
2.89453125
1.25744598
1.68493683
13.06595856
16.06936734
9.85783023
5.06730164
5.35066711
7.93513852
10.49120845
7.26330784
3.15348515
15.77075133
13.02600067
8.03710439
5.84583111
1.50781250
7.69107159
4.83627216
1.31054688
15.56904810
16.28259308
5.38920323
15.44966644
0.40299500
7.55334442
3.00862423
3.30326573
0.84814453
15.23746703
7.51261414
5.59464539
2.83523881
8.52173537
10.14497894
3.86779785
8.29854278
5.02693726
19.35529145
12.34046874
15.39453125
7.67187500
0.19535309
9.54868561
7.54687500
5.94433594
11.24210633
5.07812500
15.09350399
12.17212101
5.08926869
17.91280308
3.89713874
5.42875028
7.70894503
2.75240082
1.61478668
7.98482269
3.30484985
15.30725067
11.19441711
6.54927084
5.77047096
3.90950687
9.64062500
6.46964539
1.70357269
37.77962157
14.45328236
14.15234998
9.36962766
15.98949884
8.72961768
2.50028535
6.34029144
11.01997894
5.10171986
11.57056225
5.40189606
2.05318207
20.08906799
9.85619681
12.20886635
4.54866578
0.77787262
3.95072418
2.51997894
1.96431488
12.02371787
4.15779477
6.61747783
6.58247894
5.59118683
5.05859375
1.52893035
2.46769226
1.99186032
1.68333839
9.25774379
9.43404144
3.43253601
12.78189938
4.58593750
0.54720218
12.63535573
4.72401927
21.37181683
5.83153923
5.48124550
12.16499225
11.80375775
4.34765625
7.32140958
0.89485843
17.05142066
3.59782358
5.94361037
18.96720398
14.56058622
20.10152316
10.31595856
0.04216522
3.91992188
4.23339844
4.83203125
7.50032469
1.40157136
19.14565033
2.10400391
14.06595856
3.61523438
7.10722464
7.17207224
2.46138519
11.49475067
11.94750665
22.43530585
9.59606716
6.89868351
5.50333555
1.35534824
7.48860594
1.81571255
1.22444952
3.98242188
2.91682237
1.63351119
6.98091644
0.40673828
6.81176446
6.23759253
8.36372894
7.14664672
1.13903840
5.93216202
11.33692154
1.02799500
2.19982879
7.66495789
1.47896332
16.90702239
18.90165129
0.19481105
3.21289062
1.45410156
8.49129211
10.67836880
7.39283909
6.90445922
17.14553968
5.43291001
4.41943484
16.51639739
8.71260528
12.06005984
1.00956145
0.39864168
17.55379211
7.13859070
22.31738032
10.59277593
2.90490692
3.86027039
7.28125000
15.94698028
12.06802970
13.30806737
9.12333222
0.85009890
3.16813110
6.37377992
10.39497894
6.57031250
8.27510528
4.92065492
20.26127106
7.78771942
8.16096299
8.53479720
7.99308289
2.56490082
1.52832031
11.42008422
1.54951934
7.47233156
7.93330342
1.00171459
14.77229112
6.01302748
6.88146942
9.05391511
3.48632812
3.85192653
2.99572972
6.70864473
11.03309507
7.14062500
14.91227172
7.29911347
3.53125000
21.90877133
9.94810174
19.96920766
5.62081837
10.73428884
6.40776041
6.17533356
11.91316711
1.90022828
14.60332504
17.31783798
1.83203125
0.80957031
9.52359486
12.99447030
3.96797761
8.49397828
0.11690277
9.66316711
14.23221521
3.87536901
10.46529144
2.46325466
13.65918737
1.14009613
1.23535156
8.45133422
8.67462988
9.69691156
7.05558289
4.04341644
16.02254211
15.62381801
9.01049867
0.26989902
13.76629639
27.23828125
10.71439606
15.17206672
8.83973071
8.23591977
2.11796487
2.91182403
1.87935394
-0.03118346
14.71712188
10.20811212
9.37653055
3.37890625
15.04597961
13.57120789
7.74955231
10.15177305
6.38895722
14.09208222
13.50435394
4.95072418
8.65791778
10.77433289
7.64192376
12.18274268
2.46333832
9.25044769
2.00630707
1.56201172
5.92399047
3.89436890
13.99731383
2.83471742
0.94042969
13.27794881
3.53410350
13.97882536
1.11732546
13.24609375
15.57470080
4.37407025
10.07287567
1.20133422
12.80737367
12.54394282
7.55326573
4.89685090
7.03125000
2.63495734
0.47734735
12.36283356
15.54483821
11.68839539
0.41418675
11.85863697
6.86934729
8.06799534
5.84619016
2.21211886
4.86783688
14.75716312
9.10546875
3.46333832
7.65747008
7.57255097
3.19185394
10.26639739
7.10933068
16.09041445
22.56139296
4.24199578
2.31205231
2.59228516
2.25195312
10.64717310
2.34155585
13.48002106
8.21080951
5.33909245
4.89062500
4.62935394
5.81205231
13.34106383
2.69844636
11.88012633
3.34448304
20.88537567
10.99982270
26.26401152
9.52746644
20.81461547
10.11551972
4.76161937
5.22932548
6.31825737
4.73840425
0.72883907
5.18717531
2.73929964
12.73818263
5.73422761
3.93249667
3.72985871
8.39843750
2.04134125
3.89770446
7.62333222
3.95357269
0.02520233
2.59162955
3.94401374
6.77836214
16.35171986
5.95776928
9.30814606
12.28042332
5.78349844
3.70170323
8.93469083
0.09822757
2.15970856
1.57508808
14.25464428
4.47004876
8.90059729
7.64843750
5.40234375
9.34016844
0.69108156
9.30122894
1.35404449
6.27205009
3.95105385
19.87710550
6.37565935
0.22432652
6.01760750
3.81096520
2.50390625
12.29478392
5.07752991
9.70145722
2.19291168
0.22635926
10.41406250
8.30208001
1.86002936
1.61869293
10.99645280
8.34729720
6.32421875
9.88736315
6.50175642
6.54988586
6.99942930
3.95352837
2.84033577
3.72640799
2.28560394
2.54101562
3.96830231
7.95222961
3.04507924
4.46423869
2.90295379
3.87528535
6.37890625
4.75679411
4.38863253
8.03498892
4.73800088
5.54341644
9.88797319
16.68648161
9.45679521
2.41918883
1.96903535
4.06509254
0.82614250
9.90946255
5.48314994
6.58065381
4.81127992
7.19576019
2.41601562
20.33711326
2.94804299
14.17533356
2.24702848
10.54353945
9.92498291
5.35546875
14.09134420
0.51021830
15.54496122
15.27880984
5.06294769
7.87801086
7.35982269
2.87349457
0.94628906
8.33599624
6.97605606
2.99759918
8.69966644
10.63627106
4.08638519
15.42162899
13.00642509
1.84343029
10.30904144
8.95658356
15.10668883
3.71903037
13.29980718
15.89445257
0.85355621
10.58813165
0.84005042
11.16129547
22.47732492
6.26531028
9.97131317
4.16540558
13.47700023
6.76128102
1.45410156
6.11539672
3.37805020
5.62959995
1.81152344
2.02383838
6.05933178
8.63024933
13.14553968
3.20256427
2.59179688
10.07080078
3.22566711
6.96964539
5.29573360
1.96899601
13.79988586
9.85335328
4.88492797
2.38806183
13.48835993
4.83541112
7.93058289
15.16144504
7.39580562
26.65798399
4.24728944
4.29821808
13.68660461
6.60937500
6.36763519
15.91613365
4.04480385
3.08040282
12.44108156
3.50826019
8.64062500
4.39062500
0.00891876
2.13236481
13.85419438
2.20830562
10.56949143
8.41069259
6.13146942
2.44665558
10.01127106
3.25435394
8.79690936
2.54098127
13.61283356
7.93013519
12.85066088
5.67574689
6.75826019
13.36629211
4.28560394
2.55859375
11.87994903
5.03411347
2.07466644
14.63623047
11.89978027
19.50935727
3.11910128
9.17097961
4.57323970
15.31978612
18.15714539
6.59375000
12.96610504
17.51985594
7.45979610
5.21342198
0.19921937
3.61328125
9.54645169
10.87054050
1.77547180
7.63761414
0.79683317
2.03617464
16.95568817
11.41332447
7.76379986
5.01171875
3.00781250
1.38679992
2.56685394
9.81383312
6.79208333
1.72167969
0.60623864
-0.02201013
17.72607422
6.57274518
11.97075243
28.04181738
8.85226617
5.25089539
6.04296875
0.00921631
9.61104278
1.36897828
17.97211991
3.12989029
0.10125732
3.61478668
1.04618254
8.78047761
19.09785794
8.36307956
8.69273709
2.61157413
2.71830231
21.89269615
14.15421321
7.09371564
14.37306732
18.10202960
11.09210216
5.00032469
2.50582003
2.76802582
7.87890625
2.17578125
8.86718750
0.02385468
0.00293541
0.05792216
1.23075410
6.42923981
6.69531250
10.41083002
11.31613585
1.61723182
4.01557071
4.49134640
9.71862700
13.79845413
9.31104388
2.78125000
5.50826019
7.46064717
2.07450908
16.20466977
3.98283023
0.99849457
11.25077239
16.37617576
8.14380319
0.66088929
0.19921875
21.10066711
10.65143839
7.40056294
7.84497008
9.61910128
15.44576019
2.17109763
0.55155862
1.07324219
16.90582669
4.40553191
2.76631870
11.66752106
1.81925476
15.87548828
23.48662735
17.17157577
14.73437500
2.39453125
2.29687500
17.50979500
3.55453014
8.77507092
5.79341644
12.04394531
10.24414062
12.79252106
12.92663232
4.73787788
8.27171543
3.74346187
10.16845322
13.39167775
7.88507610
11.22562279
2.82125221
19.26383422
9.48616578
0.01657104
1.50638824
6.47611481
19.83247894
6.61718750
1.77926085
3.85666444
7.92187500
0.94335938
0.49605316
0.50907379
2.82363808
3.08997672
7.99218750
8.67903625
5.46324718
2.98483266
19.67097961
12.21875000
7.36173523
7.45030586
1.82313164
1.63671875
4.23002106
3.27326176
0.68753436
16.49459330
8.38818484
2.68359375
11.80021055
1.14465425
1.47603363
10.63232048
8.70874335
10.69409242
6.55033356
5.84690825
1.32346132
1.18164062
3.70898438
2.22806170
2.77490857
6.62890625
10.19006317
2.31819703
3.55004821
3.75569703
11.63281250
2.98091644
1.59029144
13.31941711
0.17789734
1.29785156
13.67394615
1.60535073
12.05987252
1.03845994
8.06986481
4.06567321
14.86641511
3.92036957
0.46313477
5.42565825
5.53918550
10.87988032
0.78035710
1.03702820
1.99106651
14.97656250
1.33736176
11.85733821
0.43807195
10.50695147
0.09070478
2.22907368
3.13938053
5.16182403
10.68110927
3.80941046
7.02119903
2.54992520
3.74874058
2.92187500
13.89843750
1.13814301
8.16217310
4.67376440
3.65234375
4.96093750
0.12878418
12.11283356
2.57925892
2.60380596
12.06941711
6.68347075
9.42635195
8.39497894
13.51127106
10.76218316
5.65629432
8.07287567
4.31660794
10.73551640
2.93359375
0.01416260
19.18750000
10.63281250
2.72310394
1.18652344
8.26908356
7.51818817
1.86702515
0.17901549
2.27958222
6.30513519
14.76127106
12.69460883
0.29757867
2.02779144
7.72676419
4.54667331
2.52103668
5.09765625
10.69432846
-0.00686905
6.34375000
9.35847961
17.33328569
2.99333388
6.70222961
11.16804743
8.94840796
5.82812500
15.57812500
5.17443817
3.89379821
4.56262300
12.14062500
2.28710938
1.29785156
8.06250000
1.50613849
3.37378490
12.37343529
5.34140846
10.89062500
9.58850067
1.54573609
5.87923094
1.35026125
10.14305831
1.95048814
4.95482713
1.87329787
1.08247894
11.04252106
5.25113143
0.91533189
2.30273438
5.61559591
7.43766733
1.19380707
0.40747070
2.14843750
9.93314606
14.52050532
9.64355718
1.03364584
9.71427305
1.95956006
9.99564606
15.12500000
1.24458458
1.65478889
11.51818817
7.68322785
10.44563781
6.78995789
9.74295989
12.64843750
1.91719636
3.77929688
8.21764296
2.10808122
3.78906250
6.85892731
3.59464539
0.04129028
0.58349609
0.17993164
2.88085938
9.83414672
6.23237755
16.90299687
4.60526706
11.38521332
3.65039062
4.39497894
1.69335938
6.37450798
7.38428108
4.68859708
1.33972324
7.34240692
1.28747590
6.70678524
1.52173038
1.91601562
7.58658190
14.64266179
4.17415780
7.78214539
11.37719415
16.62191046
11.16511525
22.83670989
2.89315381
4.39169715
20.90863640
5.75512633
21.62007286
2.75948526
16.55200133
3.23246122
3.01257480
13.96529144
13.69262633
14.84415337
6.97192819
0.21590180
6.03470856
0.86568207
6.78145169
2.08284173
3.82227061
19.62933401
6.32814494
5.03426086
3.35245789
6.94173094
10.08951906
7.25256317
5.32165558
6.19999114
1.01786347
1.22745789
11.65625000
5.57812500
1.39746094
16.79882812
8.33675109
8.06852172
9.94006317
8.55240968
8.17622894
0.05978394
4.94693969
7.47122452
1.72978501
7.24144947
1.88940990
16.87503436
5.31298704
5.85901595
9.88883422
5.53483156
2.78906250
10.73783356
1.26326103
8.78609596
15.93013519
13.96529144
1.77982574
5.49654144
1.52734375
4.67279976
49.28138297
4.56339539
1.88920074
6.65010528
21.93834400
8.44404810
5.78877217
7.00814716
1.43261719
11.11360594
2.57194093
7.55378713
18.48888631
4.08630807
22.28820147
8.03767509
9.01123919
3.92570257
6.96695922
14.24822718
5.22872229
2.83984375
4.14453125
5.98303192
1.97550476
3.27148438
13.89843750
2.83951408
25.14119570
5.07503546
7.95780364
7.63219748
4.57105053
1.53951019
11.25626524
12.96789395
2.84322362
7.97477172
12.98799683
3.05468750
2.98347961
7.61699189
1.95019531
13.03709656
5.77441157
5.53373448
7.05411680
0.92822390
1.04882812
10.37833555
21.89510195
9.56595856
3.54146332
17.20361079
1.21679937
0.85009641
8.26920656
0.66833527
8.81945396
27.54789339
6.82031250
14.04289007
3.82946808
1.01171875
5.96027815
0.80835771
9.67179383
5.92968750
0.66410309
10.80741052
24.63773714
2.59338597
10.89115138
4.33496343
11.87447113
4.10937500
5.82722961
43.65885251
29.07531583
5.99153812
10.42020722
5.46651153
17.20080660
6.49975399
12.14074800
14.88917785
3.52596132
7.67155031
2.13281250
3.46875000
9.04064661
6.15425753
0.53361148
5.00390625
17.13809619
10.09517177
2.39173204
0.68847656
12.24564606
18.13950249
8.83899268
3.15083832
9.86413232
2.14925421
2.73310561
3.71684618
1.72167969
21.04418914
9.25251884
3.05351174
12.32930076
10.00228280
4.60201019
7.58158356
13.76216644
4.54642731
11.77550865
7.58154421
5.81587987
1.84411652
12.24954234
17.49687610
3.58081117
9.74308289
2.15039062
16.26000665
10.52763159
2.10786957
14.71671321
5.90002659
1.05025238
13.68501053
13.67977615
1.28072113
13.44432846
7.82129654
10.50077239
7.04996454
4.36136996
3.52547429
3.46378601
13.56485899
12.66841644
1.59191988
0.30932617
5.78080231
12.89830453
8.28056626
7.03011358
14.77148438
3.44576019
8.47424285
8.88044666
5.19694592
2.52587766
8.59655917
21.62015653
2.61234652
6.45357269
8.22131317
1.82600953
9.05012938
6.84798094
4.68587157
2.24511968
12.39550532
13.37947695
8.37947695
10.46875000
16.15010528
4.32877687
6.35880430
5.91853945
13.28755209
6.17708001
2.27710771
7.47656250
14.72017177
5.93261968
7.65245679
3.14877216
12.81848145
19.10449219
7.56205231
2.31294769
16.41847519
4.70038009
18.75809785
2.01623504
13.32120789
19.22041279
3.15609264
7.68013519
19.01851286
1.52453084
4.35978834
15.65421321
11.75362090
3.41292608
16.71683622
10.99666445
10.53116883
10.05468750
1.55122894
10.89037899
9.30777704
7.67684397
0.43505859
10.91121399
10.51300754
3.56601285
2.76757812
11.47265625
11.51810012
7.14277981
3.02396886
17.39518063
7.08484042
1.52486176
7.85502106
4.30635528
5.26831117
12.59000111
16.00630209
15.40167745
18.59277344
0.51753754
0.53564453
20.09446960
5.30468750
3.99654144
8.83418108
0.65312361
11.56326989
3.60718085
15.00129876
11.26334937
4.24495484
4.98046875
8.46350067
13.23782857
2.01156139
8.17187500
1.55814606
10.40786348
10.48276152
7.83984375
10.83504211
6.89815277
3.60396332
14.00858489
1.39823083
3.00875221
5.38057403
10.56864472
5.45214096
18.04761303
5.69254765
2.21048981
7.19095856
12.08593750
3.30090301
4.15608765
7.95747894
5.92187500
10.24564606
8.59631317
10.83398011
1.65552692
1.64257812
7.69884974
5.05941046
5.07377106
12.29687500
3.95117188
21.75786127
4.78640624
2.43469581
15.89998227
3.29097628
5.55468750
8.02689606
13.29972351
16.17879211
1.25577820
21.83967642
6.57237368
5.16863807
13.35990138
0.59721105
9.50858489
13.70369570
20.22904200
16.14839297
7.72546542
0.91162109
2.24255153
11.19030917
14.33504211
14.46716091
13.18994016
2.58671487
13.64746094
4.12455231
1.93990082
16.44903564
1.61718750
0.25565582
12.73720307
2.08007812
0.30985504
12.22375457
1.30061890
0.32299805
7.83162414
3.09375000
1.21183289
0.33276367
7.77280254
25.58795489
8.10949800
2.30318207
7.50207115
14.21667885
13.59765625
7.14017731
9.78125000
11.29785156
12.04073028
1.94718445
4.08772828
15.38950561
5.84061614
0.79740511
10.98783356
15.09195922
14.01016401
4.26506427
3.78755707
10.21350067
15.63102172
0.36055574
3.13997064
10.56661292
11.75602172
3.88610871
11.56783051
4.09375000
9.16060394
9.59887633
0.22387758
14.96830231
4.56551086
11.58683289
15.00000000
0.24947113
23.07720967
16.88596132
6.54711104
7.12057734
8.41406250
8.77229610
7.77799302
0.51604083
19.02205009
6.17134862
2.29008089
2.72115082
9.36425532
9.70259862
20.01288454
8.90508421
1.45410156
8.73835993
0.52042913
16.34916168
7.11149047
4.70491578
14.50602172
0.15336152
10.78373199
2.40580231
8.43404144
16.13281250
8.97477172
0.18400117
12.18537955
6.92204233
8.87410461
5.31843307
6.54138962
1.60013824
7.16361481
5.92712433
17.04882812
2.56156029
2.53821143
4.82165558
13.99654144
4.50736481
13.31713431
4.45239694
17.86763519
21.95300200
3.38639406
3.93599457
7.53567266
2.67091090
0.98824066
16.80664062
12.39062500
0.76029449
14.18794769
11.95019531
12.46875000
4.60546875
6.75781250
2.05724319
7.22062943
16.12320922
16.98970302
13.99886358
17.85293994
6.94739361
13.80904144
10.51908356
12.00435394
9.39102837
11.25036901
21.07110378
5.39880651
2.06355774
12.80725067
6.75222851
0.64649434
3.94966644
20.01365692
2.05921874
17.60754363
8.28739472
16.91601064
18.24023936
8.84029144
1.99759918
9.14575133
1.33516511
0.46289062
9.92898383
1.29562555
8.49076324
1.62748199
2.86222351
13.51052763
10.14074800
1.73046875
25.80382647
5.66492353
12.01724845
9.83060948
3.58919437
12.38883422
5.95837433
1.45987976
6.72912567
5.70413343
1.98621509
3.64888519
17.71093750
17.86014739
10.20039949
3.34818512
12.27600067
5.10245789
1.98917664
5.25222851
21.71648029
14.25402427
6.95585549
14.85412567
5.33817597
4.82710661
1.43310671
6.48783356
13.30013031
4.63183594
17.65877227
6.78348847
9.75000000
7.23640182
3.04875443
1.60937500
14.47070312
3.76774047
1.80798371
9.16060394
0.45605469
19.27494293
5.55513519
8.93916778
10.73746454
16.04797208
10.09436502
5.51037567
14.71912690
19.55184313
6.24605939
0.62158203
0.21948242
16.71047914
10.19095856
1.06099457
12.63191711
23.27789950
1.84559507
1.84517426
14.16983821
3.71004460
2.91947418
10.05122894
1.02884918
13.22029477
7.16296542
15.06123560
8.87040503
3.25691711
12.19730497
1.80997867
11.33984375
14.00948028
10.55301972
12.92675781
8.78470856
6.28951019
3.54447418
1.30167664
9.86669548
8.43290254
14.51343085
0.18001312
3.51429633
12.21433731
10.03137300
5.77067265
6.53527925
10.24376663
2.51254044
13.47131317
7.19742797
1.83125886
24.65860151
10.20769060
23.54732269
20.63102172
11.93757868
3.98083776
13.73962433
1.42134613
15.57377106
0.89104508
2.56063552
32.89709442
7.54463653
4.13940492
20.69644892
5.75907690
2.04536957
18.39652372
4.97652316
10.45568817
9.73835993
14.06697695
2.94165226
13.96411071
0.44502840
16.66874114
5.80630098
0.42490081
12.62996149
12.33247894
1.11470800
13.91625665
7.51956561
7.34640431
6.25435394
8.53035461
1.13761414
8.36629211
0.92476410
3.75826019
18.35245540
1.63733128
5.75826019
13.98632812
6.19832336
3.75675476
18.37727782
19.11987367
8.06685394
1.38334137
14.46109009
6.05904144
10.71785461
11.91495789
4.14810284
2.15072528
6.13130707
4.94140625
2.40376552
0.03475163
4.19966644
1.26489258
13.41406250
11.65189606
13.26472961
6.54406583
4.31665226
2.98632812
7.38813802
7.37170877
8.51908356
13.93400086
14.17789672
12.11897828
6.29675200
6.56697695
15.06542969
18.97425976
15.45888629
5.58068817
2.37426696
5.87076906
6.90990027
2.22335992
10.69281805
2.58017176
3.31294769
6.10306295
9.65787968
8.03174140
6.10937500
14.50781250
15.35233489
9.04418883
7.37646609
26.22220357
0.22542110
3.60075077
18.26309619
0.48788037
1.40429688
18.88138824
5.36328125
8.04687500
13.83850067
4.93839539
16.62808954
7.75818151
6.36417664
3.53853363
9.75781250
17.83915005
17.33353793
2.70280031
15.71011809
4.74654144
3.81233765
14.57198028
8.95380874
6.98157579
9.89754211
2.44230164
7.81172180
0.03247070
1.44238281
8.80802305
7.44970454
17.77905585
14.86783688
15.71452031
5.89888519
9.22516512
12.68320035
7.37154144
11.84016844
17.54097379
7.98885195
15.03641879
2.87304688
2.51797651
0.62309618
10.96875000
0.27514648
8.21180298
3.39366577
25.96785461
15.93623560
12.48999335
1.92915863
5.04654034
1.84168384
12.11718750
5.30122894
12.68737700
2.20324800
0.97119141
6.19148368
5.81645057
3.58142121
13.92175200
13.80647828
13.03909686
5.74780585
12.37353889
16.88598571
2.53198304
9.52729943
4.72615913
10.45491329
1.12951878
6.59375000
8.80716949
7.20312500
1.50882840
12.13911459
1.95895002
0.99267578
13.31770719
9.88158245
0.37431876
14.46350067
8.48990470
16.58837766
10.70849734
13.44698028
16.15214206
9.56465979
0.65185547
26.58878477
7.77025931
6.30062389
1.22416168
4.19966644
10.32377106
1.75292969
18.07352505
7.27413120
1.30708832
15.85066711
0.30314148
1.84960938
15.74986475
53.28031527
6.40816378
13.35712656
7.94589317
2.37304688
17.05459885
6.34579177
1.28328430
9.41060394
2.25435394
7.51594969
2.05045656
16.66987257
3.24028368
2.14648438
19.02734375
9.05780143
17.48069037
9.07238365
3.72807291
9.17277039
1.56542969
7.41824912
3.09737588
8.50000000
1.40820312
14.04252106
8.94787567
13.71964539
14.41298380
3.92110261
0.90177430
10.06306073
17.67033023
9.61035904
4.88671875
14.83491911
2.89094720
2.97253823
17.28120568
4.11511635
25.25524435
9.46065713
6.30122894
3.69966644
3.16210938
2.72878602
7.78053191
17.35244792
6.76200908
4.05998116
8.81774933
6.13749114
1.74283937
1.27441406
11.35045546
2.39278978
9.14050200
3.32722463
20.56592420
14.09720856
1.34366883
7.62910794
0.66288425
3.87455231
16.81766069
4.54952681
12.33158356
1.44132508
12.53242576
2.45390237
5.05859375
23.69836395
6.29617880
3.47717752
11.82543883
8.98168883
15.66329011
3.08231660
13.74406402
3.56379876
4.84814827
33.05334442
14.06034021
4.26164007
12.80045656
0.97558594
1.30333507
4.00212544
13.00630209
2.87455729
4.90832115
6.66154366
18.06783051
0.23653168
3.42093902
3.62304688
6.37992340
5.68404144
2.64676474
4.14201241
3.96003214
3.89409352
7.03483156
4.93750000
1.73286957
0.93408203
1.46537262
17.23151153
3.94292663
25.52868683
1.29439301
17.03323748
0.94723127
7.96439606
8.16906583
3.07356937
6.19531250
10.94075189
6.44657690
6.65714539
7.27388519
0.15881348
4.93314606
3.02583832
4.65266844
0.19083742
4.68359375
15.71276264
17.22208555
10.06049757
3.43210327
16.79866578
8.28893950
7.77010195
10.52022942
2.89892952
6.09798094
1.73999086
9.70710993
2.00667608
13.57062722
1.84599844
5.35245789
1.17622894
15.15562811
2.70808649
5.44177526
3.73604278
1.33260195
12.78885583
10.43530585
7.00089539
5.22460938
10.97285794
7.98807956
3.45267731
16.59948139
4.80273936
18.56022218
3.35396332
5.23087212
2.53910682
2.74023438
6.60412567
17.88814052
3.03418218
5.34464539
2.28320312
5.52107602
10.76753878
8.91227172
7.42801972
11.16883113
2.85661015
16.77486176
1.84810394
16.43139462
5.00671542
7.39978058
0.46976715
0.72847504
3.78125000
7.99519836
6.26764185
15.74017065
3.78409851
17.53693706
9.36584940
2.64559397
3.59615082
1.08215052
18.75420946
7.73828125
9.48771055
1.44934175
24.55110594
6.95235261
3.27193207
11.47094415
15.56738032
6.33443705
12.40970856
5.49922761
10.89216977
6.18290005
2.71008643
20.02766844
9.24962413
3.21318594
10.43225067
6.47009308
12.95964097
2.77608931
6.80904144
2.72460938
3.96300865
2.74072639
10.29431183
1.92329926
14.69982879
2.52868683
0.55566406
5.62666778
0.12931367
0.23937988
12.91166168
7.34419769
3.62064606
7.12935394
7.32665891
0.11124789
10.19173094
9.87975732
5.62312057
10.68474512
4.77209442
7.12935394
3.14053137
15.71881571
6.77694038
7.98922096
2.12679078
7.44726562
1.79252106
3.88041168
6.49340010
6.33000443
4.28233212
22.05660201
4.84107380
2.83426972
8.79252106
19.35148133
6.58325133
4.17641069
8.35707778
9.45454926
9.40820312
15.57816185
10.04993018
11.61759087
3.92916112
2.17378878
6.33593750
1.96289062
7.86718750
0.56396484
0.06855255
10.91283993
3.94946476
13.59362700
12.88525266
6.68563054
10.96507979
3.40601396
4.73002106
7.70747894
11.36709885
2.71232491
5.68005651
7.79866578
2.28755707
6.16654449
6.32885306
5.47628213
3.63281250
12.55277372
1.03999972
7.76102505
3.66670933
4.56333404
6.00044769
15.81432514
5.40263408
3.60140015
6.03018728
4.64559397
6.64453125
17.67275045
2.55727060
4.51562500
4.36763519
10.74063775
5.53385749
14.26729278
8.69799867
2.37109375
0.66255707
12.49194149
0.99145695
1.43750000
12.51269531
4.30078125
1.28568512
5.23091644
12.46825798
12.95361702
1.77343750
11.76354389
8.69079621
6.71904033
0.27905273
2.74564606
11.82405142
7.11043772
6.42149352
2.91257202
10.95402039
0.40429688
23.29207336
6.44250333
3.57356937
1.37837738
13.38756982
11.15196477
3.23390292
1.79199219
5.65486259
8.60607879
5.00150045
4.38013630
5.22074247
6.53316378
0.95190367
13.22534242
1.47949219
4.28874475
13.33877035
5.67879959
13.70747894
19.35045546
0.86528368
10.09029144
14.06056628
3.90728833
10.66499487
9.01741952
3.99186281
0.30407684
2.86267121
0.97269684
4.79463653
4.85815492
2.46793329
0.70560948
9.28548094
25.69978945
16.73949136
10.96110483
3.69393007
11.68030252
7.25419160
3.37349457
1.70190367
10.62064606
12.30993683
17.19413051
8.47172277
13.83273937
3.95152149
12.18728835
3.71053413
13.94291666
2.89453125
16.38476064
3.22589817
15.73809472
6.62647107
15.51973294
1.77518894
12.03615367
4.74520833
0.51753754
10.19720635
8.20289893
10.39676972
7.46170989
4.95165891
5.07881870
6.83548981
10.11453569
7.10811060
3.71875997
2.67818207
19.14985927
7.12313054
1.59512993
4.89066932
10.49564606
6.28991357
3.33406804
6.24830096
4.40714539
5.58805297
2.41105164
10.24804688
11.53106772
32.05430033
2.62695312
3.27455896
4.38559729
8.64831450
0.04935793
0.41939301
2.04736328
9.96093750
5.40625000
11.60847961
9.95117188
13.17081726
5.29882812
6.71048981
2.49458832
18.87636747
23.75748107
5.32222628
9.16369598
7.13586270
4.39087101
8.32461215
4.59380429
4.75435394
2.59765625
14.42861481
5.20765624
11.29073028
8.54520722
14.95827572
7.75656803
13.24669881
5.94682291
18.32429743
8.11755651
2.86853058
6.95161957
1.71553496
7.16578790
5.85156250
4.62971798
2.85095246
2.93294437
11.21093750
4.94921875
5.63326019
25.97900266
11.37255984
10.45121122
0.09371066
3.06205231
9.59887633
9.47729554
6.10982269
3.83984375
10.42650931
0.85083444
12.68814938
9.17859042
2.91646332
6.72265625
5.06941711
12.21162124
6.94161790
3.08593750
9.31474644
5.44287234
7.28007424
1.65091949
2.27193207
11.06250000
2.19095856
13.05033356
5.71305297
0.56425019
0.34012848
3.93448914
5.12845856
5.12935394
3.47477172
7.39241578
1.56932940
4.60307291
4.71742236
3.25223847
17.80623227
5.20158023
13.52315215
5.79475953
9.84887633
1.01342836
1.58203125
14.02196144
5.69198692
6.34509308
12.23783356
5.23652732
2.56974678
2.53259308
11.34375000
2.39497894
6.70703125
3.69673427
9.22350732
5.93017952
5.46740692
12.02038232
3.64758643
13.41316711
3.52335633
1.45703125
9.83158356
9.62231383
16.79048676
10.25960328
13.04784658
8.72115580
1.38716644
3.79304743
9.74141511
18.62552638
25.66609929
18.02490359
19.41841644
3.96496675
6.37500000
8.72733489
11.58862367
11.73437500
7.51953125
0.80855316
14.68432181
16.56913674
4.69531250
2.16451019
9.37923094
11.82645722
2.21423371
15.21449912
3.26942818
2.01021332
5.09389739
19.78500886
2.96626552
1.83451573
7.33748227
4.79825493
2.24971963
11.07051637
8.73746454
2.08284796
9.94139628
2.80905141
1.76074219
15.24039672
4.78214539
4.54386414
0.60839844
2.47698870
8.93838542
7.90892175
12.82088320
6.68485815
15.07291002
17.54915780
6.20516179
10.28128934
7.40079898
15.86808289
0.08919281
1.31754516
1.42826324
0.78690644
4.92142731
16.20133422
10.62679078
20.42595480
5.29224069
11.98364258
6.74584774
3.32295933
11.43314606
0.11381043
12.55712766
9.11234652
4.32466644
12.00345856
11.93660461
7.14542664
4.58203125
16.71451408
20.12850288
3.45971742
7.55814606
3.03951019
20.43631988
13.37341091
5.58016179
8.58524130
2.67594858
14.37227324
3.46903535
6.06250000
12.38627106
23.40354389
6.60837654
3.85172485
7.51766179
3.60051590
8.58593750
8.26204344
0.25354097
0.58355277
9.53128934
19.41915447
8.06160461
9.95825133
4.34362700
3.16386081
23.36051142
7.47904698
4.46317597
1.63867188
8.57559619
7.78800975
3.86824524
1.14705507
6.89062500
7.06516623
3.88795877
14.02329456
9.34210216
3.04671265
7.64017731
15.41841644
0.26810699
0.84761566
2.49804688
4.02685547
1.45201391
5.75985926
3.81534851
14.56407913
8.90288009
2.73527039
10.93839539
9.04252106
15.41625665
2.72286292
17.73437500
1.74466949
7.42232269
1.12613143
19.21045296
16.88605940
6.92872340
19.85178857
17.32577847
10.81416778
7.55273936
2.49181849
6.34066046
6.40836547
7.61462433
2.44326574
2.64071863
5.74519836
0.81774933
3.81054688
5.86404367
3.40113364
1.51900238
6.96004211
0.40079773
6.72363281
4.28125000
5.49658203
11.69437652
6.21093750
14.73872894
6.94921875
0.56738281
10.19160794
0.40958804
9.81241883
11.00345856
6.30725067
3.65686004
7.49487367
1.19779449
6.05212433
10.70658356
1.92744903
4.55737367
15.44213431
12.24101174
2.25826019
12.63627106
12.15279144
5.82592088
12.63012882
19.27116218
2.68489749
11.90869016
15.13769381
12.49588957
2.86551972
0.13195832
2.70703125
4.89098405
15.97819592
8.59130984
4.27254211
7.88415558
4.89798981
12.51244681
3.13057901
1.95312500
12.30456450
2.43912843
3.74698914
7.45703125
4.62890625
14.18724901
3.90845412
12.91992188
13.21260528
4.58882536
15.90458222
13.12951131
5.45353834
9.74731383
10.88670878
0.77177969
7.89062500
21.41837993
6.59240692
3.62740580
11.52779144
10.90625000
8.08068817
0.08416779
8.17305076
1.20878518
9.70588487
5.41056959
7.64286347
21.88326019
19.04101562
6.88703347
0.29708915
1.10908965
5.39331117
0.68945312
4.81777871
1.64918051
1.68636109
20.60937500
8.27734375
16.11629211
3.74112976
5.96093750
11.76436060
10.57503546
6.07466644
10.05289672
10.58337433
14.86526873
8.30465314
19.31490082
17.71439606
14.39652372
6.21675753
0.52144379
13.89367645
4.18404144
9.49654144
7.17000050
2.19124889
2.14453125
12.00719748
5.00061502
6.57576352
11.91011691
5.73782551
2.09851479
7.85514406
7.23482269
9.16674867
5.87064606
4.86328125
17.14139739
3.89225094
3.70845800
12.96439606
26.36718750
11.57750998
1.91317209
10.32531583
7.65905917
14.08711326
2.09017342
5.30078125
18.79687500
11.57849108
2.83411539
7.45158023
16.60758422
10.14782248
5.30697030
8.21451906
7.96484375
2.91580896
10.68184729
0.68603516
13.84273161
0.81298953
5.11328125
3.36088043
11.34761193
4.42712433
2.15885749
0.96455591
0.33862616
1.50000000
10.82572418
5.78934287
8.14547096
5.28047761
8.23002106
13.92968750
4.26411957
17.99564606
18.65450043
14.54870014
4.32975842
9.58491911
8.90726839
24.82359029
10.12618074
2.74223681
8.31237700
5.76602837
12.52201573
4.62845856
11.58561032
6.44612921
1.37955812
1.49511719
5.78169769
2.75052638
0.07930761
3.78906250
7.64302084
1.42729166
13.60396083
18.86629211
29.40344083
7.26355385
8.65063477
10.66023493
10.46207890
3.96752992
15.02766844
9.66495789
15.19454011
0.03971344
7.34810394
18.43750000
2.45178223
3.33353668
10.38537567
4.40804078
6.66752106
30.33242226
14.81250000
1.39461242
12.40087766
1.25866855
11.55033356
4.14888519
24.16731688
22.03340730
5.30122894
31.82078957
32.29292941
5.39755208
14.90375555
2.36715813
1.26566683
10.01472961
14.39668108
2.82296431
1.45800781
13.09619016
3.69856439
3.06852670
6.58984375
11.20658356
10.65266844
5.71317597
3.70251496
1.44673676
1.22469055
14.89843750
29.28733338
20.78385019
0.93320035
8.56327239
0.69437777
22.10823360
14.73286459
10.17017287
15.56685394
7.76537899
2.86356785
5.94576019
11.19942044
9.28560519
6.28214539
21.36193817
0.36283418
0.01947909
4.84419769
0.75004059
7.68750000
5.03795546
7.39173204
5.76562500
9.32352505
5.38602505
2.45214844
10.30354610
10.00688275
22.23707559
2.64528922
11.42443817
6.00179078
1.47753906
11.68611259
3.89591866
13.01037567
7.42374695
2.81791168
14.10066711
1.86800172
13.13579980
2.03821143
10.42052818
16.61662178
15.57522718
1.23967364
15.00272053
5.75855053
19.55252771
8.55684729
14.77779144
19.99719083
6.04984154
13.51624002
9.28393617
3.71724457
17.11246454
7.84586547
2.43681128
9.70837433
0.80664062
4.84765625
0.02695709
18.79434494
1.79696365
4.51171875
26.19262633
5.84643617
16.57506982
4.23397163
1.51011139
15.06595856
3.43225067
17.25015985
3.58118018
17.13756982
17.74133643
10.96390404
4.95797096
23.64167775
4.64209109
2.75334053
28.62107381
14.38286679
8.25045393
7.17879211
10.02689606
3.35290558
9.00781250
3.27929688
0.94832336
4.39493462
8.26611702
10.53381317
4.57397274
1.19592503
16.16555796
9.86674977
1.91202820
16.21439606
10.04597961
2.06339539
10.95552582
2.00390625
17.13577904
10.27392952
8.25333555
20.74922761
7.93929078
5.15625000
0.01122284
5.44531250
7.87455231
7.01607269
0.00794983
11.42700133
13.48083029
6.33309397
3.97098847
17.83251330
5.94002881
6.76652039
16.16316711
9.04162567
9.05301972
0.47436523
14.90100067
12.82429743
2.53251440
12.64664672
3.22888215
7.28861481
7.97745789
1.93477200
0.54374363
15.59631317
13.94958527
1.57234680
4.87198914
10.49129211
12.61360594
1.79028009
12.27572030
10.67968750
27.86105167
8.33771939
2.32661957
9.71072585
11.51815381
13.74324025
2.65243240
6.10201019
13.13358489
0.08947816
2.87373560
9.08276180
5.08073249
8.31441378
2.83683289
1.12740082
2.43509918
4.79630430
3.81547152
17.86629211
1.89054383
8.14843750
3.69921875
24.96477996
1.78051696
11.97233156
2.21289062
14.22045213
0.60340010
8.63972961
0.25004121
9.90535461
3.50826019
2.12740082
9.03291778
0.33744355
12.14232713
1.68730330
2.34549396
6.35274822
6.75044022
6.03133865
5.05904144
2.82271332
9.83068817
4.35681183
5.81986481
17.85066711
1.71032746
13.49833160
2.18990082
16.16975455
13.61925865
3.52934618
13.92508941
5.98872894
0.22525024
11.25781250
1.36914062
15.79105497
6.59521609
2.34224457
10.66474624
3.00594802
0.13240633
0.01126862
0.03186035
8.31571275
10.96436170
7.10428926
18.75435394
2.67187500
8.72566711
4.39152039
7.04838562
4.41015625
2.68945312
3.29687500
11.29252106
0.17818207
1.18705231
12.29687500
8.11568207
19.75934845
1.41406250
8.54397718
0.27873614
0.55423981
5.98046875
12.65523161
0.65136843
0.59086090
14.59724291
18.38594636
0.46211326
4.34899300
5.64843750
6.00345856
1.22701019
14.84407469
4.90804078
1.47049895
12.82442044
2.31571753
2.21227062
9.36585438
1.34570312
9.28470856
0.96439606
5.74698914
1.37109375
3.47180145
3.37471465
2.57165558
3.31294769
0.29598023
4.97656250
0.04696655
0.23205566
1.50638824
4.76562500
3.64920739
11.77803745
0.10913211
3.30004821
0.69287109
3.33321199
9.68066406
7.13627106
15.66605497
2.89660738
5.50691711
4.11250886
5.68750000
9.40189606
0.68062348
0.06552093
0.35949738
1.78808594
2.51863586
1.29732269
8.43061974
11.98449800
0.30212683
4.09903868
2.24381593
6.46529144
6.41841644
7.70181627
9.55554853
6.35396332
8.19531250
5.69531250
4.55078125
4.46093750
8.51908356
9.39180076
3.82092254
9.32922831
0.34037262
5.34029144
11.76383422
6.86027039
9.35245789
4.85351562
6.22298094
10.87858156
2.41796875
2.94441711
5.81440880
4.87235815
3.81022218
6.16528258
0.23730531
7.37064606
3.12154144
8.35502106
5.22212738
10.16060035
10.75524933
0.25805664
9.46190160
3.70997340
1.14220423
2.86653812
0.30704836
2.96439606
8.75435394
0.47627777
0.97713195
5.53906250
2.02823914
0.27775024
5.80850759
7.54928080
2.72701019
12.15177398
0.90502930
1.86437833
13.31005984
5.63655640
9.31595856
6.18705231
12.84464539
25.93621826
16.42874307
13.14778563
5.43152260
6.17500886
2.69140625
12.70804840
0.70784516
3.05806239
13.97310394
12.52905087
1.92041389
10.11543243
9.78906250
17.03258312
9.83729055
3.07047485
2.67020722
5.46875000
1.27906913
11.70561104
1.98465786
8.68186661
9.85982269
3.45430076
10.08476174
3.72108905
5.26230939
2.36523438
18.89575133
6.82832544
2.15063663
4.20292331
3.52539062
4.55468750
3.65429688
5.52343750
2.04101562
2.39769034
6.31567819
14.50858489
1.26989777
9.73270722
2.89888519
8.67968750
7.78381317
4.36071808
4.89318817
0.15661652
8.89220413
12.12207588
5.52433289
2.35367797
12.11065705
2.04192586
9.02494791
3.73294825
6.89246702
5.91585328
9.34029144
0.81160336
1.49161929
26.73978170
0.41797373
4.01778168
4.53515625
1.50789367
9.43404144
3.13627106
9.14843750
4.59439938
1.20495761
3.03845246
0.49031430
0.73531222
6.84419769
3.36718750
1.80228668
12.80033356
7.23022274
8.81673094
8.99050976
7.68039117
16.47082115
5.86645944
15.23693817
15.38281250
7.70837433
6.63960661
2.06742464
5.56640625
3.90785253
3.29546320
2.48046875
24.18322474
6.70003546
8.11718750
6.42341977
4.50268617
10.44457447
5.32418439
3.38191711
2.96183289
18.18074555
15.86039215
14.60937500
1.78102631
5.49564606
6.86328125
1.84000610
6.67642066
8.72637078
8.50898826
9.22155917
3.28479222
4.19454011
10.25227782
0.26424257
31.13463764
9.32629986
7.13177490
15.08392946
3.00871786
4.83028479
3.85229554
8.84415337
4.40283577
10.85502106
0.01672882
2.10192871
9.65165005
5.32524658
5.86880650
1.41999931
9.76611702
3.08638519
1.56197113
8.23783356
27.59708555
4.84086214
8.32633422
5.34492576
12.52405252
0.89454422
7.31258865
1.47753906
3.29613697
9.27852947
1.98490387
3.18208832
2.80273438
0.17919922
4.69347740
11.29044991
7.24893728
5.31526354
3.85937500
4.93359375
4.24319094
4.83688718
4.32421875
9.71875000
8.61014739
11.79085328
2.85485871
7.92923981
0.05816650
8.37064606
13.68660461
4.28909686
3.62239749
4.89034463
3.94502715
13.36881256
8.73181183
6.17110261
16.34037013
3.84053247
1.78739971
2.73527039
14.28267177
4.22318761
6.67097961
10.64037899
7.89933289
7.03829011
3.51469027
0.23205566
16.97265625
6.13236481
5.76953125
8.42968750
8.38647212
5.78808843
11.98828125
8.09375000
5.66874114
7.24922761
5.70161957
2.06183691
6.13347559
5.43359375
10.10233489
7.53784242
3.31913176
27.10452904
3.46037178
4.68672761
2.96634918
1.71740692
8.48679522
6.36655806
2.73828125
21.52749986
7.62061170
6.37341340
31.20463043
11.40087766
3.68656527
11.10681183
1.63476064
5.14648936
0.79443359
9.46785461
1.43045770
5.73608710
7.83158356
9.92700133
8.55992952
1.50878906
10.89888519
2.08744293
1.44653258
7.53047761
4.80859375
6.01428192
3.43839539
8.40279144
3.54585162
1.77836713
3.70605220
4.66764406
6.28450687
0.73486328
1.19779449
4.80227671
2.95748891
10.95312500
1.00781250
10.90669769
16.92142731
8.42968750
4.36372894
0.04092407
0.27000427
0.68558746
4.33113586
2.31534851
7.11961769
10.17322805
7.65376552
0.35217628
9.07907913
12.83453567
1.56978363
2.67578125
9.03320312
7.17064994
10.03491647
3.11380763
6.06889073
4.83699025
4.60205452
5.41445941
7.18013519
6.61718750
7.61328125
1.20552582
3.25479666
0.86637827
8.74475067
9.40938137
2.11417664
5.05192265
3.52539062
5.49340758
1.49015320
12.91406250
14.80635528
25.12316988
5.49609375
6.33939606
8.67533356
15.01346521
3.35852393
19.52539062
4.84765625
10.78906250
0.87207031
2.45658356
0.01659149
4.89843750
4.79365498
9.49247783
2.84570312
7.25122008
4.11596742
12.54304743
3.86710882
1.68261719
1.64024726
1.39751274
8.33772828
14.54255541
13.72640514
4.34041445
6.36328125
7.61856494
16.73844858
4.93204898
1.99868629
2.80795434
3.04971853
4.77136635
7.86206117
1.48799590
3.62137910
6.31611592
4.05054272
14.52498227
4.65035128
2.10982269
8.66406250
5.37500000
14.00594055
10.41991938
7.83541112
4.41918883
9.61641511
13.06160461
1.71138519
6.42968750
8.73872894
9.40820312
6.19877106
3.49023438
1.22753906
6.36372894
3.41752106
8.95389739
4.28136802
10.00395057
0.39900820
6.32466644
3.51281583
4.90169437
2.73139102
2.29302304
13.94177028
8.08707890
1.92773438
5.05468750
1.86665863
7.57287567
0.09572357
5.56119127
4.01782912
6.13585772
13.67078291
5.96659021
0.98458167
29.35968972
4.82781028
1.68359375
5.38022359
18.62062561
11.76802582
2.12109375
14.16531694
10.18669326
3.51562500
10.67162899
0.00647160
17.96516844
11.66674867
13.57722961
9.82466644
3.72680103
4.46220190
7.67480718
5.97835328
23.22452571
14.85860261
6.14298648
17.65547699
3.84960938
7.00423094
2.89693207
2.22579011
8.74848959
2.54749002
9.35245789
5.76953125
2.00390625
9.57908661
11.68263214
19.39139739
8.04431183
5.69319703
13.83850067
14.92277039
3.91254212
3.24024933
4.30845579
1.47625276
7.27148438
4.61718750
11.64229278
4.69352172
10.00012300
7.15669769
6.57767731
2.38521332
1.07324219
15.48709553
6.19470744
1.49743683
11.00658993
7.68819370
14.83317016
9.64978058
6.96529144
1.43509918
1.04101562
1.12837738
9.91731002
4.79484818
19.57633422
3.04280640
8.42842310
15.16634032
7.14579565
4.45987657
7.93622063
1.76472961
3.84188054
8.00793550
2.98872894
7.49560173
2.81689827
4.52734375
18.47114584
5.05619791
4.64453125
10.18314606
0.64595551
5.50166778
10.71472199
2.01802582
4.21875000
11.90640736
3.32015514
18.91357422
2.16255707
8.78710938
9.95133422
8.55671931
2.67659796
13.79025512
3.22009308
0.67041016
11.19741800
0.99354055
7.67655364
12.67657802
3.25278479
0.19791656
12.84346635
3.56725046
5.99655141
12.66060394
7.03861481
15.40507964
8.92110261
20.19832336
2.43003233
4.00711381
7.83525376
15.56396116
4.42736038
3.50424091
0.37084961
22.47127009
32.33817597
14.67923981
6.94466187
2.49829288
20.83691406
22.71577350
11.62048869
5.80603058
4.29280640
9.13760417
6.13538563
3.08203125
8.24547873
7.41850011
20.58467310
7.71370235
7.25444259
17.64408356
4.46618683
12.34765625
15.03779810
17.10047590
7.35112477
9.55481050
6.30647828
13.76142842
1.48075908
9.76960931
1.43815436
13.54492188
15.03816711
2.94470246
3.59871399
8.09029144
1.67675781
7.40111910
7.43149504
3.42566323
21.39953395
0.91813359
18.99767786
2.07894171
11.96188832
5.30843639
3.29882812
2.83731993
23.79048738
14.21581533
4.55798869
12.67931849
5.71867132
9.81309509
0.93735261
6.36629211
7.94474180
15.81058622
11.10526706
6.99487367
2.68058289
7.87711547
8.68440049
2.18457779
19.12369127
8.08936170
13.59118683
13.59094083
2.19270999
0.21643066
3.64940908
35.51908854
12.59353835
3.52409685
3.43497618
13.83837953
2.17171265
0.29980469
6.45913675
1.64348348
8.04254057
4.12992464
0.98978668
7.62548454
12.87252175
3.71634918
8.55867243
12.61365026
4.47611481
29.87154144
9.77689606
15.19006317
1.02327515
0.32055664
13.95863975
2.10581338
11.56153288
2.46939689
9.16755541
16.25431959
2.60608377
5.45357269
0.15523285
10.78119571
7.42974179
7.87890625
3.37409246
7.83549977
3.59863530
23.06396360
7.84387300
2.22790558
13.08057991
6.95020279
0.98388672
7.76626441
0.96420434
14.46146388
8.98535405
14.88659575
0.71004336
9.86750222
1.31218528
6.91113281
1.77937805
3.70792664
9.01025266
2.54655031
0.08601930
23.86430084
3.14513631
17.91239971
4.97957336
2.13130707
1.44966644
6.47521942
0.12841828
4.13980829
3.88753546
11.20658356
5.61265626
6.53923980
3.16210938
6.05703270
7.75826019
3.90889185
6.27604499
3.90177305
14.71622493
14.88883422
9.75395057
18.48640930
12.06717864
2.19738863
9.26818817
0.12536652
11.74295989
9.37422761
0.02794403
2.62589165
30.69832710
4.03441822
19.75179078
12.15865580
3.27180907
16.12422761
27.72957336
11.07091506
6.73369126
12.41060394
3.25435394
1.90332031
1.05830715
3.91756351
6.64798981
1.77095551
11.03291778
8.66918883
1.25785433
5.26428192
0.05092408
6.09330231
9.93164062
3.81294769
0.79740387
13.10652649
4.51580271
10.04993018
2.95792664
9.95800781
6.45389739
0.86153230
13.87469482
5.25000000
15.88871122
25.78511193
6.94449579
3.35869126
1.50488281
8.18000970
8.94685727
4.63517398
16.04655280
10.04626201
6.63850953
4.36283356
13.15633361
0.19307496
10.25219415
3.98608710
1.08353668
12.41406250
6.89408356
6.38627106
20.28391998
22.93444482
10.73922096
2.75284851
3.74414062
8.72297097
7.16520390
6.37541334
4.21643284
16.05379211
11.07905973
3.50582003
15.93660461
0.70169700
1.80697030
8.02689606
11.03710938
4.82857269
9.19441711
3.59615082
9.34647053
13.70646055
4.98267287
9.54996454
30.70194426
2.89368018
14.96439606
6.53360650
4.07080452
10.61450133
1.85864196
7.25972628
0.74365234
15.73889129
2.12381926
12.37347163
11.96016511
7.83195257
5.93615692
10.40368683
3.55513519
0.54545074
0.44022613
0.45109070
5.04642731
2.35786957
25.67439384
15.42281471
4.42578125
6.98905364
15.30826906
8.98437500
5.34330231
2.24849457
7.10530142
4.58219858
4.30468750
16.76639739
21.08101286
10.19661126
4.18254100
1.70605469
0.82722961
0.01240052
5.94140376
2.88635472
6.71228058
10.45328236
7.59705119
6.82543883
5.59688386
3.88281250
0.76961118
1.99064273
2.64257812
7.08703208
14.63606937
6.03719304
1.96076768
3.12569869
6.70499695
9.82287567
2.36853058
13.85484376
1.85999999
39.98628380
8.41605995
3.00390625
5.89363586
9.85156250
0.93765674
8.43265653
7.06739029
6.41841644
6.86328125
14.86299590
13.79431183
4.98860594
24.85601951
5.36126440
4.41565159
10.76349956
1.29163563
1.87207031
9.01953125
7.03877217
2.50179576
7.44832336
2.51110871
11.78254876
1.83073249
17.05944482
13.15405585
11.14501330
14.99714650
13.22982934
1.09375000
2.41718390
2.82402703
3.48286957
11.34195922
2.99612811
4.86113142
13.71439606
8.67089345
3.22131815
4.81384308
3.07466644
8.33939606
4.13716644
6.28336547
25.13991116
11.04215702
4.67578125
2.80708832
13.95568817
3.06774933
8.10758422
7.88415558
15.65517731
8.56076351
2.82552249
0.00219917
3.88574219
14.56506317
9.97745789
49.32800200
2.12947695
5.08068817
1.93688778
3.17932347
11.57633422
3.47701019
14.95568817
0.51196351
6.07421875
6.04207336
11.41520141
9.72276929
2.07349567
2.91300476
19.56720054
2.96411569
1.42285156
12.75096099
2.49798479
6.31443372
19.46056849
1.94165226
20.64411791
5.65288009
5.14978058
1.23189301
5.93359375
19.62207031
9.45535247
1.99315035
5.13286679
3.40323914
21.95376784
6.77519392
17.53450687
3.21240234
1.80619293
19.91137633
9.21350067
1.43416445
3.49609375
12.14408356
17.43602394
30.39343916
8.15674202
5.74955231
3.66898714
5.34285461
17.93404144
11.22074371
17.14135306
7.30050088
3.78080231
4.33434841
17.54276706
5.11885528
6.05122894
1.59529726
1.18021637
0.02746582
6.64316823
22.17208665
8.17400044
7.97168218
0.54541016
19.46004211
15.06383872
10.61076241
8.50179078
5.02472968
2.51652537
9.09375000
14.93391844
7.24881428
15.74343146
2.96224000
6.35502106
5.27604499
3.82812500
28.50439453
8.33247894
1.58792114
16.54943817
10.82812500
3.18493683
5.74035240
10.30554604
1.44877106
13.34810394
3.35085135
2.17356271
0.03027344
0.64400114
6.25577571
7.70525565
10.06685394
5.66202571
8.79455784
1.57144393
6.39775376
48.26126607
11.83228038
4.37206782
7.95847951
12.45312500
9.09570312
6.48046875
3.75826019
16.33915005
11.18774601
10.71439606
3.97550476
9.35233489
12.63985261
10.38871122
3.61865359
12.05904144
10.70417775
5.04525155
1.27746675
2.21724457
12.35984708
6.11280917
14.20312500
2.83601618
1.01412206
25.82812500
3.47749848
4.57332336
6.32377106
10.69966644
2.58202627
3.56881205
15.59289333
12.67724734
18.88293550
5.56363642
4.49255651
4.90714539
6.22611481
10.75000000
3.72265625
0.21789551
5.35937500
10.58247894
11.30533688
0.85197085
2.55362976
12.71695922
0.04854371
13.68614695
9.33208056
4.50883089
5.22741357
3.48474401
1.65112367
1.70739528
3.16890722
33.19189453
3.05708832
2.72155170
3.16609929
4.94152925
8.58581450
1.27596382
46.40234375
7.87841797
7.12365692
3.91035794
8.43864140
2.42818207
2.52343750
12.59106383
7.72124142
5.74022494
7.02274380
10.76356286
11.71053413
6.50524933
1.10591644
7.81250000
2.73738586
0.34493012
15.06465481
20.31665226
4.02298981
17.22261193
1.91064827
11.13793883
7.06083222
0.68941254
2.15962427
0.01127106
6.40926086
19.88134641
1.60339511
1.67187500
7.76012966
11.86051640
7.68750000
12.79715786
5.84008976
0.07670105
5.81791168
16.73392731
9.81685394
7.42675532
3.02681737
13.42443817
4.81506317
4.31909242
7.41829344
0.36812410
16.16654200
16.31152593
10.39933289
0.16849762
10.59029144
5.43879128
4.08562278
6.98783356
1.26843168
8.16662567
11.92450688
11.99537566
2.16752106
8.74218750
6.06294769
0.64643974
1.56832253
6.68404144
19.46004211
15.79557001
3.66968085
11.83612548
1.24780087
5.93513852
11.66532690
1.00622590
3.21791596
7.19396817
2.80013187
3.74218750
4.73368130
5.21260777
3.86975067
0.94909699
0.41361481
2.02616301
8.60126718
7.38583333
1.75927859
6.03649933
13.18822806
16.77384087
1.43441544
13.34887633
0.47631898
10.68814938
4.19376773
6.08683289
5.91796875
1.81547027
7.30411680
4.78182070
2.46919769
12.84753325
1.12316988
12.41306881
5.45312500
2.34008976
8.49129211
1.49165863
2.49840779
7.12830119
1.84712738
5.68359375
4.79207336
5.22464872
2.74650210
18.63731903
4.14062500
13.69531250
2.98799092
-0.06660420
1.40275055
3.28906250
11.34810394
9.92789672
2.62500000
12.64497894
2.49548371
14.55419548
10.96720523
2.99572972
2.78365082
14.51334469
2.63667941
8.91149933
0.16369629
3.15579981
9.67737034
4.95100953
5.73156583
11.57466644
6.93851839
2.69698028
2.63248781
6.38048538
7.88709275
4.93314606
2.87304688
9.05904144
12.74564606
10.69367908
1.47669049
12.12581173
15.35001773
5.39331117
3.45808899
7.59541778
11.33516511
0.24479156
8.50948028
2.28153535
17.11450133
6.41719636
10.35668883
9.53742939
13.83142619
13.93916778
8.98628878
17.25000000
8.63012633
4.92065492
1.20019531
9.96768728
5.07829233
6.73982602
4.03841312
1.43554688
5.91918883
5.89876219
8.89253878
5.33813165
5.20304632
5.61909630
14.37097573
2.69185394
3.14746094
10.66083749
2.86854055
6.28995789
1.75000000
0.72705078
1.86457253
2.24577903
8.08939606
3.12845856
0.52014129
2.66780640
12.85029560
3.84448803
11.20825133
17.44942044
14.25024601
2.39872285
6.59765625
7.59765625
1.75000000
14.56314938
11.30912013
4.87203346
7.72566711
4.87377992
2.89062500
9.50451131
8.00586436
2.30017121
20.34818512
14.51660156
0.09921233
8.77087433
3.18363309
12.03751773
6.64277483
6.16614361
4.72233156
1.50931793
6.94140625
16.46622119
8.76534463
23.27876240
15.49182845
8.63000333
13.60978335
4.19307403
2.17236204
3.21896549
3.55191268
3.13558732
1.16894531
11.11639518
1.10430795
9.11351231
8.73955562
15.80977200
6.15258976
13.28035461
0.89473418
11.54666833
6.14803413
5.04431183
0.77933746
4.01652039
11.01386858
1.88802748
0.82368988
5.99238919
5.58919437
13.16829344
15.20996094
14.35681183
2.08382203
0.32421875
1.60929383
2.34077848
1.48051058
11.09375000
9.15881317
0.65173371
2.77343750
16.21927887
2.07617188
3.45161957
15.02766844
1.55932679
2.17472351
5.30814606
7.92187500
9.01997894
12.71439606
19.11077683
3.54982712
16.89769947
3.07690990
18.34251995
0.65658466
14.02628601
7.90917969
4.96484375
8.67533356
6.77388519
1.56835938
12.78921986
8.90076213
2.45747894
15.77164672
12.48380430
3.73433566
6.56640625
0.46431488
12.04508422
9.23311060
0.99210259
5.96118849
5.71875000
6.03125000
12.75552970
5.58024047
9.86690713
2.40274214
9.77621232
13.55759974
2.64475287
3.59615082
3.89688276
6.35702349
4.94531250
3.11124072
5.52942486
11.65344083
12.61218417
1.51216644
9.06416778
2.41434785
5.27241911
15.50838320
12.51216644
10.92252438
3.50012300
5.60457336
4.34387300
3.28310700
3.21591644
13.14724181
5.89649933
10.78906250
5.55769836
5.56294769
4.80000886
13.61372894
12.18302305
13.16258644
2.51872949
4.62019836
2.18103058
1.58711326
6.63330452
8.46056849
7.52063331
4.81551086
26.98482269
2.86568207
8.34887633
10.42354278
0.83353793
21.68412262
5.98046875
4.75000000
2.57271332
5.83894836
0.10746277
20.34023715
10.87783523
6.01803080
6.36295656
14.77510528
0.73063234
13.32482381
5.85050975
2.38911957
8.65994460
1.55054521
4.14107269
6.63707780
3.39807845
1.42480469
5.10729389
11.22270057
1.38484929
6.69531250
5.99425870
16.47486037
1.56542969
7.81807403
5.69755097
1.75931793
0.71728516
22.53229273
5.04935948
10.01216644
0.05605072
1.59765625
11.86234154
10.70071920
4.29196032
0.68404144
5.44262633
9.79792775
8.55632092
0.05770874
11.48278341
15.18770667
3.68204898
8.39408356
1.61470551
14.98771055
10.22977505
3.05355108
10.12500000
1.82173676
0.01210022
1.25292969
8.78816711
3.57714096
10.81771498
5.27448776
8.99048537
7.04276706
3.19726562
3.46919769
15.54520660
12.92687833
1.64148105
0.48563629
20.23721853
8.57364805
2.31112256
9.22237090
9.18033688
6.70727726
13.15266844
5.34822695
1.08736176
1.42956450
3.59582613
1.50781250
8.04272274
1.72485538
18.56351715
13.12064606
12.41918883
3.71016511
4.87845856
2.63130707
5.26438997
4.95541777
11.00870789
13.86372894
4.32153258
3.88895722
7.78938719
12.74018507
3.65056294
10.27164672
9.76149713
12.40346076
11.60689301
12.05411431
8.18351507
8.82336519
3.46289062
11.62304688
9.88627106
18.25231716
12.13049534
1.64009613
12.98505874
1.35283189
10.55704400
2.49178413
20.94999114
0.11736723
6.08471742
6.31652925
8.16393950
13.23270722
5.19746233
2.35270888
15.28560394
7.26953125
4.54687500
5.83434841
1.74377659
6.90881317
12.13655142
9.74536569
0.70292207
12.98212656
12.94756094
17.67757629
14.42533356
9.49743683
3.02201075
5.29333776
17.45417775
1.61808787
8.73408467
0.13525266
6.15336214
5.59838867
15.25984711
2.16601562
16.33402372
7.52490359
18.30745422
14.77823914
24.16796875
11.76562500
7.85990138
2.07804632
8.75516754
14.50903258
13.35469636
10.25638824
4.76997894
19.34631317
4.04642731
1.81624390
6.90807514
6.72473736
0.80078125
6.47346548
5.28743905
20.34554078
12.84785794
2.37740082
13.81673343
1.22460938
14.26704677
0.06278722
10.40140404
7.80863807
13.98453236
1.38452709
3.20117188
7.94681295
-0.11234029
8.65396720
4.90072030
0.74613434
7.05586326
6.43086326
3.33793993
4.88191711
2.14220849
15.23893561
5.00870789
18.94966644
4.46439606
4.82857269
5.33744293
14.60333252
6.76216644
7.52807181
11.58822030
2.06420712
10.83278080
2.33683289
13.55765404
15.52038917
11.85892232
12.70296764
12.48184619
5.36075743
8.03390181
4.56640625
4.20011414
12.45263672
1.21191406
1.54589844
6.92533356
1.68501801
1.39257812
10.94352172
0.76924590
6.66027925
7.40881317
10.93448914
6.49910461
13.60758422
13.71073083
3.75919991
9.13692044
4.11263187
12.43750000
2.11132812
2.98091644
15.18212766
1.86279421
5.68436115
3.98556072
6.65958555
2.69319703
8.87768617
8.70222961
6.58235594
3.02551363
9.40881317
3.72595246
11.22285794
8.11307956
3.32466644
8.30725067
18.31985982
7.68376108
16.18827239
8.73270722
2.89900820
15.99719083
7.85783023
5.00390625
9.46439606
4.84240442
4.34802526
4.52363919
0.79854527
2.09375000
14.96939938
9.30135195
6.37035946
8.63139073
1.74092559
4.66630097
9.54943817
9.71093750
0.54427125
0.38818359
5.24218750
15.58442709
8.25732048
1.45512743
3.80965149
1.52473439
6.72852061
8.78995789
0.07731141
0.90368652
2.56791168
11.83158356
11.43404144
13.62935394
0.29032379
14.77743530
2.63867188
15.82812500
16.03352813
10.94169160
1.16353607
3.32226562
10.88793883
13.24190215
10.09899933
5.73795656
4.31551086
1.71085633
0.76708984
12.00240082
16.69169098
3.52193207
8.00211547
7.58382203
1.37792969
2.94726562
6.87410461
4.24161805
6.81860040
7.00517065
15.82076019
3.01713043
16.47723389
10.07812500
13.58308899
13.70023216
6.67371010
7.83618164
6.00211547
9.81864472
2.71679688
9.16573028
13.93391844
7.95808400
4.88143506
8.09118683
15.85685242
10.11629211
16.14933289
1.34863281
6.86328125
13.83158356
0.32446227
3.16914949
9.10937500
6.59285461
2.05753601
5.47656250
1.39453125
0.00899506
5.65958555
18.09554078
7.09118683
0.26355012
4.74177665
8.32938940
7.69270501
2.19173592
6.90234375
6.88716644
0.02723694
4.39408356
11.45943207
0.80423981
6.02811614
0.33365968
5.39453125
3.48046875
9.29252106
3.42968750
2.57592587
0.05196324
1.20507812
9.78433954
1.65706671
1.01757812
14.41365165
13.56307257
4.27311281
6.89888519
6.99955231
10.27498227
0.71370609
15.06079153
7.97282358
2.11644199
-0.23753574
3.72416168
12.35212822
9.59851479
2.52058899
7.10201019
0.28120941
9.41316711
6.15323914
22.73840332
11.58569149
15.89593744
13.41813608
5.91739805
9.67110261
4.43404144
9.57031250
0.48771180
8.05379211
1.50187195
9.97220856
0.04631561
1.50292969
12.88605940
13.76148271
5.37544769
8.93981716
6.73250554
5.55200133
2.40458222
10.52779144
7.31595856
0.65523285
6.29296875
10.69877106
7.80904144
10.47912567
10.97199690
0.37407275
9.69042969
3.06835938
6.96093750
8.90100067
6.09073914
8.56587738
2.83504211
4.96573914
13.38704344
0.72623781
3.62650543
4.62500000
0.47533993
0.10567417
7.86584442
9.27294299
2.75041334
21.77689606
18.10835661
13.07628990
5.72026041
1.51599152
2.36372894
5.60713653
0.20833375
3.93013519
7.48002106
12.33939606
7.01306183
7.55859375
12.30033356
0.70357269
4.27298981
4.39062500
1.43676696
14.64152039
5.23303192
12.53829011
13.37500000
6.93359375
0.11303711
0.17425475
1.89766511
0.69828277
18.55533688
7.70292331
18.77945922
7.55904144
1.64542664
8.26924092
2.72099346
12.07303303
4.05107158
21.10262024
11.00154477
6.05883976
5.94531250
1.90661278
10.94490913
4.96984708
7.05749667
13.64754211
4.74698914
2.15039062
4.05468750
2.28482658
9.10730385
3.05513519
11.88793883
14.03100399
9.81762633
2.17749335
11.63972961
2.16874114
0.54992769
1.52148438
6.12019836
1.78892693
4.21789893
14.82103059
5.49537566
2.29829926
1.91601562
4.88614805
21.33207059
6.27176972
4.96899601
8.06595856
6.90926086
13.68070091
1.40853280
8.99218750
0.83740234
2.69531250
6.31282469
7.11917997
0.42102269
8.87577239
5.55039728
4.27020057
5.80948914
0.43066406
9.08850067
0.03546174
10.96455342
14.49332890
5.75984929
3.80721132
13.35591644
2.26713043
3.83443207
18.17584073
8.03035461
12.77278812
9.11283356
3.71333832
3.61433899
9.62154144
7.60973405
9.59297761
4.38802748
19.81982422
4.04252106
13.77375222
12.24968528
0.67622894
0.26889889
10.10437167
16.48482269
8.64062500
0.03396606
6.67879211
18.42187500
12.37980164
13.90625000
0.81062805
3.83459442
1.01688691
0.77539062
11.86530807
7.59908798
0.74165863
13.18512855
2.34807457
0.40954559
10.88806183
0.60111481
0.06783051
17.94238032
11.22595246
5.31274601
7.40372119
13.57865138
8.05323138
12.45357269
5.87109375
1.58540863
9.43660461
12.27786016
3.53393617
1.11488031
3.78515625
2.03440026
7.20874335
10.02600067
10.76460661
1.07613253
11.93725399
14.68428745
4.28560394
7.41796875
7.96695922
25.98962433
1.51704926
11.78967254
6.96174424
15.05990248
7.05692597
3.70812833
11.70247562
3.67427582
18.41727505
8.85595579
7.05985815
1.36027039
18.00621344
0.85047539
10.28739472
3.14168274
4.45056183
14.22558594
9.70902496
2.10201019
2.73437500
5.29508422
0.06085236
15.10937500
14.88972961
2.87198914
17.59322113
12.87320922
5.38781583
3.56807652
0.93851715
14.81802970
9.97103280
0.64839691
6.03035461
11.20486896
3.59583111
10.36694149
11.34254123
15.14603170
0.22404491
5.98067044
0.36259128
14.46381539
5.60259086
1.47363281
9.51936641
3.75415226
19.81986481
4.64152039
1.17720551
7.65868019
0.81857352
10.37679078
1.05415863
8.60042110
14.96464206
2.28259308
7.92541224
5.52726507
11.74165614
7.77201573
11.70943207
3.92476286
1.82035433
12.83504211
0.18839539
2.18119293
9.32966977
9.65087766
13.18195088
8.76839982
0.71240234
4.28470856
0.03175873
13.49218750
8.88972961
4.72355164
6.18037622
3.94588320
4.17513187
9.92097961
7.38069703
17.15979980
2.94364472
16.26260417
7.08951906
6.28459552
0.56103516
11.59585550
4.89153036
6.04732269
11.27343750
2.40083832
1.55269254
0.59818636
14.65478516
4.65234375
8.40881317
13.98688387
0.03114195
0.49991883
10.29569177
4.22827460
10.79943817
0.26692750
2.00443512
12.70479278
8.81058622
0.65071781
12.78832946
6.65022828
9.98962433
4.25870789
6.42297208
1.84611148
7.55859375
2.14754211
5.57946808
5.40535461
7.82649158
6.29895611
11.11718750
7.53560394
1.57400336
1.55856500
13.70222961
3.57857269
7.73950133
0.10689363
0.50830078
15.74877743
8.10437167
9.80212433
1.27488189
1.70454926
14.41752106
2.85937500
0.60742188
11.32966977
8.23718417
12.01127106
3.88476562
7.95344969
3.25781250
5.98449800
2.56205231
11.49246787
3.49776651
12.16381400
4.66333444
2.66121430
18.76713043
18.21875000
6.56070922
2.10575410
8.11718750
7.75301086
11.05419548
13.67236702
16.19877106
0.57124848
6.85323028
1.02364168
1.13964844
7.11238586
17.30932181
5.02136635
5.50781250
9.48002106
3.97489472
16.48482269
10.12629606
11.35168550
8.91137633
3.60424867
0.04364014
5.50552970
11.73665780
11.68904602
1.89595551
7.33150238
10.64062500
4.37109375
11.92227837
0.55037788
15.29207336
5.22310394
2.71289062
12.17533356
8.01216644
1.37544769
8.85579344
1.54952058
8.93599457
5.99776153
7.79431183
14.94771332
5.26171875
10.03384752
18.75163342
4.73840425
9.85111481
4.55468750
3.92187500
7.83762966
3.67063053
13.14139739
0.24214754
20.12735151
5.17208665
10.89152039
3.56791168
17.61027039
10.28125000
16.27537537
0.28702727
0.09285554
7.03125000
3.96484375
25.81257868
33.06302638
17.23572307
5.37622008
1.22827211
6.29296875
0.65039062
4.86930297
16.80882979
15.97302526
5.11792553
16.06050629
8.29162567
24.76501496
4.80423981
3.28365082
5.21484375
11.47566711
19.93728835
4.18079454
15.54150266
9.58695589
10.08496094
5.54642731
12.53560394
12.16406250
0.55782012
6.27734375
0.14318910
10.99828416
6.51302748
7.64152039
14.53816711
6.88627106
6.86027039
6.68404144
3.48364196
4.53385001
16.38728945
8.00049202
11.61104278
1.71317597
8.43135528
8.22054078
0.69868988
0.06116730
7.49519836
7.75435394
12.06250000
1.34659851
10.24861259
10.65115803
3.49821919
3.99218750
22.12853848
20.85391650
8.56002548
21.40669769
16.62064606
2.16255707
11.90970856
8.87221521
1.62627936
11.51729278
5.81473847
2.95507812
4.68558746
13.20914672
0.75565644
3.67382812
14.40734770
6.14465425
3.59480774
10.98872894
3.41723571
0.58662996
19.37702682
13.55530252
7.00126440
22.53470856
13.82006805
6.87308622
6.27234042
15.64152039
8.68386555
6.15010528
2.15653535
1.37011719
7.06595856
15.76997894
3.88867188
10.23693817
4.31701131
0.64872783
3.63281250
0.63623047
9.00772385
7.12508865
1.41939301
6.08185395
1.56764128
10.16580646
