0.38321587
4.63664007
7.26562500
15.97117952
0.90332031
7.19563719
3.82389406
4.88671875
15.02343750
1.32714844
11.00519504
4.51433621
7.74609375
5.76985594
3.30826906
2.93619626
3.24544437
10.95312500
3.64062500
13.98437500
5.78612783
2.91602061
8.51692376
7.67096152
3.00000000
1.45507812
12.20995346
2.59278091
5.01660156
1.83984375
6.01171875
0.43212891
4.10937500
2.36555907
0.58414797
6.36328125
1.64941406
6.03971188
4.54622562
0.90673828
5.19075189
4.71028812
0.20418460
12.60937500
1.38769531
1.92285156
4.26301751
3.23209718
3.24902593
7.75000000
2.88085938
11.82355940
3.54362810
8.81802970
2.08431405
3.02929688
3.23453610
0.38321587
9.23039007
1.64347414
3.25976562
8.84375000
15.94954344
5.56608156
9.84684079
3.17317874
10.39843750
1.62695312
16.78125000
12.64680907
9.75846188
10.19824468
2.95117188
2.21515847
3.15593528
0.63281250
3.25390625
6.03515625
1.53027344
4.22086547
0.02498414
9.23046875
10.99706782
0.24707280
11.77766844
1.49934813
5.37435062
6.48469969
4.97037843
5.66796875
0.96777344
15.05532720
3.22266123
15.12500000
7.76171875
5.58593750
3.84375000
1.20605469
20.85839096
16.20638187
7.72884530
4.95986980
8.01018395
1.08691406
11.01562500
1.17968750
11.99218750
1.81770750
0.22281984
9.01204344
5.85514406
2.25976562
2.67773438
6.12988032
0.29492437
15.28873033
0.58609486
12.00244016
2.36654310
16.23046875
15.95995346
4.56948084
2.11314383
6.03027344
1.28662109
1.93587157
4.82780031
3.06835938
3.17578125
11.04687500
3.63964595
0.22680913
7.46678192
3.74024933
9.69173094
0.40958742
8.05467753
0.67188497
6.88671875
5.40234375
3.67415032
1.82356937
5.15755374
6.80078125
0.85253906
1.10449219
0.70361328
2.76171875
2.88313719
6.32389406
8.01562500
1.47265625
10.99129211
1.25968445
5.25000000
4.60111481
0.10524506
4.31932348
2.74903590
3.27164049
6.51302748
5.02929688
1.64746094
0.23567625
4.28483156
6.75000000
1.68261719
2.39876219
4.92155031
0.70697021
4.77343750
7.22656250
3.59179688
7.26887689
14.93521720
6.04525155
5.83984375
3.16406250
6.39062500
12.22460938
8.25423094
1.72851562
2.34375000
13.34733156
5.55859375
13.01985594
13.24194336
4.26139406
2.48242188
5.77929688
1.12109375
5.41406250
3.76171875
11.56250000
6.21484375
12.67968750
5.58203125
2.62304688
15.51114493
9.99088874
3.00944093
0.87255859
7.67578125
4.89062500
19.74055907
13.70377438
11.59993407
3.24935062
6.03483156
4.26139406
7.72656250
1.75097656
3.16406250
3.96093750
5.38281250
5.23437500
9.97298094
0.96940187
0.42236328
4.58984375
3.96025262
3.00293218
1.57682375
9.25454566
3.87826684
1.88183594
7.29492188
5.34375000
6.98046875
18.32226064
3.26953623
16.32161126
2.46093750
13.28026596
15.64062500
3.48535904
6.84798094
1.79069093
2.45507812
5.59342033
4.64290780
0.44580078
17.14062500
11.80395259
3.40918218
3.50781250
7.21093750
1.62011719
4.08593750
8.16829344
1.36230469
17.65644411
0.04815674
7.27083001
5.69010749
1.35872313
15.52844238
3.11914062
1.49186281
4.73144531
5.80859375
1.79589844
11.75194814
2.08984873
0.35847899
1.59635500
1.81152344
5.50423094
8.61295656
1.81724579
5.44923370
3.74837157
3.02701906
3.44921875
0.03198242
4.19823970
10.80371343
5.33984375
6.20312500
6.69531250
3.93359375
0.80957031
2.16406250
1.52734375
10.80110594
2.88281250
13.43761958
1.25488530
1.74340571
0.15779477
14.14754211
11.30826906
11.22363032
7.85628546
4.54148272
7.12437056
0.34838867
6.20180132
3.34312056
15.72427970
11.92806405
2.09179688
11.15625000
7.17578125
2.26757812
20.29251612
6.31152593
9.88281250
5.43359375
3.20312500
0.47021484
8.08593252
3.50977061
5.93359375
1.24218750
3.76953125
3.41601562
2.55468750
12.09464352
1.95638187
7.52734375
0.69384766
5.17919922
2.69563719
11.18750000
17.45670656
8.01562500
2.35937500
12.57942376
7.65495124
8.85937500
15.61360594
2.65201906
2.87890625
16.38735816
11.00359153
7.92545656
5.56250000
16.02408688
2.17708499
10.75064938
6.92513187
6.08723626
6.75651374
2.14453125
9.07681627
13.01432126
11.53268726
10.23013908
2.51465093
5.21419437
4.29459220
4.31966312
13.71799902
2.01547761
6.17187500
9.69531250
19.99218750
6.53906250
8.98437500
2.29296875
10.28059564
11.96745124
1.28808594
10.86848626
0.80045905
1.14941406
12.20735594
11.42675532
6.30729499
9.86425532
9.65539052
1.61426529
4.76953125
4.23828125
8.89692117
3.32390403
6.38476562
3.83984375
4.35156250
2.47521734
2.06445312
3.30273438
20.43358877
6.40820811
3.90820312
2.47786126
1.29362311
5.28515625
5.77148438
3.25781250
6.04719969
4.30110594
2.43099124
2.30859375
1.07535143
5.18490248
3.48242188
2.54492188
14.68961422
8.73274158
5.31348404
23.30012689
0.11271055
10.85424867
2.43798704
5.40201906
7.49967531
6.23828125
2.60937500
2.73828125
6.78125000
0.10357666
7.29915282
7.91796875
2.07584718
3.69726562
7.68001219
0.45182375
8.18750000
0.04144287
5.23079344
3.90657469
8.27343750
12.33170656
7.97233156
1.20898438
1.98242188
8.68750000
1.48632812
0.00849915
3.86002438
9.16485794
5.19531250
0.92089844
10.00488032
3.69629155
7.16796875
4.18651098
11.27247340
4.44917679
1.79508297
5.41731937
2.43554688
1.92903563
5.03483156
6.14009374
2.46583277
6.58984375
11.83593750
5.69531250
4.98860594
2.23649172
5.56673094
5.56640625
5.14062500
3.39908688
3.11426030
1.84179688
6.67162587
0.45084220
4.81868905
2.71679688
17.70761959
13.90560062
2.77734375
3.72884032
12.10156250
5.14811281
6.49609375
20.53295898
12.75000000
11.03125000
6.53548094
2.31412843
0.07843018
1.07421875
14.39074707
1.95800781
6.17578125
18.87662594
10.53483156
0.53971437
9.42008422
5.91714955
8.15007092
16.75846188
3.97591312
0.89794922
0.74267578
1.55305657
8.69043218
5.05859375
4.76170878
4.55046653
5.62109375
8.91406250
10.71548316
8.06511247
3.00456061
22.56266110
5.60123781
10.21695922
7.39453125
0.27148562
11.10058594
1.43164062
12.08593750
1.64746094
2.15592282
3.37239749
2.70703125
10.64843750
6.84275599
7.47942161
0.72134752
18.12793467
13.39257314
3.00326185
5.71875000
5.27099609
5.43424313
3.07161624
7.42187500
4.09765625
3.43073963
5.77116467
5.66796875
3.18750000
7.19531250
0.59326172
6.86002438
3.06380374
5.98632812
14.77343750
4.88427734
12.82812500
12.22688719
2.47233156
4.19954344
1.86816406
2.54655031
1.26692625
1.34537843
6.03125000
1.38574219
4.05859375
0.34240598
0.06884890
1.30957031
12.24218750
4.26236813
4.25358156
0.70524172
4.79687500
13.08593750
9.62564938
4.28060062
6.42643063
1.06119875
3.48014406
9.77343750
7.33593750
4.66471188
2.63411624
2.17187500
6.26562500
1.08105469
11.19210815
2.28827932
0.49592642
6.27962655
18.35758422
1.42463663
7.32178856
2.72460938
13.36718750
4.00634766
37.17252438
1.79036624
1.84570312
15.92252438
3.78678468
8.34733156
0.18811035
17.15852782
3.86328125
3.84537843
1.96777344
6.68782469
10.94889406
1.50781250
4.80859375
17.08626219
7.03873781
6.54914783
2.10547373
4.85123781
4.88182846
4.00098404
1.36914062
4.83203125
5.14696767
2.60352061
8.18098626
1.56510749
1.72460938
3.56250000
5.30501219
5.98405031
3.20312500
6.31640625
12.47656250
4.29491689
3.78711436
3.33593750
16.84375000
12.57031250
1.08691406
2.80273438
10.57633422
1.19612672
11.57397461
11.60859607
0.24796321
11.94441711
2.08935796
10.73860594
15.69009752
8.88379654
6.16015625
8.40429189
0.52539561
14.00781250
2.17578125
8.18879876
4.37370124
0.97705078
2.11180145
3.78712433
1.83007812
13.66829344
2.13053468
12.46028314
2.14518561
9.37500000
1.28808594
3.65429688
9.28971188
6.90950687
1.02896969
0.88997562
4.90657469
3.10514406
8.09375000
3.72460938
6.65625000
6.15135971
6.40528091
5.05468750
7.63671875
5.12109375
5.17187500
11.99481010
2.73665282
7.31608156
11.08593750
0.60937500
3.46093750
1.63574219
3.90625000
0.50878906
2.14419410
2.53842309
5.48437500
10.25096410
6.85970966
0.94676862
15.74366107
3.97265625
12.09375000
18.53125000
0.92415282
19.50488032
8.15917221
5.06609153
8.39485594
9.34733156
9.84765625
5.72004876
17.52278812
10.22616966
0.79427000
2.05631593
4.78287345
5.00879155
2.73088749
1.00292969
7.31835938
0.80810547
0.01654053
4.12500000
1.83300781
7.05501219
5.38052970
15.93359873
1.11621094
3.24023438
0.00477600
2.93945312
2.23242188
0.00133896
6.81250000
0.72705078
2.80818415
9.60571227
13.20963874
2.43750000
4.89257812
8.28125000
7.52831782
17.92090093
3.81835938
18.25769043
3.92773438
3.11979001
9.74837406
1.51171875
10.48079344
18.12662843
0.15779477
14.04597961
8.67122562
10.61328125
12.14843750
3.89453125
13.82584220
4.58040780
8.46875000
3.01757812
5.14419659
1.85775653
4.25000000
15.44173094
13.43326906
11.70800781
6.71875000
3.56250000
6.08593750
4.22265625
0.26855469
9.27343750
0.17053223
5.36328125
2.79784907
1.56152593
4.74609375
9.63507038
5.46063275
8.54858398
3.65429688
17.39468612
9.49081193
10.87500000
1.78222656
7.95312500
7.14062500
0.01367950
0.29687500
3.62890625
9.48258422
3.18733765
4.14927139
0.11989365
7.02734375
10.26562500
8.16568595
3.58822030
1.60774657
9.45735594
3.74739749
2.12109375
16.61098848
0.96931073
14.97046708
14.47233156
2.14648438
6.01204344
8.15266844
6.43685062
1.48730469
4.67675781
12.55468750
5.41438719
4.65684561
3.17512689
7.40104499
12.21695922
4.59163453
1.60904533
6.23275155
4.22948222
6.06250997
4.45735594
2.87467531
2.05729001
3.03255374
6.93750000
6.01953125
2.21679688
9.55956782
11.97168218
9.60545878
4.25391622
9.37500000
1.00878906
11.26186489
3.09311059
2.88867686
3.94140625
9.57812500
5.87499003
1.68750997
3.55664062
7.46185303
3.95376940
5.66537123
14.10156250
10.10156250
0.76904297
2.94009254
3.51498559
1.40429688
11.67968750
2.15820312
2.01972141
0.87914229
18.87410959
4.26041999
8.93814938
5.63997562
2.78320312
11.30468750
0.17431641
8.78906250
8.80110594
4.81217531
1.91634032
10.12565187
2.42187500
5.57812500
11.92610594
0.83073000
11.76627438
7.56477283
2.09082779
13.55110594
8.83170656
0.33471680
5.83984375
5.71076892
3.04069592
8.24641844
2.76530031
10.42187500
0.05172729
11.06673094
7.62076906
2.08984375
9.46289062
10.86951535
4.61686281
2.07194093
7.58984375
6.26171875
9.10156250
6.71875000
2.59179688
8.95735594
4.10546875
4.44498781
2.38476562
10.37629876
4.20573249
9.17187500
4.46484375
6.00032220
19.22491911
5.45086214
7.05078125
8.72427970
1.33040780
9.62531472
3.85515403
8.17187500
10.59277344
4.42219969
1.51041750
6.48828125
10.85156250
3.56250000
4.80078125
9.71190160
22.35970966
9.67838874
3.82031250
15.82031250
5.48860594
11.14420656
6.89843750
0.80029297
0.00828552
15.67578125
31.92187500
9.01923811
11.53572639
3.94889406
1.44726562
7.15266844
9.80182985
6.85937500
8.46158688
2.96224124
1.47949219
4.13281250
0.55777953
1.35140015
6.47720191
0.56186059
6.20117188
10.20312500
1.64876219
9.10514406
3.26953125
6.73469969
0.34659914
0.06756592
4.61115706
0.22542110
5.46598515
2.20312500
6.89062500
15.12011719
8.73437500
3.51367188
12.02766844
1.22819093
4.05078125
0.88594906
4.99186281
8.46451906
0.45361328
4.27734375
0.37923094
10.54264406
3.80468750
11.69954344
6.55826906
2.08007812
9.80468750
7.69140625
0.35961914
3.48046875
2.26757812
4.06510251
3.41536624
5.64794922
6.83593750
3.33349609
2.95898438
4.45312500
4.91796875
0.57373047
2.81250000
3.38598571
0.37793031
9.68391844
0.97639891
1.11067874
7.71695299
3.20443373
8.81673094
4.71842531
9.54687500
0.44474242
0.12410523
14.47508644
0.63819481
6.67218972
3.19531250
2.83398438
13.30891844
12.01464844
18.28483156
2.00195312
8.45312500
0.07031250
7.52306029
3.90592531
0.09164854
9.09799389
8.54687500
5.64453125
1.62207031
20.80468750
5.70409907
12.28841312
6.72655253
6.95281028
4.78515625
16.84016844
16.15201906
7.76603024
2.11849124
3.36132812
0.83398438
2.20312500
13.60465204
0.77620733
9.05646706
12.43376731
9.17968750
7.13281250
2.69140625
8.77343750
2.92773438
1.26562500
3.29687500
4.41015625
9.32031250
1.26757812
6.82909907
5.36230718
12.05664062
7.72705078
0.35620117
10.07273895
3.97462433
8.18750000
2.04017317
13.41209442
10.18588652
1.40787843
6.93750000
5.97070312
2.22656250
2.24804688
15.71093750
10.51269282
9.26757314
3.27051529
2.37890625
13.75781250
7.42187500
6.90836547
0.12703492
6.42122064
4.70182624
0.93701172
2.39648438
15.21751448
8.27604250
14.15625000
4.15625000
18.15820312
12.17864315
6.85091312
2.68196033
10.23600842
7.78125000
10.91406250
6.94498532
6.27278812
4.90234375
4.41796875
3.69921377
9.37305186
5.36067376
3.00456061
11.93391844
7.50748781
9.72265625
16.80891844
1.90494875
10.51562500
1.61621094
8.77343750
0.76855469
6.72167969
0.13525266
10.76123171
16.15625000
2.20703125
9.39843750
0.01327515
5.40234375
0.46512567
1.60433233
17.48827128
3.66472185
8.67122562
21.61848626
7.85026374
3.36132812
9.92187500
1.86132812
1.08984375
6.85937500
6.38049316
3.36718750
8.07812500
2.48828125
4.23046875
3.47438553
0.09525559
5.83268063
8.82389406
5.67936281
0.81640625
14.85156250
3.63476562
0.74462891
2.44335938
8.85156250
2.10937500
1.21289062
10.11718750
8.72298094
9.09375000
2.12467531
14.22427970
3.65462655
7.74218750
11.87791224
3.22365026
11.42968750
7.60741689
5.51944821
0.42830009
7.77482491
18.61555408
11.29069592
1.82616938
0.80078374
8.76594969
4.74788453
9.37679078
6.98828125
15.48632812
7.91015625
7.91796875
10.66829344
17.26204344
4.71419437
2.95898438
9.59375000
8.01529034
4.75033466
1.76660156
19.26723848
1.43425808
0.69401125
3.75390625
16.27343750
18.72590814
3.29752936
14.97721188
10.43391844
15.12428533
2.68554688
4.52376219
13.88639406
1.62597656
21.98567376
3.71028812
4.63997562
6.45897939
5.88052970
3.24642841
9.32454344
2.11686281
10.36425532
0.93945562
0.38330078
15.43098626
7.39583499
0.11271055
5.05916445
15.75781250
5.54296875
9.33593750
2.08593750
0.70068359
11.46134025
11.47591312
8.69043218
9.00423094
7.58462877
9.59538342
5.62044437
9.05533688
2.54524906
2.16210938
12.52343750
5.72656250
14.43033688
6.78060062
6.87141844
0.44645265
6.42968750
6.27734375
2.70703125
19.09276596
20.68848404
3.83984375
2.75390625
15.78906250
10.11914062
4.40234375
1.17675781
6.93359375
4.91503657
8.52603502
3.25065935
7.90201906
6.84016844
3.13639406
0.66455078
11.17610594
7.26530031
12.58593750
9.79524158
0.15641858
4.05419423
13.24348626
11.48795656
4.16308843
4.27343750
14.80533688
4.73763187
4.97656250
15.36360594
2.82584718
16.31932846
1.56348404
7.30859375
7.60937500
1.00390625
7.70864473
2.26010527
2.86328125
3.49609375
7.01171875
3.15885251
2.77278812
6.93750000
3.01757812
4.81428704
5.17122562
2.95638187
9.42968750
3.23795158
2.94173592
8.64843750
6.19531250
10.52343750
2.37890625
0.82910156
14.81250000
9.87500000
14.64062500
1.12792969
0.08552551
0.14937254
3.55826906
13.86718750
7.92272377
6.66796875
5.85937500
4.97265625
2.04772949
2.27498188
0.11271055
15.70564882
10.04329344
1.65983156
8.67968750
19.30765526
13.46028812
3.39875721
4.68132092
2.85839844
7.25781250
1.53320312
17.62500000
0.06134033
8.28613032
5.75780253
3.61231715
2.85546875
10.01562500
7.07421875
7.61393063
2.81787234
5.99788453
6.13671875
10.67325182
14.05663564
18.53061059
0.83837891
1.05273438
17.14257812
3.25195312
11.87141844
14.30045656
5.05078125
11.05529785
3.53906250
2.01757812
5.75781250
7.04556627
1.29232435
7.37890625
1.05371094
9.54329344
6.54655031
7.14265930
12.70140293
1.96746121
7.27928691
0.58609486
10.44938608
12.05110594
6.54231937
1.24121094
0.88476562
6.03515625
1.04492188
2.73046875
17.53125000
14.12500000
7.32031250
3.95117188
7.34375000
8.15625000
10.75976064
4.96289561
1.20800781
8.44888409
8.07064716
0.62792969
8.80664062
3.73437500
15.64062500
4.14453125
17.07552000
3.57812500
5.25617908
7.73177748
0.29370117
11.21093750
1.32128906
8.76562500
0.30249023
3.76171875
5.42544659
4.50814716
1.29101562
4.54687500
0.58349609
7.20735594
27.70599321
3.93424313
14.30013187
22.78125000
2.38721886
0.29304743
14.93742132
2.22070312
7.78125000
1.57552000
9.22037843
1.09179688
1.15527344
9.75781250
5.76953125
17.18391844
7.44173094
5.81966312
5.43359375
22.95897939
3.22852061
7.96126219
7.29264406
2.11523438
6.45410156
9.70312500
3.96484375
9.30110594
9.29264406
2.84830563
4.81966312
3.00390625
7.48925532
9.28483156
1.98014406
7.99576906
2.07617188
2.37955563
8.36653812
6.31640625
5.67643063
0.32161624
10.53906250
11.58593750
4.54296875
1.44107408
5.99805186
4.58333001
33.31030772
6.67187500
0.89518063
0.72134752
12.05632092
4.94108156
7.03157469
4.30045656
4.02571532
4.46842531
7.63736813
12.24153812
5.27083001
5.25260749
13.05468750
0.93896484
8.07812500
4.61914062
5.85546875
1.08593750
11.44172596
9.64958264
5.85937500
8.68823242
3.27929688
0.51904297
6.48738586
0.90372742
16.55891844
7.57389406
1.92285156
7.25423094
3.76530031
1.58496094
5.63671875
5.70312500
1.38574219
9.64485594
7.10725953
1.06624390
5.12889130
1.89096464
7.26920656
7.69140625
2.61718750
3.50618407
1.49593140
0.89681031
4.70930657
0.11271055
11.27791445
14.87923094
6.77311281
12.98209220
4.26693124
8.90625000
15.53906250
8.46516844
8.59375000
1.43815187
10.74641844
0.85709718
4.35156250
3.08007812
0.01664734
10.69531250
5.03125000
2.65380859
8.72949219
0.67773438
10.72062008
6.62890625
0.76009281
5.93359375
6.91342754
1.76235371
3.02294922
2.07226562
5.94531250
10.16048094
6.46484375
5.79264406
2.10774657
3.76920656
6.46484375
7.82616689
1.88086436
11.74706782
12.15461658
0.43913591
19.47166224
4.40724401
8.46516844
2.03157469
15.53498892
7.19287234
5.95215093
4.01920656
5.73437500
9.22298094
5.74186281
3.82031250
7.28125000
9.36718750
2.28613281
5.58203125
11.19531250
3.69921875
8.75000000
2.91015625
10.96093750
0.45605469
3.58716276
2.93914339
2.94531250
3.69173094
9.18326906
8.57031250
6.96581782
1.89941655
0.61621094
1.15868393
2.42285904
5.72688719
10.97143617
0.03873719
3.81250000
11.37564938
4.56608156
10.44996802
0.02522278
3.45540282
5.84210661
9.00913120
1.36523438
4.75227283
0.09294201
2.25047333
0.11271055
14.44018617
2.49983765
10.92610594
1.89811281
10.06250000
7.41015625
5.52180408
2.10954358
7.02343750
15.30598626
2.63151374
14.08593750
3.20117188
3.99609375
15.64062500
12.59748892
1.32893922
3.82259530
0.74658203
6.67187500
3.84570312
4.86718750
8.20312500
4.45703125
2.74804688
7.81640625
4.22265625
16.58805297
0.19124390
7.45507314
6.43164561
2.10611813
14.56966312
5.69921875
11.39453125
6.87500000
7.75390625
0.44458008
3.24804688
2.06054688
7.44628657
3.11099347
14.61068373
0.36067376
8.98307624
19.19954344
12.80631593
12.00552970
5.23698249
5.76530031
5.98046875
2.32812500
4.74609375
4.31054189
1.58594248
0.72753906
3.92608600
8.69110150
6.93359375
3.07486813
13.59375000
1.23763187
1.84151577
1.80600620
19.18879378
5.44206560
13.74892602
4.30485358
1.91992188
9.99641844
18.30468750
8.68750000
15.16242908
2.38607435
4.45312500
4.41015625
5.57454344
2.18326906
2.60156250
0.36987305
0.09422346
2.07194093
3.36132812
5.67643063
3.16927249
18.53319316
0.11271055
14.69588320
4.61718750
20.61132812
9.79687500
7.08235594
1.43033937
0.14477539
7.14062500
6.33203125
11.10644282
2.33691655
4.30369848
0.81739527
9.83593750
4.64843750
12.12974548
9.34439938
7.61522939
10.55632092
6.95280031
4.64843750
1.73415037
11.82389406
1.99218750
6.43391844
2.23762190
5.76986591
2.10156250
4.05078125
2.06250000
4.64648438
1.63476562
4.48828125
9.43750000
1.13964844
5.68750000
11.28051758
10.10501099
0.27752686
3.08789062
9.59912109
4.44302721
0.60863697
18.90698803
10.64843750
5.30696033
4.18132092
5.45768063
10.87173316
2.29558621
10.14843750
7.96221632
1.58075243
2.20703125
8.34016844
1.35026125
3.11718750
0.08172607
9.93554688
9.98860594
8.42187500
4.46972407
0.18864265
8.86132812
7.60188719
4.99542692
2.19663120
10.75064938
16.17317874
2.39648438
6.23828125
0.41918945
3.90101882
9.06528977
16.88149380
8.77719636
0.73193484
2.79296875
6.68359375
5.82812500
7.94140625
11.27766844
3.80418676
0.11271055
17.25870789
7.12467531
2.42968750
14.19954344
10.35514406
0.79378172
0.83170656
5.60156250
1.93847656
26.25390625
16.03808594
14.63281250
0.96435547
7.75000000
5.80110594
1.63541750
0.02485657
11.93391844
8.43097629
1.45932402
5.45703125
9.21158688
10.98372562
14.89289534
4.36068373
1.75228031
3.13867188
6.26562500
10.66406250
13.80468750
0.91308594
1.36523438
8.25129876
3.29752936
13.13346188
5.62435062
15.83593750
10.77115470
4.58072252
15.72541985
0.76643174
15.07796764
6.86263187
6.29296875
6.90234375
0.03079224
18.69140625
8.82031250
14.86685284
6.67432513
0.69466187
9.63623047
4.55468750
10.79687500
7.52734375
0.96728516
12.75976562
6.59472407
1.91113530
4.10937500
11.24413564
0.35693858
8.85221188
24.76203347
12.73341090
2.90266844
6.31803468
4.06640625
9.61360594
3.52505098
4.41244902
12.48079344
3.64583499
7.01171875
4.00781250
3.19335938
1.92479970
8.74023936
0.65429688
3.85317847
0.63117908
17.10351064
9.70769060
14.21028812
3.47233156
15.46060284
5.00424091
11.24934564
2.46549811
2.96484375
13.19481108
1.76924839
3.08593750
10.68066157
8.34310062
2.75553468
10.27343750
0.04116821
11.51399158
1.92546154
3.34375000
12.14745346
1.65332779
4.69954344
12.19531250
2.93326906
0.97753906
6.31867908
2.77539561
14.59733156
11.78125000
0.73128172
3.92086853
3.57783022
7.99609375
4.26453651
0.02478539
0.69189453
5.80256829
0.42830009
6.65079898
5.63965093
11.28125000
3.59602782
1.71158937
5.14094969
2.94238032
5.86588874
14.51464096
18.89160904
8.30468750
3.64484597
19.87110372
5.25390625
6.12467531
0.60253906
5.32291501
4.89583001
2.60384530
6.87076906
4.30468750
7.25390625
0.03250122
7.33805297
0.16695191
10.92968750
7.21516844
2.10514406
1.64159658
3.29687998
6.48258422
0.01656129
7.15266844
4.72721437
2.36914062
14.23437500
4.96875000
1.27246094
10.51171377
4.75390625
5.06282469
6.22623781
13.97656250
4.91015625
6.34375000
3.16992188
9.41048094
1.09244875
5.84375000
2.05468750
2.40039062
1.86523438
8.15209961
1.46061032
7.85091312
11.36718750
3.00292720
12.48730718
3.16406250
6.12109375
3.40039062
4.59375000
10.62597656
13.28906250
5.36751219
15.78483156
8.91048094
1.66764406
11.46093750
7.27929688
6.57844969
1.74124747
5.26758311
3.99023438
4.36718750
6.70312500
8.31673094
3.20191308
3.51302249
6.55924313
0.45084220
5.64290780
9.89973626
4.48698249
8.45133422
0.02657105
2.16015625
14.73071289
0.11464354
8.01139406
0.11669922
7.87890625
7.97363032
8.59668218
0.00322151
7.06640625
7.80078125
1.55371094
1.66699219
5.36328125
0.26000977
3.01562500
11.55175532
3.93310796
5.47656250
1.39322751
4.89089592
2.91015625
4.28125000
8.10579344
3.14159409
3.15690935
6.14453125
3.67968750
6.59470912
21.08204620
6.47558843
6.82486813
6.22591312
9.39119196
3.19726562
4.38671875
4.67187500
4.60549927
5.18750000
5.75552472
0.51846853
12.95809397
0.91943359
5.50781250
10.12500000
13.63704344
10.33235594
14.58170656
6.98795656
3.03727172
10.79002660
22.19320700
6.31152593
1.67480469
3.37890625
14.00146910
5.20312500
2.06803468
4.27797818
6.62631870
4.84765625
2.07957987
5.57845966
8.19108156
5.77734375
20.59585675
2.62924091
7.69238032
2.07129155
8.38281250
5.99251219
4.87052492
1.85383533
0.46745373
10.91048094
9.08170656
4.75781250
12.78906250
10.25552970
1.73502936
5.73014406
2.62500000
7.83984375
3.21875000
15.72216548
7.68069845
0.38321587
10.54647163
5.03727172
0.20491578
0.47998047
6.25000000
18.63704344
3.95117188
14.91113032
1.28776374
2.24804688
4.51562500
15.75846188
2.44937985
20.10091312
18.43489749
6.25390625
4.48046875
9.47656250
11.44238281
1.97656250
4.16015625
0.18324705
18.09375000
17.24738254
7.45849859
1.49382590
12.08170656
14.19364461
6.59376994
4.94042221
17.71782425
4.92968750
0.06597900
8.71516844
9.86229223
3.65886746
2.93359375
4.43798828
16.13704344
6.94302970
4.09570811
9.58593750
3.62890625
12.29942833
5.81088652
12.74771471
10.85107048
12.70133422
7.09993905
6.08203125
4.72656250
17.92610594
5.20312500
4.25780752
13.44336436
3.81022218
8.10156250
4.74218750
5.22656250
6.99218750
2.76757812
8.34375000
5.33626219
8.43326906
14.14843750
7.32454344
4.33203125
6.75000000
0.51334718
5.39453125
5.04491689
13.88606937
6.85343757
15.78189938
9.38997562
3.55859375
2.78320312
2.42382812
2.59586547
1.10725953
1.67480469
4.23046875
3.13671875
12.05468750
3.70312500
3.66634032
5.76139406
8.28125000
0.57275391
9.18750000
6.10156250
4.35156250
4.51171875
5.13036611
0.11271055
7.56307070
5.43391844
3.26530031
8.28125000
1.72688719
2.86490968
10.05110594
1.93522218
7.49609375
0.12176514
7.50000000
3.83723626
0.52213874
0.46289062
10.37500000
7.24218750
6.96581782
2.69629155
10.19531250
11.47656250
0.05142212
2.24804688
9.57633422
3.19515015
9.98437500
0.14934202
1.57096437
10.66959220
3.65853280
3.52734375
3.43164062
5.30175532
0.08301030
1.46972656
6.33984375
4.87207031
4.30078125
4.75781250
4.43359375
4.17187500
8.92187500
6.84276596
2.09278091
9.59634752
0.78353529
6.85221188
0.40575798
10.19401374
11.46304300
13.10906028
4.49218750
10.54752438
0.16316898
4.85546875
3.02539062
0.19689941
6.65926086
0.07474793
2.44726562
4.78548094
0.03739504
6.59765625
2.21059910
1.03598293
5.80711769
1.01905418
2.66959469
3.33528812
10.43750000
3.28352782
3.20898438
9.97143617
0.24503601
30.40600586
5.90592282
3.13802249
8.32031250
6.71126219
9.90983156
0.10937500
3.82421875
13.73079344
3.11881593
7.13476064
6.88477061
11.87666778
0.13187715
4.57974845
13.98665780
2.85546875
5.68570922
1.42464234
0.82820493
0.24772281
4.54426751
0.22542110
14.65998892
7.82955683
7.66439716
0.00350380
2.33789062
13.79039574
8.22131317
0.03161652
10.44211578
1.82876690
2.64291278
0.54345703
0.49243164
13.06673094
7.36686281
9.40266844
7.29655031
9.66796875
17.03167141
0.84119236
5.94531250
4.03125000
2.22102782
3.65656971
3.05990248
11.83593750
2.62727782
0.73632812
9.05858830
6.73052979
5.72753906
3.35969969
7.81217531
3.75661135
1.53125000
9.71779273
0.87825562
4.55468750
2.72980192
1.16375276
4.21093750
2.90820312
0.02844238
10.56250000
0.08825684
1.46793578
2.68871198
2.75781250
6.91015625
6.58235594
8.42968750
12.61002438
3.63997562
5.69173094
6.17610843
6.51562500
2.26367188
8.79687500
0.76546141
0.93326906
1.10351562
6.35156250
3.54394033
3.86133311
4.92219969
1.93522218
5.82812500
0.89453125
10.37598493
11.25391123
5.94921875
0.79803467
11.09992908
3.64225842
0.00504684
7.30859375
4.73957503
4.38347185
1.22363281
8.48174757
3.53778368
3.63867188
10.68750000
2.52343750
1.25781250
5.39094969
5.02619861
11.53288342
1.28482907
8.96386968
8.12141844
7.92545656
0.06750488
0.80330383
0.05369080
13.47808339
0.22542110
5.88818484
2.21451906
5.44921875
0.30584717
16.12141844
11.40625000
4.91764406
11.35156250
7.95312500
0.75585938
0.77001953
0.97119141
8.28906250
14.78613032
3.26269780
10.49820922
-0.01429198
8.69954344
0.89957765
3.79036126
19.00651374
7.12890625
0.10546875
7.25390625
1.80891844
7.80045656
11.28548094
7.10123781
6.63281250
5.52734375
0.36694336
0.01878357
0.74902344
0.15517088
1.53971437
2.82617188
3.86131816
0.68848653
0.20617676
0.88769531
0.00043416
2.34960938
0.08677623
0.10350087
1.61591281
5.99480496
2.22265625
1.53320312
2.20803262
0.22542110
14.15299687
11.92610594
5.08170656
6.26171875
1.75390625
1.63183594
9.10937500
0.17053223
0.85742188
3.19921377
7.71680186
2.27180907
8.04264406
0.00873566
15.19238281
16.98925532
1.40332280
10.35937500
6.68359375
1.17480469
1.77766844
1.50065187
6.54687500
5.06738032
2.11832890
0.16109254
2.57763672
1.62011719
16.43750000
7.17578125
6.17578125
4.01953125
7.21939938
4.59310062
8.59798094
10.15201906
11.59016844
7.52701906
7.27734375
1.94726562
7.76562500
4.30501219
3.66569093
9.46875000
3.95898438
5.93359375
3.38671875
9.16406250
2.21289062
4.58723626
0.11271055
3.57088320
7.90234375
7.96484375
4.07031250
8.10156250
6.35545878
5.32032247
1.41992188
6.63704344
2.94498781
8.77425047
5.80891844
2.54427249
7.72460938
10.82062722
9.02019060
2.14551030
7.73762190
0.45020279
2.60416750
5.37500000
7.39876219
0.52994875
3.55273438
4.88671875
1.42512938
7.80077128
1.85710715
6.13897663
1.88250775
7.20898438
1.55957031
5.50064938
3.05208499
8.36783688
1.96810062
3.69238281
7.10546875
4.43359375
3.93554688
4.77929688
1.86653563
6.22656250
12.09733156
5.52961658
0.73014904
3.75423094
8.90689938
2.33886968
0.98291016
2.37727782
1.53718992
0.31558954
12.50308954
7.58757092
3.30859375
5.30110594
5.09733156
0.66943359
17.32812500
5.41406250
3.58203125
2.24218750
9.96093750
1.23242188
4.31250000
4.97851562
6.66796875
5.67968750
4.79296875
14.67187500
8.80468750
11.12628174
1.84960938
0.02062988
9.35578098
5.49089871
7.04571366
2.29803634
3.00618407
12.21451906
1.11230469
0.03140259
8.43750000
1.34765625
7.99251219
0.76627687
3.12695312
8.23079344
5.28515625
0.11185793
0.49267578
6.85156250
4.93359375
0.01560974
10.68391844
11.14420656
3.63898161
2.97429964
3.83203125
15.40917969
2.09375000
10.79524158
3.69259197
0.00739044
8.27049784
12.98274158
3.95085217
2.67578125
10.38052970
2.63932624
0.32364992
7.45703125
3.10758422
0.04335572
4.92187500
8.54687500
3.18802233
6.11784186
3.92507806
3.70507812
7.19563719
1.52994875
2.93945312
6.58984375
5.79394282
0.33984624
2.96385722
1.44922872
1.94411587
2.20444370
4.94140625
6.51953125
0.36303711
2.91015127
3.41797373
5.75000000
1.42122313
16.14127438
0.79687749
4.46875000
22.40266844
3.81608156
8.84375000
5.19921875
3.50195312
0.02091980
0.32405516
4.27701906
1.32421875
1.37044188
1.59016844
4.90560062
9.07812500
1.54589844
0.26123047
0.01107025
3.20018784
0.61817154
3.26589966
0.11271055
5.77823914
0.94205812
0.13452148
10.10156250
1.87695312
12.00000000
5.53515625
7.07421875
3.57910156
13.32096188
6.03060062
2.07909907
1.21712406
11.29687500
8.48437500
0.33781008
2.53515625
7.99609375
0.33455321
1.17740968
10.59765127
4.74805186
6.35546875
4.82421875
0.50764891
3.93326906
0.44482422
5.79492188
1.94433095
11.07617686
3.20898438
0.85432860
2.48958001
2.78385749
2.55923067
5.89649933
3.92547607
5.13281250
1.37434564
4.45963874
8.47656250
2.09000610
0.84456422
1.07128906
3.50858489
0.17915926
5.08776855
5.02734375
0.77636719
5.78906250
8.44531250
2.62500000
9.87923094
0.57438234
2.54007341
0.33813165
3.33374335
3.52408190
4.29818373
10.34016844
12.71093750
11.24576906
10.51985594
0.51139406
2.19531250
8.55240470
3.30306405
6.39062500
8.75000000
4.98087399
3.60709718
12.56608156
5.71875000
3.61718750
0.05331421
7.05468750
2.91748047
1.26367188
6.27734375
7.60937500
2.95898438
32.54880819
12.01629432
5.44335938
2.01106937
9.64485594
6.10514406
0.22863770
4.54296875
0.43245360
8.52408937
1.19042969
1.70019531
6.28906250
6.25000000
13.08749086
0.29629820
8.32454344
8.10091063
2.25325687
2.14648438
6.10188719
4.42936281
8.46093750
4.85937500
4.57421875
5.92968750
0.95898438
2.92968750
5.15625000
3.77994626
17.22980940
7.90430186
10.42480718
9.03382758
11.22756648
6.37320922
2.26936890
0.72395750
18.40397218
5.49609375
6.61718750
7.99609375
5.18750000
2.44921875
6.13671875
5.73828125
9.00000000
6.35676751
3.40299811
3.91406250
5.83984375
0.01831055
17.27148438
7.91145501
10.80045656
13.33673143
2.02832280
4.22656250
6.42578125
3.27929688
1.58325195
7.98437500
1.41467254
0.28967316
7.55078125
2.10156250
15.72510720
5.97234153
2.49609375
10.10839096
2.26270279
8.18066406
7.16406250
0.02346802
5.42968750
0.82128906
9.75781250
0.13037109
2.26171875
0.41552734
14.43750000
1.23339844
8.21093750
10.05005734
1.61165531
7.51659907
10.48730718
15.62500000
4.08984375
11.20184752
12.91959718
8.03808095
